# Format <LP id> <Workload type> <client id> <Bytes written> <Bytes read> <Synthetic data Received> <Time to write bytes > <Total elapsed time>
6 nekbone 0 0 0 0 0.000000 321075871.814205
7 nekbone 1 0 0 0 0.000000 321075945.523433
8 nekbone 2 0 0 0 0.000000 321076858.746379
9 nekbone 3 0 0 0 0.000000 321073709.122668
10 nekbone 4 0 0 0 0.000000 321077197.630620
11 nekbone 5 0 0 0 0.000000 321077196.211462
12 nekbone 6 0 0 0 0.000000 321077197.580940
13 nekbone 7 0 0 0 0.000000 321074215.486528
14 nekbone 8 0 0 0 0.000000 321074217.066883
15 nekbone 9 0 0 0 0.000000 321075873.233363
16 nekbone 10 0 0 0 0.000000 321075791.255299
17 nekbone 11 0 0 0 0.000000 321077196.211462
18 nekbone 12 0 0 0 0.000000 321075872.995298
19 nekbone 13 0 0 0 0.000000 321073602.949919
20 nekbone 14 0 0 0 0.000000 321073470.422657
21 nekbone 15 0 0 0 0.000000 321075789.832605
22 nekbone 16 0 0 0 0.000000 321075871.814205
23 nekbone 17 0 0 0 0.000000 321075945.523433
24 nekbone 18 0 0 0 0.000000 321076858.746379
25 nekbone 19 0 0 0 0.000000 321073709.122668
26 nekbone 20 0 0 0 0.000000 321077197.630620
27 nekbone 21 0 0 0 0.000000 321077196.211462
28 nekbone 22 0 0 0 0.000000 321077197.580940
29 nekbone 23 0 0 0 0.000000 321074215.486528
30 nekbone 24 0 0 0 0.000000 321074217.066883
31 nekbone 25 0 0 0 0.000000 321075873.233363
32 nekbone 26 0 0 0 0.000000 321075791.255299
33 nekbone 27 0 0 0 0.000000 321077196.211462
34 nekbone 28 0 0 0 0.000000 321075872.995298
35 nekbone 29 0 0 0 0.000000 321073602.949919
83 nekbone 30 0 0 0 0.000000 321073602.949919
84 nekbone 31 0 0 0 0.000000 321073470.422657
85 nekbone 32 0 0 0 0.000000 321075789.832605
86 nekbone 33 0 0 0 0.000000 321075871.814205
87 nekbone 34 0 0 0 0.000000 321075945.523433
88 nekbone 35 0 0 0 0.000000 321076858.746379
89 nekbone 36 0 0 0 0.000000 321073709.122668
90 nekbone 37 0 0 0 0.000000 321077197.630620
91 nekbone 38 0 0 0 0.000000 321077196.211462
92 nekbone 39 0 0 0 0.000000 321077197.580940
93 nekbone 40 0 0 0 0.000000 321074215.486528
94 nekbone 41 0 0 0 0.000000 321074217.066883
95 nekbone 42 0 0 0 0.000000 321075873.233363
96 nekbone 43 0 0 0 0.000000 321075791.255299
97 nekbone 44 0 0 0 0.000000 321077196.211462
98 nekbone 45 0 0 0 0.000000 321075872.995298
99 nekbone 46 0 0 0 0.000000 321073602.949919
100 nekbone 47 0 0 0 0.000000 321073470.422657
101 nekbone 48 0 0 0 0.000000 321075789.832605
102 nekbone 49 0 0 0 0.000000 321075871.814205
103 nekbone 50 0 0 0 0.000000 321075945.523433
104 nekbone 51 0 0 0 0.000000 321076858.746379
105 nekbone 52 0 0 0 0.000000 321073709.122668
106 nekbone 53 0 0 0 0.000000 321077197.630620
107 nekbone 54 0 0 0 0.000000 321077196.211462
108 nekbone 55 0 0 0 0.000000 321077197.580940
109 nekbone 56 0 0 0 0.000000 321074215.486528
110 nekbone 57 0 0 0 0.000000 321074217.066883
111 nekbone 58 0 0 0 0.000000 321075873.233363
112 nekbone 59 0 0 0 0.000000 321075791.255299
160 nekbone 60 0 0 0 0.000000 321075791.255299
161 nekbone 61 0 0 0 0.000000 321077196.211462
162 nekbone 62 0 0 0 0.000000 321075872.995298
163 nekbone 63 0 0 0 0.000000 321073602.949919
164 nekbone 64 0 0 0 0.000000 321073470.422657
165 nekbone 65 0 0 0 0.000000 321075789.832605
166 nekbone 66 0 0 0 0.000000 321075871.814205
167 nekbone 67 0 0 0 0.000000 321075945.523433
168 nekbone 68 0 0 0 0.000000 321076858.746379
169 nekbone 69 0 0 0 0.000000 321073709.122668
170 nekbone 70 0 0 0 0.000000 321077197.630620
171 nekbone 71 0 0 0 0.000000 321077196.211462
172 nekbone 72 0 0 0 0.000000 321077197.580940
173 nekbone 73 0 0 0 0.000000 321074215.486528
174 nekbone 74 0 0 0 0.000000 321074217.066883
175 nekbone 75 0 0 0 0.000000 321075873.233363
176 nekbone 76 0 0 0 0.000000 321075791.255299
177 nekbone 77 0 0 0 0.000000 321077196.211462
178 nekbone 78 0 0 0 0.000000 321075872.995298
179 nekbone 79 0 0 0 0.000000 321073602.949919
180 nekbone 80 0 0 0 0.000000 321073470.422657
181 nekbone 81 0 0 0 0.000000 321075789.832605
182 nekbone 82 0 0 0 0.000000 321075871.814205
183 nekbone 83 0 0 0 0.000000 321075945.523433
184 nekbone 84 0 0 0 0.000000 321076858.746379
185 nekbone 85 0 0 0 0.000000 321073709.122668
186 nekbone 86 0 0 0 0.000000 321077197.630620
187 nekbone 87 0 0 0 0.000000 321077196.211462
188 nekbone 88 0 0 0 0.000000 321077197.580940
189 nekbone 89 0 0 0 0.000000 321074215.486528
237 nekbone 90 0 0 0 0.000000 321074215.486528
238 nekbone 91 0 0 0 0.000000 321074217.066883
239 nekbone 92 0 0 0 0.000000 321075873.233363
240 nekbone 93 0 0 0 0.000000 321075791.255299
241 nekbone 94 0 0 0 0.000000 321077196.211462
242 nekbone 95 0 0 0 0.000000 321075872.995298
243 nekbone 96 0 0 0 0.000000 321073602.949919
244 nekbone 97 0 0 0 0.000000 321073470.422657
245 nekbone 98 0 0 0 0.000000 321075789.832605
246 nekbone 99 0 0 0 0.000000 321075871.814205
247 nekbone 100 0 0 0 0.000000 321075945.523433
248 nekbone 101 0 0 0 0.000000 321076858.746379
249 nekbone 102 0 0 0 0.000000 321073709.122668
250 nekbone 103 0 0 0 0.000000 321077197.630620
251 nekbone 104 0 0 0 0.000000 321077196.211462
252 nekbone 105 0 0 0 0.000000 321077197.580940
253 nekbone 106 0 0 0 0.000000 321074215.486528
254 nekbone 107 0 0 0 0.000000 321074217.066883
255 nekbone 108 0 0 0 0.000000 321075873.233363
256 nekbone 109 0 0 0 0.000000 321075791.255299
257 nekbone 110 0 0 0 0.000000 321077196.211462
258 nekbone 111 0 0 0 0.000000 321075872.995298
259 nekbone 112 0 0 0 0.000000 321073602.949919
260 nekbone 113 0 0 0 0.000000 321073470.422657
261 nekbone 114 0 0 0 0.000000 321075789.832605
262 nekbone 115 0 0 0 0.000000 321075871.814205
263 nekbone 116 0 0 0 0.000000 321075945.523433
264 nekbone 117 0 0 0 0.000000 321076858.746379
265 nekbone 118 0 0 0 0.000000 321073709.122668
266 nekbone 119 0 0 0 0.000000 321077197.630620
314 nekbone 120 0 0 0 0.000000 321077197.630620
315 nekbone 121 0 0 0 0.000000 321077196.211462
316 nekbone 122 0 0 0 0.000000 321077197.580940
317 nekbone 123 0 0 0 0.000000 321074215.486528
318 nekbone 124 0 0 0 0.000000 321074217.066883
319 nekbone 125 0 0 0 0.000000 321075873.233363
320 nekbone 126 0 0 0 0.000000 321075791.255299
321 nekbone 127 0 0 0 0.000000 321077196.211462
322 nekbone 128 0 0 0 0.000000 321075872.995298
323 nekbone 129 0 0 0 0.000000 321073602.949919
324 nekbone 130 0 0 0 0.000000 321073470.422657
325 nekbone 131 0 0 0 0.000000 321075789.832605
326 nekbone 132 0 0 0 0.000000 321075871.814205
327 nekbone 133 0 0 0 0.000000 321075945.523433
328 nekbone 134 0 0 0 0.000000 321076858.746379
329 nekbone 135 0 0 0 0.000000 321073709.122668
330 nekbone 136 0 0 0 0.000000 321077197.630620
331 nekbone 137 0 0 0 0.000000 321077196.211462
332 nekbone 138 0 0 0 0.000000 321077197.580940
333 nekbone 139 0 0 0 0.000000 321074215.486528
334 nekbone 140 0 0 0 0.000000 321074217.066883
335 nekbone 141 0 0 0 0.000000 321075873.233363
336 nekbone 142 0 0 0 0.000000 321075791.255299
337 nekbone 143 0 0 0 0.000000 321077196.211462
338 nekbone 144 0 0 0 0.000000 321075872.995298
339 nekbone 145 0 0 0 0.000000 321073602.949919
340 nekbone 146 0 0 0 0.000000 321073470.422657
341 nekbone 147 0 0 0 0.000000 321075789.832605
342 nekbone 148 0 0 0 0.000000 321075871.814205
343 nekbone 149 0 0 0 0.000000 321075945.523433
391 nekbone 150 0 0 0 0.000000 321075945.523433
392 nekbone 151 0 0 0 0.000000 321076858.746379
393 nekbone 152 0 0 0 0.000000 321073709.122668
394 nekbone 153 0 0 0 0.000000 321077197.630620
395 nekbone 154 0 0 0 0.000000 321077196.211462
396 nekbone 155 0 0 0 0.000000 321077197.580940
397 nekbone 156 0 0 0 0.000000 321074215.486528
398 nekbone 157 0 0 0 0.000000 321074217.066883
399 nekbone 158 0 0 0 0.000000 321075873.233363
400 nekbone 159 0 0 0 0.000000 321075791.255299
401 nekbone 160 0 0 0 0.000000 321077196.211462
402 nekbone 161 0 0 0 0.000000 321075872.995298
403 nekbone 162 0 0 0 0.000000 321073602.949919
404 nekbone 163 0 0 0 0.000000 321073470.422657
405 nekbone 164 0 0 0 0.000000 321075789.832605
406 nekbone 165 0 0 0 0.000000 321075871.814205
407 nekbone 166 0 0 0 0.000000 321075945.523433
408 nekbone 167 0 0 0 0.000000 321076858.746379
409 nekbone 168 0 0 0 0.000000 321073709.122668
410 nekbone 169 0 0 0 0.000000 321077197.630620
411 nekbone 170 0 0 0 0.000000 321077196.211462
412 nekbone 171 0 0 0 0.000000 321077197.580940
413 nekbone 172 0 0 0 0.000000 321074215.486528
414 nekbone 173 0 0 0 0.000000 321074217.066883
415 nekbone 174 0 0 0 0.000000 321075873.233363
416 nekbone 175 0 0 0 0.000000 321075791.255299
417 nekbone 176 0 0 0 0.000000 321077196.211462
418 nekbone 177 0 0 0 0.000000 321075872.995298
419 nekbone 178 0 0 0 0.000000 321073602.949919
420 nekbone 179 0 0 0 0.000000 321073470.422657
468 nekbone 180 0 0 0 0.000000 321073470.422657
469 nekbone 181 0 0 0 0.000000 321075789.832605
470 nekbone 182 0 0 0 0.000000 321075871.814205
471 nekbone 183 0 0 0 0.000000 321075945.523433
472 nekbone 184 0 0 0 0.000000 321076858.746379
473 nekbone 185 0 0 0 0.000000 321073709.122668
474 nekbone 186 0 0 0 0.000000 321077197.630620
475 nekbone 187 0 0 0 0.000000 321077196.211462
476 nekbone 188 0 0 0 0.000000 321077197.580940
477 nekbone 189 0 0 0 0.000000 321074215.486528
478 nekbone 190 0 0 0 0.000000 321074217.066883
479 nekbone 191 0 0 0 0.000000 321075873.233363
480 nekbone 192 0 0 0 0.000000 321075791.255299
481 nekbone 193 0 0 0 0.000000 321077196.211462
482 nekbone 194 0 0 0 0.000000 321075872.995298
483 nekbone 195 0 0 0 0.000000 321073602.949919
484 nekbone 196 0 0 0 0.000000 321073470.422657
485 nekbone 197 0 0 0 0.000000 321075789.832605
486 nekbone 198 0 0 0 0.000000 321075871.814205
487 nekbone 199 0 0 0 0.000000 321075945.523433
488 nekbone 200 0 0 0 0.000000 321076858.746379
489 nekbone 201 0 0 0 0.000000 321073709.122668
490 nekbone 202 0 0 0 0.000000 321077197.630620
491 nekbone 203 0 0 0 0.000000 321077196.211462
492 nekbone 204 0 0 0 0.000000 321077197.580940
493 nekbone 205 0 0 0 0.000000 321074215.486528
494 nekbone 206 0 0 0 0.000000 321074217.066883
495 nekbone 207 0 0 0 0.000000 321075873.233363
496 nekbone 208 0 0 0 0.000000 321075791.255299
497 nekbone 209 0 0 0 0.000000 321077196.211462
545 nekbone 210 0 0 0 0.000000 321077196.211462
546 nekbone 211 0 0 0 0.000000 321075872.995298
547 nekbone 212 0 0 0 0.000000 321073602.949919
548 nekbone 213 0 0 0 0.000000 321073470.422657
549 nekbone 214 0 0 0 0.000000 321075789.832605
550 nekbone 215 0 0 0 0.000000 321075871.814205
551 nekbone 216 0 0 0 0.000000 321075945.523433
552 nekbone 217 0 0 0 0.000000 321076858.746379
553 nekbone 218 0 0 0 0.000000 321073709.122668
554 nekbone 219 0 0 0 0.000000 321077197.630620
555 nekbone 220 0 0 0 0.000000 321077196.211462
556 nekbone 221 0 0 0 0.000000 321077197.580940
557 nekbone 222 0 0 0 0.000000 321074215.486528
558 nekbone 223 0 0 0 0.000000 321074217.066883
559 nekbone 224 0 0 0 0.000000 321075873.233363
560 nekbone 225 0 0 0 0.000000 321075791.255299
561 nekbone 226 0 0 0 0.000000 321077196.211462
562 nekbone 227 0 0 0 0.000000 321075872.995298
563 nekbone 228 0 0 0 0.000000 321073602.949919
564 nekbone 229 0 0 0 0.000000 321073470.422657
565 nekbone 230 0 0 0 0.000000 321075789.832605
566 nekbone 231 0 0 0 0.000000 321075871.814205
567 nekbone 232 0 0 0 0.000000 321075945.523433
568 nekbone 233 0 0 0 0.000000 321076858.746379
569 nekbone 234 0 0 0 0.000000 321073709.122668
570 nekbone 235 0 0 0 0.000000 321077197.630620
571 nekbone 236 0 0 0 0.000000 321077196.211462
572 nekbone 237 0 0 0 0.000000 321077197.580940
573 nekbone 238 0 0 0 0.000000 321074215.486528
574 nekbone 239 0 0 0 0.000000 321074217.066883
622 nekbone 240 0 0 0 0.000000 321074217.066883
623 nekbone 241 0 0 0 0.000000 321075873.233363
624 nekbone 242 0 0 0 0.000000 321075791.255299
625 nekbone 243 0 0 0 0.000000 321077196.211462
626 nekbone 244 0 0 0 0.000000 321075872.995298
627 nekbone 245 0 0 0 0.000000 321073602.949919
628 nekbone 246 0 0 0 0.000000 321073470.422657
629 nekbone 247 0 0 0 0.000000 321075789.832605
630 nekbone 248 0 0 0 0.000000 321075871.814205
631 nekbone 249 0 0 0 0.000000 321075945.523433
632 nekbone 250 0 0 0 0.000000 321076858.746379
633 nekbone 251 0 0 0 0.000000 321073709.122668
634 nekbone 252 0 0 0 0.000000 321077197.630620
635 nekbone 253 0 0 0 0.000000 321077196.211462
636 nekbone 254 0 0 0 0.000000 321077197.580940
637 nekbone 255 0 0 0 0.000000 321074215.486528
638 nekbone 256 0 0 0 0.000000 321074217.066883
639 nekbone 257 0 0 0 0.000000 321075873.233363
640 nekbone 258 0 0 0 0.000000 321075791.255299
641 nekbone 259 0 0 0 0.000000 321077196.211462
642 nekbone 260 0 0 0 0.000000 321075872.995298
643 nekbone 261 0 0 0 0.000000 321073602.949919
644 nekbone 262 0 0 0 0.000000 321073470.422657
645 nekbone 263 0 0 0 0.000000 321075789.832605
646 nekbone 264 0 0 0 0.000000 321075871.814205
647 nekbone 265 0 0 0 0.000000 321075945.523433
648 nekbone 266 0 0 0 0.000000 321076858.746379
649 nekbone 267 0 0 0 0.000000 321073709.122668
650 nekbone 268 0 0 0 0.000000 321077197.630620
651 nekbone 269 0 0 0 0.000000 321077196.211462
699 nekbone 270 0 0 0 0.000000 321077196.211462
700 nekbone 271 0 0 0 0.000000 321077197.580940
701 nekbone 272 0 0 0 0.000000 321074215.486528
702 nekbone 273 0 0 0 0.000000 321074217.066883
703 nekbone 274 0 0 0 0.000000 321075873.233363
704 nekbone 275 0 0 0 0.000000 321075791.255299
705 nekbone 276 0 0 0 0.000000 321077196.211462
706 nekbone 277 0 0 0 0.000000 321075872.995298
707 nekbone 278 0 0 0 0.000000 321073602.949919
708 nekbone 279 0 0 0 0.000000 321073470.422657
709 nekbone 280 0 0 0 0.000000 321075789.832605
710 nekbone 281 0 0 0 0.000000 321075871.814205
711 nekbone 282 0 0 0 0.000000 321075945.523433
712 nekbone 283 0 0 0 0.000000 321076858.746379
713 nekbone 284 0 0 0 0.000000 321073709.122668
714 nekbone 285 0 0 0 0.000000 321077197.630620
715 nekbone 286 0 0 0 0.000000 321077196.211462
716 nekbone 287 0 0 0 0.000000 321077197.580940
717 nekbone 288 0 0 0 0.000000 321074215.486528
718 nekbone 289 0 0 0 0.000000 321074217.066883
719 nekbone 290 0 0 0 0.000000 321075873.233363
720 nekbone 291 0 0 0 0.000000 321075791.255299
721 nekbone 292 0 0 0 0.000000 321077196.211462
722 nekbone 293 0 0 0 0.000000 321075872.995298
723 nekbone 294 0 0 0 0.000000 321073602.949919
724 nekbone 295 0 0 0 0.000000 321073470.422657
725 nekbone 296 0 0 0 0.000000 321075789.832605
726 nekbone 297 0 0 0 0.000000 321075871.814205
727 nekbone 298 0 0 0 0.000000 321075945.523433
728 nekbone 299 0 0 0 0.000000 321076858.746379
776  300 0 0 0 0.000000 321076858.746379
777  301 0 0 0 0.000000 321073709.122668
778  302 0 0 0 0.000000 321077197.630620
779  303 0 0 0 0.000000 321077196.211462
780  304 0 0 0 0.000000 321077197.580940
781  305 0 0 0 0.000000 321074215.486528
782  306 0 0 0 0.000000 321074217.066883
783  307 0 0 0 0.000000 321075873.233363
784  308 0 0 0 0.000000 321075791.255299
785  309 0 0 0 0.000000 321077196.211462
786  310 0 0 0 0.000000 321075872.995298
787  311 0 0 0 0.000000 321073602.949919
788  312 0 0 0 0.000000 321073470.422657
789  313 0 0 0 0.000000 321075789.832605
790  314 0 0 0 0.000000 321075871.814205
791  315 0 0 0 0.000000 321075945.523433
792  316 0 0 0 0.000000 321076858.746379
793  317 0 0 0 0.000000 321073709.122668
794  318 0 0 0 0.000000 321077197.630620
795  319 0 0 0 0.000000 321077196.211462
796  320 0 0 0 0.000000 321077197.580940
797  321 0 0 0 0.000000 321074215.486528
798  322 0 0 0 0.000000 321074217.066883
799  323 0 0 0 0.000000 321075873.233363
800  324 0 0 0 0.000000 321075791.255299
801  325 0 0 0 0.000000 321077196.211462
802  326 0 0 0 0.000000 321075872.995298
803  327 0 0 0 0.000000 321073602.949919
804  328 0 0 0 0.000000 321073470.422657
805  329 0 0 0 0.000000 321075789.832605
853  330 0 0 0 0.000000 321075789.832605
854  331 0 0 0 0.000000 321075871.814205
855  332 0 0 0 0.000000 321075945.523433
856  333 0 0 0 0.000000 321076858.746379
857  334 0 0 0 0.000000 321073709.122668
858  335 0 0 0 0.000000 321077197.630620
859  336 0 0 0 0.000000 321077196.211462
860  337 0 0 0 0.000000 321077197.580940
861  338 0 0 0 0.000000 321074215.486528
862  339 0 0 0 0.000000 321074217.066883
863  340 0 0 0 0.000000 321075873.233363
864  341 0 0 0 0.000000 321075791.255299
865  342 0 0 0 0.000000 321077196.211462
866  343 0 0 0 0.000000 321075872.995298
867  344 0 0 0 0.000000 321073602.949919
868  345 0 0 0 0.000000 321073470.422657
869  346 0 0 0 0.000000 321075789.832605
870  347 0 0 0 0.000000 321075871.814205
871  348 0 0 0 0.000000 321075945.523433
872  349 0 0 0 0.000000 321076858.746379
873  350 0 0 0 0.000000 321073709.122668
874  351 0 0 0 0.000000 321077197.630620
875  352 0 0 0 0.000000 321077196.211462
876  353 0 0 0 0.000000 321077197.580940
877  354 0 0 0 0.000000 321074215.486528
878  355 0 0 0 0.000000 321074217.066883
879  356 0 0 0 0.000000 321075873.233363
880  357 0 0 0 0.000000 321075791.255299
881  358 0 0 0 0.000000 321077196.211462
882  359 0 0 0 0.000000 321075872.995298
930  360 0 0 0 0.000000 321075872.995298
931  361 0 0 0 0.000000 321073602.949919
932  362 0 0 0 0.000000 321073470.422657
933  363 0 0 0 0.000000 321075789.832605
934  364 0 0 0 0.000000 321075871.814205
935  365 0 0 0 0.000000 321075945.523433
936  366 0 0 0 0.000000 321076858.746379
937  367 0 0 0 0.000000 321073709.122668
938  368 0 0 0 0.000000 321077197.630620
939  369 0 0 0 0.000000 321077196.211462
940  370 0 0 0 0.000000 321077197.580940
941  371 0 0 0 0.000000 321074215.486528
942  372 0 0 0 0.000000 321074217.066883
943  373 0 0 0 0.000000 321075873.233363
944  374 0 0 0 0.000000 321075791.255299
945  375 0 0 0 0.000000 321077196.211462
946  376 0 0 0 0.000000 321075872.995298
947  377 0 0 0 0.000000 321073602.949919
948  378 0 0 0 0.000000 321073470.422657
949  379 0 0 0 0.000000 321075789.832605
950  380 0 0 0 0.000000 321075871.814205
951  381 0 0 0 0.000000 321075945.523433
952  382 0 0 0 0.000000 321076858.746379
953  383 0 0 0 0.000000 321073709.122668
954  384 0 0 0 0.000000 321077197.630620
955  385 0 0 0 0.000000 321077196.211462
956  386 0 0 0 0.000000 321077197.580940
957  387 0 0 0 0.000000 321074215.486528
958  388 0 0 0 0.000000 321074217.066883
959  389 0 0 0 0.000000 321075873.233363
1007  390 0 0 0 0.000000 321075873.233363
1008  391 0 0 0 0.000000 321075791.255299
1009  392 0 0 0 0.000000 321077196.211462
1010  393 0 0 0 0.000000 321075872.995298
1011  394 0 0 0 0.000000 321073602.949919
1012  395 0 0 0 0.000000 321073470.422657
1013  396 0 0 0 0.000000 321075789.832605
1014  397 0 0 0 0.000000 321075871.814205
1015  398 0 0 0 0.000000 321075945.523433
1016  399 0 0 0 0.000000 321076858.746379
1017  400 0 0 0 0.000000 321073709.122668
1018  401 0 0 0 0.000000 321077197.630620
1019  402 0 0 0 0.000000 321077196.211462
1020  403 0 0 0 0.000000 321077197.580940
1021  404 0 0 0 0.000000 321074215.486528
1022  405 0 0 0 0.000000 321074217.066883
1023  406 0 0 0 0.000000 321075873.233363
1024  407 0 0 0 0.000000 321075791.255299
1025  408 0 0 0 0.000000 321077196.211462
1026  409 0 0 0 0.000000 321075872.995298
1027  410 0 0 0 0.000000 321073602.949919
1028  411 0 0 0 0.000000 321073470.422657
1029  412 0 0 0 0.000000 321075789.832605
1030  413 0 0 0 0.000000 321075871.814205
1031  414 0 0 0 0.000000 321075945.523433
1032  415 0 0 0 0.000000 321076858.746379
1033  416 0 0 0 0.000000 321073709.122668
1034  417 0 0 0 0.000000 321077197.630620
1035  418 0 0 0 0.000000 321077196.211462
1036  419 0 0 0 0.000000 321077197.580940
1084  420 0 0 0 0.000000 321077197.580940
1085  421 0 0 0 0.000000 321074215.486528
1086  422 0 0 0 0.000000 321074217.066883
1087  423 0 0 0 0.000000 321075873.233363
1088  424 0 0 0 0.000000 321075791.255299
1089  425 0 0 0 0.000000 321077196.211462
1090  426 0 0 0 0.000000 321075872.995298
1091  427 0 0 0 0.000000 321073602.949919
1092  428 0 0 0 0.000000 321073470.422657
1093  429 0 0 0 0.000000 321075789.832605
1094  430 0 0 0 0.000000 321075871.814205
1095  431 0 0 0 0.000000 321075945.523433
1096  432 0 0 0 0.000000 321076858.746379
1097  433 0 0 0 0.000000 321073709.122668
1098  434 0 0 0 0.000000 321077197.630620
1099  435 0 0 0 0.000000 321077196.211462
1100  436 0 0 0 0.000000 321077197.580940
1101  437 0 0 0 0.000000 321074215.486528
1102  438 0 0 0 0.000000 321074217.066883
1103  439 0 0 0 0.000000 321075873.233363
1104  440 0 0 0 0.000000 321075791.255299
1105  441 0 0 0 0.000000 321077196.211462
1106  442 0 0 0 0.000000 321075872.995298
1107  443 0 0 0 0.000000 321073602.949919
1108  444 0 0 0 0.000000 321073470.422657
1109  445 0 0 0 0.000000 321075789.832605
1110  446 0 0 0 0.000000 321075871.814205
1111  447 0 0 0 0.000000 321075945.523433
1112  448 0 0 0 0.000000 321076858.746379
1113  449 0 0 0 0.000000 321073709.122668
1161  450 0 0 0 0.000000 321073709.122668
1162  451 0 0 0 0.000000 321077197.630620
1163  452 0 0 0 0.000000 321077196.211462
1164  453 0 0 0 0.000000 321077197.580940
1165  454 0 0 0 0.000000 321074215.486528
1166  455 0 0 0 0.000000 321074217.066883
1167  456 0 0 0 0.000000 321075873.233363
1168  457 0 0 0 0.000000 321075791.255299
1169  458 0 0 0 0.000000 321077196.211462
1170  459 0 0 0 0.000000 321075872.995298
1171  460 0 0 0 0.000000 321073602.949919
1172  461 0 0 0 0.000000 321073470.422657
1173  462 0 0 0 0.000000 321075789.832605
1174  463 0 0 0 0.000000 321075871.814205
1175  464 0 0 0 0.000000 321075945.523433
1176  465 0 0 0 0.000000 321076858.746379
1177  466 0 0 0 0.000000 321073709.122668
1178  467 0 0 0 0.000000 321077197.630620
1179  468 0 0 0 0.000000 321077196.211462
1180  469 0 0 0 0.000000 321077197.580940
1181  470 0 0 0 0.000000 321074215.486528
1182  471 0 0 0 0.000000 321074217.066883
1183  472 0 0 0 0.000000 321075873.233363
1184  473 0 0 0 0.000000 321075791.255299
1185  474 0 0 0 0.000000 321077196.211462
1186  475 0 0 0 0.000000 321075872.995298
1187  476 0 0 0 0.000000 321073602.949919
1188  477 0 0 0 0.000000 321073470.422657
1189  478 0 0 0 0.000000 321075789.832605
1190  479 0 0 0 0.000000 321075871.814205
1238  480 0 0 0 0.000000 321075871.814205
1239  481 0 0 0 0.000000 321075945.523433
1240  482 0 0 0 0.000000 321076858.746379
1241  483 0 0 0 0.000000 321073709.122668
1242  484 0 0 0 0.000000 321077197.630620
1243  485 0 0 0 0.000000 321077196.211462
1244  486 0 0 0 0.000000 321077197.580940
1245  487 0 0 0 0.000000 321074215.486528
1246  488 0 0 0 0.000000 321074217.066883
1247  489 0 0 0 0.000000 321075873.233363
1248  490 0 0 0 0.000000 321075791.255299
1249  491 0 0 0 0.000000 321077196.211462
1250  492 0 0 0 0.000000 321075872.995298
1251  493 0 0 0 0.000000 321073602.949919
1252  494 0 0 0 0.000000 321073470.422657
1253  495 0 0 0 0.000000 321075789.832605
1254  496 0 0 0 0.000000 321075871.814205
1255  497 0 0 0 0.000000 321075945.523433
1256  498 0 0 0 0.000000 321076858.746379
1257  499 0 0 0 0.000000 321073709.122668
1258  500 0 0 0 0.000000 321077197.630620
1259  501 0 0 0 0.000000 321077196.211462
1260  502 0 0 0 0.000000 321077197.580940
1261  503 0 0 0 0.000000 321074215.486528
1262  504 0 0 0 0.000000 321074217.066883
1263  505 0 0 0 0.000000 321075873.233363
1264  506 0 0 0 0.000000 321075791.255299
1265  507 0 0 0 0.000000 321077196.211462
1266  508 0 0 0 0.000000 321075872.995298
1267  509 0 0 0 0.000000 321073602.949919
1315  510 0 0 0 0.000000 321073602.949919
1316  511 0 0 0 0.000000 321073470.422657
1317  512 0 0 0 0.000000 321075789.832605
1318  513 0 0 0 0.000000 321075871.814205
1319  514 0 0 0 0.000000 321075945.523433
1320  515 0 0 0 0.000000 321076858.746379
1321  516 0 0 0 0.000000 321073709.122668
1322  517 0 0 0 0.000000 321077197.630620
1323  518 0 0 0 0.000000 321077196.211462
1324  519 0 0 0 0.000000 321077197.580940
1325  520 0 0 0 0.000000 321074215.486528
1326  521 0 0 0 0.000000 321074217.066883
1327  522 0 0 0 0.000000 321075873.233363
1328  523 0 0 0 0.000000 321075791.255299
1329  524 0 0 0 0.000000 321077196.211462
1330  525 0 0 0 0.000000 321075872.995298
1331  526 0 0 0 0.000000 321073602.949919
1332  527 0 0 0 0.000000 321073470.422657
1333  528 0 0 0 0.000000 321075789.832605
1334  529 0 0 0 0.000000 321075871.814205
1335  530 0 0 0 0.000000 321075945.523433
1336  531 0 0 0 0.000000 321076858.746379
1337  532 0 0 0 0.000000 321073709.122668
1338  533 0 0 0 0.000000 321077197.630620
1339  534 0 0 0 0.000000 321077196.211462
1340  535 0 0 0 0.000000 321077197.580940
1341  536 0 0 0 0.000000 321074215.486528
1342  537 0 0 0 0.000000 321074217.066883
1343  538 0 0 0 0.000000 321075873.233363
1344  539 0 0 0 0.000000 321075791.255299
1392  540 0 0 0 0.000000 321075791.255299
1393  541 0 0 0 0.000000 321077196.211462
1394  542 0 0 0 0.000000 321075872.995298
1395  543 0 0 0 0.000000 321073602.949919
1396  544 0 0 0 0.000000 321073470.422657
1397  545 0 0 0 0.000000 321075789.832605
1398  546 0 0 0 0.000000 321075871.814205
1399  547 0 0 0 0.000000 321075945.523433
1400  548 0 0 0 0.000000 321076858.746379
1401  549 0 0 0 0.000000 321073709.122668
1402  550 0 0 0 0.000000 321077197.630620
1403  551 0 0 0 0.000000 321077196.211462
1404  552 0 0 0 0.000000 321077197.580940
1405  553 0 0 0 0.000000 321074215.486528
1406  554 0 0 0 0.000000 321074217.066883
1407  555 0 0 0 0.000000 321075873.233363
1408  556 0 0 0 0.000000 321075791.255299
1409  557 0 0 0 0.000000 321077196.211462
1410  558 0 0 0 0.000000 321075872.995298
1411  559 0 0 0 0.000000 321073602.949919
1412  560 0 0 0 0.000000 321073470.422657
1413  561 0 0 0 0.000000 321075789.832605
1414  562 0 0 0 0.000000 321075871.814205
1415  563 0 0 0 0.000000 321075945.523433
1416  564 0 0 0 0.000000 321076858.746379
1417  565 0 0 0 0.000000 321073709.122668
1418  566 0 0 0 0.000000 321077197.630620
1419  567 0 0 0 0.000000 321077196.211462
1420  568 0 0 0 0.000000 321077197.580940
1421  569 0 0 0 0.000000 321074215.486528
1469  570 0 0 0 0.000000 321074215.486528
1470  571 0 0 0 0.000000 321074217.066883
1471  572 0 0 0 0.000000 321075873.233363
1472  573 0 0 0 0.000000 321075791.255299
1473  574 0 0 0 0.000000 321077196.211462
1474  575 0 0 0 0.000000 321075872.995298
1475  576 0 0 0 0.000000 321073602.949919
1476  577 0 0 0 0.000000 321073470.422657
1477  578 0 0 0 0.000000 321075789.832605
1478  579 0 0 0 0.000000 321075871.814205
1479  580 0 0 0 0.000000 321075945.523433
1480  581 0 0 0 0.000000 321076858.746379
1481  582 0 0 0 0.000000 321073709.122668
1482  583 0 0 0 0.000000 321077197.630620
1483  584 0 0 0 0.000000 321077196.211462
1484  585 0 0 0 0.000000 321077197.580940
1485  586 0 0 0 0.000000 321074215.486528
1486  587 0 0 0 0.000000 321074217.066883
1487  588 0 0 0 0.000000 321075873.233363
1488  589 0 0 0 0.000000 321075791.255299
1489  590 0 0 0 0.000000 321077196.211462
1490  591 0 0 0 0.000000 321075872.995298
1491  592 0 0 0 0.000000 321073602.949919
1492  593 0 0 0 0.000000 321073470.422657
1493  594 0 0 0 0.000000 321075789.832605
1494  595 0 0 0 0.000000 321075871.814205
1495  596 0 0 0 0.000000 321075945.523433
1496  597 0 0 0 0.000000 321076858.746379
1497  598 0 0 0 0.000000 321073709.122668
1498  599 0 0 0 0.000000 321077197.630620
1546  600 0 0 0 0.000000 321077197.630620
1547  601 0 0 0 0.000000 321077196.211462
1548  602 0 0 0 0.000000 321077197.580940
1549  603 0 0 0 0.000000 321074215.486528
1550  604 0 0 0 0.000000 321074217.066883
1551  605 0 0 0 0.000000 321075873.233363
1552  606 0 0 0 0.000000 321075791.255299
1553  607 0 0 0 0.000000 321077196.211462
1554  608 0 0 0 0.000000 321075872.995298
1555  609 0 0 0 0.000000 321073602.949919
1556  610 0 0 0 0.000000 321073470.422657
1557  611 0 0 0 0.000000 321075789.832605
1558  612 0 0 0 0.000000 321075871.814205
1559  613 0 0 0 0.000000 321075945.523433
1560  614 0 0 0 0.000000 321076858.746379
1561  615 0 0 0 0.000000 321073709.122668
1562  616 0 0 0 0.000000 321077197.630620
1563  617 0 0 0 0.000000 321077196.211462
1564  618 0 0 0 0.000000 321077197.580940
1565  619 0 0 0 0.000000 321074215.486528
1566  620 0 0 0 0.000000 321074217.066883
1567  621 0 0 0 0.000000 321075873.233363
1568  622 0 0 0 0.000000 321075791.255299
1569  623 0 0 0 0.000000 321077196.211462
1570  624 0 0 0 0.000000 321075872.995298
1571  625 0 0 0 0.000000 321073602.949919
1572  626 0 0 0 0.000000 321073470.422657
1573  627 0 0 0 0.000000 321075789.832605
1574  628 0 0 0 0.000000 321075871.814205
1575  629 0 0 0 0.000000 321075945.523433
1623  630 0 0 0 0.000000 321075945.523433
1624  631 0 0 0 0.000000 321076858.746379
1625  632 0 0 0 0.000000 321073709.122668
1626  633 0 0 0 0.000000 321077197.630620
1627  634 0 0 0 0.000000 321077196.211462
1628  635 0 0 0 0.000000 321077197.580940
1629  636 0 0 0 0.000000 321074215.486528
1630  637 0 0 0 0.000000 321074217.066883
1631  638 0 0 0 0.000000 321075873.233363
1632  639 0 0 0 0.000000 321075791.255299
1633  640 0 0 0 0.000000 321077196.211462
1634  641 0 0 0 0.000000 321075872.995298
1635  642 0 0 0 0.000000 321073602.949919
1636  643 0 0 0 0.000000 321073470.422657
1637  644 0 0 0 0.000000 321075789.832605
1638  645 0 0 0 0.000000 321075871.814205
1639  646 0 0 0 0.000000 321075945.523433
1640  647 0 0 0 0.000000 321076858.746379
1641  648 0 0 0 0.000000 321073709.122668
1642  649 0 0 0 0.000000 321077197.630620
1643  650 0 0 0 0.000000 321077196.211462
1644  651 0 0 0 0.000000 321077197.580940
1645  652 0 0 0 0.000000 321074215.486528
1646  653 0 0 0 0.000000 321074217.066883
1647  654 0 0 0 0.000000 321075873.233363
1648  655 0 0 0 0.000000 321075791.255299
1649  656 0 0 0 0.000000 321077196.211462
1650  657 0 0 0 0.000000 321075872.995298
1651  658 0 0 0 0.000000 321073602.949919
1652  659 0 0 0 0.000000 321073470.422657
1700  660 0 0 0 0.000000 321073470.422657
1701  661 0 0 0 0.000000 321075789.832605
1702  662 0 0 0 0.000000 321075871.814205
1703  663 0 0 0 0.000000 321075945.523433
1704  664 0 0 0 0.000000 321076858.746379
1705  665 0 0 0 0.000000 321073709.122668
1706  666 0 0 0 0.000000 321077197.630620
1707  667 0 0 0 0.000000 321077196.211462
1708  668 0 0 0 0.000000 321077197.580940
1709  669 0 0 0 0.000000 321074215.486528
1710  670 0 0 0 0.000000 321074217.066883
1711  671 0 0 0 0.000000 321075873.233363
1712  672 0 0 0 0.000000 321075791.255299
1713  673 0 0 0 0.000000 321077196.211462
1714  674 0 0 0 0.000000 321075872.995298
1715  675 0 0 0 0.000000 321073602.949919
1716  676 0 0 0 0.000000 321073470.422657
1717  677 0 0 0 0.000000 321075789.832605
1718  678 0 0 0 0.000000 321075871.814205
1719  679 0 0 0 0.000000 321075945.523433
1720  680 0 0 0 0.000000 321076858.746379
1721  681 0 0 0 0.000000 321073709.122668
1722  682 0 0 0 0.000000 321077197.630620
1723  683 0 0 0 0.000000 321077196.211462
1724  684 0 0 0 0.000000 321077197.580940
1725  685 0 0 0 0.000000 321074215.486528
1726  686 0 0 0 0.000000 321074217.066883
1727  687 0 0 0 0.000000 321075873.233363
1728  688 0 0 0 0.000000 321075791.255299
1729  689 0 0 0 0.000000 321077196.211462
1777  690 0 0 0 0.000000 321077196.211462
1778  691 0 0 0 0.000000 321075872.995298
1779  692 0 0 0 0.000000 321073602.949919
1780  693 0 0 0 0.000000 321073470.422657
1781  694 0 0 0 0.000000 321075789.832605
1782  695 0 0 0 0.000000 321075871.814205
1783  696 0 0 0 0.000000 321075945.523433
1784  697 0 0 0 0.000000 321076858.746379
1785  698 0 0 0 0.000000 321073709.122668
1786  699 0 0 0 0.000000 321077197.630620
1787  700 0 0 0 0.000000 321077196.211462
1788  701 0 0 0 0.000000 321077197.580940
1789  702 0 0 0 0.000000 321074215.486528
1790  703 0 0 0 0.000000 321074217.066883
1791  704 0 0 0 0.000000 321075873.233363
1792  705 0 0 0 0.000000 321075791.255299
1793  706 0 0 0 0.000000 321077196.211462
1794  707 0 0 0 0.000000 321075872.995298
1795  708 0 0 0 0.000000 321073602.949919
1796  709 0 0 0 0.000000 321073470.422657
1797  710 0 0 0 0.000000 321075789.832605
1798  711 0 0 0 0.000000 321075871.814205
1799  712 0 0 0 0.000000 321075945.523433
1800  713 0 0 0 0.000000 321076858.746379
1801  714 0 0 0 0.000000 321073709.122668
1802  715 0 0 0 0.000000 321077197.630620
1803  716 0 0 0 0.000000 321077196.211462
1804  717 0 0 0 0.000000 321077197.580940
1805  718 0 0 0 0.000000 321074215.486528
1806  719 0 0 0 0.000000 321074217.066883
1854  720 0 0 0 0.000000 321074217.066883
1855  721 0 0 0 0.000000 321075873.233363
1856  722 0 0 0 0.000000 321075791.255299
1857  723 0 0 0 0.000000 321077196.211462
1858  724 0 0 0 0.000000 321075872.995298
1859  725 0 0 0 0.000000 321073602.949919
1860  726 0 0 0 0.000000 321073470.422657
1861  727 0 0 0 0.000000 321075789.832605
1862  728 0 0 0 0.000000 321075871.814205
1863  729 0 0 0 0.000000 321075945.523433
1864  730 0 0 0 0.000000 321076858.746379
1865  731 0 0 0 0.000000 321073709.122668
1866  732 0 0 0 0.000000 321077197.630620
1867  733 0 0 0 0.000000 321077196.211462
1868  734 0 0 0 0.000000 321077197.580940
1869  735 0 0 0 0.000000 321074215.486528
1870  736 0 0 0 0.000000 321074217.066883
1871  737 0 0 0 0.000000 321075873.233363
1872  738 0 0 0 0.000000 321075791.255299
1873  739 0 0 0 0.000000 321077196.211462
1874  740 0 0 0 0.000000 321075872.995298
1875  741 0 0 0 0.000000 321073602.949919
1876  742 0 0 0 0.000000 321073470.422657
1877  743 0 0 0 0.000000 321075789.832605
1878  744 0 0 0 0.000000 321075871.814205
1879  745 0 0 0 0.000000 321075945.523433
1880  746 0 0 0 0.000000 321076858.746379
1881  747 0 0 0 0.000000 321073709.122668
1882  748 0 0 0 0.000000 321077197.630620
1883  749 0 0 0 0.000000 321077196.211462
1931  750 0 0 0 0.000000 321077196.211462
1932  751 0 0 0 0.000000 321077197.580940
1933  752 0 0 0 0.000000 321074215.486528
1934  753 0 0 0 0.000000 321074217.066883
1935  754 0 0 0 0.000000 321075873.233363
1936  755 0 0 0 0.000000 321075791.255299
1937  756 0 0 0 0.000000 321077196.211462
1938  757 0 0 0 0.000000 321075872.995298
1939  758 0 0 0 0.000000 321073602.949919
1940  759 0 0 0 0.000000 321073470.422657
1941  760 0 0 0 0.000000 321075789.832605
1942  761 0 0 0 0.000000 321075871.814205
1943  762 0 0 0 0.000000 321075945.523433
1944  763 0 0 0 0.000000 321076858.746379
1945  764 0 0 0 0.000000 321073709.122668
1946  765 0 0 0 0.000000 321077197.630620
1947  766 0 0 0 0.000000 321077196.211462
1948  767 0 0 0 0.000000 321077197.580940
1949  768 0 0 0 0.000000 321074215.486528
1950  769 0 0 0 0.000000 321074217.066883
1951  770 0 0 0 0.000000 321075873.233363
1952  771 0 0 0 0.000000 321075791.255299
1953  772 0 0 0 0.000000 321077196.211462
1954  773 0 0 0 0.000000 321075872.995298
1955  774 0 0 0 0.000000 321073602.949919
1956  775 0 0 0 0.000000 321073470.422657
1957  776 0 0 0 0.000000 321075789.832605
1958  777 0 0 0 0.000000 321075871.814205
1959  778 0 0 0 0.000000 321075945.523433
1960  779 0 0 0 0.000000 321076858.746379
2008  780 0 0 0 0.000000 321076858.746379
2009  781 0 0 0 0.000000 321073709.122668
2010  782 0 0 0 0.000000 321077197.630620
2011  783 0 0 0 0.000000 321077196.211462
2012  784 0 0 0 0.000000 321077197.580940
2013  785 0 0 0 0.000000 321074215.486528
2014  786 0 0 0 0.000000 321074217.066883
2015  787 0 0 0 0.000000 321075873.233363
2016  788 0 0 0 0.000000 321075791.255299
2017  789 0 0 0 0.000000 321077196.211462
2018  790 0 0 0 0.000000 321075872.995298
2019  791 0 0 0 0.000000 321073602.949919
2020  792 0 0 0 0.000000 321073470.422657
2021  793 0 0 0 0.000000 321075789.832605
2022  794 0 0 0 0.000000 321075871.814205
2023  795 0 0 0 0.000000 321075945.523433
2024  796 0 0 0 0.000000 321076858.746379
2025  797 0 0 0 0.000000 321073709.122668
2026  798 0 0 0 0.000000 321077197.630620
2027  799 0 0 0 0.000000 321077196.211462
2028  800 0 0 0 0.000000 321077197.580940
2029  801 0 0 0 0.000000 321074215.486528
2030  802 0 0 0 0.000000 321074217.066883
2031  803 0 0 0 0.000000 321075873.233363
2032  804 0 0 0 0.000000 321075791.255299
2033  805 0 0 0 0.000000 321077196.211462
2034  806 0 0 0 0.000000 321075872.995298
2035  807 0 0 0 0.000000 321073602.949919
2036  808 0 0 0 0.000000 321073470.422657
2037  809 0 0 0 0.000000 321075789.832605
2085  810 0 0 0 0.000000 321075789.832605
2086  811 0 0 0 0.000000 321075871.814205
2087  812 0 0 0 0.000000 321075945.523433
2088  813 0 0 0 0.000000 321076858.746379
2089  814 0 0 0 0.000000 321073709.122668
2090  815 0 0 0 0.000000 321077197.630620
2091  816 0 0 0 0.000000 321077196.211462
2092  817 0 0 0 0.000000 321077197.580940
2093  818 0 0 0 0.000000 321074215.486528
2094  819 0 0 0 0.000000 321074217.066883
2095  820 0 0 0 0.000000 321075873.233363
2096  821 0 0 0 0.000000 321075791.255299
2097  822 0 0 0 0.000000 321077196.211462
2098  823 0 0 0 0.000000 321075872.995298
2099  824 0 0 0 0.000000 321073602.949919
2100  825 0 0 0 0.000000 321073470.422657
2101  826 0 0 0 0.000000 321075789.832605
2102  827 0 0 0 0.000000 321075871.814205
2103  828 0 0 0 0.000000 321075945.523433
2104  829 0 0 0 0.000000 321076858.746379
2105  830 0 0 0 0.000000 321073709.122668
2106  831 0 0 0 0.000000 321077197.630620
2107  832 0 0 0 0.000000 321077196.211462
2108  833 0 0 0 0.000000 321077197.580940
2109  834 0 0 0 0.000000 321074215.486528
2110  835 0 0 0 0.000000 321074217.066883
2111  836 0 0 0 0.000000 321075873.233363
2112  837 0 0 0 0.000000 321075791.255299
2113  838 0 0 0 0.000000 321077196.211462
2114  839 0 0 0 0.000000 321075872.995298
2162  840 0 0 0 0.000000 321075872.995298
2163  841 0 0 0 0.000000 321073602.949919
2164  842 0 0 0 0.000000 321073470.422657
2165  843 0 0 0 0.000000 321075789.832605
2166  844 0 0 0 0.000000 321075871.814205
2167  845 0 0 0 0.000000 321075945.523433
2168  846 0 0 0 0.000000 321076858.746379
2169  847 0 0 0 0.000000 321073709.122668
2170  848 0 0 0 0.000000 321077197.630620
2171  849 0 0 0 0.000000 321077196.211462
2172  850 0 0 0 0.000000 321077197.580940
2173  851 0 0 0 0.000000 321074215.486528
2174  852 0 0 0 0.000000 321074217.066883
2175  853 0 0 0 0.000000 321075873.233363
2176  854 0 0 0 0.000000 321075791.255299
2177  855 0 0 0 0.000000 321077196.211462
2178  856 0 0 0 0.000000 321075872.995298
2179  857 0 0 0 0.000000 321073602.949919
2180  858 0 0 0 0.000000 321073470.422657
2181  859 0 0 0 0.000000 321075789.832605
2182  860 0 0 0 0.000000 321075871.814205
2183  861 0 0 0 0.000000 321075945.523433
2184  862 0 0 0 0.000000 321076858.746379
2185  863 0 0 0 0.000000 321073709.122668
2186  864 0 0 0 0.000000 321077197.630620
2187  865 0 0 0 0.000000 321077196.211462
2188  866 0 0 0 0.000000 321077197.580940
2189  867 0 0 0 0.000000 321074215.486528
2190  868 0 0 0 0.000000 321074217.066883
2191  869 0 0 0 0.000000 321075873.233363
2239  870 0 0 0 0.000000 321075873.233363
2240  871 0 0 0 0.000000 321075791.255299
2241  872 0 0 0 0.000000 321077196.211462
2242  873 0 0 0 0.000000 321075872.995298
2243  874 0 0 0 0.000000 321073602.949919
2244  875 0 0 0 0.000000 321073470.422657
2245  876 0 0 0 0.000000 321075789.832605
2246  877 0 0 0 0.000000 321075871.814205
2247  878 0 0 0 0.000000 321075945.523433
2248  879 0 0 0 0.000000 321076858.746379
2249  880 0 0 0 0.000000 321073709.122668
2250  881 0 0 0 0.000000 321077197.630620
2251  882 0 0 0 0.000000 321077196.211462
2252  883 0 0 0 0.000000 321077197.580940
2253  884 0 0 0 0.000000 321074215.486528
2254  885 0 0 0 0.000000 321074217.066883
2255  886 0 0 0 0.000000 321075873.233363
2256  887 0 0 0 0.000000 321075791.255299
2257  888 0 0 0 0.000000 321077196.211462
2258  889 0 0 0 0.000000 321075872.995298
2259  890 0 0 0 0.000000 321073602.949919
2260  891 0 0 0 0.000000 321073470.422657
2261  892 0 0 0 0.000000 321075789.832605
2262  893 0 0 0 0.000000 321075871.814205
2263  894 0 0 0 0.000000 321075945.523433
2264  895 0 0 0 0.000000 321076858.746379
2265  896 0 0 0 0.000000 321073709.122668
2266  897 0 0 0 0.000000 321077197.630620
2267  898 0 0 0 0.000000 321077196.211462
2268  899 0 0 0 0.000000 321077197.580940
2316  900 0 0 0 0.000000 321077197.580940
2317  901 0 0 0 0.000000 321074215.486528
2318  902 0 0 0 0.000000 321074217.066883
2319  903 0 0 0 0.000000 321075873.233363
2320  904 0 0 0 0.000000 321075791.255299
2321  905 0 0 0 0.000000 321077196.211462
2322  906 0 0 0 0.000000 321075872.995298
2323  907 0 0 0 0.000000 321073602.949919
2324  908 0 0 0 0.000000 321073470.422657
2325  909 0 0 0 0.000000 321075789.832605
2326  910 0 0 0 0.000000 321075871.814205
2327  911 0 0 0 0.000000 321075945.523433
2328  912 0 0 0 0.000000 321076858.746379
2329  913 0 0 0 0.000000 321073709.122668
2330  914 0 0 0 0.000000 321077197.630620
2331  915 0 0 0 0.000000 321077196.211462
2332  916 0 0 0 0.000000 321077197.580940
2333  917 0 0 0 0.000000 321074215.486528
2334  918 0 0 0 0.000000 321074217.066883
2335  919 0 0 0 0.000000 321075873.233363
2336  920 0 0 0 0.000000 321075791.255299
2337  921 0 0 0 0.000000 321077196.211462
2338  922 0 0 0 0.000000 321075872.995298
2339  923 0 0 0 0.000000 321073602.949919
2340  924 0 0 0 0.000000 321073470.422657
2341  925 0 0 0 0.000000 321075789.832605
2342  926 0 0 0 0.000000 321075871.814205
2343  927 0 0 0 0.000000 321075945.523433
2344  928 0 0 0 0.000000 321076858.746379
2345  929 0 0 0 0.000000 321073709.122668
2393  930 0 0 0 0.000000 321073709.122668
2394  931 0 0 0 0.000000 321077197.630620
2395  932 0 0 0 0.000000 321077196.211462
2396  933 0 0 0 0.000000 321077197.580940
2397  934 0 0 0 0.000000 321074215.486528
2398  935 0 0 0 0.000000 321074217.066883
2399  936 0 0 0 0.000000 321075873.233363
2400  937 0 0 0 0.000000 321075791.255299
2401  938 0 0 0 0.000000 321077196.211462
2402  939 0 0 0 0.000000 321075872.995298
2403  940 0 0 0 0.000000 321073602.949919
2404  941 0 0 0 0.000000 321073470.422657
2405  942 0 0 0 0.000000 321075789.832605
2406  943 0 0 0 0.000000 321075871.814205
2407  944 0 0 0 0.000000 321075945.523433
2408  945 0 0 0 0.000000 321076858.746379
2409  946 0 0 0 0.000000 321073709.122668
2410  947 0 0 0 0.000000 321077197.630620
2411  948 0 0 0 0.000000 321077196.211462
2412  949 0 0 0 0.000000 321077197.580940
2413  950 0 0 0 0.000000 321074215.486528
2414  951 0 0 0 0.000000 321074217.066883
2415  952 0 0 0 0.000000 321075873.233363
2416  953 0 0 0 0.000000 321075791.255299
2417  954 0 0 0 0.000000 321077196.211462
2418  955 0 0 0 0.000000 321075872.995298
2419  956 0 0 0 0.000000 321073602.949919
2420  957 0 0 0 0.000000 321073470.422657
2421  958 0 0 0 0.000000 321075789.832605
2422  959 0 0 0 0.000000 321075871.814205
2470  960 0 0 0 0.000000 321075871.814205
2471  961 0 0 0 0.000000 321075945.523433
2472  962 0 0 0 0.000000 321076858.746379
2473  963 0 0 0 0.000000 321073709.122668
2474  964 0 0 0 0.000000 321077197.630620
2475  965 0 0 0 0.000000 321077196.211462
2476  966 0 0 0 0.000000 321077197.580940
2477  967 0 0 0 0.000000 321074215.486528
2478  968 0 0 0 0.000000 321074217.066883
2479  969 0 0 0 0.000000 321075873.233363
2480  970 0 0 0 0.000000 321075791.255299
2481  971 0 0 0 0.000000 321077196.211462
2482  972 0 0 0 0.000000 321075872.995298
2483  973 0 0 0 0.000000 321073602.949919
2484  974 0 0 0 0.000000 321073470.422657
2485  975 0 0 0 0.000000 321075789.832605
2486  976 0 0 0 0.000000 321075871.814205
2487  977 0 0 0 0.000000 321075945.523433
2488  978 0 0 0 0.000000 321076858.746379
2489  979 0 0 0 0.000000 321073709.122668
2490  980 0 0 0 0.000000 321077197.630620
2491  981 0 0 0 0.000000 321077196.211462
2492  982 0 0 0 0.000000 321077197.580940
2493  983 0 0 0 0.000000 321074215.486528
2494  984 0 0 0 0.000000 321074217.066883
2495  985 0 0 0 0.000000 321075873.233363
2496  986 0 0 0 0.000000 321075791.255299
2497  987 0 0 0 0.000000 321077196.211462
2498  988 0 0 0 0.000000 321075872.995298
2499  989 0 0 0 0.000000 321073602.949919