# Format <LP id> <Terminal ID> <Total Data Sent> <Total Data Received> <Avg packet latency> <Max packet Latency> <Min packet Latency> <# Packets finished> <Avg Hops> <Avg Busy Time (over rails)>
37 0 318445632 318445632 10851.174401 190463.285769 577.768481 82431 2.624183 208286123.129476
38 1 425406288 425406288 9445.134923 192473.897159 576.837158 124755 2.370951 225744106.820114
39 2 425290704 425290704 9083.382009 179653.805959 576.837158 110307 2.278088 213077628.432039
40 3 425406288 425406288 8742.486243 188577.460461 576.837158 124755 2.573989 302491266.450946
41 4 318445632 318445632 14856.502286 190208.874378 577.768481 82431 2.973918 200987806.771740
42 5 425406288 425406288 10688.901661 114292.292163 576.837158 124755 2.584113 223322338.931345
43 6 532838736 532838736 9010.051142 76842.803713 576.837158 139395 2.256315 273204982.769299
44 7 532954320 532954320 9291.544629 135870.047766 576.837158 153843 2.503786 196421060.841240
45 8 532838736 532838736 9477.947865 141865.378019 577.768481 139395 2.429147 199818153.346252
46 9 425406288 425406288 9469.280519 88593.840522 576.837158 124755 2.578702 200389254.331946
47 10 425290704 425290704 10274.986249 84716.657799 576.837158 110307 2.504410 199044669.865777
48 11 532954320 532954320 9010.158160 90572.003769 576.837158 153843 2.500068 203570219.185687
49 12 532838736 532838736 9099.503115 129674.592415 577.768481 139395 2.422842 164352174.434818
50 13 532954320 532954320 8553.823654 112107.287710 576.837158 153843 2.332508 186636728.925155
51 14 425290704 425290704 10577.948688 138549.337082 576.837158 110307 2.483405 189514284.923667
52 15 425406288 425406288 11237.073674 200030.018791 576.837158 124755 2.803727 291847427.223686
53 16 532838736 532838736 9349.523268 163186.315381 577.768481 139395 2.421285 178037992.403124
54 17 532954320 532954320 8663.365150 167391.774332 576.837158 153843 2.327035 196688776.995119
55 18 532838736 532838736 10045.744733 173231.130074 576.837158 139395 2.232290 197097735.585902
56 19 425406288 425406288 10080.367406 151547.432012 576.837158 124755 2.571440 293098617.912215
57 20 425290704 425290704 10085.417182 162137.589660 577.768481 110307 2.489153 169580764.233190
58 21 532954320 532954320 9068.809157 81554.720279 576.837158 153843 2.326261 203879940.738007
59 22 532838736 532838736 9705.256172 86523.369772 576.837158 139395 2.235668 202434421.159186
60 23 532954320 532954320 9337.066218 188764.533158 576.837158 153843 2.509740 197259725.278769
61 24 425290704 425290704 11861.880105 173642.861634 577.768481 110307 2.727968 194085802.998690
62 25 318561216 318561216 9668.271206 176929.826256 576.837158 96879 2.698170 183004581.223343
63 26 425290704 425290704 9511.877854 179522.260350 576.837158 110307 2.255070 177416846.740994
64 27 425406288 425406288 11099.048779 176055.143171 576.837158 124755 2.605050 212627739.742336
65 28 425290704 425290704 7061.003081 135207.747441 577.768481 110307 2.404915 308442751.688077
66 29 318561216 318561216 5883.438538 98295.921895 576.837158 96879 2.577184 308298137.703339
67 30 0 0 -nan 0.000000 2147483647.000000 0 -nan 0.000000
68 31 0 0 -nan 0.000000 2147483647.000000 0 -nan 0.000000
114 32 425290704 425290704 14455.243830 252805.123494 577.768481 110307 3.141088 187253542.021430
115 33 532954320 532954320 13253.919849 231772.852890 576.837158 153843 2.924111 163309192.080565
116 34 532838736 532838736 13196.376329 231882.474019 576.837158 139395 2.786391 170399797.221715
117 35 532954320 532954320 10515.851061 222995.532175 576.837158 153843 2.955734 219379573.468560
118 36 425290704 425290704 19546.109594 222414.819691 577.768481 110307 3.449428 214102720.416779
119 37 532954320 532954320 12407.854461 169702.414987 576.837158 153843 3.043297 225238539.489388
120 38 641094576 641094576 9890.511777 160739.240817 576.837158 170301 2.741610 255651098.361247
121 39 641210160 641210160 11195.861149 200738.846999 576.837158 184749 2.920368 213377780.878306
122 40 641094576 641094576 10777.291857 180205.882758 577.768481 170301 2.867059 207806998.363690
123 41 532954320 532954320 10484.866244 133674.241049 576.837158 153843 3.024265 203955458.195227
124 42 532838736 532838736 11199.390042 176090.081606 576.837158 139395 2.988350 235763230.075922
125 43 641210160 641210160 10747.277401 188104.472122 576.837158 184749 2.892990 201447268.348647
126 44 641094576 641094576 11268.197158 190436.011926 577.768481 170301 2.856096 182222198.436855
127 45 641210160 641210160 10311.369455 170046.351841 576.837158 184749 2.763138 209844082.819222
128 46 532838736 532838736 13010.803555 198904.427550 576.837158 139395 2.961792 170552781.810511
129 47 532954320 532954320 14338.516583 235225.032426 576.837158 153843 3.198300 238287551.517079
130 48 641094576 641094576 12182.413469 194124.483591 577.768481 170301 2.857934 181095191.845647
131 49 641210160 641210160 10932.348140 199172.519261 576.837158 184749 2.767679 178646209.539603
132 50 641094576 641094576 13082.067725 243473.288444 576.837158 170301 2.684782 173920811.062571
133 51 532954320 532954320 12246.411004 200174.989472 576.837158 153843 2.998121 279189814.677296
134 52 532838736 532838736 13391.783532 212264.446138 577.768481 139395 2.965128 165288620.850873
135 53 641210160 641210160 10454.457559 140192.758687 576.837158 184749 2.763279 235736748.975660
136 54 641094576 641094576 10550.179726 168016.426304 576.837158 170301 2.712556 205998181.100063
137 55 641210160 641210160 12335.706375 221647.161142 576.837158 184749 2.895501 202055823.889267
138 56 532838736 532838736 13942.255116 231588.484510 577.768481 139395 3.154231 156219846.301055
139 57 425406288 425406288 13182.254488 243911.423525 576.837158 124755 3.214388 192960921.067061
140 58 532838736 532838736 11991.387073 225696.000284 576.837158 139395 2.795380 163327962.132584
141 59 532954320 532954320 13031.444724 221673.291961 576.837158 153843 3.055232 157192158.089025
142 60 532838736 532838736 10225.697220 232474.926910 577.768481 139395 2.916202 305026649.025244
143 61 425406288 425406288 8599.360582 128306.499028 576.837158 124755 3.057537 314028032.803995
144 62 0 0 -nan 0.000000 2147483647.000000 0 -nan 0.000000
145 63 0 0 -nan 0.000000 2147483647.000000 0 -nan 0.000000
191 64 425290704 425290704 14159.116668 211044.351552 577.768481 110307 3.087211 172691364.777799
192 65 532954320 532954320 13570.594737 218206.717952 576.837158 153843 2.822624 153978147.536131
193 66 532838736 532838736 14358.147483 214870.993301 576.837158 139395 2.750472 155722596.713222
194 67 532954320 532954320 11046.268258 219409.693288 576.837158 153843 2.970639 274856754.964580
195 68 425290704 425290704 19398.812590 225252.246148 577.768481 110307 3.455066 161838242.581380
196 69 532954320 532954320 12347.432966 149823.236966 576.837158 153843 3.028178 190133449.410601
197 70 641094576 641094576 9966.840246 107799.153567 576.837158 170301 2.734934 236199919.689919
198 71 641210160 641210160 11809.282833 171077.296526 576.837158 184749 2.908627 194776116.449918
199 72 641094576 641094576 11435.358980 181026.623244 577.768481 170301 2.866272 208315746.216428
200 73 532954320 532954320 11260.478420 139311.144995 576.837158 153843 3.006019 202605265.756097
201 74 532838736 532838736 11830.242775 119131.262252 576.837158 139395 2.989203 203368275.854329
202 75 641210160 641210160 10976.842255 152144.177117 576.837158 184749 2.887355 173902561.451039
203 76 641094576 641094576 11598.108739 191219.937863 577.768481 170301 2.850488 174253194.750960
204 77 641210160 641210160 10560.658690 167393.167069 576.837158 184749 2.736096 191349742.983893
205 78 532838736 532838736 13541.624841 193082.981264 576.837158 139395 2.958872 163093592.911983
206 79 532954320 532954320 15053.820257 242472.409865 576.837158 153843 3.154281 229717967.661195
207 80 641094576 641094576 12990.481154 202166.863505 577.768481 170301 2.848462 177625131.332481
208 81 641210160 641210160 12103.819448 233296.793024 576.837158 184749 2.753558 160173778.878355
209 82 641094576 641094576 14334.614267 239069.927519 576.837158 170301 2.691029 147670303.321679
210 83 532954320 532954320 12230.413608 227746.817835 576.837158 153843 3.016497 281438512.837201
211 84 532838736 532838736 14037.779209 215771.958125 577.768481 139395 2.964590 156164691.710971
212 85 641210160 641210160 10662.678738 154020.491592 576.837158 184749 2.745655 212881273.499298
213 86 641094576 641094576 11529.042433 160514.431823 576.837158 170301 2.700888 226063456.383592
214 87 641210160 641210160 12637.436565 238759.221263 576.837158 184749 2.874879 161466705.795336
215 88 532838736 532838736 15426.180262 228012.905288 577.768481 139395 3.158255 161119091.205797
216 89 425406288 425406288 13293.306591 244509.098307 576.837158 124755 3.199279 145131435.430505
217 90 532838736 532838736 13414.558139 238803.469741 576.837158 139395 2.794555 164758683.348037
218 91 532954320 532954320 13832.381052 221680.618466 576.837158 153843 3.038994 164299130.230754
219 92 532939872 532939872 9380.528374 238362.254570 577.768481 152037 2.996961 307221711.820822
220 93 425391840 425391840 8636.020294 130873.276317 576.837158 122949 3.071509 313247821.934936
221 94 0 0 -nan 0.000000 2147483647.000000 0 -nan 0.000000
222 95 0 0 -nan 0.000000 2147483647.000000 0 -nan 0.000000
268 96 425391840 425391840 14094.407920 231011.084498 577.768481 122949 3.176789 155807953.604389
269 97 532939872 532939872 14036.906004 229946.018600 576.837158 152037 2.846537 146188682.926214
270 98 532939872 532939872 12985.472836 228391.436293 576.837158 152037 2.793688 150739616.207469
271 99 532939872 532939872 11178.980511 247181.115398 576.837158 152037 2.912515 234657136.467387
272 100 425391840 425391840 18600.008389 224831.900122 577.768481 122949 3.457491 168719241.501091
273 101 532939872 532939872 13291.248646 187311.109122 576.837158 152037 3.054526 209330640.539687
274 102 641195712 641195712 9882.521188 190038.147843 576.837158 182943 2.789224 235826105.336598
275 103 641195712 641195712 11773.823234 191609.858614 576.837158 182943 2.925261 211455041.450898
276 104 641195712 641195712 10905.390698 192101.380513 577.768481 182943 2.906430 194688958.788525
277 105 532939872 532939872 11456.090232 121454.459075 576.837158 152037 3.021843 189384003.941937
278 106 532939872 532939872 11189.651958 164258.916424 576.837158 152037 3.032900 198297743.510053
279 107 641195712 641195712 11561.520249 171175.979735 576.837158 182943 2.898455 191212720.143032
280 108 641195712 641195712 11447.682915 198433.929759 577.768481 182943 2.904265 168429928.208433
281 109 641195712 641195712 11064.866406 169583.711187 576.837158 182943 2.764653 200132859.214000
282 110 532939872 532939872 13220.403139 194743.053496 576.837158 152037 3.011635 168593878.726914
283 111 532939872 532939872 15623.663188 260193.956794 576.837158 152037 3.180739 226094503.847097
284 112 641195712 641195712 12523.675620 203932.680887 577.768481 182943 2.865439 157607854.407802
285 113 641195712 641195712 12392.204623 209507.237203 576.837158 182943 2.719328 153331460.708179
286 114 641195712 641195712 14039.282785 248139.114526 576.837158 182943 2.741078 148489244.620720
287 115 532939872 532939872 12688.807847 255328.713901 576.837158 152037 3.000796 288214290.437613
288 116 532939872 532939872 14104.391114 228570.748257 577.768481 152037 3.003460 148500647.593373
289 117 641195712 641195712 11002.967327 153521.148209 576.837158 182943 2.754475 212112259.893142
290 118 641195712 641195712 10743.655100 145583.338180 576.837158 182943 2.785256 208854660.346175
291 119 641195712 641195712 12877.733315 235934.378114 576.837158 182943 2.913995 179225734.185479
292 120 532939872 532939872 14759.720138 231513.850774 577.768481 152037 3.213238 176704583.246993
293 121 425391840 425391840 15482.971722 258885.766579 576.837158 122949 3.224801 150835466.380473
294 122 532939872 532939872 12990.197605 248399.837409 576.837158 152037 2.881746 147614082.270285
295 123 532939872 532939872 14355.171998 243479.080493 576.837158 152037 3.054881 153928123.511476
296 124 532939872 532939872 9381.926533 249387.127315 577.768481 152037 3.007577 299441894.774841
297 125 425391840 425391840 7916.212732 215195.289128 576.837158 122949 3.076723 310748453.246798
298 126 0 0 -nan 0.000000 2147483647.000000 0 -nan 0.000000
299 127 0 0 -nan 0.000000 2147483647.000000 0 -nan 0.000000
345 128 425391840 425391840 14820.092647 255354.279820 577.768481 122949 3.132348 156551949.465806
346 129 532939872 532939872 14465.728683 240959.752575 576.837158 152037 2.812355 140576590.451360
347 130 532939872 532939872 14114.494075 227795.764995 576.837158 152037 2.812848 151571326.637217
348 131 532939872 532939872 11726.392920 256727.506292 576.837158 152037 2.940692 247048959.914514
349 132 425391840 425391840 19110.564483 233011.230267 577.768481 122949 3.438084 154106675.850774
350 133 532939872 532939872 13782.801075 176920.803898 576.837158 152037 3.046831 203852208.029479
351 134 641195712 641195712 9981.046179 130951.713475 576.837158 182943 2.782818 232234079.814436
352 135 641195712 641195712 12294.413487 161780.463213 576.837158 182943 2.919374 214494237.401729
353 136 641195712 641195712 11567.482508 195485.223264 577.768481 182943 2.898925 197418998.015666
354 137 532939872 532939872 11805.041842 156806.887689 576.837158 152037 3.011787 188522108.587386
355 138 532939872 532939872 11710.314926 125519.601071 576.837158 152037 3.010076 188165094.211083
356 139 641195712 641195712 11926.904256 208055.339356 576.837158 182943 2.884975 182954178.105222
357 140 641195712 641195712 11656.731131 199889.523538 577.768481 182943 2.892513 178319950.289209
358 141 641195712 641195712 11354.874775 181377.223620 576.837158 182943 2.750430 189636644.398893
359 142 532939872 532939872 13657.377461 213965.155809 576.837158 152037 2.994975 176771924.706941
360 143 532939872 532939872 16329.961477 267615.626617 576.837158 152037 3.168354 206191109.476027
361 144 641195712 641195712 13195.997740 217862.602454 577.768481 182943 2.864597 157932607.307704
362 145 641195712 641195712 13388.702336 227894.140263 576.837158 182943 2.720678 162096984.247529
363 146 641195712 641195712 14883.333777 263213.006527 576.837158 182943 2.699983 124441911.559044
364 147 532939872 532939872 12027.954828 252913.987112 576.837158 152037 2.953353 283275253.076867
365 148 532939872 532939872 13914.413615 238402.633892 577.768481 152037 2.989101 160193055.564538
366 149 641195712 641195712 10941.741779 162269.192804 576.837158 182943 2.748725 202887766.188244
367 150 641195712 641195712 11188.222622 164246.736257 576.837158 182943 2.778089 220732887.169242
368 151 641195712 641195712 13596.467761 252708.200488 576.837158 182943 2.905878 169062627.257362
369 152 532939872 532939872 15272.467967 248336.243314 577.768481 152037 3.205667 151773767.995021
370 153 425391840 425391840 15480.085390 265206.414209 576.837158 122949 3.213568 148917902.872594
371 154 532939872 532939872 13151.513512 253459.048875 576.837158 152037 2.869617 147973800.539968
372 155 532939872 532939872 14514.814301 231288.387102 576.837158 152037 3.046831 156778959.298553
373 156 532939872 532939872 9570.342556 255931.577631 577.768481 152037 3.035491 303739759.855546
374 157 425391840 425391840 8218.254345 171556.814624 576.837158 122949 3.114405 312453790.262074
375 158 0 0 -nan 0.000000 2147483647.000000 0 -nan 0.000000
376 159 0 0 -nan 0.000000 2147483647.000000 0 -nan 0.000000
422 160 425391840 425391840 13956.018044 241888.175335 577.768481 122949 3.144588 148562959.661052
423 161 532939872 532939872 13672.122356 245127.576332 576.837158 152037 2.819853 154190720.743533
424 162 532939872 532939872 12814.894695 233847.856309 576.837158 152037 2.824247 143811074.637416
425 163 532939872 532939872 11500.215645 254919.516120 576.837158 152037 2.944829 255795121.020003
426 164 425391840 425391840 19028.530549 236252.637947 577.768481 122949 3.443574 154618971.204861
427 165 532939872 532939872 13254.284270 165971.550596 576.837158 152037 3.036412 201110820.116752
428 166 641195712 641195712 9793.856459 127085.801339 576.837158 182943 2.774706 228758562.417307
429 167 641195712 641195712 11808.318934 160939.941997 576.837158 182943 2.917493 201397273.715885
430 168 641195712 641195712 11628.497680 211434.635139 577.768481 182943 2.905632 211492032.700051
431 169 532939872 532939872 11881.433264 147749.769405 576.837158 152037 3.026184 191919864.474808
432 170 532939872 532939872 11806.013662 138259.709908 576.837158 152037 3.025191 182560150.603520
433 171 641195712 641195712 12076.835577 192782.333950 576.837158 182943 2.894956 181850685.685075
434 172 641195712 641195712 11588.529000 207898.962250 577.768481 182943 2.894481 175805861.800645
435 173 641195712 641195712 11158.788264 179893.216332 576.837158 182943 2.760975 181977442.986553
436 174 532939872 532939872 13531.024718 217749.039819 576.837158 152037 3.008333 164048187.514645
437 175 532939872 532939872 16004.533783 258954.921592 576.837158 152037 3.181272 196598841.231017
438 176 641195712 641195712 12815.081146 219174.039062 577.768481 182943 2.873370 159455316.312967
439 177 641195712 641195712 12691.448850 224587.850514 576.837158 182943 2.725969 165349152.830842
440 178 641195712 641195712 14371.054437 266443.016498 576.837158 182943 2.715081 128660514.396748
441 179 532939872 532939872 12494.494165 270884.317602 576.837158 152037 2.975223 284895356.561883
442 180 532939872 532939872 14186.067260 232166.131633 577.768481 152037 2.976854 157926698.347466
443 181 641195712 641195712 11124.247108 149236.286922 576.837158 182943 2.731173 209047906.312064
444 182 641195712 641195712 11103.112251 145876.393253 576.837158 182943 2.778663 199382416.208662
445 183 641195712 641195712 13497.167054 231240.866069 576.837158 182943 2.904085 176753114.914832
446 184 532939872 532939872 15355.063422 244383.332382 577.768481 152037 3.195775 175681132.406448
447 185 425391840 425391840 15602.916441 272197.973192 576.837158 122949 3.205581 142283068.921336
448 186 532939872 532939872 13371.924365 247594.091619 576.837158 152037 2.868354 142742247.444810
449 187 532939872 532939872 14733.957722 235863.521561 576.837158 152037 3.046844 159759750.255198
450 188 532939872 532939872 9864.204273 254374.341581 577.768481 152037 3.030164 300435076.092066
451 189 425391840 425391840 8662.735338 161507.621762 576.837158 122949 3.092331 307443699.798967
452 190 0 0 -nan 0.000000 2147483647.000000 0 -nan 0.000000
453 191 0 0 -nan 0.000000 2147483647.000000 0 -nan 0.000000
499 192 425391840 425391840 14269.034492 253464.571788 577.768481 122949 3.083547 143726272.599891
500 193 532939872 532939872 14452.099735 239531.070064 576.837158 152037 2.783322 153420659.023131
501 194 532939872 532939872 13413.266578 242530.654208 576.837158 152037 2.772305 152710026.546116
502 195 532939872 532939872 10909.676344 264964.450123 576.837158 152037 2.902037 245621888.038500
503 196 425391840 425391840 19193.136813 244921.462224 577.768481 122949 3.431358 159764036.045792
504 197 532939872 532939872 13349.459215 183912.924687 576.837158 152037 3.038629 200650325.280690
505 198 641195712 641195712 9926.202842 129925.389224 576.837158 182943 2.773257 230186507.038874
506 199 641195712 641195712 11902.593765 176960.136935 576.837158 182943 2.913957 205855357.650606
507 200 641195712 641195712 11887.554298 210299.291166 577.768481 182943 2.896788 194183123.168797
508 201 532939872 532939872 12083.603954 158153.177298 576.837158 152037 3.009432 190025771.960943
509 202 532939872 532939872 12151.580568 172210.411984 576.837158 152037 3.005716 192227640.547430
510 203 641195712 641195712 12479.626782 206711.427097 576.837158 182943 2.888036 185132325.714646
511 204 641195712 641195712 11889.621798 208513.522565 577.768481 182943 2.889971 175030193.753765
512 205 641195712 641195712 11522.113455 179705.938123 576.837158 182943 2.753355 179960778.902799
513 206 532939872 532939872 13880.553276 217540.378594 576.837158 152037 2.992265 166193133.198781
514 207 532939872 532939872 16041.218072 268228.717973 576.837158 152037 3.160500 178828806.821167
515 208 641195712 641195712 12862.977520 230887.581168 577.768481 182943 2.858442 159005120.803546
516 209 641195712 641195712 12712.180498 232812.322037 576.837158 182943 2.714649 155627980.618330
517 210 641195712 641195712 14397.908712 267230.332617 576.837158 182943 2.699989 129296215.863315
518 211 532939872 532939872 12845.709743 275434.890961 576.837158 152037 2.959589 281654437.903796
519 212 532939872 532939872 14328.360167 235360.498510 577.768481 152037 2.962963 153551099.724642
520 213 641195712 641195712 11457.715469 156032.295241 576.837158 182943 2.726472 203173071.573928
521 214 641195712 641195712 11410.583710 159277.426947 576.837158 182943 2.715201 198410515.438455
522 215 641195712 641195712 13519.071538 249167.985737 576.837158 182943 2.841136 168854425.310442
523 216 532939872 532939872 14805.337730 264183.311898 577.768481 152037 3.204200 149136440.753395
524 217 425391840 425391840 15549.479467 264919.470292 576.837158 122949 3.207745 145949230.505384
525 218 532939872 532939872 13337.644131 263950.535545 576.837158 152037 2.897584 156671952.179127
526 219 532939872 532939872 14718.746025 245324.268561 576.837158 152037 3.079671 170269809.001870
527 220 532939872 532939872 9640.776404 248838.868738 577.768481 152037 3.050659 298978729.494881
528 221 425391840 425391840 8442.119881 255006.227226 576.837158 122949 3.116414 307887893.605200
529 222 0 0 -nan 0.000000 2147483647.000000 0 -nan 0.000000
530 223 0 0 -nan 0.000000 2147483647.000000 0 -nan 0.000000
576 224 425391840 425391840 13841.305009 245888.622200 577.768481 122949 3.120741 148381861.208011
577 225 532939872 532939872 13942.816808 234965.216567 576.837158 152037 2.811579 166596161.365266
578 226 532939872 532939872 12825.561090 224870.381736 576.837158 152037 2.788492 150929104.638868
579 227 532939872 532939872 11474.918528 239938.010954 576.837158 152037 2.892026 262010423.439466
580 228 425391840 425391840 18842.067095 224220.402352 577.768481 122949 3.449032 149435631.435281
581 229 532939872 532939872 13621.068813 191882.098472 576.837158 152037 3.046173 206175661.525997
582 230 641195712 641195712 9918.534163 132390.664554 576.837158 182943 2.784922 234202370.690292
583 231 641195712 641195712 11671.063179 163405.150324 576.837158 182943 2.919997 208038415.358764
584 232 641195712 641195712 12011.183034 197356.240528 577.768481 182943 2.880608 197114006.109605
585 233 532939872 532939872 11808.567684 149933.348376 576.837158 152037 2.990654 195516747.560040
586 234 532939872 532939872 11548.038759 168781.770195 576.837158 152037 3.025198 175605672.553548
587 235 641195712 641195712 11969.765625 225778.590800 576.837158 182943 2.897668 183192295.939891
588 236 641195712 641195712 11590.024479 190759.652349 577.768481 182943 2.899029 175817554.793705
589 237 641195712 641195712 11009.266556 175751.616409 576.837158 182943 2.760608 176199130.129223
590 238 532939872 532939872 13284.153738 195725.917023 576.837158 152037 3.006327 169186996.748884
591 239 532939872 532939872 15765.989967 254418.605137 576.837158 152037 3.185073 195030869.639223
592 240 641195712 641195712 12583.426886 218709.845245 577.768481 182943 2.876880 164358645.792540
593 241 641195712 641195712 12631.661351 220047.582467 576.837158 182943 2.727576 170055826.985565
594 242 641195712 641195712 13617.498847 252485.343786 576.837158 182943 2.728090 110815901.738568
595 243 532939872 532939872 12468.193556 246943.148664 576.837158 152037 2.975309 276515886.441781
596 244 532939872 532939872 14055.068115 226559.287722 577.768481 152037 2.988845 156688775.067785
597 245 641195712 641195712 10963.651848 149212.658214 576.837158 182943 2.745325 203300327.770801
598 246 641195712 641195712 11024.416915 167325.583921 576.837158 182943 2.742089 198709443.770737
599 247 641195712 641195712 13242.851668 242066.208239 576.837158 182943 2.870446 185087855.940774
600 248 532939872 532939872 14809.457568 315647.450791 577.768481 152037 3.168170 175449354.094864
601 249 425391840 425391840 14527.488477 251263.075038 576.837158 122949 3.162482 150456563.436650
602 250 532939872 532939872 13415.467099 310279.275950 576.837158 152037 2.919631 155408008.604428
603 251 532939872 532939872 14488.868235 306614.227517 576.837158 152037 3.095174 164000055.458654
604 252 532939872 532939872 9570.131241 229205.554176 577.768481 152037 3.039892 301309895.455968
605 253 425391840 425391840 8433.117018 202254.164532 576.837158 122949 3.105556 308017631.429344
606 254 0 0 -nan 0.000000 2147483647.000000 0 -nan 0.000000
607 255 0 0 -nan 0.000000 2147483647.000000 0 -nan 0.000000
653 256 425391840 425391840 14877.172312 232494.277336 577.768481 122949 3.085710 143288571.391955
654 257 532939872 532939872 17044.916580 228365.797341 576.837158 152037 2.775903 150840492.473403
655 258 532939872 532939872 15741.476399 235931.635277 576.837158 152037 2.768773 173780953.748583
656 259 532939872 532939872 10103.431048 249199.915759 576.837158 152037 2.889514 184567448.095590
657 260 425391840 425391840 22342.852633 232772.147869 577.768481 122949 3.426665 149598544.393044
658 261 532939872 532939872 14765.782433 196794.078115 576.837158 152037 3.037886 199430606.484421
659 262 641195712 641195712 10821.086551 136644.294353 576.837158 182943 2.776581 237294136.058451
660 263 641195712 641195712 13053.904713 204414.351945 576.837158 182943 2.911858 205271978.007467
661 264 641195712 641195712 13310.395115 194089.731144 577.768481 182943 2.874775 174956565.664409
662 265 532939872 532939872 12669.634426 182011.153135 576.837158 152037 2.981669 190880303.305288
663 266 532939872 532939872 12944.517222 166459.417860 576.837158 152037 2.983951 195081027.021081
664 267 641195712 641195712 13302.262377 214982.650753 576.837158 182943 2.866751 183408220.694926
665 268 641195712 641195712 13429.047159 194350.762696 577.768481 182943 2.888206 171333926.300830
666 269 641195712 641195712 12356.655518 179812.616727 576.837158 182943 2.743275 179840723.363849
667 270 532939872 532939872 15111.591029 198204.916149 576.837158 152037 2.998849 165391365.819495
668 271 532939872 532939872 16164.140330 246025.181391 576.837158 152037 3.183383 200249347.995825
669 272 641195712 641195712 15156.975953 204191.080381 577.768481 182943 2.867604 161720166.073980
670 273 641195712 641195712 15035.929948 210412.518608 576.837158 182943 2.722056 157307349.172577
671 274 641195712 641195712 14689.087894 236775.002118 576.837158 182943 2.716748 142083980.790800
672 275 532939872 532939872 12506.837804 246190.120757 576.837158 152037 2.980715 283539176.029004
673 276 532939872 532939872 16830.615123 232596.794245 577.768481 152037 2.969757 160423102.009515
674 277 641195712 641195712 12006.663736 134909.818390 576.837158 182943 2.730359 209937099.872070
675 278 641195712 641195712 12114.491933 143979.472975 576.837158 182943 2.727363 203904245.094894
676 279 641195712 641195712 15198.106545 244143.219999 576.837158 182943 2.859902 179283801.790153
677 280 532939872 532939872 16711.985590 230863.650321 577.768481 152037 3.164388 166289140.223909
678 281 425391840 425391840 14177.376267 246008.167751 576.837158 122949 3.163938 132466169.932449
679 282 532939872 532939872 15025.324197 288439.543115 576.837158 152037 2.830068 148165419.087465
680 283 532939872 532939872 17080.809640 227607.397011 576.837158 152037 3.009511 178944162.396089
681 284 532939872 532939872 9906.503165 236921.783745 577.768481 152037 3.091412 290138232.938406
682 285 425391840 425391840 9118.950649 148251.874414 576.837158 122949 3.168281 280257083.951552
683 286 0 0 -nan 0.000000 2147483647.000000 0 -nan 0.000000
684 287 0 0 -nan 0.000000 2147483647.000000 0 -nan 0.000000
730 288 318546768 318546768 8034.319331 206874.935683 577.768481 95073 2.556520 155530323.477641
731 289 425391840 425391840 8651.809336 197997.788564 576.837158 122949 2.268534 142731688.981177
732 290 425391840 425391840 8021.554212 206065.552008 576.837158 122949 2.264264 134869967.091512
733 291 425391840 425391840 7174.781650 210226.843329 576.837158 122949 2.450854 301740664.794379
734 292 318546768 318546768 15806.637995 205043.758268 577.768481 95073 2.983381 153121239.087613
735 293 425391840 425391840 12183.192029 177100.486204 576.837158 122949 2.565828 165651182.560981
736 294 532939872 532939872 8594.816154 113572.594473 576.837158 152037 2.341660 183543313.533288
737 295 532939872 532939872 10195.492553 163853.216637 576.837158 152037 2.522794 199790906.018116
738 296 532939872 532939872 10101.199049 174834.834644 577.768481 152037 2.491301 144180441.678371
739 297 425391840 425391840 10370.069282 150764.615998 576.837158 122949 2.554092 186129495.745351
740 298 425391840 425391840 9947.569473 131048.745802 576.837158 122949 2.554848 174897403.947209
741 299 532939872 532939872 9933.309783 176760.533302 576.837158 152037 2.484389 173836491.895861
742 300 532939872 532939872 9342.490497 171194.105254 577.768481 152037 2.482554 139738189.565843
743 301 532939872 532939872 9005.555568 165251.861308 576.837158 152037 2.300657 184580227.896606
744 302 425391840 425391840 10825.318549 181856.947313 576.837158 122949 2.588138 157283202.348999
745 303 425391840 425391840 11927.725817 167213.141510 576.837158 122949 2.818722 224366475.123894
746 304 532939872 532939872 10644.236857 178624.159845 577.768481 152037 2.487881 145565225.952962
747 305 532939872 532939872 9948.033246 186929.609024 576.837158 152037 2.316561 150847167.085594
748 306 532939872 532939872 10455.844977 210940.805408 576.837158 152037 2.326868 151731281.965392
749 307 425391840 425391840 10357.390389 203132.187516 576.837158 122949 2.550293 287527799.015842
750 308 425391840 425391840 10666.984031 195921.141068 577.768481 122949 2.569212 152708189.742179
751 309 532939872 532939872 9860.113323 107356.779676 576.837158 152037 2.311648 199980845.013289
752 310 532939872 532939872 9593.868475 111188.722570 576.837158 152037 2.311964 182531352.365376
753 311 532939872 532939872 10012.338552 209816.011752 576.837158 152037 2.496386 175167896.061665
754 312 425391840 425391840 11435.219823 205137.367082 577.768481 122949 2.795899 189502615.029502
755 313 318546768 318546768 10070.768374 200753.175836 576.837158 95073 2.715860 185160670.783493
756 314 425391840 425391840 8898.800944 278321.687699 576.837158 122949 2.373757 154497669.424138
757 315 425391840 425391840 11590.639818 201443.953124 576.837158 122949 2.587512 170031266.626472
758 316 425391840 425391840 7658.761521 171359.984804 577.768481 122949 2.538980 309993626.724949
759 317 318546768 318546768 6436.789792 129886.662672 576.837158 95073 2.604535 307658248.409417
760 318 0 0 -nan 0.000000 2147483647.000000 0 -nan 0.000000
761 319 0 0 -nan 0.000000 2147483647.000000 0 -nan 0.000000
807 320 0 0 -nan 0.000000 2147483647.000000 0 -nan 0.000000
808 321 0 0 -nan 0.000000 2147483647.000000 0 -nan 0.000000
809 322 0 0 -nan 0.000000 2147483647.000000 0 -nan 0.000000
810 323 0 0 -nan 0.000000 2147483647.000000 0 -nan 0.000000
811 324 0 0 -nan 0.000000 2147483647.000000 0 -nan 0.000000
812 325 0 0 -nan 0.000000 2147483647.000000 0 -nan 0.000000
813 326 0 0 -nan 0.000000 2147483647.000000 0 -nan 0.000000
814 327 0 0 -nan 0.000000 2147483647.000000 0 -nan 0.000000
815 328 0 0 -nan 0.000000 2147483647.000000 0 -nan 0.000000
816 329 0 0 -nan 0.000000 2147483647.000000 0 -nan 0.000000
817 330 0 0 -nan 0.000000 2147483647.000000 0 -nan 0.000000
818 331 0 0 -nan 0.000000 2147483647.000000 0 -nan 0.000000
819 332 0 0 -nan 0.000000 2147483647.000000 0 -nan 0.000000
820 333 0 0 -nan 0.000000 2147483647.000000 0 -nan 0.000000
821 334 0 0 -nan 0.000000 2147483647.000000 0 -nan 0.000000
822 335 0 0 -nan 0.000000 2147483647.000000 0 -nan 0.000000
823 336 0 0 -nan 0.000000 2147483647.000000 0 -nan 0.000000
824 337 0 0 -nan 0.000000 2147483647.000000 0 -nan 0.000000
825 338 0 0 -nan 0.000000 2147483647.000000 0 -nan 0.000000
826 339 0 0 -nan 0.000000 2147483647.000000 0 -nan 0.000000
827 340 0 0 -nan 0.000000 2147483647.000000 0 -nan 0.000000
828 341 0 0 -nan 0.000000 2147483647.000000 0 -nan 0.000000
829 342 0 0 -nan 0.000000 2147483647.000000 0 -nan 0.000000
830 343 0 0 -nan 0.000000 2147483647.000000 0 -nan 0.000000
831 344 0 0 -nan 0.000000 2147483647.000000 0 -nan 0.000000
832 345 0 0 -nan 0.000000 2147483647.000000 0 -nan 0.000000
833 346 0 0 -nan 0.000000 2147483647.000000 0 -nan 0.000000
834 347 0 0 -nan 0.000000 2147483647.000000 0 -nan 0.000000
835 348 0 0 -nan 0.000000 2147483647.000000 0 -nan 0.000000
836 349 0 0 -nan 0.000000 2147483647.000000 0 -nan 0.000000
837 350 0 0 -nan 0.000000 2147483647.000000 0 -nan 0.000000
838 351 0 0 -nan 0.000000 2147483647.000000 0 -nan 0.000000
884 352 0 0 -nan 0.000000 2147483647.000000 0 -nan 0.000000
885 353 0 0 -nan 0.000000 2147483647.000000 0 -nan 0.000000
886 354 0 0 -nan 0.000000 2147483647.000000 0 -nan 0.000000
887 355 0 0 -nan 0.000000 2147483647.000000 0 -nan 0.000000
888 356 0 0 -nan 0.000000 2147483647.000000 0 -nan 0.000000
889 357 0 0 -nan 0.000000 2147483647.000000 0 -nan 0.000000
890 358 0 0 -nan 0.000000 2147483647.000000 0 -nan 0.000000
891 359 0 0 -nan 0.000000 2147483647.000000 0 -nan 0.000000
892 360 0 0 -nan 0.000000 2147483647.000000 0 -nan 0.000000
893 361 0 0 -nan 0.000000 2147483647.000000 0 -nan 0.000000
894 362 0 0 -nan 0.000000 2147483647.000000 0 -nan 0.000000
895 363 0 0 -nan 0.000000 2147483647.000000 0 -nan 0.000000
896 364 0 0 -nan 0.000000 2147483647.000000 0 -nan 0.000000
897 365 0 0 -nan 0.000000 2147483647.000000 0 -nan 0.000000
898 366 0 0 -nan 0.000000 2147483647.000000 0 -nan 0.000000
899 367 0 0 -nan 0.000000 2147483647.000000 0 -nan 0.000000
900 368 0 0 -nan 0.000000 2147483647.000000 0 -nan 0.000000
901 369 0 0 -nan 0.000000 2147483647.000000 0 -nan 0.000000
902 370 0 0 -nan 0.000000 2147483647.000000 0 -nan 0.000000
903 371 0 0 -nan 0.000000 2147483647.000000 0 -nan 0.000000
904 372 0 0 -nan 0.000000 2147483647.000000 0 -nan 0.000000
905 373 0 0 -nan 0.000000 2147483647.000000 0 -nan 0.000000
906 374 0 0 -nan 0.000000 2147483647.000000 0 -nan 0.000000
907 375 0 0 -nan 0.000000 2147483647.000000 0 -nan 0.000000
908 376 0 0 -nan 0.000000 2147483647.000000 0 -nan 0.000000
909 377 0 0 -nan 0.000000 2147483647.000000 0 -nan 0.000000
910 378 0 0 -nan 0.000000 2147483647.000000 0 -nan 0.000000
911 379 0 0 -nan 0.000000 2147483647.000000 0 -nan 0.000000
912 380 0 0 -nan 0.000000 2147483647.000000 0 -nan 0.000000
913 381 0 0 -nan 0.000000 2147483647.000000 0 -nan 0.000000
914 382 0 0 -nan 0.000000 2147483647.000000 0 -nan 0.000000
915 383 0 0 -nan 0.000000 2147483647.000000 0 -nan 0.000000
961 384 0 0 -nan 0.000000 2147483647.000000 0 -nan 0.000000
962 385 0 0 -nan 0.000000 2147483647.000000 0 -nan 0.000000
963 386 0 0 -nan 0.000000 2147483647.000000 0 -nan 0.000000
964 387 0 0 -nan 0.000000 2147483647.000000 0 -nan 0.000000
965 388 0 0 -nan 0.000000 2147483647.000000 0 -nan 0.000000
966 389 0 0 -nan 0.000000 2147483647.000000 0 -nan 0.000000
967 390 0 0 -nan 0.000000 2147483647.000000 0 -nan 0.000000
968 391 0 0 -nan 0.000000 2147483647.000000 0 -nan 0.000000
969 392 0 0 -nan 0.000000 2147483647.000000 0 -nan 0.000000
970 393 0 0 -nan 0.000000 2147483647.000000 0 -nan 0.000000
971 394 0 0 -nan 0.000000 2147483647.000000 0 -nan 0.000000
972 395 0 0 -nan 0.000000 2147483647.000000 0 -nan 0.000000
973 396 0 0 -nan 0.000000 2147483647.000000 0 -nan 0.000000
974 397 0 0 -nan 0.000000 2147483647.000000 0 -nan 0.000000
975 398 0 0 -nan 0.000000 2147483647.000000 0 -nan 0.000000
976 399 0 0 -nan 0.000000 2147483647.000000 0 -nan 0.000000
977 400 0 0 -nan 0.000000 2147483647.000000 0 -nan 0.000000
978 401 0 0 -nan 0.000000 2147483647.000000 0 -nan 0.000000
979 402 0 0 -nan 0.000000 2147483647.000000 0 -nan 0.000000
980 403 0 0 -nan 0.000000 2147483647.000000 0 -nan 0.000000
981 404 0 0 -nan 0.000000 2147483647.000000 0 -nan 0.000000
982 405 0 0 -nan 0.000000 2147483647.000000 0 -nan 0.000000
983 406 0 0 -nan 0.000000 2147483647.000000 0 -nan 0.000000
984 407 0 0 -nan 0.000000 2147483647.000000 0 -nan 0.000000
985 408 0 0 -nan 0.000000 2147483647.000000 0 -nan 0.000000
986 409 0 0 -nan 0.000000 2147483647.000000 0 -nan 0.000000
987 410 0 0 -nan 0.000000 2147483647.000000 0 -nan 0.000000
988 411 0 0 -nan 0.000000 2147483647.000000 0 -nan 0.000000
989 412 0 0 -nan 0.000000 2147483647.000000 0 -nan 0.000000
990 413 0 0 -nan 0.000000 2147483647.000000 0 -nan 0.000000
991 414 0 0 -nan 0.000000 2147483647.000000 0 -nan 0.000000
992 415 0 0 -nan 0.000000 2147483647.000000 0 -nan 0.000000
1038 416 0 0 -nan 0.000000 2147483647.000000 0 -nan 0.000000
1039 417 0 0 -nan 0.000000 2147483647.000000 0 -nan 0.000000
1040 418 0 0 -nan 0.000000 2147483647.000000 0 -nan 0.000000
1041 419 0 0 -nan 0.000000 2147483647.000000 0 -nan 0.000000
1042 420 0 0 -nan 0.000000 2147483647.000000 0 -nan 0.000000
1043 421 0 0 -nan 0.000000 2147483647.000000 0 -nan 0.000000
1044 422 0 0 -nan 0.000000 2147483647.000000 0 -nan 0.000000
1045 423 0 0 -nan 0.000000 2147483647.000000 0 -nan 0.000000
1046 424 0 0 -nan 0.000000 2147483647.000000 0 -nan 0.000000
1047 425 0 0 -nan 0.000000 2147483647.000000 0 -nan 0.000000
1048 426 0 0 -nan 0.000000 2147483647.000000 0 -nan 0.000000
1049 427 0 0 -nan 0.000000 2147483647.000000 0 -nan 0.000000
1050 428 0 0 -nan 0.000000 2147483647.000000 0 -nan 0.000000
1051 429 0 0 -nan 0.000000 2147483647.000000 0 -nan 0.000000
1052 430 0 0 -nan 0.000000 2147483647.000000 0 -nan 0.000000
1053 431 0 0 -nan 0.000000 2147483647.000000 0 -nan 0.000000
1054 432 0 0 -nan 0.000000 2147483647.000000 0 -nan 0.000000
1055 433 0 0 -nan 0.000000 2147483647.000000 0 -nan 0.000000
1056 434 0 0 -nan 0.000000 2147483647.000000 0 -nan 0.000000
1057 435 0 0 -nan 0.000000 2147483647.000000 0 -nan 0.000000
1058 436 0 0 -nan 0.000000 2147483647.000000 0 -nan 0.000000
1059 437 0 0 -nan 0.000000 2147483647.000000 0 -nan 0.000000
1060 438 0 0 -nan 0.000000 2147483647.000000 0 -nan 0.000000
1061 439 0 0 -nan 0.000000 2147483647.000000 0 -nan 0.000000
1062 440 0 0 -nan 0.000000 2147483647.000000 0 -nan 0.000000
1063 441 0 0 -nan 0.000000 2147483647.000000 0 -nan 0.000000
1064 442 0 0 -nan 0.000000 2147483647.000000 0 -nan 0.000000
1065 443 0 0 -nan 0.000000 2147483647.000000 0 -nan 0.000000
1066 444 0 0 -nan 0.000000 2147483647.000000 0 -nan 0.000000
1067 445 0 0 -nan 0.000000 2147483647.000000 0 -nan 0.000000
1068 446 0 0 -nan 0.000000 2147483647.000000 0 -nan 0.000000
1069 447 0 0 -nan 0.000000 2147483647.000000 0 -nan 0.000000
1115 448 0 0 -nan 0.000000 2147483647.000000 0 -nan 0.000000
1116 449 0 0 -nan 0.000000 2147483647.000000 0 -nan 0.000000
1117 450 0 0 -nan 0.000000 2147483647.000000 0 -nan 0.000000
1118 451 0 0 -nan 0.000000 2147483647.000000 0 -nan 0.000000
1119 452 0 0 -nan 0.000000 2147483647.000000 0 -nan 0.000000
1120 453 0 0 -nan 0.000000 2147483647.000000 0 -nan 0.000000
1121 454 0 0 -nan 0.000000 2147483647.000000 0 -nan 0.000000
1122 455 0 0 -nan 0.000000 2147483647.000000 0 -nan 0.000000
1123 456 0 0 -nan 0.000000 2147483647.000000 0 -nan 0.000000
1124 457 0 0 -nan 0.000000 2147483647.000000 0 -nan 0.000000
1125 458 0 0 -nan 0.000000 2147483647.000000 0 -nan 0.000000
1126 459 0 0 -nan 0.000000 2147483647.000000 0 -nan 0.000000
1127 460 0 0 -nan 0.000000 2147483647.000000 0 -nan 0.000000
1128 461 0 0 -nan 0.000000 2147483647.000000 0 -nan 0.000000
1129 462 0 0 -nan 0.000000 2147483647.000000 0 -nan 0.000000
1130 463 0 0 -nan 0.000000 2147483647.000000 0 -nan 0.000000
1131 464 0 0 -nan 0.000000 2147483647.000000 0 -nan 0.000000
1132 465 0 0 -nan 0.000000 2147483647.000000 0 -nan 0.000000
1133 466 0 0 -nan 0.000000 2147483647.000000 0 -nan 0.000000
1134 467 0 0 -nan 0.000000 2147483647.000000 0 -nan 0.000000
1135 468 0 0 -nan 0.000000 2147483647.000000 0 -nan 0.000000
1136 469 0 0 -nan 0.000000 2147483647.000000 0 -nan 0.000000
1137 470 0 0 -nan 0.000000 2147483647.000000 0 -nan 0.000000
1138 471 0 0 -nan 0.000000 2147483647.000000 0 -nan 0.000000
1139 472 0 0 -nan 0.000000 2147483647.000000 0 -nan 0.000000
1140 473 0 0 -nan 0.000000 2147483647.000000 0 -nan 0.000000
1141 474 0 0 -nan 0.000000 2147483647.000000 0 -nan 0.000000
1142 475 0 0 -nan 0.000000 2147483647.000000 0 -nan 0.000000
1143 476 0 0 -nan 0.000000 2147483647.000000 0 -nan 0.000000
1144 477 0 0 -nan 0.000000 2147483647.000000 0 -nan 0.000000
1145 478 0 0 -nan 0.000000 2147483647.000000 0 -nan 0.000000
1146 479 0 0 -nan 0.000000 2147483647.000000 0 -nan 0.000000
1192 480 0 0 -nan 0.000000 2147483647.000000 0 -nan 0.000000
1193 481 0 0 -nan 0.000000 2147483647.000000 0 -nan 0.000000
1194 482 0 0 -nan 0.000000 2147483647.000000 0 -nan 0.000000
1195 483 0 0 -nan 0.000000 2147483647.000000 0 -nan 0.000000
1196 484 0 0 -nan 0.000000 2147483647.000000 0 -nan 0.000000
1197 485 0 0 -nan 0.000000 2147483647.000000 0 -nan 0.000000
1198 486 0 0 -nan 0.000000 2147483647.000000 0 -nan 0.000000
1199 487 0 0 -nan 0.000000 2147483647.000000 0 -nan 0.000000
1200 488 0 0 -nan 0.000000 2147483647.000000 0 -nan 0.000000
1201 489 0 0 -nan 0.000000 2147483647.000000 0 -nan 0.000000
1202 490 0 0 -nan 0.000000 2147483647.000000 0 -nan 0.000000
1203 491 0 0 -nan 0.000000 2147483647.000000 0 -nan 0.000000
1204 492 0 0 -nan 0.000000 2147483647.000000 0 -nan 0.000000
1205 493 0 0 -nan 0.000000 2147483647.000000 0 -nan 0.000000
1206 494 0 0 -nan 0.000000 2147483647.000000 0 -nan 0.000000
1207 495 0 0 -nan 0.000000 2147483647.000000 0 -nan 0.000000
1208 496 0 0 -nan 0.000000 2147483647.000000 0 -nan 0.000000
1209 497 0 0 -nan 0.000000 2147483647.000000 0 -nan 0.000000
1210 498 0 0 -nan 0.000000 2147483647.000000 0 -nan 0.000000
1211 499 0 0 -nan 0.000000 2147483647.000000 0 -nan 0.000000
1212 500 0 0 -nan 0.000000 2147483647.000000 0 -nan 0.000000
1213 501 0 0 -nan 0.000000 2147483647.000000 0 -nan 0.000000
1214 502 0 0 -nan 0.000000 2147483647.000000 0 -nan 0.000000
1215 503 0 0 -nan 0.000000 2147483647.000000 0 -nan 0.000000
1216 504 0 0 -nan 0.000000 2147483647.000000 0 -nan 0.000000
1217 505 0 0 -nan 0.000000 2147483647.000000 0 -nan 0.000000
1218 506 0 0 -nan 0.000000 2147483647.000000 0 -nan 0.000000
1219 507 0 0 -nan 0.000000 2147483647.000000 0 -nan 0.000000
1220 508 0 0 -nan 0.000000 2147483647.000000 0 -nan 0.000000
1221 509 0 0 -nan 0.000000 2147483647.000000 0 -nan 0.000000
1222 510 0 0 -nan 0.000000 2147483647.000000 0 -nan 0.000000
1223 511 0 0 -nan 0.000000 2147483647.000000 0 -nan 0.000000
1269 512 0 0 -nan 0.000000 2147483647.000000 0 -nan 0.000000
1270 513 0 0 -nan 0.000000 2147483647.000000 0 -nan 0.000000
1271 514 0 0 -nan 0.000000 2147483647.000000 0 -nan 0.000000
1272 515 0 0 -nan 0.000000 2147483647.000000 0 -nan 0.000000
1273 516 0 0 -nan 0.000000 2147483647.000000 0 -nan 0.000000
1274 517 0 0 -nan 0.000000 2147483647.000000 0 -nan 0.000000
1275 518 0 0 -nan 0.000000 2147483647.000000 0 -nan 0.000000
1276 519 0 0 -nan 0.000000 2147483647.000000 0 -nan 0.000000
1277 520 0 0 -nan 0.000000 2147483647.000000 0 -nan 0.000000
1278 521 0 0 -nan 0.000000 2147483647.000000 0 -nan 0.000000
1279 522 0 0 -nan 0.000000 2147483647.000000 0 -nan 0.000000
1280 523 0 0 -nan 0.000000 2147483647.000000 0 -nan 0.000000
1281 524 0 0 -nan 0.000000 2147483647.000000 0 -nan 0.000000
1282 525 0 0 -nan 0.000000 2147483647.000000 0 -nan 0.000000
1283 526 0 0 -nan 0.000000 2147483647.000000 0 -nan 0.000000
1284 527 0 0 -nan 0.000000 2147483647.000000 0 -nan 0.000000
1285 528 0 0 -nan 0.000000 2147483647.000000 0 -nan 0.000000
1286 529 0 0 -nan 0.000000 2147483647.000000 0 -nan 0.000000
1287 530 0 0 -nan 0.000000 2147483647.000000 0 -nan 0.000000
1288 531 0 0 -nan 0.000000 2147483647.000000 0 -nan 0.000000
1289 532 0 0 -nan 0.000000 2147483647.000000 0 -nan 0.000000
1290 533 0 0 -nan 0.000000 2147483647.000000 0 -nan 0.000000
1291 534 0 0 -nan 0.000000 2147483647.000000 0 -nan 0.000000
1292 535 0 0 -nan 0.000000 2147483647.000000 0 -nan 0.000000
1293 536 0 0 -nan 0.000000 2147483647.000000 0 -nan 0.000000
1294 537 0 0 -nan 0.000000 2147483647.000000 0 -nan 0.000000
1295 538 0 0 -nan 0.000000 2147483647.000000 0 -nan 0.000000
1296 539 0 0 -nan 0.000000 2147483647.000000 0 -nan 0.000000
1297 540 0 0 -nan 0.000000 2147483647.000000 0 -nan 0.000000
1298 541 0 0 -nan 0.000000 2147483647.000000 0 -nan 0.000000
1299 542 0 0 -nan 0.000000 2147483647.000000 0 -nan 0.000000
1300 543 0 0 -nan 0.000000 2147483647.000000 0 -nan 0.000000
1346 544 0 0 -nan 0.000000 2147483647.000000 0 -nan 0.000000
1347 545 0 0 -nan 0.000000 2147483647.000000 0 -nan 0.000000
1348 546 0 0 -nan 0.000000 2147483647.000000 0 -nan 0.000000
1349 547 0 0 -nan 0.000000 2147483647.000000 0 -nan 0.000000
1350 548 0 0 -nan 0.000000 2147483647.000000 0 -nan 0.000000
1351 549 0 0 -nan 0.000000 2147483647.000000 0 -nan 0.000000
1352 550 0 0 -nan 0.000000 2147483647.000000 0 -nan 0.000000
1353 551 0 0 -nan 0.000000 2147483647.000000 0 -nan 0.000000
1354 552 0 0 -nan 0.000000 2147483647.000000 0 -nan 0.000000
1355 553 0 0 -nan 0.000000 2147483647.000000 0 -nan 0.000000
1356 554 0 0 -nan 0.000000 2147483647.000000 0 -nan 0.000000
1357 555 0 0 -nan 0.000000 2147483647.000000 0 -nan 0.000000
1358 556 0 0 -nan 0.000000 2147483647.000000 0 -nan 0.000000
1359 557 0 0 -nan 0.000000 2147483647.000000 0 -nan 0.000000
1360 558 0 0 -nan 0.000000 2147483647.000000 0 -nan 0.000000
1361 559 0 0 -nan 0.000000 2147483647.000000 0 -nan 0.000000
1362 560 0 0 -nan 0.000000 2147483647.000000 0 -nan 0.000000
1363 561 0 0 -nan 0.000000 2147483647.000000 0 -nan 0.000000
1364 562 0 0 -nan 0.000000 2147483647.000000 0 -nan 0.000000
1365 563 0 0 -nan 0.000000 2147483647.000000 0 -nan 0.000000
1366 564 0 0 -nan 0.000000 2147483647.000000 0 -nan 0.000000
1367 565 0 0 -nan 0.000000 2147483647.000000 0 -nan 0.000000
1368 566 0 0 -nan 0.000000 2147483647.000000 0 -nan 0.000000
1369 567 0 0 -nan 0.000000 2147483647.000000 0 -nan 0.000000
1370 568 0 0 -nan 0.000000 2147483647.000000 0 -nan 0.000000
1371 569 0 0 -nan 0.000000 2147483647.000000 0 -nan 0.000000
1372 570 0 0 -nan 0.000000 2147483647.000000 0 -nan 0.000000
1373 571 0 0 -nan 0.000000 2147483647.000000 0 -nan 0.000000
1374 572 0 0 -nan 0.000000 2147483647.000000 0 -nan 0.000000
1375 573 0 0 -nan 0.000000 2147483647.000000 0 -nan 0.000000
1376 574 0 0 -nan 0.000000 2147483647.000000 0 -nan 0.000000
1377 575 0 0 -nan 0.000000 2147483647.000000 0 -nan 0.000000
1423 576 0 0 -nan 0.000000 2147483647.000000 0 -nan 0.000000
1424 577 0 0 -nan 0.000000 2147483647.000000 0 -nan 0.000000
1425 578 0 0 -nan 0.000000 2147483647.000000 0 -nan 0.000000
1426 579 0 0 -nan 0.000000 2147483647.000000 0 -nan 0.000000
1427 580 0 0 -nan 0.000000 2147483647.000000 0 -nan 0.000000
1428 581 0 0 -nan 0.000000 2147483647.000000 0 -nan 0.000000
1429 582 0 0 -nan 0.000000 2147483647.000000 0 -nan 0.000000
1430 583 0 0 -nan 0.000000 2147483647.000000 0 -nan 0.000000
1431 584 0 0 -nan 0.000000 2147483647.000000 0 -nan 0.000000
1432 585 0 0 -nan 0.000000 2147483647.000000 0 -nan 0.000000
1433 586 0 0 -nan 0.000000 2147483647.000000 0 -nan 0.000000
1434 587 0 0 -nan 0.000000 2147483647.000000 0 -nan 0.000000
1435 588 0 0 -nan 0.000000 2147483647.000000 0 -nan 0.000000
1436 589 0 0 -nan 0.000000 2147483647.000000 0 -nan 0.000000
1437 590 0 0 -nan 0.000000 2147483647.000000 0 -nan 0.000000
1438 591 0 0 -nan 0.000000 2147483647.000000 0 -nan 0.000000
1439 592 0 0 -nan 0.000000 2147483647.000000 0 -nan 0.000000
1440 593 0 0 -nan 0.000000 2147483647.000000 0 -nan 0.000000
1441 594 0 0 -nan 0.000000 2147483647.000000 0 -nan 0.000000
1442 595 0 0 -nan 0.000000 2147483647.000000 0 -nan 0.000000
1443 596 0 0 -nan 0.000000 2147483647.000000 0 -nan 0.000000
1444 597 0 0 -nan 0.000000 2147483647.000000 0 -nan 0.000000
1445 598 0 0 -nan 0.000000 2147483647.000000 0 -nan 0.000000
1446 599 0 0 -nan 0.000000 2147483647.000000 0 -nan 0.000000
1447 600 0 0 -nan 0.000000 2147483647.000000 0 -nan 0.000000
1448 601 0 0 -nan 0.000000 2147483647.000000 0 -nan 0.000000
1449 602 0 0 -nan 0.000000 2147483647.000000 0 -nan 0.000000
1450 603 0 0 -nan 0.000000 2147483647.000000 0 -nan 0.000000
1451 604 0 0 -nan 0.000000 2147483647.000000 0 -nan 0.000000
1452 605 0 0 -nan 0.000000 2147483647.000000 0 -nan 0.000000
1453 606 0 0 -nan 0.000000 2147483647.000000 0 -nan 0.000000
1454 607 0 0 -nan 0.000000 2147483647.000000 0 -nan 0.000000
1500 608 0 0 -nan 0.000000 2147483647.000000 0 -nan 0.000000
1501 609 0 0 -nan 0.000000 2147483647.000000 0 -nan 0.000000
1502 610 0 0 -nan 0.000000 2147483647.000000 0 -nan 0.000000
1503 611 0 0 -nan 0.000000 2147483647.000000 0 -nan 0.000000
1504 612 0 0 -nan 0.000000 2147483647.000000 0 -nan 0.000000
1505 613 0 0 -nan 0.000000 2147483647.000000 0 -nan 0.000000
1506 614 0 0 -nan 0.000000 2147483647.000000 0 -nan 0.000000
1507 615 0 0 -nan 0.000000 2147483647.000000 0 -nan 0.000000
1508 616 0 0 -nan 0.000000 2147483647.000000 0 -nan 0.000000
1509 617 0 0 -nan 0.000000 2147483647.000000 0 -nan 0.000000
1510 618 0 0 -nan 0.000000 2147483647.000000 0 -nan 0.000000
1511 619 0 0 -nan 0.000000 2147483647.000000 0 -nan 0.000000
1512 620 0 0 -nan 0.000000 2147483647.000000 0 -nan 0.000000
1513 621 0 0 -nan 0.000000 2147483647.000000 0 -nan 0.000000
1514 622 0 0 -nan 0.000000 2147483647.000000 0 -nan 0.000000
1515 623 0 0 -nan 0.000000 2147483647.000000 0 -nan 0.000000
1516 624 0 0 -nan 0.000000 2147483647.000000 0 -nan 0.000000
1517 625 0 0 -nan 0.000000 2147483647.000000 0 -nan 0.000000
1518 626 0 0 -nan 0.000000 2147483647.000000 0 -nan 0.000000
1519 627 0 0 -nan 0.000000 2147483647.000000 0 -nan 0.000000
1520 628 0 0 -nan 0.000000 2147483647.000000 0 -nan 0.000000
1521 629 0 0 -nan 0.000000 2147483647.000000 0 -nan 0.000000
1522 630 0 0 -nan 0.000000 2147483647.000000 0 -nan 0.000000
1523 631 0 0 -nan 0.000000 2147483647.000000 0 -nan 0.000000
1524 632 0 0 -nan 0.000000 2147483647.000000 0 -nan 0.000000
1525 633 0 0 -nan 0.000000 2147483647.000000 0 -nan 0.000000
1526 634 0 0 -nan 0.000000 2147483647.000000 0 -nan 0.000000
1527 635 0 0 -nan 0.000000 2147483647.000000 0 -nan 0.000000
1528 636 0 0 -nan 0.000000 2147483647.000000 0 -nan 0.000000
1529 637 0 0 -nan 0.000000 2147483647.000000 0 -nan 0.000000
1530 638 0 0 -nan 0.000000 2147483647.000000 0 -nan 0.000000
1531 639 0 0 -nan 0.000000 2147483647.000000 0 -nan 0.000000
1577 640 0 0 -nan 0.000000 2147483647.000000 0 -nan 0.000000
1578 641 0 0 -nan 0.000000 2147483647.000000 0 -nan 0.000000
1579 642 0 0 -nan 0.000000 2147483647.000000 0 -nan 0.000000
1580 643 0 0 -nan 0.000000 2147483647.000000 0 -nan 0.000000
1581 644 0 0 -nan 0.000000 2147483647.000000 0 -nan 0.000000
1582 645 0 0 -nan 0.000000 2147483647.000000 0 -nan 0.000000
1583 646 0 0 -nan 0.000000 2147483647.000000 0 -nan 0.000000
1584 647 0 0 -nan 0.000000 2147483647.000000 0 -nan 0.000000
1585 648 0 0 -nan 0.000000 2147483647.000000 0 -nan 0.000000
1586 649 0 0 -nan 0.000000 2147483647.000000 0 -nan 0.000000
1587 650 0 0 -nan 0.000000 2147483647.000000 0 -nan 0.000000
1588 651 0 0 -nan 0.000000 2147483647.000000 0 -nan 0.000000
1589 652 0 0 -nan 0.000000 2147483647.000000 0 -nan 0.000000
1590 653 0 0 -nan 0.000000 2147483647.000000 0 -nan 0.000000
1591 654 0 0 -nan 0.000000 2147483647.000000 0 -nan 0.000000
1592 655 0 0 -nan 0.000000 2147483647.000000 0 -nan 0.000000
1593 656 0 0 -nan 0.000000 2147483647.000000 0 -nan 0.000000
1594 657 0 0 -nan 0.000000 2147483647.000000 0 -nan 0.000000
1595 658 0 0 -nan 0.000000 2147483647.000000 0 -nan 0.000000
1596 659 0 0 -nan 0.000000 2147483647.000000 0 -nan 0.000000
1597 660 0 0 -nan 0.000000 2147483647.000000 0 -nan 0.000000
1598 661 0 0 -nan 0.000000 2147483647.000000 0 -nan 0.000000
1599 662 0 0 -nan 0.000000 2147483647.000000 0 -nan 0.000000
1600 663 0 0 -nan 0.000000 2147483647.000000 0 -nan 0.000000
1601 664 0 0 -nan 0.000000 2147483647.000000 0 -nan 0.000000
1602 665 0 0 -nan 0.000000 2147483647.000000 0 -nan 0.000000
1603 666 0 0 -nan 0.000000 2147483647.000000 0 -nan 0.000000
1604 667 0 0 -nan 0.000000 2147483647.000000 0 -nan 0.000000
1605 668 0 0 -nan 0.000000 2147483647.000000 0 -nan 0.000000
1606 669 0 0 -nan 0.000000 2147483647.000000 0 -nan 0.000000
1607 670 0 0 -nan 0.000000 2147483647.000000 0 -nan 0.000000
1608 671 0 0 -nan 0.000000 2147483647.000000 0 -nan 0.000000
1654 672 0 0 -nan 0.000000 2147483647.000000 0 -nan 0.000000
1655 673 0 0 -nan 0.000000 2147483647.000000 0 -nan 0.000000
1656 674 0 0 -nan 0.000000 2147483647.000000 0 -nan 0.000000
1657 675 0 0 -nan 0.000000 2147483647.000000 0 -nan 0.000000
1658 676 0 0 -nan 0.000000 2147483647.000000 0 -nan 0.000000
1659 677 0 0 -nan 0.000000 2147483647.000000 0 -nan 0.000000
1660 678 0 0 -nan 0.000000 2147483647.000000 0 -nan 0.000000
1661 679 0 0 -nan 0.000000 2147483647.000000 0 -nan 0.000000
1662 680 0 0 -nan 0.000000 2147483647.000000 0 -nan 0.000000
1663 681 0 0 -nan 0.000000 2147483647.000000 0 -nan 0.000000
1664 682 0 0 -nan 0.000000 2147483647.000000 0 -nan 0.000000
1665 683 0 0 -nan 0.000000 2147483647.000000 0 -nan 0.000000
1666 684 0 0 -nan 0.000000 2147483647.000000 0 -nan 0.000000
1667 685 0 0 -nan 0.000000 2147483647.000000 0 -nan 0.000000
1668 686 0 0 -nan 0.000000 2147483647.000000 0 -nan 0.000000
1669 687 0 0 -nan 0.000000 2147483647.000000 0 -nan 0.000000
1670 688 0 0 -nan 0.000000 2147483647.000000 0 -nan 0.000000
1671 689 0 0 -nan 0.000000 2147483647.000000 0 -nan 0.000000
1672 690 0 0 -nan 0.000000 2147483647.000000 0 -nan 0.000000
1673 691 0 0 -nan 0.000000 2147483647.000000 0 -nan 0.000000
1674 692 0 0 -nan 0.000000 2147483647.000000 0 -nan 0.000000
1675 693 0 0 -nan 0.000000 2147483647.000000 0 -nan 0.000000
1676 694 0 0 -nan 0.000000 2147483647.000000 0 -nan 0.000000
1677 695 0 0 -nan 0.000000 2147483647.000000 0 -nan 0.000000
1678 696 0 0 -nan 0.000000 2147483647.000000 0 -nan 0.000000
1679 697 0 0 -nan 0.000000 2147483647.000000 0 -nan 0.000000
1680 698 0 0 -nan 0.000000 2147483647.000000 0 -nan 0.000000
1681 699 0 0 -nan 0.000000 2147483647.000000 0 -nan 0.000000
1682 700 0 0 -nan 0.000000 2147483647.000000 0 -nan 0.000000
1683 701 0 0 -nan 0.000000 2147483647.000000 0 -nan 0.000000
1684 702 0 0 -nan 0.000000 2147483647.000000 0 -nan 0.000000
1685 703 0 0 -nan 0.000000 2147483647.000000 0 -nan 0.000000
1731 704 0 0 -nan 0.000000 2147483647.000000 0 -nan 0.000000
1732 705 0 0 -nan 0.000000 2147483647.000000 0 -nan 0.000000
1733 706 0 0 -nan 0.000000 2147483647.000000 0 -nan 0.000000
1734 707 0 0 -nan 0.000000 2147483647.000000 0 -nan 0.000000
1735 708 0 0 -nan 0.000000 2147483647.000000 0 -nan 0.000000
1736 709 0 0 -nan 0.000000 2147483647.000000 0 -nan 0.000000
1737 710 0 0 -nan 0.000000 2147483647.000000 0 -nan 0.000000
1738 711 0 0 -nan 0.000000 2147483647.000000 0 -nan 0.000000
1739 712 0 0 -nan 0.000000 2147483647.000000 0 -nan 0.000000
1740 713 0 0 -nan 0.000000 2147483647.000000 0 -nan 0.000000
1741 714 0 0 -nan 0.000000 2147483647.000000 0 -nan 0.000000
1742 715 0 0 -nan 0.000000 2147483647.000000 0 -nan 0.000000
1743 716 0 0 -nan 0.000000 2147483647.000000 0 -nan 0.000000
1744 717 0 0 -nan 0.000000 2147483647.000000 0 -nan 0.000000
1745 718 0 0 -nan 0.000000 2147483647.000000 0 -nan 0.000000
1746 719 0 0 -nan 0.000000 2147483647.000000 0 -nan 0.000000
1747 720 0 0 -nan 0.000000 2147483647.000000 0 -nan 0.000000
1748 721 0 0 -nan 0.000000 2147483647.000000 0 -nan 0.000000
1749 722 0 0 -nan 0.000000 2147483647.000000 0 -nan 0.000000
1750 723 0 0 -nan 0.000000 2147483647.000000 0 -nan 0.000000
1751 724 0 0 -nan 0.000000 2147483647.000000 0 -nan 0.000000
1752 725 0 0 -nan 0.000000 2147483647.000000 0 -nan 0.000000
1753 726 0 0 -nan 0.000000 2147483647.000000 0 -nan 0.000000
1754 727 0 0 -nan 0.000000 2147483647.000000 0 -nan 0.000000
1755 728 0 0 -nan 0.000000 2147483647.000000 0 -nan 0.000000
1756 729 0 0 -nan 0.000000 2147483647.000000 0 -nan 0.000000
1757 730 0 0 -nan 0.000000 2147483647.000000 0 -nan 0.000000
1758 731 0 0 -nan 0.000000 2147483647.000000 0 -nan 0.000000
1759 732 0 0 -nan 0.000000 2147483647.000000 0 -nan 0.000000
1760 733 0 0 -nan 0.000000 2147483647.000000 0 -nan 0.000000
1761 734 0 0 -nan 0.000000 2147483647.000000 0 -nan 0.000000
1762 735 0 0 -nan 0.000000 2147483647.000000 0 -nan 0.000000
1808 736 0 0 -nan 0.000000 2147483647.000000 0 -nan 0.000000
1809 737 0 0 -nan 0.000000 2147483647.000000 0 -nan 0.000000
1810 738 0 0 -nan 0.000000 2147483647.000000 0 -nan 0.000000
1811 739 0 0 -nan 0.000000 2147483647.000000 0 -nan 0.000000
1812 740 0 0 -nan 0.000000 2147483647.000000 0 -nan 0.000000
1813 741 0 0 -nan 0.000000 2147483647.000000 0 -nan 0.000000
1814 742 0 0 -nan 0.000000 2147483647.000000 0 -nan 0.000000
1815 743 0 0 -nan 0.000000 2147483647.000000 0 -nan 0.000000
1816 744 0 0 -nan 0.000000 2147483647.000000 0 -nan 0.000000
1817 745 0 0 -nan 0.000000 2147483647.000000 0 -nan 0.000000
1818 746 0 0 -nan 0.000000 2147483647.000000 0 -nan 0.000000
1819 747 0 0 -nan 0.000000 2147483647.000000 0 -nan 0.000000
1820 748 0 0 -nan 0.000000 2147483647.000000 0 -nan 0.000000
1821 749 0 0 -nan 0.000000 2147483647.000000 0 -nan 0.000000
1822 750 0 0 -nan 0.000000 2147483647.000000 0 -nan 0.000000
1823 751 0 0 -nan 0.000000 2147483647.000000 0 -nan 0.000000
1824 752 0 0 -nan 0.000000 2147483647.000000 0 -nan 0.000000
1825 753 0 0 -nan 0.000000 2147483647.000000 0 -nan 0.000000
1826 754 0 0 -nan 0.000000 2147483647.000000 0 -nan 0.000000
1827 755 0 0 -nan 0.000000 2147483647.000000 0 -nan 0.000000
1828 756 0 0 -nan 0.000000 2147483647.000000 0 -nan 0.000000
1829 757 0 0 -nan 0.000000 2147483647.000000 0 -nan 0.000000
1830 758 0 0 -nan 0.000000 2147483647.000000 0 -nan 0.000000
1831 759 0 0 -nan 0.000000 2147483647.000000 0 -nan 0.000000
1832 760 0 0 -nan 0.000000 2147483647.000000 0 -nan 0.000000
1833 761 0 0 -nan 0.000000 2147483647.000000 0 -nan 0.000000
1834 762 0 0 -nan 0.000000 2147483647.000000 0 -nan 0.000000
1835 763 0 0 -nan 0.000000 2147483647.000000 0 -nan 0.000000
1836 764 0 0 -nan 0.000000 2147483647.000000 0 -nan 0.000000
1837 765 0 0 -nan 0.000000 2147483647.000000 0 -nan 0.000000
1838 766 0 0 -nan 0.000000 2147483647.000000 0 -nan 0.000000
1839 767 0 0 -nan 0.000000 2147483647.000000 0 -nan 0.000000
1885 768 0 0 -nan 0.000000 2147483647.000000 0 -nan 0.000000
1886 769 0 0 -nan 0.000000 2147483647.000000 0 -nan 0.000000
1887 770 0 0 -nan 0.000000 2147483647.000000 0 -nan 0.000000
1888 771 0 0 -nan 0.000000 2147483647.000000 0 -nan 0.000000
1889 772 0 0 -nan 0.000000 2147483647.000000 0 -nan 0.000000
1890 773 0 0 -nan 0.000000 2147483647.000000 0 -nan 0.000000
1891 774 0 0 -nan 0.000000 2147483647.000000 0 -nan 0.000000
1892 775 0 0 -nan 0.000000 2147483647.000000 0 -nan 0.000000
1893 776 0 0 -nan 0.000000 2147483647.000000 0 -nan 0.000000
1894 777 0 0 -nan 0.000000 2147483647.000000 0 -nan 0.000000
1895 778 0 0 -nan 0.000000 2147483647.000000 0 -nan 0.000000
1896 779 0 0 -nan 0.000000 2147483647.000000 0 -nan 0.000000
1897 780 0 0 -nan 0.000000 2147483647.000000 0 -nan 0.000000
1898 781 0 0 -nan 0.000000 2147483647.000000 0 -nan 0.000000
1899 782 0 0 -nan 0.000000 2147483647.000000 0 -nan 0.000000
1900 783 0 0 -nan 0.000000 2147483647.000000 0 -nan 0.000000
1901 784 0 0 -nan 0.000000 2147483647.000000 0 -nan 0.000000
1902 785 0 0 -nan 0.000000 2147483647.000000 0 -nan 0.000000
1903 786 0 0 -nan 0.000000 2147483647.000000 0 -nan 0.000000
1904 787 0 0 -nan 0.000000 2147483647.000000 0 -nan 0.000000
1905 788 0 0 -nan 0.000000 2147483647.000000 0 -nan 0.000000
1906 789 0 0 -nan 0.000000 2147483647.000000 0 -nan 0.000000
1907 790 0 0 -nan 0.000000 2147483647.000000 0 -nan 0.000000
1908 791 0 0 -nan 0.000000 2147483647.000000 0 -nan 0.000000
1909 792 0 0 -nan 0.000000 2147483647.000000 0 -nan 0.000000
1910 793 0 0 -nan 0.000000 2147483647.000000 0 -nan 0.000000
1911 794 0 0 -nan 0.000000 2147483647.000000 0 -nan 0.000000
1912 795 0 0 -nan 0.000000 2147483647.000000 0 -nan 0.000000
1913 796 0 0 -nan 0.000000 2147483647.000000 0 -nan 0.000000
1914 797 0 0 -nan 0.000000 2147483647.000000 0 -nan 0.000000
1915 798 0 0 -nan 0.000000 2147483647.000000 0 -nan 0.000000
1916 799 0 0 -nan 0.000000 2147483647.000000 0 -nan 0.000000
1962 800 0 0 -nan 0.000000 2147483647.000000 0 -nan 0.000000
1963 801 0 0 -nan 0.000000 2147483647.000000 0 -nan 0.000000
1964 802 0 0 -nan 0.000000 2147483647.000000 0 -nan 0.000000
1965 803 0 0 -nan 0.000000 2147483647.000000 0 -nan 0.000000
1966 804 0 0 -nan 0.000000 2147483647.000000 0 -nan 0.000000
1967 805 0 0 -nan 0.000000 2147483647.000000 0 -nan 0.000000
1968 806 0 0 -nan 0.000000 2147483647.000000 0 -nan 0.000000
1969 807 0 0 -nan 0.000000 2147483647.000000 0 -nan 0.000000
1970 808 0 0 -nan 0.000000 2147483647.000000 0 -nan 0.000000
1971 809 0 0 -nan 0.000000 2147483647.000000 0 -nan 0.000000
1972 810 0 0 -nan 0.000000 2147483647.000000 0 -nan 0.000000
1973 811 0 0 -nan 0.000000 2147483647.000000 0 -nan 0.000000
1974 812 0 0 -nan 0.000000 2147483647.000000 0 -nan 0.000000
1975 813 0 0 -nan 0.000000 2147483647.000000 0 -nan 0.000000
1976 814 0 0 -nan 0.000000 2147483647.000000 0 -nan 0.000000
1977 815 0 0 -nan 0.000000 2147483647.000000 0 -nan 0.000000
1978 816 0 0 -nan 0.000000 2147483647.000000 0 -nan 0.000000
1979 817 0 0 -nan 0.000000 2147483647.000000 0 -nan 0.000000
1980 818 0 0 -nan 0.000000 2147483647.000000 0 -nan 0.000000
1981 819 0 0 -nan 0.000000 2147483647.000000 0 -nan 0.000000
1982 820 0 0 -nan 0.000000 2147483647.000000 0 -nan 0.000000
1983 821 0 0 -nan 0.000000 2147483647.000000 0 -nan 0.000000
1984 822 0 0 -nan 0.000000 2147483647.000000 0 -nan 0.000000
1985 823 0 0 -nan 0.000000 2147483647.000000 0 -nan 0.000000
1986 824 0 0 -nan 0.000000 2147483647.000000 0 -nan 0.000000
1987 825 0 0 -nan 0.000000 2147483647.000000 0 -nan 0.000000
1988 826 0 0 -nan 0.000000 2147483647.000000 0 -nan 0.000000
1989 827 0 0 -nan 0.000000 2147483647.000000 0 -nan 0.000000
1990 828 0 0 -nan 0.000000 2147483647.000000 0 -nan 0.000000
1991 829 0 0 -nan 0.000000 2147483647.000000 0 -nan 0.000000
1992 830 0 0 -nan 0.000000 2147483647.000000 0 -nan 0.000000
1993 831 0 0 -nan 0.000000 2147483647.000000 0 -nan 0.000000
2039 832 0 0 -nan 0.000000 2147483647.000000 0 -nan 0.000000
2040 833 0 0 -nan 0.000000 2147483647.000000 0 -nan 0.000000
2041 834 0 0 -nan 0.000000 2147483647.000000 0 -nan 0.000000
2042 835 0 0 -nan 0.000000 2147483647.000000 0 -nan 0.000000
2043 836 0 0 -nan 0.000000 2147483647.000000 0 -nan 0.000000
2044 837 0 0 -nan 0.000000 2147483647.000000 0 -nan 0.000000
2045 838 0 0 -nan 0.000000 2147483647.000000 0 -nan 0.000000
2046 839 0 0 -nan 0.000000 2147483647.000000 0 -nan 0.000000
2047 840 0 0 -nan 0.000000 2147483647.000000 0 -nan 0.000000
2048 841 0 0 -nan 0.000000 2147483647.000000 0 -nan 0.000000
2049 842 0 0 -nan 0.000000 2147483647.000000 0 -nan 0.000000
2050 843 0 0 -nan 0.000000 2147483647.000000 0 -nan 0.000000
2051 844 0 0 -nan 0.000000 2147483647.000000 0 -nan 0.000000
2052 845 0 0 -nan 0.000000 2147483647.000000 0 -nan 0.000000
2053 846 0 0 -nan 0.000000 2147483647.000000 0 -nan 0.000000
2054 847 0 0 -nan 0.000000 2147483647.000000 0 -nan 0.000000
2055 848 0 0 -nan 0.000000 2147483647.000000 0 -nan 0.000000
2056 849 0 0 -nan 0.000000 2147483647.000000 0 -nan 0.000000
2057 850 0 0 -nan 0.000000 2147483647.000000 0 -nan 0.000000
2058 851 0 0 -nan 0.000000 2147483647.000000 0 -nan 0.000000
2059 852 0 0 -nan 0.000000 2147483647.000000 0 -nan 0.000000
2060 853 0 0 -nan 0.000000 2147483647.000000 0 -nan 0.000000
2061 854 0 0 -nan 0.000000 2147483647.000000 0 -nan 0.000000
2062 855 0 0 -nan 0.000000 2147483647.000000 0 -nan 0.000000
2063 856 0 0 -nan 0.000000 2147483647.000000 0 -nan 0.000000
2064 857 0 0 -nan 0.000000 2147483647.000000 0 -nan 0.000000
2065 858 0 0 -nan 0.000000 2147483647.000000 0 -nan 0.000000
2066 859 0 0 -nan 0.000000 2147483647.000000 0 -nan 0.000000
2067 860 0 0 -nan 0.000000 2147483647.000000 0 -nan 0.000000
2068 861 0 0 -nan 0.000000 2147483647.000000 0 -nan 0.000000
2069 862 0 0 -nan 0.000000 2147483647.000000 0 -nan 0.000000
2070 863 0 0 -nan 0.000000 2147483647.000000 0 -nan 0.000000
2116 864 0 0 -nan 0.000000 2147483647.000000 0 -nan 0.000000
2117 865 0 0 -nan 0.000000 2147483647.000000 0 -nan 0.000000
2118 866 0 0 -nan 0.000000 2147483647.000000 0 -nan 0.000000
2119 867 0 0 -nan 0.000000 2147483647.000000 0 -nan 0.000000
2120 868 0 0 -nan 0.000000 2147483647.000000 0 -nan 0.000000
2121 869 0 0 -nan 0.000000 2147483647.000000 0 -nan 0.000000
2122 870 0 0 -nan 0.000000 2147483647.000000 0 -nan 0.000000
2123 871 0 0 -nan 0.000000 2147483647.000000 0 -nan 0.000000
2124 872 0 0 -nan 0.000000 2147483647.000000 0 -nan 0.000000
2125 873 0 0 -nan 0.000000 2147483647.000000 0 -nan 0.000000
2126 874 0 0 -nan 0.000000 2147483647.000000 0 -nan 0.000000
2127 875 0 0 -nan 0.000000 2147483647.000000 0 -nan 0.000000
2128 876 0 0 -nan 0.000000 2147483647.000000 0 -nan 0.000000
2129 877 0 0 -nan 0.000000 2147483647.000000 0 -nan 0.000000
2130 878 0 0 -nan 0.000000 2147483647.000000 0 -nan 0.000000
2131 879 0 0 -nan 0.000000 2147483647.000000 0 -nan 0.000000
2132 880 0 0 -nan 0.000000 2147483647.000000 0 -nan 0.000000
2133 881 0 0 -nan 0.000000 2147483647.000000 0 -nan 0.000000
2134 882 0 0 -nan 0.000000 2147483647.000000 0 -nan 0.000000
2135 883 0 0 -nan 0.000000 2147483647.000000 0 -nan 0.000000
2136 884 0 0 -nan 0.000000 2147483647.000000 0 -nan 0.000000
2137 885 0 0 -nan 0.000000 2147483647.000000 0 -nan 0.000000
2138 886 0 0 -nan 0.000000 2147483647.000000 0 -nan 0.000000
2139 887 0 0 -nan 0.000000 2147483647.000000 0 -nan 0.000000
2140 888 0 0 -nan 0.000000 2147483647.000000 0 -nan 0.000000
2141 889 0 0 -nan 0.000000 2147483647.000000 0 -nan 0.000000
2142 890 0 0 -nan 0.000000 2147483647.000000 0 -nan 0.000000
2143 891 0 0 -nan 0.000000 2147483647.000000 0 -nan 0.000000
2144 892 0 0 -nan 0.000000 2147483647.000000 0 -nan 0.000000
2145 893 0 0 -nan 0.000000 2147483647.000000 0 -nan 0.000000
2146 894 0 0 -nan 0.000000 2147483647.000000 0 -nan 0.000000
2147 895 0 0 -nan 0.000000 2147483647.000000 0 -nan 0.000000
2193 896 0 0 -nan 0.000000 2147483647.000000 0 -nan 0.000000
2194 897 0 0 -nan 0.000000 2147483647.000000 0 -nan 0.000000
2195 898 0 0 -nan 0.000000 2147483647.000000 0 -nan 0.000000
2196 899 0 0 -nan 0.000000 2147483647.000000 0 -nan 0.000000
2197 900 0 0 -nan 0.000000 2147483647.000000 0 -nan 0.000000
2198 901 0 0 -nan 0.000000 2147483647.000000 0 -nan 0.000000
2199 902 0 0 -nan 0.000000 2147483647.000000 0 -nan 0.000000
2200 903 0 0 -nan 0.000000 2147483647.000000 0 -nan 0.000000
2201 904 0 0 -nan 0.000000 2147483647.000000 0 -nan 0.000000
2202 905 0 0 -nan 0.000000 2147483647.000000 0 -nan 0.000000
2203 906 0 0 -nan 0.000000 2147483647.000000 0 -nan 0.000000
2204 907 0 0 -nan 0.000000 2147483647.000000 0 -nan 0.000000
2205 908 0 0 -nan 0.000000 2147483647.000000 0 -nan 0.000000
2206 909 0 0 -nan 0.000000 2147483647.000000 0 -nan 0.000000
2207 910 0 0 -nan 0.000000 2147483647.000000 0 -nan 0.000000
2208 911 0 0 -nan 0.000000 2147483647.000000 0 -nan 0.000000
2209 912 0 0 -nan 0.000000 2147483647.000000 0 -nan 0.000000
2210 913 0 0 -nan 0.000000 2147483647.000000 0 -nan 0.000000
2211 914 0 0 -nan 0.000000 2147483647.000000 0 -nan 0.000000
2212 915 0 0 -nan 0.000000 2147483647.000000 0 -nan 0.000000
2213 916 0 0 -nan 0.000000 2147483647.000000 0 -nan 0.000000
2214 917 0 0 -nan 0.000000 2147483647.000000 0 -nan 0.000000
2215 918 0 0 -nan 0.000000 2147483647.000000 0 -nan 0.000000
2216 919 0 0 -nan 0.000000 2147483647.000000 0 -nan 0.000000
2217 920 0 0 -nan 0.000000 2147483647.000000 0 -nan 0.000000
2218 921 0 0 -nan 0.000000 2147483647.000000 0 -nan 0.000000
2219 922 0 0 -nan 0.000000 2147483647.000000 0 -nan 0.000000
2220 923 0 0 -nan 0.000000 2147483647.000000 0 -nan 0.000000
2221 924 0 0 -nan 0.000000 2147483647.000000 0 -nan 0.000000
2222 925 0 0 -nan 0.000000 2147483647.000000 0 -nan 0.000000
2223 926 0 0 -nan 0.000000 2147483647.000000 0 -nan 0.000000
2224 927 0 0 -nan 0.000000 2147483647.000000 0 -nan 0.000000
2270 928 0 0 -nan 0.000000 2147483647.000000 0 -nan 0.000000
2271 929 0 0 -nan 0.000000 2147483647.000000 0 -nan 0.000000
2272 930 0 0 -nan 0.000000 2147483647.000000 0 -nan 0.000000
2273 931 0 0 -nan 0.000000 2147483647.000000 0 -nan 0.000000
2274 932 0 0 -nan 0.000000 2147483647.000000 0 -nan 0.000000
2275 933 0 0 -nan 0.000000 2147483647.000000 0 -nan 0.000000
2276 934 0 0 -nan 0.000000 2147483647.000000 0 -nan 0.000000
2277 935 0 0 -nan 0.000000 2147483647.000000 0 -nan 0.000000
2278 936 0 0 -nan 0.000000 2147483647.000000 0 -nan 0.000000
2279 937 0 0 -nan 0.000000 2147483647.000000 0 -nan 0.000000
2280 938 0 0 -nan 0.000000 2147483647.000000 0 -nan 0.000000
2281 939 0 0 -nan 0.000000 2147483647.000000 0 -nan 0.000000
2282 940 0 0 -nan 0.000000 2147483647.000000 0 -nan 0.000000
2283 941 0 0 -nan 0.000000 2147483647.000000 0 -nan 0.000000
2284 942 0 0 -nan 0.000000 2147483647.000000 0 -nan 0.000000
2285 943 0 0 -nan 0.000000 2147483647.000000 0 -nan 0.000000
2286 944 0 0 -nan 0.000000 2147483647.000000 0 -nan 0.000000
2287 945 0 0 -nan 0.000000 2147483647.000000 0 -nan 0.000000
2288 946 0 0 -nan 0.000000 2147483647.000000 0 -nan 0.000000
2289 947 0 0 -nan 0.000000 2147483647.000000 0 -nan 0.000000
2290 948 0 0 -nan 0.000000 2147483647.000000 0 -nan 0.000000
2291 949 0 0 -nan 0.000000 2147483647.000000 0 -nan 0.000000
2292 950 0 0 -nan 0.000000 2147483647.000000 0 -nan 0.000000
2293 951 0 0 -nan 0.000000 2147483647.000000 0 -nan 0.000000
2294 952 0 0 -nan 0.000000 2147483647.000000 0 -nan 0.000000
2295 953 0 0 -nan 0.000000 2147483647.000000 0 -nan 0.000000
2296 954 0 0 -nan 0.000000 2147483647.000000 0 -nan 0.000000
2297 955 0 0 -nan 0.000000 2147483647.000000 0 -nan 0.000000
2298 956 0 0 -nan 0.000000 2147483647.000000 0 -nan 0.000000
2299 957 0 0 -nan 0.000000 2147483647.000000 0 -nan 0.000000
2300 958 0 0 -nan 0.000000 2147483647.000000 0 -nan 0.000000
2301 959 0 0 -nan 0.000000 2147483647.000000 0 -nan 0.000000
2347 960 0 0 -nan 0.000000 2147483647.000000 0 -nan 0.000000
2348 961 0 0 -nan 0.000000 2147483647.000000 0 -nan 0.000000
2349 962 0 0 -nan 0.000000 2147483647.000000 0 -nan 0.000000
2350 963 0 0 -nan 0.000000 2147483647.000000 0 -nan 0.000000
2351 964 0 0 -nan 0.000000 2147483647.000000 0 -nan 0.000000
2352 965 0 0 -nan 0.000000 2147483647.000000 0 -nan 0.000000
2353 966 0 0 -nan 0.000000 2147483647.000000 0 -nan 0.000000
2354 967 0 0 -nan 0.000000 2147483647.000000 0 -nan 0.000000
2355 968 0 0 -nan 0.000000 2147483647.000000 0 -nan 0.000000
2356 969 0 0 -nan 0.000000 2147483647.000000 0 -nan 0.000000
2357 970 0 0 -nan 0.000000 2147483647.000000 0 -nan 0.000000
2358 971 0 0 -nan 0.000000 2147483647.000000 0 -nan 0.000000
2359 972 0 0 -nan 0.000000 2147483647.000000 0 -nan 0.000000
2360 973 0 0 -nan 0.000000 2147483647.000000 0 -nan 0.000000
2361 974 0 0 -nan 0.000000 2147483647.000000 0 -nan 0.000000
2362 975 0 0 -nan 0.000000 2147483647.000000 0 -nan 0.000000
2363 976 0 0 -nan 0.000000 2147483647.000000 0 -nan 0.000000
2364 977 0 0 -nan 0.000000 2147483647.000000 0 -nan 0.000000
2365 978 0 0 -nan 0.000000 2147483647.000000 0 -nan 0.000000
2366 979 0 0 -nan 0.000000 2147483647.000000 0 -nan 0.000000
2367 980 0 0 -nan 0.000000 2147483647.000000 0 -nan 0.000000
2368 981 0 0 -nan 0.000000 2147483647.000000 0 -nan 0.000000
2369 982 0 0 -nan 0.000000 2147483647.000000 0 -nan 0.000000
2370 983 0 0 -nan 0.000000 2147483647.000000 0 -nan 0.000000
2371 984 0 0 -nan 0.000000 2147483647.000000 0 -nan 0.000000
2372 985 0 0 -nan 0.000000 2147483647.000000 0 -nan 0.000000
2373 986 0 0 -nan 0.000000 2147483647.000000 0 -nan 0.000000
2374 987 0 0 -nan 0.000000 2147483647.000000 0 -nan 0.000000
2375 988 0 0 -nan 0.000000 2147483647.000000 0 -nan 0.000000
2376 989 0 0 -nan 0.000000 2147483647.000000 0 -nan 0.000000
2377 990 0 0 -nan 0.000000 2147483647.000000 0 -nan 0.000000
2378 991 0 0 -nan 0.000000 2147483647.000000 0 -nan 0.000000
2424 992 0 0 -nan 0.000000 2147483647.000000 0 -nan 0.000000
2425 993 0 0 -nan 0.000000 2147483647.000000 0 -nan 0.000000
2426 994 0 0 -nan 0.000000 2147483647.000000 0 -nan 0.000000
2427 995 0 0 -nan 0.000000 2147483647.000000 0 -nan 0.000000
2428 996 0 0 -nan 0.000000 2147483647.000000 0 -nan 0.000000
2429 997 0 0 -nan 0.000000 2147483647.000000 0 -nan 0.000000
2430 998 0 0 -nan 0.000000 2147483647.000000 0 -nan 0.000000
2431 999 0 0 -nan 0.000000 2147483647.000000 0 -nan 0.000000
2432 1000 0 0 -nan 0.000000 2147483647.000000 0 -nan 0.000000
2433 1001 0 0 -nan 0.000000 2147483647.000000 0 -nan 0.000000
2434 1002 0 0 -nan 0.000000 2147483647.000000 0 -nan 0.000000
2435 1003 0 0 -nan 0.000000 2147483647.000000 0 -nan 0.000000
2436 1004 0 0 -nan 0.000000 2147483647.000000 0 -nan 0.000000
2437 1005 0 0 -nan 0.000000 2147483647.000000 0 -nan 0.000000
2438 1006 0 0 -nan 0.000000 2147483647.000000 0 -nan 0.000000
2439 1007 0 0 -nan 0.000000 2147483647.000000 0 -nan 0.000000
2440 1008 0 0 -nan 0.000000 2147483647.000000 0 -nan 0.000000
2441 1009 0 0 -nan 0.000000 2147483647.000000 0 -nan 0.000000
2442 1010 0 0 -nan 0.000000 2147483647.000000 0 -nan 0.000000
2443 1011 0 0 -nan 0.000000 2147483647.000000 0 -nan 0.000000
2444 1012 0 0 -nan 0.000000 2147483647.000000 0 -nan 0.000000
2445 1013 0 0 -nan 0.000000 2147483647.000000 0 -nan 0.000000
2446 1014 0 0 -nan 0.000000 2147483647.000000 0 -nan 0.000000
2447 1015 0 0 -nan 0.000000 2147483647.000000 0 -nan 0.000000
2448 1016 0 0 -nan 0.000000 2147483647.000000 0 -nan 0.000000
2449 1017 0 0 -nan 0.000000 2147483647.000000 0 -nan 0.000000
2450 1018 0 0 -nan 0.000000 2147483647.000000 0 -nan 0.000000
2451 1019 0 0 -nan 0.000000 2147483647.000000 0 -nan 0.000000
2452 1020 0 0 -nan 0.000000 2147483647.000000 0 -nan 0.000000
2453 1021 0 0 -nan 0.000000 2147483647.000000 0 -nan 0.000000
2454 1022 0 0 -nan 0.000000 2147483647.000000 0 -nan 0.000000
2455 1023 0 0 -nan 0.000000 2147483647.000000 0 -nan 0.000000
2501 1024 0 0 -nan 0.000000 2147483647.000000 0 -nan 0.000000
2502 1025 0 0 -nan 0.000000 2147483647.000000 0 -nan 0.000000
2503 1026 0 0 -nan 0.000000 2147483647.000000 0 -nan 0.000000
2504 1027 0 0 -nan 0.000000 2147483647.000000 0 -nan 0.000000
2505 1028 0 0 -nan 0.000000 2147483647.000000 0 -nan 0.000000
2506 1029 0 0 -nan 0.000000 2147483647.000000 0 -nan 0.000000
2507 1030 0 0 -nan 0.000000 2147483647.000000 0 -nan 0.000000
2508 1031 0 0 -nan 0.000000 2147483647.000000 0 -nan 0.000000
2509 1032 0 0 -nan 0.000000 2147483647.000000 0 -nan 0.000000
2510 1033 0 0 -nan 0.000000 2147483647.000000 0 -nan 0.000000
2511 1034 0 0 -nan 0.000000 2147483647.000000 0 -nan 0.000000
2512 1035 0 0 -nan 0.000000 2147483647.000000 0 -nan 0.000000
2513 1036 0 0 -nan 0.000000 2147483647.000000 0 -nan 0.000000
2514 1037 0 0 -nan 0.000000 2147483647.000000 0 -nan 0.000000
2515 1038 0 0 -nan 0.000000 2147483647.000000 0 -nan 0.000000
2516 1039 0 0 -nan 0.000000 2147483647.000000 0 -nan 0.000000
2517 1040 0 0 -nan 0.000000 2147483647.000000 0 -nan 0.000000
2518 1041 0 0 -nan 0.000000 2147483647.000000 0 -nan 0.000000
2519 1042 0 0 -nan 0.000000 2147483647.000000 0 -nan 0.000000
2520 1043 0 0 -nan 0.000000 2147483647.000000 0 -nan 0.000000
2521 1044 0 0 -nan 0.000000 2147483647.000000 0 -nan 0.000000
2522 1045 0 0 -nan 0.000000 2147483647.000000 0 -nan 0.000000
2523 1046 0 0 -nan 0.000000 2147483647.000000 0 -nan 0.000000
2524 1047 0 0 -nan 0.000000 2147483647.000000 0 -nan 0.000000
2525 1048 0 0 -nan 0.000000 2147483647.000000 0 -nan 0.000000
2526 1049 0 0 -nan 0.000000 2147483647.000000 0 -nan 0.000000
2527 1050 0 0 -nan 0.000000 2147483647.000000 0 -nan 0.000000
2528 1051 0 0 -nan 0.000000 2147483647.000000 0 -nan 0.000000
2529 1052 0 0 -nan 0.000000 2147483647.000000 0 -nan 0.000000
2530 1053 0 0 -nan 0.000000 2147483647.000000 0 -nan 0.000000
2531 1054 0 0 -nan 0.000000 2147483647.000000 0 -nan 0.000000
2532 1055 0 0 -nan 0.000000 2147483647.000000 0 -nan 0.000000
