# Format <LP ID> <Terminal ID> <Job ID> <Local Rank> <Total sends> <Total Recvs> <Bytes sent> <Bytes recvd> <Send time> <Comm. time> <Compute time> <Avg msg time> <Max Msg Time>
6 0 0 0 6075 6075 318445632 318445632 401767702.898694 321065810.284330 0.000000 66134.601300 321065810.284330
7 1 0 1 22947 22947 425406288 425406288 590615309.913702 321065232.202720 0.000000 25738.236367 321065232.202720
8 2 0 2 8499 8499 425290704 425290704 505309367.285712 321064317.199925 0.000000 59455.155581 321064317.199925
9 3 0 3 22947 22947 425406288 425406288 592310684.770003 321063739.435346 0.000000 25812.118568 321063739.435346
10 4 0 4 6075 6075 318445632 318445632 438375493.720315 321065151.416954 0.000000 72160.575098 321065151.416954
11 5 0 5 22947 22947 425406288 425406288 689401299.892829 321064574.008790 0.000000 30043.199542 321064574.008790
12 6 0 6 12135 12135 532838736 532838736 723802452.636728 321067468.886051 0.000000 59645.855182 321067468.886051
13 7 0 7 26583 26583 532954320 532954320 817960169.246479 321066891.045713 0.000000 30770.047370 321066891.045713
14 8 0 8 12135 12135 532838736 532838736 705610065.317568 321064230.364868 0.000000 58146.688530 321064230.364868
15 9 0 9 22947 22947 425406288 425406288 686364402.227479 321063653.206293 0.000000 29910.855547 321063653.206293
16 10 0 10 8499 8499 425290704 425290704 600986338.188470 321063239.512020 0.000000 70712.594210 321063239.512020
17 11 0 11 26583 26583 532954320 532954320 805505319.676289 321062661.363907 0.000000 30301.520508 321062661.363907
18 12 0 12 12135 12135 532838736 532838736 708784053.110927 321066310.221669 0.000000 58408.245003 321066310.221669
19 13 0 13 26583 26583 532954320 532954320 777806134.663378 321065732.399541 0.000000 29259.531831 321065732.399541
20 14 0 14 8499 8499 425290704 425290704 584644394.416178 321068715.897832 0.000000 68789.786377 321068715.897832
21 15 0 15 22947 22947 425406288 425406288 593272807.226444 321068137.844431 0.000000 25854.046595 321068137.844431
22 16 0 16 12135 12135 532838736 532838736 687018517.132181 321064405.391576 0.000000 56614.628523 321064405.391576
23 17 0 17 26583 26583 532954320 532954320 760849117.025543 321063827.385045 0.000000 28621.642291 321063827.385045
24 18 0 18 12135 12135 532838736 532838736 630270697.727945 321063238.405709 0.000000 51938.252800 321063238.405709
25 19 0 19 22947 22947 425406288 425406288 541017512.530778 321062660.338697 0.000000 23576.829761 321062660.338697
26 20 0 20 8499 8499 425290704 425290704 570958557.782717 321064659.741858 0.000000 67179.498504 321064659.741858
27 21 0 21 26583 26583 532954320 532954320 789541974.599454 321064081.974702 0.000000 29701.010969 321064081.974702
28 22 0 22 12135 12135 532838736 532838736 705100423.842092 321066976.450169 0.000000 58104.690881 321066976.450169
29 23 0 23 26583 26583 532954320 532954320 779598564.874052 321066399.158639 0.000000 29326.959518 321066399.158639
30 24 0 24 8499 8499 425290704 425290704 565185399.290329 321062087.825390 0.000000 66500.223472 321062087.825390
31 25 0 25 20523 20523 318561216 318561216 468551662.764876 321061509.834597 0.000000 22830.563892 321061509.834597
32 26 0 26 8499 8499 425290704 425290704 501239736.679356 321061600.592580 0.000000 58976.319176 321061600.592580
33 27 0 27 22947 22947 425406288 425406288 623894833.615300 321061022.850412 0.000000 27188.514125 321061022.850412
34 28 0 28 8499 8499 425290704 425290704 483679415.418468 321063165.972824 0.000000 56910.155950 321063165.972824
35 29 0 29 20523 20523 318561216 318561216 431309003.657635 321062588.041953 0.000000 21015.884795 321062588.041953
83 30 0 30 8499 8499 425290704 425290704 578010082.907371 321062999.812339 0.000000 68009.187305 321062999.812339
84 31 0 31 26583 26583 532954320 532954320 823727532.949943 321062422.131019 0.000000 30987.004211 321062422.131019
85 32 0 32 12135 12135 532838736 532838736 726055079.351462 321064314.079715 0.000000 59831.485731 321064314.079715
86 33 0 33 26583 26583 532954320 532954320 819649255.555845 321063736.162467 0.000000 30833.587464 321063736.162467
87 34 0 34 8499 8499 425290704 425290704 624597680.636739 321066634.442289 0.000000 73490.726043 321066634.442289
88 35 0 35 26583 26583 532954320 532954320 912043390.325649 321066056.222795 0.000000 34309.272480 321066056.222795
89 36 0 36 17589 17589 641094576 641094576 967223198.173551 321066221.921257 0.000000 54990.232428 321066221.921257
90 37 0 37 32037 32037 641210160 641210160 1028605938.788547 321065644.342498 0.000000 32106.812086 321065644.342498
91 38 0 38 17589 17589 641094576 641094576 947523922.097556 321066971.633816 0.000000 53870.255392 321066971.633816
92 39 0 39 26583 26583 532954320 532954320 909243094.962648 321066393.719877 0.000000 34203.930894 321066393.719877
93 40 0 40 12135 12135 532838736 532838736 839506491.618024 321063090.622642 0.000000 69180.592634 321063090.622642
94 41 0 41 32037 32037 641210160 641210160 1057439431.992835 321062512.602217 0.000000 33006.818116 321062512.602217
95 42 0 42 17589 17589 641094576 641094576 948990724.341956 321066971.773130 0.000000 53953.648550 321066971.773130
96 43 0 43 32037 32037 641210160 641210160 1025533426.062557 321066394.084749 0.000000 32010.906953 321066394.084749
97 44 0 44 12135 12135 532838736 532838736 807118423.049386 321063433.298697 0.000000 66511.612942 321063433.298697
98 45 0 45 26583 26583 532954320 532954320 793221513.013612 321062855.478129 0.000000 29839.427943 321062855.478129
99 46 0 46 17589 17589 641094576 641094576 926837496.572175 321065568.297931 0.000000 52694.155243 321065568.297931
100 47 0 47 32037 32037 641210160 641210160 994007232.504546 321064990.837629 0.000000 31026.851219 321064990.837629
101 48 0 48 17589 17589 641094576 641094576 885485578.214349 321063006.119333 0.000000 50343.145046 321063006.119333
102 49 0 49 26583 26583 532954320 532954320 716762202.665168 321062428.913126 0.000000 26963.179576 321062428.913126
103 50 0 50 12135 12135 532838736 532838736 786007922.584089 321066970.832136 0.000000 64771.975491 321066970.832136
104 51 0 51 32037 32037 641210160 641210160 1036377466.648409 321066393.114452 0.000000 32349.391848 321066393.114452
105 52 0 52 17589 17589 641094576 641094576 944897123.429150 321061692.381711 0.000000 53720.912129 321061692.381711
106 53 0 53 32037 32037 641210160 641210160 978084674.550251 321061114.727466 0.000000 30529.845945 321061114.727466
107 54 0 54 12135 12135 532838736 532838736 788515633.709844 321064652.197296 0.000000 64978.626593 321064652.197296
108 55 0 55 22947 22947 425406288 425406288 649178580.274436 321064074.310084 0.000000 28290.346462 321064074.310084
109 56 0 56 12135 12135 532838736 532838736 718577512.580828 321063426.894539 0.000000 59215.287399 321063426.894539
110 57 0 57 26583 26583 532954320 532954320 841950355.892452 321062849.270723 0.000000 31672.510849 321062849.270723
111 58 0 58 12135 12135 532838736 532838736 650876555.456153 321063826.087085 0.000000 53636.304529 321063826.087085
112 59 0 59 22947 22947 425406288 425406288 563328761.691915 321063248.470377 0.000000 24549.124578 321063248.470377
160 60 0 60 8499 8499 425290704 425290704 603532596.094049 321060020.123147 0.000000 71012.189210 321060020.123147
161 61 0 61 26583 26583 532954320 532954320 828916014.780867 321059441.929516 0.000000 31182.184659 321059441.929516
162 62 0 62 12135 12135 532838736 532838736 736635480.531942 321060681.766610 0.000000 60703.377052 321060681.766610
163 63 0 63 26583 26583 532954320 532954320 806953915.776960 321060104.289622 0.000000 30356.013835 321060104.289622
164 64 0 64 8499 8499 425290704 425290704 649985710.355023 321070697.972607 0.000000 76477.904501 321070697.972607
165 65 0 65 26583 26583 532954320 532954320 929471814.738281 321070120.116775 0.000000 34964.895412 321070120.116775
166 66 0 66 17589 17589 641094576 641094576 986469773.187753 321068377.313563 0.000000 56084.471726 321068377.313563
167 67 0 67 32037 32037 641210160 641210160 1076183201.301872 321067798.717571 0.000000 33591.884424 321067798.717571
168 68 0 68 17589 17589 641094576 641094576 968896564.688355 321068299.183034 0.000000 55085.369531 321068299.183034
169 69 0 69 26583 26583 532954320 532954320 935719646.255639 321067721.084849 0.000000 35199.926504 321067721.084849
170 70 0 70 12135 12135 532838736 532838736 851403857.573235 321072356.074472 0.000000 70161.010101 321072356.074472
171 71 0 71 32037 32037 641210160 641210160 1060136533.778167 321071778.184700 0.000000 33091.005206 321071778.184700
172 72 0 72 17589 17589 641094576 641094576 969536931.151495 321068379.303794 0.000000 55121.776744 321068379.303794
173 73 0 73 32037 32037 641210160 641210160 1036582277.240797 321067801.764942 0.000000 32355.784788 321067801.764942
174 74 0 74 12135 12135 532838736 532838736 827462778.954313 321067298.613177 0.000000 68188.115283 321067298.613177
175 75 0 75 26583 26583 532954320 532954320 824578350.265528 321066720.871022 0.000000 31019.010280 321066720.871022
176 76 0 76 17589 17589 641094576 641094576 943574487.271835 321069457.109386 0.000000 53645.715349 321069457.109386
177 77 0 77 32037 32037 641210160 641210160 1018656817.220092 321068879.102669 0.000000 31796.261111 321068879.102669
178 78 0 78 17589 17589 641094576 641094576 884024929.041747 321073603.302707 0.000000 50260.101714 321073603.302707
179 79 0 79 26583 26583 532954320 532954320 744769032.771320 321073025.201439 0.000000 28016.741255 321073025.201439
180 80 0 80 12135 12135 532838736 532838736 806965417.008631 321067552.979573 0.000000 66499.004286 321067552.979573
181 81 0 81 32037 32037 641210160 641210160 1052190573.501189 321066974.872122 0.000000 32842.980725 321066974.872122
182 82 0 82 17589 17589 641094576 641094576 968814993.146381 321066385.236939 0.000000 55080.731886 321066385.236939
183 83 0 83 32037 32037 641210160 641210160 1033451511.407566 321065807.413820 0.000000 32258.061348 321065807.413820
184 84 0 84 12135 12135 532838736 532838736 813142823.538257 321068718.930156 0.000000 67008.061272 321068718.930156
185 85 0 85 22947 22947 425406288 425406288 707887462.537644 321068141.388922 0.000000 30848.802133 321068141.388922
186 86 0 86 12135 12135 532838736 532838736 746184668.619770 321070123.536145 0.000000 61490.289956 321070123.536145
187 87 0 87 26583 26583 532954320 532954320 863867540.987932 321069545.693643 0.000000 32496.992100 321069545.693643
188 88 0 88 24777 24777 532939872 532939872 755125008.362462 321062041.527421 0.000000 30476.853871 321062041.527421
189 89 0 89 21141 21141 425391840 425391840 549235484.905602 321060377.003151 0.000000 25979.636011 321060377.003151
237 90 0 90 21141 21141 425391840 425391840 702765666.472826 321062207.671609 0.000000 33241.836549 321062207.671609
238 91 0 91 24777 24777 532939872 532939872 832027850.684034 321061214.328772 0.000000 33580.653456 321061214.328772
239 92 0 92 24777 24777 532939872 532939872 825529060.902045 321064269.311157 0.000000 33318.362227 321064269.311157
240 93 0 93 24777 24777 532939872 532939872 823372959.078023 321065677.021561 0.000000 33231.341933 321065677.021561
241 94 0 94 21141 21141 425391840 425391840 738704851.303158 321062867.265821 0.000000 34941.812180 321062867.265821
242 95 0 95 24777 24777 532939872 532939872 937257181.224085 321066013.216574 0.000000 37827.710426 321066013.216574
243 96 0 96 30231 30231 641195712 641195712 1076725550.977490 321062863.454633 0.000000 35616.603850 321062863.454633
244 97 0 97 30231 30231 641195712 641195712 1071714512.587932 321066098.291921 0.000000 35450.845575 321066098.291921
245 98 0 98 30231 30231 641195712 641195712 1060856645.110545 321062205.832294 0.000000 35091.682217 321062205.832294
246 99 0 99 24777 24777 532939872 532939872 933294370.446013 321064610.362442 0.000000 37667.771338 321064610.362442
247 100 0 100 24777 24777 532939872 532939872 940938439.575450 321061127.038126 0.000000 37976.286055 321061127.038126
248 101 0 101 30231 30231 641195712 641195712 1079470815.537438 321066926.809909 0.000000 35707.413434 321066926.809909
249 102 0 102 30231 30231 641195712 641195712 1058105248.529067 321060462.615370 0.000000 35000.669794 321060462.615370
250 103 0 103 30231 30231 641195712 641195712 1042237912.103978 321063695.167212 0.000000 34475.800076 321063695.167212
251 104 0 104 24777 24777 532939872 532939872 917672263.403885 321060634.724273 0.000000 37037.262921 321060634.724273
252 105 0 105 24777 24777 532939872 532939872 838735363.515417 321063781.000034 0.000000 33851.368750 321063781.000034
253 106 0 106 30231 30231 641195712 641195712 1026476684.207640 321059974.262652 0.000000 33954.440283 321059974.262652
254 107 0 107 30231 30231 641195712 641195712 1014273512.778943 321059462.881202 0.000000 33550.776117 321059462.881202
255 108 0 108 30231 30231 641195712 641195712 978273128.587629 321065765.264399 0.000000 32359.932804 321065765.264399
256 109 0 109 24777 24777 532939872 532939872 722224554.500910 321065012.352660 0.000000 29148.991181 321065012.352660
257 110 0 110 24777 24777 532939872 532939872 892318132.769379 321065934.649276 0.000000 36013.969922 321065934.649276
258 111 0 111 30231 30231 641195712 641195712 1052130215.632711 321066510.145319 0.000000 34803.023904 321066510.145319
259 112 0 112 30231 30231 641195712 641195712 1056686557.326377 321063447.099337 0.000000 34953.741435 321063447.099337
260 113 0 113 30231 30231 641195712 641195712 1038972620.852484 321062281.930225 0.000000 34367.788722 321062281.930225
261 114 0 114 24777 24777 532939872 532939872 896013568.186796 321065352.266815 0.000000 36163.117738 321065352.266815
262 115 0 115 21141 21141 425391840 425391840 696083660.590985 321067757.615101 0.000000 32925.767967 321067757.615101
263 116 0 116 24777 24777 532939872 532939872 834400986.769988 321065189.446782 0.000000 33676.433255 321065189.446782
264 117 0 117 24777 24777 532939872 532939872 864135431.921355 321062280.479513 0.000000 34876.515798 321062280.479513
265 118 0 118 24777 24777 532939872 532939872 749476486.565386 321062874.375815 0.000000 30248.879467 321062874.375815
266 119 0 119 21141 21141 425391840 425391840 548627251.146037 321066930.916160 0.000000 25950.865671 321066930.916160
314 120 0 120 21141 21141 425391840 425391840 692164463.209050 321062869.940304 0.000000 32740.384240 321062869.940304
315 121 0 121 24777 24777 532939872 532939872 816988521.430058 321060548.823907 0.000000 32973.665958 321060548.823907
316 122 0 122 24777 24777 532939872 532939872 818589028.698131 321062206.972897 0.000000 33038.262449 321062206.972897
317 123 0 123 24777 24777 532939872 532939872 807769401.506367 321063783.523482 0.000000 32601.582173 321063783.523482
318 124 0 124 21141 21141 425391840 425391840 742217056.172540 321065926.347485 0.000000 35107.944571 321065926.347485
319 125 0 125 24777 24777 532939872 532939872 942418734.180130 321067417.764151 0.000000 38036.030762 321067417.764151
320 126 0 126 30231 30231 641195712 641195712 1079534147.792575 321063522.645056 0.000000 35709.508379 321063522.645056
321 127 0 127 30231 30231 641195712 641195712 1081977630.104833 321066926.532191 0.000000 35790.335421 321066926.532191
322 128 0 128 30231 30231 641195712 641195712 1063899620.318633 321062960.764809 0.000000 35192.339662 321062960.764809
323 129 0 129 24777 24777 532939872 532939872 934604438.572810 321066014.707519 0.000000 37720.645703 321066014.707519
324 130 0 130 24777 24777 532939872 532939872 939048165.738337 321064217.253632 0.000000 37899.994581 321064217.253632
325 131 0 131 30231 30231 641195712 641195712 1069465243.062216 321064610.850519 0.000000 35376.442826 321064610.850519
326 132 0 132 30231 30231 641195712 641195712 1060034867.406452 321063047.351061 0.000000 35064.498938 321063047.351061
327 133 0 133 30231 30231 641195712 641195712 1041028305.562133 321066012.919307 0.000000 34435.787952 321066012.919307
328 134 0 134 24777 24777 532939872 532939872 917445118.434275 321060734.345984 0.000000 37028.095348 321060734.345984
329 135 0 135 24777 24777 532939872 532939872 845583763.734589 321065436.237276 0.000000 34127.770260 321065436.237276
330 136 0 136 30231 30231 641195712 641195712 1023479326.683743 321062560.510076 0.000000 33855.291809 321062560.510076
331 137 0 137 30231 30231 641195712 641195712 1010328757.496064 321062868.130861 0.000000 33420.289024 321062868.130861
332 138 0 138 30231 30231 641195712 641195712 967899626.555043 321058232.757617 0.000000 32016.791590 321058232.757617
333 139 0 139 24777 24777 532939872 532939872 737664021.444115 321060636.830321 0.000000 29772.128242 321060636.830321
334 140 0 140 24777 24777 532939872 532939872 891876167.325537 321069739.662813 0.000000 35996.132192 321069739.662813
335 141 0 141 30231 30231 641195712 641195712 1056882570.345596 321068331.288620 0.000000 34960.225277 321068331.288620
336 142 0 142 30231 30231 641195712 641195712 1065039397.074172 321068253.724032 0.000000 35230.041913 321068253.724032
337 143 0 143 30231 30231 641195712 641195712 1073108299.420647 321073138.179198 0.000000 35496.950131 321073138.179198
338 144 0 144 24777 24777 532939872 532939872 902315804.173191 321067421.247424 0.000000 36417.476053 321067421.247424
339 145 0 145 21141 21141 425391840 425391840 711317389.081492 321067253.709608 0.000000 33646.345446 321067253.709608
340 146 0 146 24777 24777 532939872 532939872 829827163.509522 321068498.826851 0.000000 33491.833697 321068498.826851
341 147 0 147 24777 24777 532939872 532939872 857334564.542810 321072644.879640 0.000000 34602.032714 321072644.879640
342 148 0 148 24777 24777 532939872 532939872 779268413.725483 321065765.511221 0.000000 31451.281984 321065765.511221
343 149 0 149 21141 21141 425391840 425391840 570648119.558098 321064599.290424 0.000000 26992.484724 321064599.290424
391 150 0 150 21141 21141 425391840 425391840 700883744.219060 321067761.141379 0.000000 33152.818893 321067761.141379
392 151 0 151 24777 24777 532939872 532939872 826512053.677515 321069165.214810 0.000000 33358.035827 321069165.214810
393 152 0 152 24777 24777 532939872 532939872 826072914.532450 321065187.669189 0.000000 33340.312166 321065187.669189
394 153 0 153 24777 24777 532939872 532939872 804611428.654768 321064436.264829 0.000000 32474.126353 321064436.264829
395 154 0 154 21141 21141 425391840 425391840 745800824.932195 321064526.242530 0.000000 35277.462037 321064526.242530
396 155 0 155 24777 24777 532939872 532939872 939621620.990523 321064098.810749 0.000000 37923.139242 321064098.810749
397 156 0 156 30231 30231 641195712 641195712 1079841315.550544 321068243.871628 0.000000 35719.669067 321068243.871628
398 157 0 157 30231 30231 641195712 641195712 1087868572.860935 321070564.720405 0.000000 35985.199724 321070564.720405
399 158 0 158 30231 30231 641195712 641195712 1071707138.862569 321066013.542701 0.000000 35450.601663 321066013.542701
400 159 0 159 24777 24777 532939872 532939872 941989660.913050 321069159.203061 0.000000 38018.713360 321069159.203061
401 160 0 160 24777 24777 532939872 532939872 936956925.420516 321065267.141932 0.000000 37815.592098 321065267.141932
402 161 0 161 30231 30231 641195712 641195712 1069523414.570170 321069329.475799 0.000000 35378.367059 321069329.475799
403 162 0 162 30231 30231 641195712 641195712 1063404572.152519 321067094.626417 0.000000 35175.964148 321067094.626417
404 163 0 163 30231 30231 641195712 641195712 1042583126.407875 321067756.381397 0.000000 34487.219292 321067756.381397
405 164 0 164 24777 24777 532939872 532939872 919727343.436880 321066015.376134 0.000000 37120.205975 321066015.376134
406 165 0 165 24777 24777 532939872 532939872 845631942.502906 321070985.455912 0.000000 34129.714756 321070985.455912
407 166 0 166 30231 30231 641195712 641195712 1030130949.050987 321065264.328957 0.000000 34075.318350 321065264.328957
408 167 0 167 30231 30231 641195712 641195712 1018067598.154860 321068582.575508 0.000000 33676.279255 321068582.575508
409 168 0 168 30231 30231 641195712 641195712 974215812.701201 321063780.855116 0.000000 32225.722361 321063780.855116
410 169 0 169 24777 24777 532939872 532939872 734724194.395141 321066927.365486 0.000000 29653.476789 321066927.365486
411 170 0 170 24777 24777 532939872 532939872 896187407.042146 321063120.073813 0.000000 36170.133876 321063120.073813
412 171 0 171 30231 30231 641195712 641195712 1053464291.593967 321062778.781913 0.000000 34847.153306 321062778.781913
413 172 0 172 30231 30231 641195712 641195712 1061001851.674055 321066593.961116 0.000000 35096.485451 321066593.961116
414 173 0 173 30231 30231 641195712 641195712 1047389271.226199 321063359.048436 0.000000 34646.199968 321063359.048436
415 174 0 174 24777 24777 532939872 532939872 901722678.578750 321065106.423415 0.000000 36393.537498 321065106.423415
416 175 0 175 21141 21141 425391840 425391840 712769301.250321 321068252.087227 0.000000 33715.023000 321068252.087227
417 176 0 176 24777 24777 532939872 532939872 837269021.097214 321064273.992653 0.000000 33792.187153 321064273.992653
418 177 0 177 24777 24777 532939872 532939872 870003579.298397 321061452.659262 0.000000 35113.354292 321061452.659262
419 178 0 178 24777 24777 532939872 532939872 783755229.971333 321065352.807603 0.000000 31632.369939 321065352.807603
420 179 0 179 21141 21141 425391840 425391840 572921449.364365 321067757.049746 0.000000 27100.016525 321067757.049746
468 180 0 180 21141 21141 425391840 425391840 682546467.575806 321064360.110040 0.000000 32285.439079 321064360.110040
469 181 0 181 24777 24777 532939872 532939872 809922097.903324 321064021.669192 0.000000 32688.465024 321064021.669192
470 182 0 182 24777 24777 532939872 532939872 810157224.609101 321064614.881802 0.000000 32697.954741 321064614.881802
471 183 0 183 24777 24777 532939872 532939872 801975401.932283 321066018.149956 0.000000 32367.736285 321066018.149956
472 184 0 184 21141 21141 425391840 425391840 748707389.717664 321062870.512569 0.000000 35414.946773 321062870.512569
473 185 0 185 24777 24777 532939872 532939872 936216843.746139 321060548.733110 0.000000 37785.722394 321060548.733110
474 186 0 186 30231 30231 641195712 641195712 1067814865.717781 321062208.262903 0.000000 35321.850608 321062208.262903
475 187 0 187 30231 30231 641195712 641195712 1088406269.909895 321063783.011518 0.000000 36002.986005 321063783.011518
476 188 0 188 30231 30231 641195712 641195712 1054518367.003334 321064272.212049 0.000000 34882.020674 321064272.212049
477 189 0 189 24777 24777 532939872 532939872 929924002.103733 321067417.652281 0.000000 37531.743234 321067417.652281
478 190 0 190 24777 24777 532939872 532939872 927071311.912388 321062040.440482 0.000000 37416.608625 321062040.440482
479 191 0 191 30231 30231 641195712 641195712 1063674637.598642 321066012.625656 0.000000 35184.897542 321066012.625656
480 192 0 192 30231 30231 641195712 641195712 1054265997.280457 321061395.910845 0.000000 34873.672630 321061395.910845
481 193 0 193 30231 30231 641195712 641195712 1035010202.270457 321066014.735294 0.000000 34236.717352 321066014.735294
482 194 0 194 24777 24777 532939872 532939872 915490049.190255 321062476.097929 0.000000 36949.188731 321062476.097929
483 195 0 195 24777 24777 532939872 532939872 837652067.582835 321064610.663942 0.000000 33807.646914 321064610.663942
484 196 0 196 30231 30231 641195712 641195712 1017116429.948918 321060214.269472 0.000000 33644.815916 321060214.269472
485 197 0 197 30231 30231 641195712 641195712 1005242984.433821 321067754.175398 0.000000 33252.058630 321067754.175398
486 198 0 198 30231 30231 641195712 641195712 964711367.180352 321062475.575609 0.000000 31911.328344 321062475.575609
487 199 0 199 24777 24777 532939872 532939872 736173649.251004 321063694.657623 0.000000 29711.976803 321063694.657623
488 200 0 200 24777 24777 532939872 532939872 886104673.950843 321062560.246721 0.000000 35763.194654 321062560.246721
489 201 0 201 30231 30231 641195712 641195712 1037051807.947978 321064609.775151 0.000000 34304.250867 321064609.775151
490 202 0 202 30231 30231 641195712 641195712 1034300987.808463 321058233.212527 0.000000 34213.257511 321058233.212527
491 203 0 203 30231 30231 641195712 641195712 1019059642.000709 321061464.876738 0.000000 33709.094704 321061464.876738
492 204 0 204 24777 24777 532939872 532939872 890631018.954017 321069740.029187 0.000000 35945.877990 321069740.029187
493 205 0 205 21141 21141 425391840 425391840 692089593.359615 321069159.811650 0.000000 32736.842787 321069159.811650
494 206 0 206 24777 24777 532939872 532939872 827490393.960298 321067339.869558 0.000000 33397.521652 321067339.869558
495 207 0 207 24777 24777 532939872 532939872 855152210.254317 321071397.510328 0.000000 34513.952870 321071397.510328
496 208 0 208 24777 24777 532939872 532939872 770831197.174634 321068334.362320 0.000000 31110.755829 321068334.362320
497 209 0 209 21141 21141 425391840 425391840 568473010.693051 321065512.765303 0.000000 26889.598916 321065512.765303
545 210 0 210 21141 21141 425391840 425391840 702335711.382630 321069412.439294 0.000000 33221.499048 321069412.439294
546 211 0 211 24777 24777 532939872 532939872 817852156.966791 321072644.724894 0.000000 33008.522298 321072644.724894
547 212 0 212 24777 24777 532939872 532939872 816260346.598749 321066594.449021 0.000000 32944.276813 321066594.449021
548 213 0 213 24777 24777 532939872 532939872 790226418.825733 321066340.670169 0.000000 31893.547194 321066340.670169
549 214 0 214 21141 21141 425391840 425391840 747414365.921939 321067761.037326 0.000000 35353.784869 321067761.037326
550 215 0 215 24777 24777 532939872 532939872 939096414.403670 321069165.257114 0.000000 37901.941898 321069165.257114
551 216 0 216 30231 30231 641195712 641195712 1071365354.698946 321065187.710810 0.000000 35439.295911 321065187.710810
552 217 0 217 30231 30231 641195712 641195712 1075558621.866503 321062868.118822 0.000000 35578.003436 321062868.118822
553 218 0 218 30231 30231 641195712 641195712 1050348981.008677 321067095.031615 0.000000 34744.103106 321067095.031615
554 219 0 219 24777 24777 532939872 532939872 927868873.132900 321066102.177460 0.000000 37448.798205 321066102.177460
555 220 0 220 24777 24777 532939872 532939872 930064536.694392 321068332.405255 0.000000 37537.415211 321068332.405255
556 221 0 221 30231 30231 641195712 641195712 1068246656.271225 321070564.502884 0.000000 35336.133647 321070564.502884
557 222 0 222 30231 30231 641195712 641195712 1063897508.857599 321067755.024800 0.000000 35192.269818 321067755.024800
558 223 0 223 30231 30231 641195712 641195712 1042251750.660564 321070900.739313 0.000000 34476.257837 321070900.739313
559 224 0 224 24777 24777 532939872 532939872 919784158.500231 321063359.130163 0.000000 37122.499031 321063359.130163
560 225 0 225 24777 24777 532939872 532939872 835879372.493874 321070985.778456 0.000000 33736.100920 321070985.778456
561 226 0 226 30231 30231 641195712 641195712 1025670020.348455 321065352.620055 0.000000 33927.756950 321065352.620055
562 227 0 227 30231 30231 641195712 641195712 1010064468.613225 321067756.770871 0.000000 33411.546711 321067756.770871
563 228 0 228 30231 30231 641195712 641195712 964045763.257149 321064272.803132 0.000000 31889.311080 321064272.803132
564 229 0 229 24777 24777 532939872 532939872 747901337.964945 321070072.911273 0.000000 30185.306452 321070072.911273
565 230 0 230 24777 24777 532939872 532939872 893793952.351392 321062867.517884 0.000000 36073.534017 321062867.517884
566 231 0 231 30231 30231 641195712 641195712 1045503683.071790 321066841.523100 0.000000 34583.827299 321066841.523100
567 232 0 232 30231 30231 641195712 641195712 1044620372.078394 321065522.446898 0.000000 34554.608583 321065522.446898
568 233 0 233 30231 30231 641195712 641195712 1033938777.297686 321067840.680510 0.000000 34201.276084 321067840.680510
569 234 0 234 24777 24777 532939872 532939872 888052802.300978 321063120.829021 0.000000 35841.821137 321063120.829021
570 235 0 235 21141 21141 425391840 425391840 692261054.419613 321062041.073025 0.000000 32744.953144 321062041.073025
571 236 0 236 24777 24777 532939872 532939872 838420814.949138 321070652.961588 0.000000 33838.673566 321070652.961588
572 237 0 237 24777 24777 532939872 532939872 870930398.929439 321069159.546406 0.000000 35150.760743 321069159.546406
573 238 0 238 24777 24777 532939872 532939872 771531480.240746 321068252.472166 0.000000 31139.019261 321068252.472166
574 239 0 239 21141 21141 425391840 425391840 573473500.362025 321071398.250747 0.000000 27126.129339 321071398.250747
622 240 0 240 21141 21141 425391840 425391840 674768921.274537 321066593.457106 0.000000 31917.549845 321066593.457106
623 241 0 241 24777 24777 532939872 532939872 793581685.400573 321067169.764039 0.000000 32028.965791 321067169.764039
624 242 0 242 24777 24777 532939872 532939872 792186314.645512 321070239.973793 0.000000 31972.648611 321070239.973793
625 243 0 243 24777 24777 532939872 532939872 828419460.772052 321071816.993001 0.000000 33435.018799 321071816.993001
626 244 0 244 21141 21141 425391840 425391840 727388204.235786 321070076.861487 0.000000 34406.518340 321070076.861487
627 245 0 245 24777 24777 532939872 532939872 911560396.806926 321065426.349250 0.000000 36790.587916 321065426.349250
628 246 0 246 30231 30231 641195712 641195712 1046024755.031906 321067761.766531 0.000000 34601.063644 321067761.766531
629 247 0 247 30231 30231 641195712 641195712 1054921141.703013 321070077.763043 0.000000 34895.343909 321070077.763043
630 248 0 248 30231 30231 641195712 641195712 1028732791.464126 321067758.046595 0.000000 34029.069216 321067758.046595
631 249 0 249 24777 24777 532939872 532939872 901945859.275330 321062866.942062 0.000000 36402.545073 321062866.942062
632 250 0 250 24777 24777 532939872 532939872 909810364.850234 321067094.847528 0.000000 36719.956607 321067094.847528
633 251 0 251 30231 30231 641195712 641195712 1042329099.078257 321068670.670986 0.000000 34478.816416 321068670.670986
634 252 0 252 30231 30231 641195712 641195712 1032797427.845241 321064849.378275 0.000000 34163.521810 321064849.378275
635 253 0 253 30231 30231 641195712 641195712 1011774121.843715 321072305.931080 0.000000 33468.099694 321072305.931080
636 254 0 254 24777 24777 532939872 532939872 889737351.534458 321066014.755830 0.000000 35909.809563 321066014.755830
637 255 0 255 24777 24777 532939872 532939872 803503192.080664 321070073.153980 0.000000 32429.397913 321070073.153980
638 256 0 256 30231 30231 641195712 641195712 997564365.184639 321067196.764213 0.000000 32998.060441 321067196.764213
639 257 0 257 30231 30231 641195712 641195712 977430147.978832 321070901.899142 0.000000 32332.048162 321070901.899142
640 258 0 258 30231 30231 641195712 641195712 953188402.508459 321067363.422131 0.000000 31530.164484 321067363.422131
641 259 0 259 24777 24777 532939872 532939872 744257382.828754 321069498.383322 0.000000 30038.236382 321069498.383322
642 260 0 260 24777 24777 532939872 532939872 859445750.845316 321065102.004922 0.000000 34687.240217 321065102.004922
643 261 0 261 30231 30231 641195712 641195712 1019573518.051532 321070900.049772 0.000000 33726.093019 321070900.049772
644 262 0 262 30231 30231 641195712 641195712 1020729711.881407 321064793.909175 0.000000 33764.338324 321064793.909175
645 263 0 263 30231 30231 641195712 641195712 1002190684.396107 321068581.950476 0.000000 33151.092732 321068581.950476
646 264 0 264 24777 24777 532939872 532939872 852656087.230707 321065707.127397 0.000000 34413.209316 321065707.127397
647 265 0 265 21141 21141 425391840 425391840 655723589.418525 321066927.386457 0.000000 31016.677992 321066927.386457
648 266 0 266 24777 24777 532939872 532939872 778618197.361685 321061379.633998 0.000000 31425.039245 321061379.633998
649 267 0 267 24777 24777 532939872 532939872 822179711.744523 321063782.842432 0.000000 33183.182457 321063782.842432
650 268 0 268 24777 24777 532939872 532939872 757007283.736651 321072057.466535 0.000000 30552.822526 321072057.466535
651 269 0 269 21141 21141 425391840 425391840 566228673.027493 321070649.670556 0.000000 26783.438486 321070649.670556
699 270 0 270 18717 18717 318546768 318546768 499179559.982092 321071400.009651 0.000000 26669.848800 321071400.009651
700 271 0 271 21141 21141 425391840 425391840 592697175.521244 321077197.580940 0.000000 28035.437090 321077197.580940
701 272 0 272 21141 21141 425391840 425391840 593581865.977098 321071480.132789 0.000000 28077.284233 321071480.132789
702 273 0 273 21141 21141 425391840 425391840 592611353.596083 321070400.218489 0.000000 28031.377588 321070400.218489
703 274 0 274 18717 18717 318546768 318546768 511056702.913789 321073386.190047 0.000000 27304.413256 321073386.190047
704 275 0 275 21141 21141 425391840 425391840 663712406.649885 321075791.255299 0.000000 31394.560648 321075791.255299
705 276 0 276 24777 24777 532939872 532939872 785238816.063347 321068911.484707 0.000000 31692.247490 321068911.484707
706 277 0 277 24777 24777 532939872 532939872 801327755.246028 321067745.186900 0.000000 32341.597257 321067745.186900
707 278 0 278 24777 24777 532939872 532939872 774963593.137223 321070079.352965 0.000000 31277.539377 321070079.352965
708 279 0 279 21141 21141 425391840 425391840 679020518.947633 321071483.395297 0.000000 32118.656589 321071483.395297
709 280 0 280 21141 21141 425391840 425391840 676099785.900126 321070075.424138 0.000000 31980.501674 321070075.424138
710 281 0 281 24777 24777 532939872 532939872 793979479.656044 321066099.450045 0.000000 32045.020772 321066099.450045
711 282 0 282 24777 24777 532939872 532939872 784046625.652398 321067672.773332 0.000000 31644.130672 321067672.773332
712 283 0 283 24777 24777 532939872 532939872 769242202.022121 321066678.184430 0.000000 31046.623967 321066678.184430
713 284 0 284 21141 21141 425391840 425391840 663502838.560885 321068910.048294 0.000000 31384.647773 321068910.048294
714 285 0 285 21141 21141 425391840 425391840 639158503.208791 321073710.423772 0.000000 30233.125359 321073710.423772
715 286 0 286 24777 24777 532939872 532939872 764627380.496922 321069161.200299 0.000000 30860.369718 321069161.200299
716 287 0 287 24777 24777 532939872 532939872 752091571.625455 321074046.938988 0.000000 30354.424330 321074046.938988
717 288 0 288 24777 24777 532939872 532939872 717578735.974814 321069160.232609 0.000000 28961.485893 321069160.232609
718 289 0 289 21141 21141 425391840 425391840 537917531.568723 321074217.066883 0.000000 25444.280383 321074217.066883
719 290 0 290 21141 21141 425391840 425391840 649157574.620220 321071982.599857 0.000000 30706.095957 321071982.599857
720 291 0 291 24777 24777 532939872 532939872 785430040.438647 321072644.082077 0.000000 31699.965308 321072644.082077
721 292 0 292 24777 24777 532939872 532939872 784937219.221823 321069161.521661 0.000000 31680.075038 321069161.521661
722 293 0 293 24777 24777 532939872 532939872 774714204.344221 321075872.995298 0.000000 31267.474042 321075872.995298
723 294 0 294 21141 21141 425391840 425391840 654366566.028668 321066926.635062 0.000000 30952.488815 321066926.635062
724 295 0 295 18717 18717 318546768 318546768 488937988.865836 321073470.422657 0.000000 26122.668636 321073470.422657
725 296 0 296 21141 21141 425391840 425391840 590279718.764240 321068668.437988 0.000000 27921.087875 321068668.437988
726 297 0 297 21141 21141 425391840 425391840 621006106.331014 321071815.103288 0.000000 29374.490626 321071815.103288
727 298 0 298 21141 21141 425391840 425391840 558739405.137325 321067179.741582 0.000000 26429.185239 321067179.741582
728 299 0 299 18717 18717 318546768 318546768 394264479.651052 321064359.747979 0.000000 21064.512457 321064359.747979
776 300 -1 -1 0 0 0 0 0.000000 0.000000 0.000000 -nan 0.000000
777 301 -1 -1 0 0 0 0 0.000000 0.000000 0.000000 -nan 0.000000
778 302 -1 -1 0 0 0 0 0.000000 0.000000 0.000000 -nan 0.000000
779 303 -1 -1 0 0 0 0 0.000000 0.000000 0.000000 -nan 0.000000
780 304 -1 -1 0 0 0 0 0.000000 0.000000 0.000000 -nan 0.000000
781 305 -1 -1 0 0 0 0 0.000000 0.000000 0.000000 -nan 0.000000
782 306 -1 -1 0 0 0 0 0.000000 0.000000 0.000000 -nan 0.000000
783 307 -1 -1 0 0 0 0 0.000000 0.000000 0.000000 -nan 0.000000
784 308 -1 -1 0 0 0 0 0.000000 0.000000 0.000000 -nan 0.000000
785 309 -1 -1 0 0 0 0 0.000000 0.000000 0.000000 -nan 0.000000
786 310 -1 -1 0 0 0 0 0.000000 0.000000 0.000000 -nan 0.000000
787 311 -1 -1 0 0 0 0 0.000000 0.000000 0.000000 -nan 0.000000
788 312 -1 -1 0 0 0 0 0.000000 0.000000 0.000000 -nan 0.000000
789 313 -1 -1 0 0 0 0 0.000000 0.000000 0.000000 -nan 0.000000
790 314 -1 -1 0 0 0 0 0.000000 0.000000 0.000000 -nan 0.000000
791 315 -1 -1 0 0 0 0 0.000000 0.000000 0.000000 -nan 0.000000
792 316 -1 -1 0 0 0 0 0.000000 0.000000 0.000000 -nan 0.000000
793 317 -1 -1 0 0 0 0 0.000000 0.000000 0.000000 -nan 0.000000
794 318 -1 -1 0 0 0 0 0.000000 0.000000 0.000000 -nan 0.000000
795 319 -1 -1 0 0 0 0 0.000000 0.000000 0.000000 -nan 0.000000
796 320 -1 -1 0 0 0 0 0.000000 0.000000 0.000000 -nan 0.000000
797 321 -1 -1 0 0 0 0 0.000000 0.000000 0.000000 -nan 0.000000
798 322 -1 -1 0 0 0 0 0.000000 0.000000 0.000000 -nan 0.000000
799 323 -1 -1 0 0 0 0 0.000000 0.000000 0.000000 -nan 0.000000
800 324 -1 -1 0 0 0 0 0.000000 0.000000 0.000000 -nan 0.000000
801 325 -1 -1 0 0 0 0 0.000000 0.000000 0.000000 -nan 0.000000
802 326 -1 -1 0 0 0 0 0.000000 0.000000 0.000000 -nan 0.000000
803 327 -1 -1 0 0 0 0 0.000000 0.000000 0.000000 -nan 0.000000
804 328 -1 -1 0 0 0 0 0.000000 0.000000 0.000000 -nan 0.000000
805 329 -1 -1 0 0 0 0 0.000000 0.000000 0.000000 -nan 0.000000
853 330 -1 -1 0 0 0 0 0.000000 0.000000 0.000000 -nan 0.000000
854 331 -1 -1 0 0 0 0 0.000000 0.000000 0.000000 -nan 0.000000
855 332 -1 -1 0 0 0 0 0.000000 0.000000 0.000000 -nan 0.000000
856 333 -1 -1 0 0 0 0 0.000000 0.000000 0.000000 -nan 0.000000
857 334 -1 -1 0 0 0 0 0.000000 0.000000 0.000000 -nan 0.000000
858 335 -1 -1 0 0 0 0 0.000000 0.000000 0.000000 -nan 0.000000
859 336 -1 -1 0 0 0 0 0.000000 0.000000 0.000000 -nan 0.000000
860 337 -1 -1 0 0 0 0 0.000000 0.000000 0.000000 -nan 0.000000
861 338 -1 -1 0 0 0 0 0.000000 0.000000 0.000000 -nan 0.000000
862 339 -1 -1 0 0 0 0 0.000000 0.000000 0.000000 -nan 0.000000
863 340 -1 -1 0 0 0 0 0.000000 0.000000 0.000000 -nan 0.000000
864 341 -1 -1 0 0 0 0 0.000000 0.000000 0.000000 -nan 0.000000
865 342 -1 -1 0 0 0 0 0.000000 0.000000 0.000000 -nan 0.000000
866 343 -1 -1 0 0 0 0 0.000000 0.000000 0.000000 -nan 0.000000
867 344 -1 -1 0 0 0 0 0.000000 0.000000 0.000000 -nan 0.000000
868 345 -1 -1 0 0 0 0 0.000000 0.000000 0.000000 -nan 0.000000
869 346 -1 -1 0 0 0 0 0.000000 0.000000 0.000000 -nan 0.000000
870 347 -1 -1 0 0 0 0 0.000000 0.000000 0.000000 -nan 0.000000
871 348 -1 -1 0 0 0 0 0.000000 0.000000 0.000000 -nan 0.000000
872 349 -1 -1 0 0 0 0 0.000000 0.000000 0.000000 -nan 0.000000
873 350 -1 -1 0 0 0 0 0.000000 0.000000 0.000000 -nan 0.000000
874 351 -1 -1 0 0 0 0 0.000000 0.000000 0.000000 -nan 0.000000
875 352 -1 -1 0 0 0 0 0.000000 0.000000 0.000000 -nan 0.000000
876 353 -1 -1 0 0 0 0 0.000000 0.000000 0.000000 -nan 0.000000
877 354 -1 -1 0 0 0 0 0.000000 0.000000 0.000000 -nan 0.000000
878 355 -1 -1 0 0 0 0 0.000000 0.000000 0.000000 -nan 0.000000
879 356 -1 -1 0 0 0 0 0.000000 0.000000 0.000000 -nan 0.000000
880 357 -1 -1 0 0 0 0 0.000000 0.000000 0.000000 -nan 0.000000
881 358 -1 -1 0 0 0 0 0.000000 0.000000 0.000000 -nan 0.000000
882 359 -1 -1 0 0 0 0 0.000000 0.000000 0.000000 -nan 0.000000
930 360 -1 -1 0 0 0 0 0.000000 0.000000 0.000000 -nan 0.000000
931 361 -1 -1 0 0 0 0 0.000000 0.000000 0.000000 -nan 0.000000
932 362 -1 -1 0 0 0 0 0.000000 0.000000 0.000000 -nan 0.000000
933 363 -1 -1 0 0 0 0 0.000000 0.000000 0.000000 -nan 0.000000
934 364 -1 -1 0 0 0 0 0.000000 0.000000 0.000000 -nan 0.000000
935 365 -1 -1 0 0 0 0 0.000000 0.000000 0.000000 -nan 0.000000
936 366 -1 -1 0 0 0 0 0.000000 0.000000 0.000000 -nan 0.000000
937 367 -1 -1 0 0 0 0 0.000000 0.000000 0.000000 -nan 0.000000
938 368 -1 -1 0 0 0 0 0.000000 0.000000 0.000000 -nan 0.000000
939 369 -1 -1 0 0 0 0 0.000000 0.000000 0.000000 -nan 0.000000
940 370 -1 -1 0 0 0 0 0.000000 0.000000 0.000000 -nan 0.000000
941 371 -1 -1 0 0 0 0 0.000000 0.000000 0.000000 -nan 0.000000
942 372 -1 -1 0 0 0 0 0.000000 0.000000 0.000000 -nan 0.000000
943 373 -1 -1 0 0 0 0 0.000000 0.000000 0.000000 -nan 0.000000
944 374 -1 -1 0 0 0 0 0.000000 0.000000 0.000000 -nan 0.000000
945 375 -1 -1 0 0 0 0 0.000000 0.000000 0.000000 -nan 0.000000
946 376 -1 -1 0 0 0 0 0.000000 0.000000 0.000000 -nan 0.000000
947 377 -1 -1 0 0 0 0 0.000000 0.000000 0.000000 -nan 0.000000
948 378 -1 -1 0 0 0 0 0.000000 0.000000 0.000000 -nan 0.000000
949 379 -1 -1 0 0 0 0 0.000000 0.000000 0.000000 -nan 0.000000
950 380 -1 -1 0 0 0 0 0.000000 0.000000 0.000000 -nan 0.000000
951 381 -1 -1 0 0 0 0 0.000000 0.000000 0.000000 -nan 0.000000
952 382 -1 -1 0 0 0 0 0.000000 0.000000 0.000000 -nan 0.000000
953 383 -1 -1 0 0 0 0 0.000000 0.000000 0.000000 -nan 0.000000
954 384 -1 -1 0 0 0 0 0.000000 0.000000 0.000000 -nan 0.000000
955 385 -1 -1 0 0 0 0 0.000000 0.000000 0.000000 -nan 0.000000
956 386 -1 -1 0 0 0 0 0.000000 0.000000 0.000000 -nan 0.000000
957 387 -1 -1 0 0 0 0 0.000000 0.000000 0.000000 -nan 0.000000
958 388 -1 -1 0 0 0 0 0.000000 0.000000 0.000000 -nan 0.000000
959 389 -1 -1 0 0 0 0 0.000000 0.000000 0.000000 -nan 0.000000
1007 390 -1 -1 0 0 0 0 0.000000 0.000000 0.000000 -nan 0.000000
1008 391 -1 -1 0 0 0 0 0.000000 0.000000 0.000000 -nan 0.000000
1009 392 -1 -1 0 0 0 0 0.000000 0.000000 0.000000 -nan 0.000000
1010 393 -1 -1 0 0 0 0 0.000000 0.000000 0.000000 -nan 0.000000
1011 394 -1 -1 0 0 0 0 0.000000 0.000000 0.000000 -nan 0.000000
1012 395 -1 -1 0 0 0 0 0.000000 0.000000 0.000000 -nan 0.000000
1013 396 -1 -1 0 0 0 0 0.000000 0.000000 0.000000 -nan 0.000000
1014 397 -1 -1 0 0 0 0 0.000000 0.000000 0.000000 -nan 0.000000
1015 398 -1 -1 0 0 0 0 0.000000 0.000000 0.000000 -nan 0.000000
1016 399 -1 -1 0 0 0 0 0.000000 0.000000 0.000000 -nan 0.000000
1017 400 -1 -1 0 0 0 0 0.000000 0.000000 0.000000 -nan 0.000000
1018 401 -1 -1 0 0 0 0 0.000000 0.000000 0.000000 -nan 0.000000
1019 402 -1 -1 0 0 0 0 0.000000 0.000000 0.000000 -nan 0.000000
1020 403 -1 -1 0 0 0 0 0.000000 0.000000 0.000000 -nan 0.000000
1021 404 -1 -1 0 0 0 0 0.000000 0.000000 0.000000 -nan 0.000000
1022 405 -1 -1 0 0 0 0 0.000000 0.000000 0.000000 -nan 0.000000
1023 406 -1 -1 0 0 0 0 0.000000 0.000000 0.000000 -nan 0.000000
1024 407 -1 -1 0 0 0 0 0.000000 0.000000 0.000000 -nan 0.000000
1025 408 -1 -1 0 0 0 0 0.000000 0.000000 0.000000 -nan 0.000000
1026 409 -1 -1 0 0 0 0 0.000000 0.000000 0.000000 -nan 0.000000
1027 410 -1 -1 0 0 0 0 0.000000 0.000000 0.000000 -nan 0.000000
1028 411 -1 -1 0 0 0 0 0.000000 0.000000 0.000000 -nan 0.000000
1029 412 -1 -1 0 0 0 0 0.000000 0.000000 0.000000 -nan 0.000000
1030 413 -1 -1 0 0 0 0 0.000000 0.000000 0.000000 -nan 0.000000
1031 414 -1 -1 0 0 0 0 0.000000 0.000000 0.000000 -nan 0.000000
1032 415 -1 -1 0 0 0 0 0.000000 0.000000 0.000000 -nan 0.000000
1033 416 -1 -1 0 0 0 0 0.000000 0.000000 0.000000 -nan 0.000000
1034 417 -1 -1 0 0 0 0 0.000000 0.000000 0.000000 -nan 0.000000
1035 418 -1 -1 0 0 0 0 0.000000 0.000000 0.000000 -nan 0.000000
1036 419 -1 -1 0 0 0 0 0.000000 0.000000 0.000000 -nan 0.000000
1084 420 -1 -1 0 0 0 0 0.000000 0.000000 0.000000 -nan 0.000000
1085 421 -1 -1 0 0 0 0 0.000000 0.000000 0.000000 -nan 0.000000
1086 422 -1 -1 0 0 0 0 0.000000 0.000000 0.000000 -nan 0.000000
1087 423 -1 -1 0 0 0 0 0.000000 0.000000 0.000000 -nan 0.000000
1088 424 -1 -1 0 0 0 0 0.000000 0.000000 0.000000 -nan 0.000000
1089 425 -1 -1 0 0 0 0 0.000000 0.000000 0.000000 -nan 0.000000
1090 426 -1 -1 0 0 0 0 0.000000 0.000000 0.000000 -nan 0.000000
1091 427 -1 -1 0 0 0 0 0.000000 0.000000 0.000000 -nan 0.000000
1092 428 -1 -1 0 0 0 0 0.000000 0.000000 0.000000 -nan 0.000000
1093 429 -1 -1 0 0 0 0 0.000000 0.000000 0.000000 -nan 0.000000
1094 430 -1 -1 0 0 0 0 0.000000 0.000000 0.000000 -nan 0.000000
1095 431 -1 -1 0 0 0 0 0.000000 0.000000 0.000000 -nan 0.000000
1096 432 -1 -1 0 0 0 0 0.000000 0.000000 0.000000 -nan 0.000000
1097 433 -1 -1 0 0 0 0 0.000000 0.000000 0.000000 -nan 0.000000
1098 434 -1 -1 0 0 0 0 0.000000 0.000000 0.000000 -nan 0.000000
1099 435 -1 -1 0 0 0 0 0.000000 0.000000 0.000000 -nan 0.000000
1100 436 -1 -1 0 0 0 0 0.000000 0.000000 0.000000 -nan 0.000000
1101 437 -1 -1 0 0 0 0 0.000000 0.000000 0.000000 -nan 0.000000
1102 438 -1 -1 0 0 0 0 0.000000 0.000000 0.000000 -nan 0.000000
1103 439 -1 -1 0 0 0 0 0.000000 0.000000 0.000000 -nan 0.000000
1104 440 -1 -1 0 0 0 0 0.000000 0.000000 0.000000 -nan 0.000000
1105 441 -1 -1 0 0 0 0 0.000000 0.000000 0.000000 -nan 0.000000
1106 442 -1 -1 0 0 0 0 0.000000 0.000000 0.000000 -nan 0.000000
1107 443 -1 -1 0 0 0 0 0.000000 0.000000 0.000000 -nan 0.000000
1108 444 -1 -1 0 0 0 0 0.000000 0.000000 0.000000 -nan 0.000000
1109 445 -1 -1 0 0 0 0 0.000000 0.000000 0.000000 -nan 0.000000
1110 446 -1 -1 0 0 0 0 0.000000 0.000000 0.000000 -nan 0.000000
1111 447 -1 -1 0 0 0 0 0.000000 0.000000 0.000000 -nan 0.000000
1112 448 -1 -1 0 0 0 0 0.000000 0.000000 0.000000 -nan 0.000000
1113 449 -1 -1 0 0 0 0 0.000000 0.000000 0.000000 -nan 0.000000
1161 450 -1 -1 0 0 0 0 0.000000 0.000000 0.000000 -nan 0.000000
1162 451 -1 -1 0 0 0 0 0.000000 0.000000 0.000000 -nan 0.000000
1163 452 -1 -1 0 0 0 0 0.000000 0.000000 0.000000 -nan 0.000000
1164 453 -1 -1 0 0 0 0 0.000000 0.000000 0.000000 -nan 0.000000
1165 454 -1 -1 0 0 0 0 0.000000 0.000000 0.000000 -nan 0.000000
1166 455 -1 -1 0 0 0 0 0.000000 0.000000 0.000000 -nan 0.000000
1167 456 -1 -1 0 0 0 0 0.000000 0.000000 0.000000 -nan 0.000000
1168 457 -1 -1 0 0 0 0 0.000000 0.000000 0.000000 -nan 0.000000
1169 458 -1 -1 0 0 0 0 0.000000 0.000000 0.000000 -nan 0.000000
1170 459 -1 -1 0 0 0 0 0.000000 0.000000 0.000000 -nan 0.000000
1171 460 -1 -1 0 0 0 0 0.000000 0.000000 0.000000 -nan 0.000000
1172 461 -1 -1 0 0 0 0 0.000000 0.000000 0.000000 -nan 0.000000
1173 462 -1 -1 0 0 0 0 0.000000 0.000000 0.000000 -nan 0.000000
1174 463 -1 -1 0 0 0 0 0.000000 0.000000 0.000000 -nan 0.000000
1175 464 -1 -1 0 0 0 0 0.000000 0.000000 0.000000 -nan 0.000000
1176 465 -1 -1 0 0 0 0 0.000000 0.000000 0.000000 -nan 0.000000
1177 466 -1 -1 0 0 0 0 0.000000 0.000000 0.000000 -nan 0.000000
1178 467 -1 -1 0 0 0 0 0.000000 0.000000 0.000000 -nan 0.000000
1179 468 -1 -1 0 0 0 0 0.000000 0.000000 0.000000 -nan 0.000000
1180 469 -1 -1 0 0 0 0 0.000000 0.000000 0.000000 -nan 0.000000
1181 470 -1 -1 0 0 0 0 0.000000 0.000000 0.000000 -nan 0.000000
1182 471 -1 -1 0 0 0 0 0.000000 0.000000 0.000000 -nan 0.000000
1183 472 -1 -1 0 0 0 0 0.000000 0.000000 0.000000 -nan 0.000000
1184 473 -1 -1 0 0 0 0 0.000000 0.000000 0.000000 -nan 0.000000
1185 474 -1 -1 0 0 0 0 0.000000 0.000000 0.000000 -nan 0.000000
1186 475 -1 -1 0 0 0 0 0.000000 0.000000 0.000000 -nan 0.000000
1187 476 -1 -1 0 0 0 0 0.000000 0.000000 0.000000 -nan 0.000000
1188 477 -1 -1 0 0 0 0 0.000000 0.000000 0.000000 -nan 0.000000
1189 478 -1 -1 0 0 0 0 0.000000 0.000000 0.000000 -nan 0.000000
1190 479 -1 -1 0 0 0 0 0.000000 0.000000 0.000000 -nan 0.000000
1238 480 -1 -1 0 0 0 0 0.000000 0.000000 0.000000 -nan 0.000000
1239 481 -1 -1 0 0 0 0 0.000000 0.000000 0.000000 -nan 0.000000
1240 482 -1 -1 0 0 0 0 0.000000 0.000000 0.000000 -nan 0.000000
1241 483 -1 -1 0 0 0 0 0.000000 0.000000 0.000000 -nan 0.000000
1242 484 -1 -1 0 0 0 0 0.000000 0.000000 0.000000 -nan 0.000000
1243 485 -1 -1 0 0 0 0 0.000000 0.000000 0.000000 -nan 0.000000
1244 486 -1 -1 0 0 0 0 0.000000 0.000000 0.000000 -nan 0.000000
1245 487 -1 -1 0 0 0 0 0.000000 0.000000 0.000000 -nan 0.000000
1246 488 -1 -1 0 0 0 0 0.000000 0.000000 0.000000 -nan 0.000000
1247 489 -1 -1 0 0 0 0 0.000000 0.000000 0.000000 -nan 0.000000
1248 490 -1 -1 0 0 0 0 0.000000 0.000000 0.000000 -nan 0.000000
1249 491 -1 -1 0 0 0 0 0.000000 0.000000 0.000000 -nan 0.000000
1250 492 -1 -1 0 0 0 0 0.000000 0.000000 0.000000 -nan 0.000000
1251 493 -1 -1 0 0 0 0 0.000000 0.000000 0.000000 -nan 0.000000
1252 494 -1 -1 0 0 0 0 0.000000 0.000000 0.000000 -nan 0.000000
1253 495 -1 -1 0 0 0 0 0.000000 0.000000 0.000000 -nan 0.000000
1254 496 -1 -1 0 0 0 0 0.000000 0.000000 0.000000 -nan 0.000000
1255 497 -1 -1 0 0 0 0 0.000000 0.000000 0.000000 -nan 0.000000
1256 498 -1 -1 0 0 0 0 0.000000 0.000000 0.000000 -nan 0.000000
1257 499 -1 -1 0 0 0 0 0.000000 0.000000 0.000000 -nan 0.000000
1258 500 -1 -1 0 0 0 0 0.000000 0.000000 0.000000 -nan 0.000000
1259 501 -1 -1 0 0 0 0 0.000000 0.000000 0.000000 -nan 0.000000
1260 502 -1 -1 0 0 0 0 0.000000 0.000000 0.000000 -nan 0.000000
1261 503 -1 -1 0 0 0 0 0.000000 0.000000 0.000000 -nan 0.000000
1262 504 -1 -1 0 0 0 0 0.000000 0.000000 0.000000 -nan 0.000000
1263 505 -1 -1 0 0 0 0 0.000000 0.000000 0.000000 -nan 0.000000
1264 506 -1 -1 0 0 0 0 0.000000 0.000000 0.000000 -nan 0.000000
1265 507 -1 -1 0 0 0 0 0.000000 0.000000 0.000000 -nan 0.000000
1266 508 -1 -1 0 0 0 0 0.000000 0.000000 0.000000 -nan 0.000000
1267 509 -1 -1 0 0 0 0 0.000000 0.000000 0.000000 -nan 0.000000
1315 510 -1 -1 0 0 0 0 0.000000 0.000000 0.000000 -nan 0.000000
1316 511 -1 -1 0 0 0 0 0.000000 0.000000 0.000000 -nan 0.000000
1317 512 -1 -1 0 0 0 0 0.000000 0.000000 0.000000 -nan 0.000000
1318 513 -1 -1 0 0 0 0 0.000000 0.000000 0.000000 -nan 0.000000
1319 514 -1 -1 0 0 0 0 0.000000 0.000000 0.000000 -nan 0.000000
1320 515 -1 -1 0 0 0 0 0.000000 0.000000 0.000000 -nan 0.000000
1321 516 -1 -1 0 0 0 0 0.000000 0.000000 0.000000 -nan 0.000000
1322 517 -1 -1 0 0 0 0 0.000000 0.000000 0.000000 -nan 0.000000
1323 518 -1 -1 0 0 0 0 0.000000 0.000000 0.000000 -nan 0.000000
1324 519 -1 -1 0 0 0 0 0.000000 0.000000 0.000000 -nan 0.000000
1325 520 -1 -1 0 0 0 0 0.000000 0.000000 0.000000 -nan 0.000000
1326 521 -1 -1 0 0 0 0 0.000000 0.000000 0.000000 -nan 0.000000
1327 522 -1 -1 0 0 0 0 0.000000 0.000000 0.000000 -nan 0.000000
1328 523 -1 -1 0 0 0 0 0.000000 0.000000 0.000000 -nan 0.000000
1329 524 -1 -1 0 0 0 0 0.000000 0.000000 0.000000 -nan 0.000000
1330 525 -1 -1 0 0 0 0 0.000000 0.000000 0.000000 -nan 0.000000
1331 526 -1 -1 0 0 0 0 0.000000 0.000000 0.000000 -nan 0.000000
1332 527 -1 -1 0 0 0 0 0.000000 0.000000 0.000000 -nan 0.000000
1333 528 -1 -1 0 0 0 0 0.000000 0.000000 0.000000 -nan 0.000000
1334 529 -1 -1 0 0 0 0 0.000000 0.000000 0.000000 -nan 0.000000
1335 530 -1 -1 0 0 0 0 0.000000 0.000000 0.000000 -nan 0.000000
1336 531 -1 -1 0 0 0 0 0.000000 0.000000 0.000000 -nan 0.000000
1337 532 -1 -1 0 0 0 0 0.000000 0.000000 0.000000 -nan 0.000000
1338 533 -1 -1 0 0 0 0 0.000000 0.000000 0.000000 -nan 0.000000
1339 534 -1 -1 0 0 0 0 0.000000 0.000000 0.000000 -nan 0.000000
1340 535 -1 -1 0 0 0 0 0.000000 0.000000 0.000000 -nan 0.000000
1341 536 -1 -1 0 0 0 0 0.000000 0.000000 0.000000 -nan 0.000000
1342 537 -1 -1 0 0 0 0 0.000000 0.000000 0.000000 -nan 0.000000
1343 538 -1 -1 0 0 0 0 0.000000 0.000000 0.000000 -nan 0.000000
1344 539 -1 -1 0 0 0 0 0.000000 0.000000 0.000000 -nan 0.000000
1392 540 -1 -1 0 0 0 0 0.000000 0.000000 0.000000 -nan 0.000000
1393 541 -1 -1 0 0 0 0 0.000000 0.000000 0.000000 -nan 0.000000
1394 542 -1 -1 0 0 0 0 0.000000 0.000000 0.000000 -nan 0.000000
1395 543 -1 -1 0 0 0 0 0.000000 0.000000 0.000000 -nan 0.000000
1396 544 -1 -1 0 0 0 0 0.000000 0.000000 0.000000 -nan 0.000000
1397 545 -1 -1 0 0 0 0 0.000000 0.000000 0.000000 -nan 0.000000
1398 546 -1 -1 0 0 0 0 0.000000 0.000000 0.000000 -nan 0.000000
1399 547 -1 -1 0 0 0 0 0.000000 0.000000 0.000000 -nan 0.000000
1400 548 -1 -1 0 0 0 0 0.000000 0.000000 0.000000 -nan 0.000000
1401 549 -1 -1 0 0 0 0 0.000000 0.000000 0.000000 -nan 0.000000
1402 550 -1 -1 0 0 0 0 0.000000 0.000000 0.000000 -nan 0.000000
1403 551 -1 -1 0 0 0 0 0.000000 0.000000 0.000000 -nan 0.000000
1404 552 -1 -1 0 0 0 0 0.000000 0.000000 0.000000 -nan 0.000000
1405 553 -1 -1 0 0 0 0 0.000000 0.000000 0.000000 -nan 0.000000
1406 554 -1 -1 0 0 0 0 0.000000 0.000000 0.000000 -nan 0.000000
1407 555 -1 -1 0 0 0 0 0.000000 0.000000 0.000000 -nan 0.000000
1408 556 -1 -1 0 0 0 0 0.000000 0.000000 0.000000 -nan 0.000000
1409 557 -1 -1 0 0 0 0 0.000000 0.000000 0.000000 -nan 0.000000
1410 558 -1 -1 0 0 0 0 0.000000 0.000000 0.000000 -nan 0.000000
1411 559 -1 -1 0 0 0 0 0.000000 0.000000 0.000000 -nan 0.000000
1412 560 -1 -1 0 0 0 0 0.000000 0.000000 0.000000 -nan 0.000000
1413 561 -1 -1 0 0 0 0 0.000000 0.000000 0.000000 -nan 0.000000
1414 562 -1 -1 0 0 0 0 0.000000 0.000000 0.000000 -nan 0.000000
1415 563 -1 -1 0 0 0 0 0.000000 0.000000 0.000000 -nan 0.000000
1416 564 -1 -1 0 0 0 0 0.000000 0.000000 0.000000 -nan 0.000000
1417 565 -1 -1 0 0 0 0 0.000000 0.000000 0.000000 -nan 0.000000
1418 566 -1 -1 0 0 0 0 0.000000 0.000000 0.000000 -nan 0.000000
1419 567 -1 -1 0 0 0 0 0.000000 0.000000 0.000000 -nan 0.000000
1420 568 -1 -1 0 0 0 0 0.000000 0.000000 0.000000 -nan 0.000000
1421 569 -1 -1 0 0 0 0 0.000000 0.000000 0.000000 -nan 0.000000
1469 570 -1 -1 0 0 0 0 0.000000 0.000000 0.000000 -nan 0.000000
1470 571 -1 -1 0 0 0 0 0.000000 0.000000 0.000000 -nan 0.000000
1471 572 -1 -1 0 0 0 0 0.000000 0.000000 0.000000 -nan 0.000000
1472 573 -1 -1 0 0 0 0 0.000000 0.000000 0.000000 -nan 0.000000
1473 574 -1 -1 0 0 0 0 0.000000 0.000000 0.000000 -nan 0.000000
1474 575 -1 -1 0 0 0 0 0.000000 0.000000 0.000000 -nan 0.000000
1475 576 -1 -1 0 0 0 0 0.000000 0.000000 0.000000 -nan 0.000000
1476 577 -1 -1 0 0 0 0 0.000000 0.000000 0.000000 -nan 0.000000
1477 578 -1 -1 0 0 0 0 0.000000 0.000000 0.000000 -nan 0.000000
1478 579 -1 -1 0 0 0 0 0.000000 0.000000 0.000000 -nan 0.000000
1479 580 -1 -1 0 0 0 0 0.000000 0.000000 0.000000 -nan 0.000000
1480 581 -1 -1 0 0 0 0 0.000000 0.000000 0.000000 -nan 0.000000
1481 582 -1 -1 0 0 0 0 0.000000 0.000000 0.000000 -nan 0.000000
1482 583 -1 -1 0 0 0 0 0.000000 0.000000 0.000000 -nan 0.000000
1483 584 -1 -1 0 0 0 0 0.000000 0.000000 0.000000 -nan 0.000000
1484 585 -1 -1 0 0 0 0 0.000000 0.000000 0.000000 -nan 0.000000
1485 586 -1 -1 0 0 0 0 0.000000 0.000000 0.000000 -nan 0.000000
1486 587 -1 -1 0 0 0 0 0.000000 0.000000 0.000000 -nan 0.000000
1487 588 -1 -1 0 0 0 0 0.000000 0.000000 0.000000 -nan 0.000000
1488 589 -1 -1 0 0 0 0 0.000000 0.000000 0.000000 -nan 0.000000
1489 590 -1 -1 0 0 0 0 0.000000 0.000000 0.000000 -nan 0.000000
1490 591 -1 -1 0 0 0 0 0.000000 0.000000 0.000000 -nan 0.000000
1491 592 -1 -1 0 0 0 0 0.000000 0.000000 0.000000 -nan 0.000000
1492 593 -1 -1 0 0 0 0 0.000000 0.000000 0.000000 -nan 0.000000
1493 594 -1 -1 0 0 0 0 0.000000 0.000000 0.000000 -nan 0.000000
1494 595 -1 -1 0 0 0 0 0.000000 0.000000 0.000000 -nan 0.000000
1495 596 -1 -1 0 0 0 0 0.000000 0.000000 0.000000 -nan 0.000000
1496 597 -1 -1 0 0 0 0 0.000000 0.000000 0.000000 -nan 0.000000
1497 598 -1 -1 0 0 0 0 0.000000 0.000000 0.000000 -nan 0.000000
1498 599 -1 -1 0 0 0 0 0.000000 0.000000 0.000000 -nan 0.000000
1546 600 -1 -1 0 0 0 0 0.000000 0.000000 0.000000 -nan 0.000000
1547 601 -1 -1 0 0 0 0 0.000000 0.000000 0.000000 -nan 0.000000
1548 602 -1 -1 0 0 0 0 0.000000 0.000000 0.000000 -nan 0.000000
1549 603 -1 -1 0 0 0 0 0.000000 0.000000 0.000000 -nan 0.000000
1550 604 -1 -1 0 0 0 0 0.000000 0.000000 0.000000 -nan 0.000000
1551 605 -1 -1 0 0 0 0 0.000000 0.000000 0.000000 -nan 0.000000
1552 606 -1 -1 0 0 0 0 0.000000 0.000000 0.000000 -nan 0.000000
1553 607 -1 -1 0 0 0 0 0.000000 0.000000 0.000000 -nan 0.000000
1554 608 -1 -1 0 0 0 0 0.000000 0.000000 0.000000 -nan 0.000000
1555 609 -1 -1 0 0 0 0 0.000000 0.000000 0.000000 -nan 0.000000
1556 610 -1 -1 0 0 0 0 0.000000 0.000000 0.000000 -nan 0.000000
1557 611 -1 -1 0 0 0 0 0.000000 0.000000 0.000000 -nan 0.000000
1558 612 -1 -1 0 0 0 0 0.000000 0.000000 0.000000 -nan 0.000000
1559 613 -1 -1 0 0 0 0 0.000000 0.000000 0.000000 -nan 0.000000
1560 614 -1 -1 0 0 0 0 0.000000 0.000000 0.000000 -nan 0.000000
1561 615 -1 -1 0 0 0 0 0.000000 0.000000 0.000000 -nan 0.000000
1562 616 -1 -1 0 0 0 0 0.000000 0.000000 0.000000 -nan 0.000000
1563 617 -1 -1 0 0 0 0 0.000000 0.000000 0.000000 -nan 0.000000
1564 618 -1 -1 0 0 0 0 0.000000 0.000000 0.000000 -nan 0.000000
1565 619 -1 -1 0 0 0 0 0.000000 0.000000 0.000000 -nan 0.000000
1566 620 -1 -1 0 0 0 0 0.000000 0.000000 0.000000 -nan 0.000000
1567 621 -1 -1 0 0 0 0 0.000000 0.000000 0.000000 -nan 0.000000
1568 622 -1 -1 0 0 0 0 0.000000 0.000000 0.000000 -nan 0.000000
1569 623 -1 -1 0 0 0 0 0.000000 0.000000 0.000000 -nan 0.000000
1570 624 -1 -1 0 0 0 0 0.000000 0.000000 0.000000 -nan 0.000000
1571 625 -1 -1 0 0 0 0 0.000000 0.000000 0.000000 -nan 0.000000
1572 626 -1 -1 0 0 0 0 0.000000 0.000000 0.000000 -nan 0.000000
1573 627 -1 -1 0 0 0 0 0.000000 0.000000 0.000000 -nan 0.000000
1574 628 -1 -1 0 0 0 0 0.000000 0.000000 0.000000 -nan 0.000000
1575 629 -1 -1 0 0 0 0 0.000000 0.000000 0.000000 -nan 0.000000
1623 630 -1 -1 0 0 0 0 0.000000 0.000000 0.000000 -nan 0.000000
1624 631 -1 -1 0 0 0 0 0.000000 0.000000 0.000000 -nan 0.000000
1625 632 -1 -1 0 0 0 0 0.000000 0.000000 0.000000 -nan 0.000000
1626 633 -1 -1 0 0 0 0 0.000000 0.000000 0.000000 -nan 0.000000
1627 634 -1 -1 0 0 0 0 0.000000 0.000000 0.000000 -nan 0.000000
1628 635 -1 -1 0 0 0 0 0.000000 0.000000 0.000000 -nan 0.000000
1629 636 -1 -1 0 0 0 0 0.000000 0.000000 0.000000 -nan 0.000000
1630 637 -1 -1 0 0 0 0 0.000000 0.000000 0.000000 -nan 0.000000
1631 638 -1 -1 0 0 0 0 0.000000 0.000000 0.000000 -nan 0.000000
1632 639 -1 -1 0 0 0 0 0.000000 0.000000 0.000000 -nan 0.000000
1633 640 -1 -1 0 0 0 0 0.000000 0.000000 0.000000 -nan 0.000000
1634 641 -1 -1 0 0 0 0 0.000000 0.000000 0.000000 -nan 0.000000
1635 642 -1 -1 0 0 0 0 0.000000 0.000000 0.000000 -nan 0.000000
1636 643 -1 -1 0 0 0 0 0.000000 0.000000 0.000000 -nan 0.000000
1637 644 -1 -1 0 0 0 0 0.000000 0.000000 0.000000 -nan 0.000000
1638 645 -1 -1 0 0 0 0 0.000000 0.000000 0.000000 -nan 0.000000
1639 646 -1 -1 0 0 0 0 0.000000 0.000000 0.000000 -nan 0.000000
1640 647 -1 -1 0 0 0 0 0.000000 0.000000 0.000000 -nan 0.000000
1641 648 -1 -1 0 0 0 0 0.000000 0.000000 0.000000 -nan 0.000000
1642 649 -1 -1 0 0 0 0 0.000000 0.000000 0.000000 -nan 0.000000
1643 650 -1 -1 0 0 0 0 0.000000 0.000000 0.000000 -nan 0.000000
1644 651 -1 -1 0 0 0 0 0.000000 0.000000 0.000000 -nan 0.000000
1645 652 -1 -1 0 0 0 0 0.000000 0.000000 0.000000 -nan 0.000000
1646 653 -1 -1 0 0 0 0 0.000000 0.000000 0.000000 -nan 0.000000
1647 654 -1 -1 0 0 0 0 0.000000 0.000000 0.000000 -nan 0.000000
1648 655 -1 -1 0 0 0 0 0.000000 0.000000 0.000000 -nan 0.000000
1649 656 -1 -1 0 0 0 0 0.000000 0.000000 0.000000 -nan 0.000000
1650 657 -1 -1 0 0 0 0 0.000000 0.000000 0.000000 -nan 0.000000
1651 658 -1 -1 0 0 0 0 0.000000 0.000000 0.000000 -nan 0.000000
1652 659 -1 -1 0 0 0 0 0.000000 0.000000 0.000000 -nan 0.000000
1700 660 -1 -1 0 0 0 0 0.000000 0.000000 0.000000 -nan 0.000000
1701 661 -1 -1 0 0 0 0 0.000000 0.000000 0.000000 -nan 0.000000
1702 662 -1 -1 0 0 0 0 0.000000 0.000000 0.000000 -nan 0.000000
1703 663 -1 -1 0 0 0 0 0.000000 0.000000 0.000000 -nan 0.000000
1704 664 -1 -1 0 0 0 0 0.000000 0.000000 0.000000 -nan 0.000000
1705 665 -1 -1 0 0 0 0 0.000000 0.000000 0.000000 -nan 0.000000
1706 666 -1 -1 0 0 0 0 0.000000 0.000000 0.000000 -nan 0.000000
1707 667 -1 -1 0 0 0 0 0.000000 0.000000 0.000000 -nan 0.000000
1708 668 -1 -1 0 0 0 0 0.000000 0.000000 0.000000 -nan 0.000000
1709 669 -1 -1 0 0 0 0 0.000000 0.000000 0.000000 -nan 0.000000
1710 670 -1 -1 0 0 0 0 0.000000 0.000000 0.000000 -nan 0.000000
1711 671 -1 -1 0 0 0 0 0.000000 0.000000 0.000000 -nan 0.000000
1712 672 -1 -1 0 0 0 0 0.000000 0.000000 0.000000 -nan 0.000000
1713 673 -1 -1 0 0 0 0 0.000000 0.000000 0.000000 -nan 0.000000
1714 674 -1 -1 0 0 0 0 0.000000 0.000000 0.000000 -nan 0.000000
1715 675 -1 -1 0 0 0 0 0.000000 0.000000 0.000000 -nan 0.000000
1716 676 -1 -1 0 0 0 0 0.000000 0.000000 0.000000 -nan 0.000000
1717 677 -1 -1 0 0 0 0 0.000000 0.000000 0.000000 -nan 0.000000
1718 678 -1 -1 0 0 0 0 0.000000 0.000000 0.000000 -nan 0.000000
1719 679 -1 -1 0 0 0 0 0.000000 0.000000 0.000000 -nan 0.000000
1720 680 -1 -1 0 0 0 0 0.000000 0.000000 0.000000 -nan 0.000000
1721 681 -1 -1 0 0 0 0 0.000000 0.000000 0.000000 -nan 0.000000
1722 682 -1 -1 0 0 0 0 0.000000 0.000000 0.000000 -nan 0.000000
1723 683 -1 -1 0 0 0 0 0.000000 0.000000 0.000000 -nan 0.000000
1724 684 -1 -1 0 0 0 0 0.000000 0.000000 0.000000 -nan 0.000000
1725 685 -1 -1 0 0 0 0 0.000000 0.000000 0.000000 -nan 0.000000
1726 686 -1 -1 0 0 0 0 0.000000 0.000000 0.000000 -nan 0.000000
1727 687 -1 -1 0 0 0 0 0.000000 0.000000 0.000000 -nan 0.000000
1728 688 -1 -1 0 0 0 0 0.000000 0.000000 0.000000 -nan 0.000000
1729 689 -1 -1 0 0 0 0 0.000000 0.000000 0.000000 -nan 0.000000
1777 690 -1 -1 0 0 0 0 0.000000 0.000000 0.000000 -nan 0.000000
1778 691 -1 -1 0 0 0 0 0.000000 0.000000 0.000000 -nan 0.000000
1779 692 -1 -1 0 0 0 0 0.000000 0.000000 0.000000 -nan 0.000000
1780 693 -1 -1 0 0 0 0 0.000000 0.000000 0.000000 -nan 0.000000
1781 694 -1 -1 0 0 0 0 0.000000 0.000000 0.000000 -nan 0.000000
1782 695 -1 -1 0 0 0 0 0.000000 0.000000 0.000000 -nan 0.000000
1783 696 -1 -1 0 0 0 0 0.000000 0.000000 0.000000 -nan 0.000000
1784 697 -1 -1 0 0 0 0 0.000000 0.000000 0.000000 -nan 0.000000
1785 698 -1 -1 0 0 0 0 0.000000 0.000000 0.000000 -nan 0.000000
1786 699 -1 -1 0 0 0 0 0.000000 0.000000 0.000000 -nan 0.000000
1787 700 -1 -1 0 0 0 0 0.000000 0.000000 0.000000 -nan 0.000000
1788 701 -1 -1 0 0 0 0 0.000000 0.000000 0.000000 -nan 0.000000
1789 702 -1 -1 0 0 0 0 0.000000 0.000000 0.000000 -nan 0.000000
1790 703 -1 -1 0 0 0 0 0.000000 0.000000 0.000000 -nan 0.000000
1791 704 -1 -1 0 0 0 0 0.000000 0.000000 0.000000 -nan 0.000000
1792 705 -1 -1 0 0 0 0 0.000000 0.000000 0.000000 -nan 0.000000
1793 706 -1 -1 0 0 0 0 0.000000 0.000000 0.000000 -nan 0.000000
1794 707 -1 -1 0 0 0 0 0.000000 0.000000 0.000000 -nan 0.000000
1795 708 -1 -1 0 0 0 0 0.000000 0.000000 0.000000 -nan 0.000000
1796 709 -1 -1 0 0 0 0 0.000000 0.000000 0.000000 -nan 0.000000
1797 710 -1 -1 0 0 0 0 0.000000 0.000000 0.000000 -nan 0.000000
1798 711 -1 -1 0 0 0 0 0.000000 0.000000 0.000000 -nan 0.000000
1799 712 -1 -1 0 0 0 0 0.000000 0.000000 0.000000 -nan 0.000000
1800 713 -1 -1 0 0 0 0 0.000000 0.000000 0.000000 -nan 0.000000
1801 714 -1 -1 0 0 0 0 0.000000 0.000000 0.000000 -nan 0.000000
1802 715 -1 -1 0 0 0 0 0.000000 0.000000 0.000000 -nan 0.000000
1803 716 -1 -1 0 0 0 0 0.000000 0.000000 0.000000 -nan 0.000000
1804 717 -1 -1 0 0 0 0 0.000000 0.000000 0.000000 -nan 0.000000
1805 718 -1 -1 0 0 0 0 0.000000 0.000000 0.000000 -nan 0.000000
1806 719 -1 -1 0 0 0 0 0.000000 0.000000 0.000000 -nan 0.000000
1854 720 -1 -1 0 0 0 0 0.000000 0.000000 0.000000 -nan 0.000000
1855 721 -1 -1 0 0 0 0 0.000000 0.000000 0.000000 -nan 0.000000
1856 722 -1 -1 0 0 0 0 0.000000 0.000000 0.000000 -nan 0.000000
1857 723 -1 -1 0 0 0 0 0.000000 0.000000 0.000000 -nan 0.000000
1858 724 -1 -1 0 0 0 0 0.000000 0.000000 0.000000 -nan 0.000000
1859 725 -1 -1 0 0 0 0 0.000000 0.000000 0.000000 -nan 0.000000
1860 726 -1 -1 0 0 0 0 0.000000 0.000000 0.000000 -nan 0.000000
1861 727 -1 -1 0 0 0 0 0.000000 0.000000 0.000000 -nan 0.000000
1862 728 -1 -1 0 0 0 0 0.000000 0.000000 0.000000 -nan 0.000000
1863 729 -1 -1 0 0 0 0 0.000000 0.000000 0.000000 -nan 0.000000
1864 730 -1 -1 0 0 0 0 0.000000 0.000000 0.000000 -nan 0.000000
1865 731 -1 -1 0 0 0 0 0.000000 0.000000 0.000000 -nan 0.000000
1866 732 -1 -1 0 0 0 0 0.000000 0.000000 0.000000 -nan 0.000000
1867 733 -1 -1 0 0 0 0 0.000000 0.000000 0.000000 -nan 0.000000
1868 734 -1 -1 0 0 0 0 0.000000 0.000000 0.000000 -nan 0.000000
1869 735 -1 -1 0 0 0 0 0.000000 0.000000 0.000000 -nan 0.000000
1870 736 -1 -1 0 0 0 0 0.000000 0.000000 0.000000 -nan 0.000000
1871 737 -1 -1 0 0 0 0 0.000000 0.000000 0.000000 -nan 0.000000
1872 738 -1 -1 0 0 0 0 0.000000 0.000000 0.000000 -nan 0.000000
1873 739 -1 -1 0 0 0 0 0.000000 0.000000 0.000000 -nan 0.000000
1874 740 -1 -1 0 0 0 0 0.000000 0.000000 0.000000 -nan 0.000000
1875 741 -1 -1 0 0 0 0 0.000000 0.000000 0.000000 -nan 0.000000
1876 742 -1 -1 0 0 0 0 0.000000 0.000000 0.000000 -nan 0.000000
1877 743 -1 -1 0 0 0 0 0.000000 0.000000 0.000000 -nan 0.000000
1878 744 -1 -1 0 0 0 0 0.000000 0.000000 0.000000 -nan 0.000000
1879 745 -1 -1 0 0 0 0 0.000000 0.000000 0.000000 -nan 0.000000
1880 746 -1 -1 0 0 0 0 0.000000 0.000000 0.000000 -nan 0.000000
1881 747 -1 -1 0 0 0 0 0.000000 0.000000 0.000000 -nan 0.000000
1882 748 -1 -1 0 0 0 0 0.000000 0.000000 0.000000 -nan 0.000000
1883 749 -1 -1 0 0 0 0 0.000000 0.000000 0.000000 -nan 0.000000
1931 750 -1 -1 0 0 0 0 0.000000 0.000000 0.000000 -nan 0.000000
1932 751 -1 -1 0 0 0 0 0.000000 0.000000 0.000000 -nan 0.000000
1933 752 -1 -1 0 0 0 0 0.000000 0.000000 0.000000 -nan 0.000000
1934 753 -1 -1 0 0 0 0 0.000000 0.000000 0.000000 -nan 0.000000
1935 754 -1 -1 0 0 0 0 0.000000 0.000000 0.000000 -nan 0.000000
1936 755 -1 -1 0 0 0 0 0.000000 0.000000 0.000000 -nan 0.000000
1937 756 -1 -1 0 0 0 0 0.000000 0.000000 0.000000 -nan 0.000000
1938 757 -1 -1 0 0 0 0 0.000000 0.000000 0.000000 -nan 0.000000
1939 758 -1 -1 0 0 0 0 0.000000 0.000000 0.000000 -nan 0.000000
1940 759 -1 -1 0 0 0 0 0.000000 0.000000 0.000000 -nan 0.000000
1941 760 -1 -1 0 0 0 0 0.000000 0.000000 0.000000 -nan 0.000000
1942 761 -1 -1 0 0 0 0 0.000000 0.000000 0.000000 -nan 0.000000
1943 762 -1 -1 0 0 0 0 0.000000 0.000000 0.000000 -nan 0.000000
1944 763 -1 -1 0 0 0 0 0.000000 0.000000 0.000000 -nan 0.000000
1945 764 -1 -1 0 0 0 0 0.000000 0.000000 0.000000 -nan 0.000000
1946 765 -1 -1 0 0 0 0 0.000000 0.000000 0.000000 -nan 0.000000
1947 766 -1 -1 0 0 0 0 0.000000 0.000000 0.000000 -nan 0.000000
1948 767 -1 -1 0 0 0 0 0.000000 0.000000 0.000000 -nan 0.000000
1949 768 -1 -1 0 0 0 0 0.000000 0.000000 0.000000 -nan 0.000000
1950 769 -1 -1 0 0 0 0 0.000000 0.000000 0.000000 -nan 0.000000
1951 770 -1 -1 0 0 0 0 0.000000 0.000000 0.000000 -nan 0.000000
1952 771 -1 -1 0 0 0 0 0.000000 0.000000 0.000000 -nan 0.000000
1953 772 -1 -1 0 0 0 0 0.000000 0.000000 0.000000 -nan 0.000000
1954 773 -1 -1 0 0 0 0 0.000000 0.000000 0.000000 -nan 0.000000
1955 774 -1 -1 0 0 0 0 0.000000 0.000000 0.000000 -nan 0.000000
1956 775 -1 -1 0 0 0 0 0.000000 0.000000 0.000000 -nan 0.000000
1957 776 -1 -1 0 0 0 0 0.000000 0.000000 0.000000 -nan 0.000000
1958 777 -1 -1 0 0 0 0 0.000000 0.000000 0.000000 -nan 0.000000
1959 778 -1 -1 0 0 0 0 0.000000 0.000000 0.000000 -nan 0.000000
1960 779 -1 -1 0 0 0 0 0.000000 0.000000 0.000000 -nan 0.000000
2008 780 -1 -1 0 0 0 0 0.000000 0.000000 0.000000 -nan 0.000000
2009 781 -1 -1 0 0 0 0 0.000000 0.000000 0.000000 -nan 0.000000
2010 782 -1 -1 0 0 0 0 0.000000 0.000000 0.000000 -nan 0.000000
2011 783 -1 -1 0 0 0 0 0.000000 0.000000 0.000000 -nan 0.000000
2012 784 -1 -1 0 0 0 0 0.000000 0.000000 0.000000 -nan 0.000000
2013 785 -1 -1 0 0 0 0 0.000000 0.000000 0.000000 -nan 0.000000
2014 786 -1 -1 0 0 0 0 0.000000 0.000000 0.000000 -nan 0.000000
2015 787 -1 -1 0 0 0 0 0.000000 0.000000 0.000000 -nan 0.000000
2016 788 -1 -1 0 0 0 0 0.000000 0.000000 0.000000 -nan 0.000000
2017 789 -1 -1 0 0 0 0 0.000000 0.000000 0.000000 -nan 0.000000
2018 790 -1 -1 0 0 0 0 0.000000 0.000000 0.000000 -nan 0.000000
2019 791 -1 -1 0 0 0 0 0.000000 0.000000 0.000000 -nan 0.000000
2020 792 -1 -1 0 0 0 0 0.000000 0.000000 0.000000 -nan 0.000000
2021 793 -1 -1 0 0 0 0 0.000000 0.000000 0.000000 -nan 0.000000
2022 794 -1 -1 0 0 0 0 0.000000 0.000000 0.000000 -nan 0.000000
2023 795 -1 -1 0 0 0 0 0.000000 0.000000 0.000000 -nan 0.000000
2024 796 -1 -1 0 0 0 0 0.000000 0.000000 0.000000 -nan 0.000000
2025 797 -1 -1 0 0 0 0 0.000000 0.000000 0.000000 -nan 0.000000
2026 798 -1 -1 0 0 0 0 0.000000 0.000000 0.000000 -nan 0.000000
2027 799 -1 -1 0 0 0 0 0.000000 0.000000 0.000000 -nan 0.000000
2028 800 -1 -1 0 0 0 0 0.000000 0.000000 0.000000 -nan 0.000000
2029 801 -1 -1 0 0 0 0 0.000000 0.000000 0.000000 -nan 0.000000
2030 802 -1 -1 0 0 0 0 0.000000 0.000000 0.000000 -nan 0.000000
2031 803 -1 -1 0 0 0 0 0.000000 0.000000 0.000000 -nan 0.000000
2032 804 -1 -1 0 0 0 0 0.000000 0.000000 0.000000 -nan 0.000000
2033 805 -1 -1 0 0 0 0 0.000000 0.000000 0.000000 -nan 0.000000
2034 806 -1 -1 0 0 0 0 0.000000 0.000000 0.000000 -nan 0.000000
2035 807 -1 -1 0 0 0 0 0.000000 0.000000 0.000000 -nan 0.000000
2036 808 -1 -1 0 0 0 0 0.000000 0.000000 0.000000 -nan 0.000000
2037 809 -1 -1 0 0 0 0 0.000000 0.000000 0.000000 -nan 0.000000
2085 810 -1 -1 0 0 0 0 0.000000 0.000000 0.000000 -nan 0.000000
2086 811 -1 -1 0 0 0 0 0.000000 0.000000 0.000000 -nan 0.000000
2087 812 -1 -1 0 0 0 0 0.000000 0.000000 0.000000 -nan 0.000000
2088 813 -1 -1 0 0 0 0 0.000000 0.000000 0.000000 -nan 0.000000
2089 814 -1 -1 0 0 0 0 0.000000 0.000000 0.000000 -nan 0.000000
2090 815 -1 -1 0 0 0 0 0.000000 0.000000 0.000000 -nan 0.000000
2091 816 -1 -1 0 0 0 0 0.000000 0.000000 0.000000 -nan 0.000000
2092 817 -1 -1 0 0 0 0 0.000000 0.000000 0.000000 -nan 0.000000
2093 818 -1 -1 0 0 0 0 0.000000 0.000000 0.000000 -nan 0.000000
2094 819 -1 -1 0 0 0 0 0.000000 0.000000 0.000000 -nan 0.000000
2095 820 -1 -1 0 0 0 0 0.000000 0.000000 0.000000 -nan 0.000000
2096 821 -1 -1 0 0 0 0 0.000000 0.000000 0.000000 -nan 0.000000
2097 822 -1 -1 0 0 0 0 0.000000 0.000000 0.000000 -nan 0.000000
2098 823 -1 -1 0 0 0 0 0.000000 0.000000 0.000000 -nan 0.000000
2099 824 -1 -1 0 0 0 0 0.000000 0.000000 0.000000 -nan 0.000000
2100 825 -1 -1 0 0 0 0 0.000000 0.000000 0.000000 -nan 0.000000
2101 826 -1 -1 0 0 0 0 0.000000 0.000000 0.000000 -nan 0.000000
2102 827 -1 -1 0 0 0 0 0.000000 0.000000 0.000000 -nan 0.000000
2103 828 -1 -1 0 0 0 0 0.000000 0.000000 0.000000 -nan 0.000000
2104 829 -1 -1 0 0 0 0 0.000000 0.000000 0.000000 -nan 0.000000
2105 830 -1 -1 0 0 0 0 0.000000 0.000000 0.000000 -nan 0.000000
2106 831 -1 -1 0 0 0 0 0.000000 0.000000 0.000000 -nan 0.000000
2107 832 -1 -1 0 0 0 0 0.000000 0.000000 0.000000 -nan 0.000000
2108 833 -1 -1 0 0 0 0 0.000000 0.000000 0.000000 -nan 0.000000
2109 834 -1 -1 0 0 0 0 0.000000 0.000000 0.000000 -nan 0.000000
2110 835 -1 -1 0 0 0 0 0.000000 0.000000 0.000000 -nan 0.000000
2111 836 -1 -1 0 0 0 0 0.000000 0.000000 0.000000 -nan 0.000000
2112 837 -1 -1 0 0 0 0 0.000000 0.000000 0.000000 -nan 0.000000
2113 838 -1 -1 0 0 0 0 0.000000 0.000000 0.000000 -nan 0.000000
2114 839 -1 -1 0 0 0 0 0.000000 0.000000 0.000000 -nan 0.000000
2162 840 -1 -1 0 0 0 0 0.000000 0.000000 0.000000 -nan 0.000000
2163 841 -1 -1 0 0 0 0 0.000000 0.000000 0.000000 -nan 0.000000
2164 842 -1 -1 0 0 0 0 0.000000 0.000000 0.000000 -nan 0.000000
2165 843 -1 -1 0 0 0 0 0.000000 0.000000 0.000000 -nan 0.000000
2166 844 -1 -1 0 0 0 0 0.000000 0.000000 0.000000 -nan 0.000000
2167 845 -1 -1 0 0 0 0 0.000000 0.000000 0.000000 -nan 0.000000
2168 846 -1 -1 0 0 0 0 0.000000 0.000000 0.000000 -nan 0.000000
2169 847 -1 -1 0 0 0 0 0.000000 0.000000 0.000000 -nan 0.000000
2170 848 -1 -1 0 0 0 0 0.000000 0.000000 0.000000 -nan 0.000000
2171 849 -1 -1 0 0 0 0 0.000000 0.000000 0.000000 -nan 0.000000
2172 850 -1 -1 0 0 0 0 0.000000 0.000000 0.000000 -nan 0.000000
2173 851 -1 -1 0 0 0 0 0.000000 0.000000 0.000000 -nan 0.000000
2174 852 -1 -1 0 0 0 0 0.000000 0.000000 0.000000 -nan 0.000000
2175 853 -1 -1 0 0 0 0 0.000000 0.000000 0.000000 -nan 0.000000
2176 854 -1 -1 0 0 0 0 0.000000 0.000000 0.000000 -nan 0.000000
2177 855 -1 -1 0 0 0 0 0.000000 0.000000 0.000000 -nan 0.000000
2178 856 -1 -1 0 0 0 0 0.000000 0.000000 0.000000 -nan 0.000000
2179 857 -1 -1 0 0 0 0 0.000000 0.000000 0.000000 -nan 0.000000
2180 858 -1 -1 0 0 0 0 0.000000 0.000000 0.000000 -nan 0.000000
2181 859 -1 -1 0 0 0 0 0.000000 0.000000 0.000000 -nan 0.000000
2182 860 -1 -1 0 0 0 0 0.000000 0.000000 0.000000 -nan 0.000000
2183 861 -1 -1 0 0 0 0 0.000000 0.000000 0.000000 -nan 0.000000
2184 862 -1 -1 0 0 0 0 0.000000 0.000000 0.000000 -nan 0.000000
2185 863 -1 -1 0 0 0 0 0.000000 0.000000 0.000000 -nan 0.000000
2186 864 -1 -1 0 0 0 0 0.000000 0.000000 0.000000 -nan 0.000000
2187 865 -1 -1 0 0 0 0 0.000000 0.000000 0.000000 -nan 0.000000
2188 866 -1 -1 0 0 0 0 0.000000 0.000000 0.000000 -nan 0.000000
2189 867 -1 -1 0 0 0 0 0.000000 0.000000 0.000000 -nan 0.000000
2190 868 -1 -1 0 0 0 0 0.000000 0.000000 0.000000 -nan 0.000000
2191 869 -1 -1 0 0 0 0 0.000000 0.000000 0.000000 -nan 0.000000
2239 870 -1 -1 0 0 0 0 0.000000 0.000000 0.000000 -nan 0.000000
2240 871 -1 -1 0 0 0 0 0.000000 0.000000 0.000000 -nan 0.000000
2241 872 -1 -1 0 0 0 0 0.000000 0.000000 0.000000 -nan 0.000000
2242 873 -1 -1 0 0 0 0 0.000000 0.000000 0.000000 -nan 0.000000
2243 874 -1 -1 0 0 0 0 0.000000 0.000000 0.000000 -nan 0.000000
2244 875 -1 -1 0 0 0 0 0.000000 0.000000 0.000000 -nan 0.000000
2245 876 -1 -1 0 0 0 0 0.000000 0.000000 0.000000 -nan 0.000000
2246 877 -1 -1 0 0 0 0 0.000000 0.000000 0.000000 -nan 0.000000
2247 878 -1 -1 0 0 0 0 0.000000 0.000000 0.000000 -nan 0.000000
2248 879 -1 -1 0 0 0 0 0.000000 0.000000 0.000000 -nan 0.000000
2249 880 -1 -1 0 0 0 0 0.000000 0.000000 0.000000 -nan 0.000000
2250 881 -1 -1 0 0 0 0 0.000000 0.000000 0.000000 -nan 0.000000
2251 882 -1 -1 0 0 0 0 0.000000 0.000000 0.000000 -nan 0.000000
2252 883 -1 -1 0 0 0 0 0.000000 0.000000 0.000000 -nan 0.000000
2253 884 -1 -1 0 0 0 0 0.000000 0.000000 0.000000 -nan 0.000000
2254 885 -1 -1 0 0 0 0 0.000000 0.000000 0.000000 -nan 0.000000
2255 886 -1 -1 0 0 0 0 0.000000 0.000000 0.000000 -nan 0.000000
2256 887 -1 -1 0 0 0 0 0.000000 0.000000 0.000000 -nan 0.000000
2257 888 -1 -1 0 0 0 0 0.000000 0.000000 0.000000 -nan 0.000000
2258 889 -1 -1 0 0 0 0 0.000000 0.000000 0.000000 -nan 0.000000
2259 890 -1 -1 0 0 0 0 0.000000 0.000000 0.000000 -nan 0.000000
2260 891 -1 -1 0 0 0 0 0.000000 0.000000 0.000000 -nan 0.000000
2261 892 -1 -1 0 0 0 0 0.000000 0.000000 0.000000 -nan 0.000000
2262 893 -1 -1 0 0 0 0 0.000000 0.000000 0.000000 -nan 0.000000
2263 894 -1 -1 0 0 0 0 0.000000 0.000000 0.000000 -nan 0.000000
2264 895 -1 -1 0 0 0 0 0.000000 0.000000 0.000000 -nan 0.000000
2265 896 -1 -1 0 0 0 0 0.000000 0.000000 0.000000 -nan 0.000000
2266 897 -1 -1 0 0 0 0 0.000000 0.000000 0.000000 -nan 0.000000
2267 898 -1 -1 0 0 0 0 0.000000 0.000000 0.000000 -nan 0.000000
2268 899 -1 -1 0 0 0 0 0.000000 0.000000 0.000000 -nan 0.000000
2316 900 -1 -1 0 0 0 0 0.000000 0.000000 0.000000 -nan 0.000000
2317 901 -1 -1 0 0 0 0 0.000000 0.000000 0.000000 -nan 0.000000
2318 902 -1 -1 0 0 0 0 0.000000 0.000000 0.000000 -nan 0.000000
2319 903 -1 -1 0 0 0 0 0.000000 0.000000 0.000000 -nan 0.000000
2320 904 -1 -1 0 0 0 0 0.000000 0.000000 0.000000 -nan 0.000000
2321 905 -1 -1 0 0 0 0 0.000000 0.000000 0.000000 -nan 0.000000
2322 906 -1 -1 0 0 0 0 0.000000 0.000000 0.000000 -nan 0.000000
2323 907 -1 -1 0 0 0 0 0.000000 0.000000 0.000000 -nan 0.000000
2324 908 -1 -1 0 0 0 0 0.000000 0.000000 0.000000 -nan 0.000000
2325 909 -1 -1 0 0 0 0 0.000000 0.000000 0.000000 -nan 0.000000
2326 910 -1 -1 0 0 0 0 0.000000 0.000000 0.000000 -nan 0.000000
2327 911 -1 -1 0 0 0 0 0.000000 0.000000 0.000000 -nan 0.000000
2328 912 -1 -1 0 0 0 0 0.000000 0.000000 0.000000 -nan 0.000000
2329 913 -1 -1 0 0 0 0 0.000000 0.000000 0.000000 -nan 0.000000
2330 914 -1 -1 0 0 0 0 0.000000 0.000000 0.000000 -nan 0.000000
2331 915 -1 -1 0 0 0 0 0.000000 0.000000 0.000000 -nan 0.000000
2332 916 -1 -1 0 0 0 0 0.000000 0.000000 0.000000 -nan 0.000000
2333 917 -1 -1 0 0 0 0 0.000000 0.000000 0.000000 -nan 0.000000
2334 918 -1 -1 0 0 0 0 0.000000 0.000000 0.000000 -nan 0.000000
2335 919 -1 -1 0 0 0 0 0.000000 0.000000 0.000000 -nan 0.000000
2336 920 -1 -1 0 0 0 0 0.000000 0.000000 0.000000 -nan 0.000000
2337 921 -1 -1 0 0 0 0 0.000000 0.000000 0.000000 -nan 0.000000
2338 922 -1 -1 0 0 0 0 0.000000 0.000000 0.000000 -nan 0.000000
2339 923 -1 -1 0 0 0 0 0.000000 0.000000 0.000000 -nan 0.000000
2340 924 -1 -1 0 0 0 0 0.000000 0.000000 0.000000 -nan 0.000000
2341 925 -1 -1 0 0 0 0 0.000000 0.000000 0.000000 -nan 0.000000
2342 926 -1 -1 0 0 0 0 0.000000 0.000000 0.000000 -nan 0.000000
2343 927 -1 -1 0 0 0 0 0.000000 0.000000 0.000000 -nan 0.000000
2344 928 -1 -1 0 0 0 0 0.000000 0.000000 0.000000 -nan 0.000000
2345 929 -1 -1 0 0 0 0 0.000000 0.000000 0.000000 -nan 0.000000
2393 930 -1 -1 0 0 0 0 0.000000 0.000000 0.000000 -nan 0.000000
2394 931 -1 -1 0 0 0 0 0.000000 0.000000 0.000000 -nan 0.000000
2395 932 -1 -1 0 0 0 0 0.000000 0.000000 0.000000 -nan 0.000000
2396 933 -1 -1 0 0 0 0 0.000000 0.000000 0.000000 -nan 0.000000
2397 934 -1 -1 0 0 0 0 0.000000 0.000000 0.000000 -nan 0.000000
2398 935 -1 -1 0 0 0 0 0.000000 0.000000 0.000000 -nan 0.000000
2399 936 -1 -1 0 0 0 0 0.000000 0.000000 0.000000 -nan 0.000000
2400 937 -1 -1 0 0 0 0 0.000000 0.000000 0.000000 -nan 0.000000
2401 938 -1 -1 0 0 0 0 0.000000 0.000000 0.000000 -nan 0.000000
2402 939 -1 -1 0 0 0 0 0.000000 0.000000 0.000000 -nan 0.000000
2403 940 -1 -1 0 0 0 0 0.000000 0.000000 0.000000 -nan 0.000000
2404 941 -1 -1 0 0 0 0 0.000000 0.000000 0.000000 -nan 0.000000
2405 942 -1 -1 0 0 0 0 0.000000 0.000000 0.000000 -nan 0.000000
2406 943 -1 -1 0 0 0 0 0.000000 0.000000 0.000000 -nan 0.000000
2407 944 -1 -1 0 0 0 0 0.000000 0.000000 0.000000 -nan 0.000000
2408 945 -1 -1 0 0 0 0 0.000000 0.000000 0.000000 -nan 0.000000
2409 946 -1 -1 0 0 0 0 0.000000 0.000000 0.000000 -nan 0.000000
2410 947 -1 -1 0 0 0 0 0.000000 0.000000 0.000000 -nan 0.000000
2411 948 -1 -1 0 0 0 0 0.000000 0.000000 0.000000 -nan 0.000000
2412 949 -1 -1 0 0 0 0 0.000000 0.000000 0.000000 -nan 0.000000
2413 950 -1 -1 0 0 0 0 0.000000 0.000000 0.000000 -nan 0.000000
2414 951 -1 -1 0 0 0 0 0.000000 0.000000 0.000000 -nan 0.000000
2415 952 -1 -1 0 0 0 0 0.000000 0.000000 0.000000 -nan 0.000000
2416 953 -1 -1 0 0 0 0 0.000000 0.000000 0.000000 -nan 0.000000
2417 954 -1 -1 0 0 0 0 0.000000 0.000000 0.000000 -nan 0.000000
2418 955 -1 -1 0 0 0 0 0.000000 0.000000 0.000000 -nan 0.000000
2419 956 -1 -1 0 0 0 0 0.000000 0.000000 0.000000 -nan 0.000000
2420 957 -1 -1 0 0 0 0 0.000000 0.000000 0.000000 -nan 0.000000
2421 958 -1 -1 0 0 0 0 0.000000 0.000000 0.000000 -nan 0.000000
2422 959 -1 -1 0 0 0 0 0.000000 0.000000 0.000000 -nan 0.000000
2470 960 -1 -1 0 0 0 0 0.000000 0.000000 0.000000 -nan 0.000000
2471 961 -1 -1 0 0 0 0 0.000000 0.000000 0.000000 -nan 0.000000
2472 962 -1 -1 0 0 0 0 0.000000 0.000000 0.000000 -nan 0.000000
2473 963 -1 -1 0 0 0 0 0.000000 0.000000 0.000000 -nan 0.000000
2474 964 -1 -1 0 0 0 0 0.000000 0.000000 0.000000 -nan 0.000000
2475 965 -1 -1 0 0 0 0 0.000000 0.000000 0.000000 -nan 0.000000
2476 966 -1 -1 0 0 0 0 0.000000 0.000000 0.000000 -nan 0.000000
2477 967 -1 -1 0 0 0 0 0.000000 0.000000 0.000000 -nan 0.000000
2478 968 -1 -1 0 0 0 0 0.000000 0.000000 0.000000 -nan 0.000000
2479 969 -1 -1 0 0 0 0 0.000000 0.000000 0.000000 -nan 0.000000
2480 970 -1 -1 0 0 0 0 0.000000 0.000000 0.000000 -nan 0.000000
2481 971 -1 -1 0 0 0 0 0.000000 0.000000 0.000000 -nan 0.000000
2482 972 -1 -1 0 0 0 0 0.000000 0.000000 0.000000 -nan 0.000000
2483 973 -1 -1 0 0 0 0 0.000000 0.000000 0.000000 -nan 0.000000
2484 974 -1 -1 0 0 0 0 0.000000 0.000000 0.000000 -nan 0.000000
2485 975 -1 -1 0 0 0 0 0.000000 0.000000 0.000000 -nan 0.000000
2486 976 -1 -1 0 0 0 0 0.000000 0.000000 0.000000 -nan 0.000000
2487 977 -1 -1 0 0 0 0 0.000000 0.000000 0.000000 -nan 0.000000
2488 978 -1 -1 0 0 0 0 0.000000 0.000000 0.000000 -nan 0.000000
2489 979 -1 -1 0 0 0 0 0.000000 0.000000 0.000000 -nan 0.000000
2490 980 -1 -1 0 0 0 0 0.000000 0.000000 0.000000 -nan 0.000000
2491 981 -1 -1 0 0 0 0 0.000000 0.000000 0.000000 -nan 0.000000
2492 982 -1 -1 0 0 0 0 0.000000 0.000000 0.000000 -nan 0.000000
2493 983 -1 -1 0 0 0 0 0.000000 0.000000 0.000000 -nan 0.000000
2494 984 -1 -1 0 0 0 0 0.000000 0.000000 0.000000 -nan 0.000000
2495 985 -1 -1 0 0 0 0 0.000000 0.000000 0.000000 -nan 0.000000
2496 986 -1 -1 0 0 0 0 0.000000 0.000000 0.000000 -nan 0.000000
2497 987 -1 -1 0 0 0 0 0.000000 0.000000 0.000000 -nan 0.000000
2498 988 -1 -1 0 0 0 0 0.000000 0.000000 0.000000 -nan 0.000000
2499 989 -1 -1 0 0 0 0 0.000000 0.000000 0.000000 -nan 0.000000