# Format <LP id> <Terminal ID> <Total Data Sent> <Total Data Received> <Avg packet latency> <Max packet Latency> <Min packet Latency> <# Packets finished> <Avg Hops> <Avg Busy Time (over rails)>
37 0 0 0 -nan 0.000000 2147483647.000000 0 -nan 0.000000
38 1 0 0 -nan 0.000000 2147483647.000000 0 -nan 0.000000
39 2 166666794 21504 1441.203190 1463.760385 1441.053854 168 2.000000 19052263.450507
40 3 166666794 21504 1441.478685 1476.789098 1441.053854 168 2.000000 19048028.435633
41 4 166666794 21504 1450.983190 1875.978326 1441.053854 168 2.000000 19052263.879625
42 5 0 0 -nan 0.000000 2147483647.000000 0 -nan 0.000000
43 6 0 0 -nan 0.000000 2147483647.000000 0 -nan 0.000000
44 7 166666794 21504 1441.482621 1477.083068 1441.053854 168 2.000000 19048028.435641
45 8 166666794 21504 1454.825840 2037.498271 1441.053854 168 2.000000 19052263.740827
46 9 0 0 -nan 0.000000 2147483647.000000 0 -nan 0.000000
47 10 0 0 -nan 0.000000 2147483647.000000 0 -nan 0.000000
48 11 166666794 21504 1441.478685 1476.789098 1441.053854 168 2.000000 19070666.720649
49 12 0 0 -nan 0.000000 2147483647.000000 0 -nan 0.000000
50 13 0 0 -nan 0.000000 2147483647.000000 0 -nan 0.000000
51 14 0 0 -nan 0.000000 2147483647.000000 0 -nan 0.000000
52 15 166666794 21504 1441.481106 1476.953596 1441.053854 168 2.000000 18362518.127019
53 16 0 0 -nan 0.000000 2147483647.000000 0 -nan 0.000000
54 17 0 0 -nan 0.000000 2147483647.000000 0 -nan 0.000000
55 18 0 0 -nan 0.000000 2147483647.000000 0 -nan 0.000000
56 19 166666794 21504 1441.481106 1476.953596 1441.053854 168 2.000000 18353060.983473
57 20 0 0 -nan 0.000000 2147483647.000000 0 -nan 0.000000
58 21 166666794 21504 1455.854015 2080.859643 1441.053854 168 2.000000 19748662.110318
59 22 166666794 21504 1441.486244 1477.413268 1441.053854 168 2.000000 19741519.962112
60 23 166666794 21504 1471.243095 2726.957125 1441.053854 168 2.000000 19755804.295179
61 24 0 0 -nan 0.000000 2147483647.000000 0 -nan 0.000000
62 25 0 0 -nan 0.000000 2147483647.000000 0 -nan 0.000000
63 26 0 0 -nan 0.000000 2147483647.000000 0 -nan 0.000000
64 27 0 0 -nan 0.000000 2147483647.000000 0 -nan 0.000000
65 28 0 0 -nan 0.000000 2147483647.000000 0 -nan 0.000000
66 29 0 0 -nan 0.000000 2147483647.000000 0 -nan 0.000000
67 30 107520 833333970 9260.398896 21114.091532 1441.053854 204170 2.000000 174.935644
68 31 129024 1000000764 9234.526981 15402.797936 1441.053854 245004 2.000000 349.328159
114 32 166666794 21504 1441.484265 1477.211493 1441.053854 168 2.000000 19379676.434378
115 33 166666794 21504 1454.824323 2037.109582 1441.053854 168 2.000000 19356632.863173
116 34 0 0 -nan 0.000000 2147483647.000000 0 -nan 0.000000
117 35 0 0 -nan 0.000000 2147483647.000000 0 -nan 0.000000
118 36 0 0 -nan 0.000000 2147483647.000000 0 -nan 0.000000
119 37 0 0 -nan 0.000000 2147483647.000000 0 -nan 0.000000
120 38 166666794 21504 1441.204198 1463.760385 1441.053854 168 2.000000 19357577.793408
121 39 166666794 21504 1441.484265 1477.211493 1441.053854 168 2.000000 19352229.718039
122 40 0 0 -nan 0.000000 2147483647.000000 0 -nan 0.000000
123 41 166666794 21504 1450.984737 1876.231339 1441.053854 168 2.000000 19357304.974998
124 42 166666794 21504 1441.477071 1476.524996 1441.053854 168 2.000000 19351718.560121
125 43 0 0 -nan 0.000000 2147483647.000000 0 -nan 0.000000
126 44 166666794 21504 1456.997961 2112.619822 1441.053854 168 2.000000 20338161.189862
127 45 0 0 -nan 0.000000 2147483647.000000 0 -nan 0.000000
128 46 166666794 21504 1441.444141 1463.760385 1441.053854 168 2.000000 19948561.025856
129 47 166666794 21504 1441.484699 1477.129835 1441.053854 168 2.000000 20274759.291420
130 48 0 0 -nan 0.000000 2147483647.000000 0 -nan 0.000000
131 49 166666794 21504 1441.484699 1477.129835 1441.053854 168 2.000000 19799074.177247
132 50 166666794 21504 1449.964653 1833.287892 1441.053854 168 2.000000 19806216.137669
133 51 166666794 21504 1469.199557 2641.308281 1441.053854 168 2.000000 19813119.395062
134 52 166666794 21504 1441.485147 1477.303039 1441.053854 168 2.000000 18409985.401100
135 53 0 0 -nan 0.000000 2147483647.000000 0 -nan 0.000000
136 54 0 0 -nan 0.000000 2147483647.000000 0 -nan 0.000000
137 55 0 0 -nan 0.000000 2147483647.000000 0 -nan 0.000000
138 56 0 0 -nan 0.000000 2147483647.000000 0 -nan 0.000000
139 57 0 0 -nan 0.000000 2147483647.000000 0 -nan 0.000000
140 58 166666794 21504 1441.485147 1477.303039 1441.053854 168 2.000000 18419927.281062
141 59 0 0 -nan 0.000000 2147483647.000000 0 -nan 0.000000
142 60 0 0 -nan 0.000000 2147483647.000000 0 -nan 0.000000
143 61 0 0 -nan 0.000000 2147483647.000000 0 -nan 0.000000
144 62 129024 1000000764 9324.050527 26937.041964 1441.053854 245004 2.000000 349.389761
145 63 172032 1333334352 9374.659925 27358.647681 1441.053854 326672 2.000000 965.532699
191 64 0 0 -nan 0.000000 2147483647.000000 0 -nan 0.000000
192 65 166666794 21504 1441.480417 1476.903687 1441.053854 168 2.000000 18581446.596261
193 66 0 0 -nan 0.000000 2147483647.000000 0 -nan 0.000000
194 67 0 0 -nan 0.000000 2147483647.000000 0 -nan 0.000000
195 68 166666794 21504 1441.474270 1476.364648 1441.053854 168 2.000000 19268105.261665
196 69 0 0 -nan 0.000000 2147483647.000000 0 -nan 0.000000
197 70 0 0 -nan 0.000000 2147483647.000000 0 -nan 0.000000
198 71 166666794 21504 1450.989535 1876.286651 1441.053854 168 2.000000 19272341.016231
199 72 0 0 -nan 0.000000 2147483647.000000 0 -nan 0.000000
200 73 0 0 -nan 0.000000 2147483647.000000 0 -nan 0.000000
201 74 166666794 21504 1454.812876 2036.586116 1441.053854 168 2.000000 19272431.277070
202 75 166666794 21504 1441.480417 1476.903687 1441.053854 168 2.000000 19268195.362429
203 76 166666794 21504 1441.474270 1476.364648 1441.053854 168 2.000000 18569486.819084
204 77 0 0 -nan 0.000000 2147483647.000000 0 -nan 0.000000
205 78 0 0 -nan 0.000000 2147483647.000000 0 -nan 0.000000
206 79 0 0 -nan 0.000000 2147483647.000000 0 -nan 0.000000
207 80 0 0 -nan 0.000000 2147483647.000000 0 -nan 0.000000
208 81 0 0 -nan 0.000000 2147483647.000000 0 -nan 0.000000
209 82 0 0 -nan 0.000000 2147483647.000000 0 -nan 0.000000
210 83 0 0 -nan 0.000000 2147483647.000000 0 -nan 0.000000
211 84 166666794 21504 1456.870830 2123.294602 1441.053854 168 2.000000 20444333.548888
212 85 166666794 21504 1476.100779 2930.746293 1441.053854 168 2.000000 20451963.624831
213 86 166666794 21504 1441.477421 1476.565226 1441.053854 168 2.000000 20432831.662091
214 87 166666794 21504 1475.677212 2895.234921 1441.053854 168 2.000000 20458379.034360
215 88 166666794 21504 1441.477685 1476.782518 1441.053854 168 2.000000 18381432.414095
216 89 0 0 -nan 0.000000 2147483647.000000 0 -nan 0.000000
217 90 0 0 -nan 0.000000 2147483647.000000 0 -nan 0.000000
218 91 0 0 -nan 0.000000 2147483647.000000 0 -nan 0.000000
219 92 0 0 -nan 0.000000 2147483647.000000 0 -nan 0.000000
220 93 0 0 -nan 0.000000 2147483647.000000 0 -nan 0.000000
221 94 107520 833333970 9426.014594 26927.212174 1441.053854 204170 2.000000 174.185513
222 95 129024 1000000764 9265.103930 21214.996065 1441.053854 245004 2.000000 347.938992
268 96 166666794 21504 1441.483182 1477.139552 1441.053854 168 2.000000 18353060.981757
269 97 0 0 -nan 0.000000 2147483647.000000 0 -nan 0.000000
270 98 0 0 -nan 0.000000 2147483647.000000 0 -nan 0.000000
271 99 0 0 -nan 0.000000 2147483647.000000 0 -nan 0.000000
272 100 0 0 -nan 0.000000 2147483647.000000 0 -nan 0.000000
273 101 0 0 -nan 0.000000 2147483647.000000 0 -nan 0.000000
274 102 0 0 -nan 0.000000 2147483647.000000 0 -nan 0.000000
275 103 0 0 -nan 0.000000 2147483647.000000 0 -nan 0.000000
276 104 166666794 21504 1441.482406 1477.087964 1441.053854 168 2.000000 18353060.981757
277 105 0 0 -nan 0.000000 2147483647.000000 0 -nan 0.000000
278 106 0 0 -nan 0.000000 2147483647.000000 0 -nan 0.000000
279 107 0 0 -nan 0.000000 2147483647.000000 0 -nan 0.000000
280 108 0 0 -nan 0.000000 2147483647.000000 0 -nan 0.000000
281 109 0 0 -nan 0.000000 2147483647.000000 0 -nan 0.000000
282 110 166666794 21504 1441.483182 1477.139552 1441.053854 168 2.000000 18362518.125327
283 111 0 0 -nan 0.000000 2147483647.000000 0 -nan 0.000000
284 112 0 0 -nan 0.000000 2147483647.000000 0 -nan 0.000000
285 113 0 0 -nan 0.000000 2147483647.000000 0 -nan 0.000000
286 114 166666794 21504 1441.481030 1476.849809 1441.053854 168 2.000000 19565692.496444
287 115 166666794 21504 1454.823280 2037.374454 1441.053854 168 2.000000 19570166.284343
288 116 0 0 -nan 0.000000 2147483647.000000 0 -nan 0.000000
289 117 166666794 21504 1441.481030 1476.849809 1441.053854 168 2.000000 18870250.964025
290 118 0 0 -nan 0.000000 2147483647.000000 0 -nan 0.000000
291 119 0 0 -nan 0.000000 2147483647.000000 0 -nan 0.000000
292 120 166666794 21504 1450.984834 1876.009595 1441.053854 168 2.000000 19570361.989277
293 121 0 0 -nan 0.000000 2147483647.000000 0 -nan 0.000000
294 122 0 0 -nan 0.000000 2147483647.000000 0 -nan 0.000000
295 123 166666794 21504 1441.479360 1476.929809 1441.053854 168 2.000000 19565888.075349
296 124 166666794 21504 591.738319 591.738319 591.738319 168 1.000000 232389.589587
297 125 166666794 21504 591.738319 591.738319 591.738319 168 1.000000 229042.392333
298 126 150528 1166667558 7020.025055 535669.416260 591.738319 285838 1.714286 174.263432
299 127 64512 500000382 9096.008238 9589.555919 1441.053854 122502 2.000000 0.000000
345 128 0 0 -nan 0.000000 2147483647.000000 0 -nan 0.000000
346 129 166666794 21504 1441.480362 1477.004903 1441.053854 168 2.000000 18362518.126650
347 130 0 0 -nan 0.000000 2147483647.000000 0 -nan 0.000000
348 131 0 0 -nan 0.000000 2147483647.000000 0 -nan 0.000000
349 132 0 0 -nan 0.000000 2147483647.000000 0 -nan 0.000000
350 133 166666794 21504 1441.480362 1477.004903 1441.053854 168 2.000000 18353060.983114
351 134 0 0 -nan 0.000000 2147483647.000000 0 -nan 0.000000
352 135 0 0 -nan 0.000000 2147483647.000000 0 -nan 0.000000
353 136 0 0 -nan 0.000000 2147483647.000000 0 -nan 0.000000
354 137 0 0 -nan 0.000000 2147483647.000000 0 -nan 0.000000
355 138 166666794 21504 1441.476162 1476.695211 1441.053854 168 2.000000 19048028.434679
356 139 166666794 21504 1455.843933 2080.141586 1441.053854 168 2.000000 19052263.874661
357 140 0 0 -nan 0.000000 2147483647.000000 0 -nan 0.000000
358 141 0 0 -nan 0.000000 2147483647.000000 0 -nan 0.000000
359 142 0 0 -nan 0.000000 2147483647.000000 0 -nan 0.000000
360 143 0 0 -nan 0.000000 2147483647.000000 0 -nan 0.000000
361 144 166666794 21504 1441.479406 1476.972137 1441.053854 168 2.000000 19741519.962498
362 145 0 0 -nan 0.000000 2147483647.000000 0 -nan 0.000000
363 146 166666794 21504 1454.823184 2037.305248 1441.053854 168 2.000000 19748661.663636
364 147 166666794 21504 1455.571224 2067.206760 1441.053854 168 2.000000 19755804.088427
365 148 166666794 21504 1441.479406 1476.972137 1441.053854 168 2.000000 18362518.127435
366 149 0 0 -nan 0.000000 2147483647.000000 0 -nan 0.000000
367 150 0 0 -nan 0.000000 2147483647.000000 0 -nan 0.000000
368 151 0 0 -nan 0.000000 2147483647.000000 0 -nan 0.000000
369 152 0 0 -nan 0.000000 2147483647.000000 0 -nan 0.000000
370 153 0 0 -nan 0.000000 2147483647.000000 0 -nan 0.000000
371 154 166666794 21504 1450.982856 1876.117059 1441.053854 168 2.000000 19052264.193245
372 155 166666794 21504 1441.478910 1476.845738 1441.053854 168 2.000000 19048028.435464
373 156 0 0 -nan 0.000000 2147483647.000000 0 -nan 0.000000
374 157 0 0 -nan 0.000000 2147483647.000000 0 -nan 0.000000
375 158 129024 1000000764 9278.861390 21098.221726 1441.053854 245004 2.000000 348.931857
376 159 86016 666667176 9164.400058 15301.616777 1441.053854 163336 2.000000 160.976037
422 160 0 0 -nan 0.000000 2147483647.000000 0 -nan 0.000000
423 161 166666794 21504 1455.842674 2079.869746 1441.053854 168 2.000000 19052264.237661
424 162 0 0 -nan 0.000000 2147483647.000000 0 -nan 0.000000
425 163 166666794 21504 1441.474904 1476.423372 1441.053854 168 2.000000 19070666.719464
426 164 0 0 -nan 0.000000 2147483647.000000 0 -nan 0.000000
427 165 0 0 -nan 0.000000 2147483647.000000 0 -nan 0.000000
428 166 0 0 -nan 0.000000 2147483647.000000 0 -nan 0.000000
429 167 0 0 -nan 0.000000 2147483647.000000 0 -nan 0.000000
430 168 166666794 21504 1441.482942 1477.031556 1441.053854 168 2.000000 19048028.434456
431 169 0 0 -nan 0.000000 2147483647.000000 0 -nan 0.000000
432 170 166666794 21504 1455.850713 2080.477930 1441.053854 168 2.000000 19052263.689526
433 171 0 0 -nan 0.000000 2147483647.000000 0 -nan 0.000000
434 172 0 0 -nan 0.000000 2147483647.000000 0 -nan 0.000000
435 173 0 0 -nan 0.000000 2147483647.000000 0 -nan 0.000000
436 174 0 0 -nan 0.000000 2147483647.000000 0 -nan 0.000000
437 175 0 0 -nan 0.000000 2147483647.000000 0 -nan 0.000000
438 176 0 0 -nan 0.000000 2147483647.000000 0 -nan 0.000000
439 177 0 0 -nan 0.000000 2147483647.000000 0 -nan 0.000000
440 178 0 0 -nan 0.000000 2147483647.000000 0 -nan 0.000000
441 179 166666794 21504 1441.481714 1477.000805 1441.053854 168 2.000000 18919373.462810
442 180 0 0 -nan 0.000000 2147483647.000000 0 -nan 0.000000
443 181 0 0 -nan 0.000000 2147483647.000000 0 -nan 0.000000
444 182 166666794 21504 1441.481714 1477.000805 1441.053854 168 2.000000 19613461.859099
445 183 166666794 21504 1454.828324 2037.640724 1441.053854 168 2.000000 19617936.115966
446 184 0 0 -nan 0.000000 2147483647.000000 0 -nan 0.000000
447 185 0 0 -nan 0.000000 2147483647.000000 0 -nan 0.000000
448 186 166666794 21504 1441.479998 1477.011011 1441.053854 168 2.000000 19613987.937158
449 187 166666794 21504 1450.981112 1875.975524 1441.053854 168 2.000000 19618462.095712
450 188 166666794 21504 591.738319 591.738319 591.738319 168 1.000000 0.000000
451 189 0 0 -nan 0.000000 2147483647.000000 0 -nan 0.000000
452 190 129024 1000000764 8000.316431 302839.105338 591.738319 245004 1.833333 174.416263
453 191 86016 666667176 9233.646393 15301.624033 1441.053854 163336 2.000000 160.825651
499 192 0 0 -nan 0.000000 2147483647.000000 0 -nan 0.000000
500 193 0 0 -nan 0.000000 2147483647.000000 0 -nan 0.000000
501 194 0 0 -nan 0.000000 2147483647.000000 0 -nan 0.000000
502 195 0 0 -nan 0.000000 2147483647.000000 0 -nan 0.000000
503 196 0 0 -nan 0.000000 2147483647.000000 0 -nan 0.000000
504 197 166666794 21504 1441.480011 1476.978217 1441.053854 168 2.000000 18362518.125625
505 198 0 0 -nan 0.000000 2147483647.000000 0 -nan 0.000000
506 199 0 0 -nan 0.000000 2147483647.000000 0 -nan 0.000000
507 200 0 0 -nan 0.000000 2147483647.000000 0 -nan 0.000000
508 201 0 0 -nan 0.000000 2147483647.000000 0 -nan 0.000000
509 202 0 0 -nan 0.000000 2147483647.000000 0 -nan 0.000000
510 203 0 0 -nan 0.000000 2147483647.000000 0 -nan 0.000000
511 204 0 0 -nan 0.000000 2147483647.000000 0 -nan 0.000000
512 205 0 0 -nan 0.000000 2147483647.000000 0 -nan 0.000000
513 206 166666794 21504 1441.485645 1477.384591 1441.053854 168 2.000000 19431068.319159
514 207 166666794 21504 1450.970812 1875.578860 1441.053854 168 2.000000 19339111.539260
515 208 0 0 -nan 0.000000 2147483647.000000 0 -nan 0.000000
516 209 0 0 -nan 0.000000 2147483647.000000 0 -nan 0.000000
517 210 0 0 -nan 0.000000 2147483647.000000 0 -nan 0.000000
518 211 166666794 21504 1441.484274 1477.144258 1441.053854 168 2.000000 18474208.077148
519 212 166666794 21504 1441.477706 1476.711384 1441.053854 168 2.000000 18484379.341382
520 213 0 0 -nan 0.000000 2147483647.000000 0 -nan 0.000000
521 214 0 0 -nan 0.000000 2147483647.000000 0 -nan 0.000000
522 215 0 0 -nan 0.000000 2147483647.000000 0 -nan 0.000000
523 216 0 0 -nan 0.000000 2147483647.000000 0 -nan 0.000000
524 217 0 0 -nan 0.000000 2147483647.000000 0 -nan 0.000000
525 218 166666794 21504 1454.825833 2037.332735 1441.053854 168 2.000000 19175610.238278
526 219 166666794 21504 1441.484274 1477.144258 1441.053854 168 2.000000 19171374.292355
527 220 0 0 -nan 0.000000 2147483647.000000 0 -nan 0.000000
528 221 0 0 -nan 0.000000 2147483647.000000 0 -nan 0.000000
529 222 107520 833333970 9241.195673 19307.647433 1441.053854 204170 2.000000 174.259864
530 223 43008 333333588 9191.868769 15301.502010 1441.053854 81668 2.000000 0.000000
576 224 0 0 -nan 0.000000 2147483647.000000 0 -nan 0.000000
577 225 0 0 -nan 0.000000 2147483647.000000 0 -nan 0.000000
578 226 0 0 -nan 0.000000 2147483647.000000 0 -nan 0.000000
579 227 166666794 21504 1441.482630 1476.974358 1441.053854 168 2.000000 18353060.981757
580 228 0 0 -nan 0.000000 2147483647.000000 0 -nan 0.000000
581 229 0 0 -nan 0.000000 2147483647.000000 0 -nan 0.000000
582 230 0 0 -nan 0.000000 2147483647.000000 0 -nan 0.000000
583 231 166666794 21504 1441.482608 1476.932679 1441.053854 168 2.000000 18353060.981757
584 232 0 0 -nan 0.000000 2147483647.000000 0 -nan 0.000000
585 233 0 0 -nan 0.000000 2147483647.000000 0 -nan 0.000000
586 234 166666794 21504 1441.482608 1476.932679 1441.053854 168 2.000000 18362518.125327
587 235 0 0 -nan 0.000000 2147483647.000000 0 -nan 0.000000
588 236 0 0 -nan 0.000000 2147483647.000000 0 -nan 0.000000
589 237 0 0 -nan 0.000000 2147483647.000000 0 -nan 0.000000
590 238 0 0 -nan 0.000000 2147483647.000000 0 -nan 0.000000
591 239 166666794 21504 1441.482851 1477.090676 1441.053854 168 2.000000 18918894.983401
592 240 0 0 -nan 0.000000 2147483647.000000 0 -nan 0.000000
593 241 0 0 -nan 0.000000 2147483647.000000 0 -nan 0.000000
594 242 0 0 -nan 0.000000 2147483647.000000 0 -nan 0.000000
595 243 0 0 -nan 0.000000 2147483647.000000 0 -nan 0.000000
596 244 166666794 21504 1460.708804 2284.580696 1441.053854 168 2.000000 19618176.507567
597 245 166666794 21504 1441.479085 1476.719688 1441.053854 168 2.000000 19613702.923392
598 246 0 0 -nan 0.000000 2147483647.000000 0 -nan 0.000000
599 247 0 0 -nan 0.000000 2147483647.000000 0 -nan 0.000000
600 248 0 0 -nan 0.000000 2147483647.000000 0 -nan 0.000000
601 249 0 0 -nan 0.000000 2147483647.000000 0 -nan 0.000000
602 250 166666794 21504 1441.479085 1476.719688 1441.053854 168 2.000000 18918461.016978
603 251 0 0 -nan 0.000000 2147483647.000000 0 -nan 0.000000
604 252 0 0 -nan 0.000000 2147483647.000000 0 -nan 0.000000
605 253 166666794 21504 591.738319 591.738319 591.738319 168 1.000000 0.000000
606 254 107520 833333970 7703.632152 302873.047870 591.738319 204170 1.800000 161.337285
607 255 64512 500000382 9096.004734 9589.871932 1441.053854 122502 2.000000 0.000000
653 256 0 0 -nan 0.000000 2147483647.000000 0 -nan 0.000000
654 257 0 0 -nan 0.000000 2147483647.000000 0 -nan 0.000000
655 258 0 0 -nan 0.000000 2147483647.000000 0 -nan 0.000000
656 259 166666794 21504 1441.477728 1476.576661 1441.053854 168 2.000000 18581403.081221
657 260 0 0 -nan 0.000000 2147483647.000000 0 -nan 0.000000
658 261 0 0 -nan 0.000000 2147483647.000000 0 -nan 0.000000
659 262 166666794 21504 1441.477728 1476.576661 1441.053854 168 2.000000 18569520.272224
660 263 0 0 -nan 0.000000 2147483647.000000 0 -nan 0.000000
661 264 0 0 -nan 0.000000 2147483647.000000 0 -nan 0.000000
662 265 166666794 21504 1441.479352 1476.757391 1441.053854 168 2.000000 19268160.350020
663 266 0 0 -nan 0.000000 2147483647.000000 0 -nan 0.000000
664 267 166666794 21504 1449.959306 1832.915447 1441.053854 168 2.000000 19272395.701108
665 268 0 0 -nan 0.000000 2147483647.000000 0 -nan 0.000000
666 269 0 0 -nan 0.000000 2147483647.000000 0 -nan 0.000000
667 270 166666794 21504 1441.479352 1476.757391 1441.053854 168 2.000000 18568609.938977
668 271 0 0 -nan 0.000000 2147483647.000000 0 -nan 0.000000
669 272 0 0 -nan 0.000000 2147483647.000000 0 -nan 0.000000
670 273 0 0 -nan 0.000000 2147483647.000000 0 -nan 0.000000
671 274 166666794 21504 1441.477780 1476.813447 1441.053854 168 2.000000 18362518.125517
672 275 0 0 -nan 0.000000 2147483647.000000 0 -nan 0.000000
673 276 166666794 21504 1441.477183 1476.634798 1441.053854 168 2.000000 18353060.981947
674 277 0 0 -nan 0.000000 2147483647.000000 0 -nan 0.000000
675 278 0 0 -nan 0.000000 2147483647.000000 0 -nan 0.000000
676 279 0 0 -nan 0.000000 2147483647.000000 0 -nan 0.000000
677 280 0 0 -nan 0.000000 2147483647.000000 0 -nan 0.000000
678 281 0 0 -nan 0.000000 2147483647.000000 0 -nan 0.000000
679 282 0 0 -nan 0.000000 2147483647.000000 0 -nan 0.000000
680 283 0 0 -nan 0.000000 2147483647.000000 0 -nan 0.000000
681 284 0 0 -nan 0.000000 2147483647.000000 0 -nan 0.000000
682 285 0 0 -nan 0.000000 2147483647.000000 0 -nan 0.000000
683 286 43008 333333588 9095.120983 9488.342025 1441.053854 81668 2.000000 0.000000
684 287 107520 833333970 9233.577952 21248.523678 1441.053854 204170 2.000000 173.995169
730 288 0 0 -nan 0.000000 2147483647.000000 0 -nan 0.000000
731 289 0 0 -nan 0.000000 2147483647.000000 0 -nan 0.000000
732 290 0 0 -nan 0.000000 2147483647.000000 0 -nan 0.000000
733 291 0 0 -nan 0.000000 2147483647.000000 0 -nan 0.000000
734 292 166666794 21504 1441.473127 1476.242553 1441.053854 168 2.000000 18371975.269957
735 293 0 0 -nan 0.000000 2147483647.000000 0 -nan 0.000000
736 294 0 0 -nan 0.000000 2147483647.000000 0 -nan 0.000000
737 295 0 0 -nan 0.000000 2147483647.000000 0 -nan 0.000000
738 296 0 0 -nan 0.000000 2147483647.000000 0 -nan 0.000000
739 297 166666794 21504 1441.475701 1476.681583 1441.053854 168 2.000000 19741519.961496
740 298 166666794 21504 1475.066201 2887.151687 1441.053854 168 2.000000 19755804.161044
741 299 166666794 21504 1455.843472 2080.127958 1441.053854 168 2.000000 19748662.443109
742 300 0 0 -nan 0.000000 2147483647.000000 0 -nan 0.000000
743 301 0 0 -nan 0.000000 2147483647.000000 0 -nan 0.000000
744 302 0 0 -nan 0.000000 2147483647.000000 0 -nan 0.000000
745 303 166666794 21504 1441.477039 1476.587911 1441.053854 168 2.000000 18353060.983114
746 304 166666794 21504 1441.481067 1477.002433 1441.053854 168 2.000000 18362518.126650
747 305 0 0 -nan 0.000000 2147483647.000000 0 -nan 0.000000
748 306 0 0 -nan 0.000000 2147483647.000000 0 -nan 0.000000
749 307 0 0 -nan 0.000000 2147483647.000000 0 -nan 0.000000
750 308 0 0 -nan 0.000000 2147483647.000000 0 -nan 0.000000
751 309 166666794 21504 1441.477039 1476.587911 1441.053854 168 2.000000 19048028.434679
752 310 0 0 -nan 0.000000 2147483647.000000 0 -nan 0.000000
753 311 166666794 21504 1454.816593 2037.094543 1441.053854 168 2.000000 19052263.936865
754 312 0 0 -nan 0.000000 2147483647.000000 0 -nan 0.000000
755 313 0 0 -nan 0.000000 2147483647.000000 0 -nan 0.000000
756 314 0 0 -nan 0.000000 2147483647.000000 0 -nan 0.000000
757 315 0 0 -nan 0.000000 2147483647.000000 0 -nan 0.000000
758 316 0 0 -nan 0.000000 2147483647.000000 0 -nan 0.000000
759 317 0 0 -nan 0.000000 2147483647.000000 0 -nan 0.000000
760 318 86016 666667176 9164.015565 15161.880861 1441.053854 163336 2.000000 161.231917
761 319 86016 666667176 9301.260587 20919.050925 1441.053854 163336 2.000000 160.146424
807 320 0 0 -nan 0.000000 2147483647.000000 0 -nan 0.000000
808 321 166666794 21504 1441.478739 1476.825546 1441.053854 168 2.000000 19268148.997164
809 322 0 0 -nan 0.000000 2147483647.000000 0 -nan 0.000000
810 323 166666794 21504 1449.958693 1832.983602 1441.053854 168 2.000000 19272384.679684
811 324 0 0 -nan 0.000000 2147483647.000000 0 -nan 0.000000
812 325 166666794 21504 1455.850143 2080.553678 1441.053854 168 2.000000 19272388.291265
813 326 166666794 21504 1441.482373 1477.107303 1441.053854 168 2.000000 19268152.321420
814 327 0 0 -nan 0.000000 2147483647.000000 0 -nan 0.000000
815 328 0 0 -nan 0.000000 2147483647.000000 0 -nan 0.000000
816 329 166666794 21504 1441.478739 1476.825546 1441.053854 168 2.000000 18569291.363583
817 330 0 0 -nan 0.000000 2147483647.000000 0 -nan 0.000000
818 331 0 0 -nan 0.000000 2147483647.000000 0 -nan 0.000000
819 332 166666794 21504 1441.482373 1477.107303 1441.053854 168 2.000000 18581403.296990
820 333 0 0 -nan 0.000000 2147483647.000000 0 -nan 0.000000
821 334 0 0 -nan 0.000000 2147483647.000000 0 -nan 0.000000
822 335 0 0 -nan 0.000000 2147483647.000000 0 -nan 0.000000
823 336 0 0 -nan 0.000000 2147483647.000000 0 -nan 0.000000
824 337 0 0 -nan 0.000000 2147483647.000000 0 -nan 0.000000
825 338 166666794 21504 1441.480447 1476.824311 1441.053854 168 2.000000 18918700.822550
826 339 0 0 -nan 0.000000 2147483647.000000 0 -nan 0.000000
827 340 0 0 -nan 0.000000 2147483647.000000 0 -nan 0.000000
828 341 166666794 21504 1441.474267 1476.389701 1441.053854 168 2.000000 18918896.494925
829 342 0 0 -nan 0.000000 2147483647.000000 0 -nan 0.000000
830 343 0 0 -nan 0.000000 2147483647.000000 0 -nan 0.000000
831 344 166666794 21504 1460.706551 2284.145653 1441.053854 168 2.000000 19618177.527657
832 345 0 0 -nan 0.000000 2147483647.000000 0 -nan 0.000000
833 346 0 0 -nan 0.000000 2147483647.000000 0 -nan 0.000000
834 347 166666794 21504 1441.480447 1476.824311 1441.053854 168 2.000000 19613703.178172
835 348 0 0 -nan 0.000000 2147483647.000000 0 -nan 0.000000
836 349 166666794 21504 591.738319 591.738319 591.738319 168 1.000000 0.000000
837 350 107520 833333970 7703.632044 302873.302650 591.738319 204170 1.800000 161.015453
838 351 129024 1000000764 9265.074651 21043.632712 1441.053854 245004 2.000000 349.082433
884 352 0 0 -nan 0.000000 2147483647.000000 0 -nan 0.000000
885 353 166666794 21504 1441.478840 1476.870801 1441.053854 168 2.000000 19070666.718512
886 354 166666794 21504 1460.711990 2284.766237 1441.053854 168 2.000000 19052264.014942
887 355 0 0 -nan 0.000000 2147483647.000000 0 -nan 0.000000
888 356 0 0 -nan 0.000000 2147483647.000000 0 -nan 0.000000
889 357 0 0 -nan 0.000000 2147483647.000000 0 -nan 0.000000
890 358 0 0 -nan 0.000000 2147483647.000000 0 -nan 0.000000
891 359 0 0 -nan 0.000000 2147483647.000000 0 -nan 0.000000
892 360 0 0 -nan 0.000000 2147483647.000000 0 -nan 0.000000
893 361 0 0 -nan 0.000000 2147483647.000000 0 -nan 0.000000
894 362 0 0 -nan 0.000000 2147483647.000000 0 -nan 0.000000
895 363 0 0 -nan 0.000000 2147483647.000000 0 -nan 0.000000
896 364 0 0 -nan 0.000000 2147483647.000000 0 -nan 0.000000
897 365 0 0 -nan 0.000000 2147483647.000000 0 -nan 0.000000
898 366 0 0 -nan 0.000000 2147483647.000000 0 -nan 0.000000
899 367 166666794 21504 1441.475967 1476.427430 1441.053854 168 2.000000 19088920.390396
900 368 0 0 -nan 0.000000 2147483647.000000 0 -nan 0.000000
901 369 166666794 21504 1441.477304 1476.636656 1441.053854 168 2.000000 19788300.487054
902 370 166666794 21504 1449.957258 1832.794713 1441.053854 168 2.000000 19792535.581441
903 371 0 0 -nan 0.000000 2147483647.000000 0 -nan 0.000000
904 372 166666794 21504 1441.477304 1476.636656 1441.053854 168 2.000000 19788530.355551
905 373 0 0 -nan 0.000000 2147483647.000000 0 -nan 0.000000
906 374 166666794 21504 1454.814803 2036.658568 1441.053854 168 2.000000 19792765.113593
907 375 0 0 -nan 0.000000 2147483647.000000 0 -nan 0.000000
908 376 0 0 -nan 0.000000 2147483647.000000 0 -nan 0.000000
909 377 0 0 -nan 0.000000 2147483647.000000 0 -nan 0.000000
910 378 0 0 -nan 0.000000 2147483647.000000 0 -nan 0.000000
911 379 166666794 21504 1441.475967 1476.427430 1441.053854 168 2.000000 19088911.392162
912 380 166666794 21504 591.738319 591.738319 591.738319 168 1.000000 232628.008166
913 381 166666794 21504 591.738319 591.738319 591.738319 168 1.000000 229041.974812
914 382 172032 1333334352 7355.082640 540619.872056 591.738319 326672 1.750000 348.250445
915 383 43008 333333588 9231.807624 15106.178901 1441.053854 81668 2.000000 0.000000
961 384 0 0 -nan 0.000000 2147483647.000000 0 -nan 0.000000
962 385 0 0 -nan 0.000000 2147483647.000000 0 -nan 0.000000
963 386 0 0 -nan 0.000000 2147483647.000000 0 -nan 0.000000
964 387 0 0 -nan 0.000000 2147483647.000000 0 -nan 0.000000
965 388 0 0 -nan 0.000000 2147483647.000000 0 -nan 0.000000
966 389 166666794 21504 1441.484240 1477.075143 1441.053854 168 2.000000 18353060.981757
967 390 0 0 -nan 0.000000 2147483647.000000 0 -nan 0.000000
968 391 0 0 -nan 0.000000 2147483647.000000 0 -nan 0.000000
969 392 0 0 -nan 0.000000 2147483647.000000 0 -nan 0.000000
970 393 0 0 -nan 0.000000 2147483647.000000 0 -nan 0.000000
971 394 166666794 21504 1441.480961 1476.841583 1441.053854 168 2.000000 18353060.981757
972 395 0 0 -nan 0.000000 2147483647.000000 0 -nan 0.000000
973 396 0 0 -nan 0.000000 2147483647.000000 0 -nan 0.000000
974 397 166666794 21504 1441.484240 1477.075143 1441.053854 168 2.000000 18362518.125327
975 398 0 0 -nan 0.000000 2147483647.000000 0 -nan 0.000000
976 399 0 0 -nan 0.000000 2147483647.000000 0 -nan 0.000000
977 400 166666794 21504 1441.201989 1463.760385 1441.053854 168 2.000000 19674531.413690
978 401 0 0 -nan 0.000000 2147483647.000000 0 -nan 0.000000
979 402 166666794 21504 1441.482568 1476.917709 1441.053854 168 2.000000 19670057.786362
980 403 0 0 -nan 0.000000 2147483647.000000 0 -nan 0.000000
981 404 0 0 -nan 0.000000 2147483647.000000 0 -nan 0.000000
982 405 166666794 21504 1441.482568 1476.917709 1441.053854 168 2.000000 19669340.028780
983 406 0 0 -nan 0.000000 2147483647.000000 0 -nan 0.000000
984 407 166666794 21504 1454.817670 2036.870196 1441.053854 168 2.000000 19673814.303923
985 408 0 0 -nan 0.000000 2147483647.000000 0 -nan 0.000000
986 409 0 0 -nan 0.000000 2147483647.000000 0 -nan 0.000000
987 410 166666794 21504 1441.479253 1476.656670 1441.053854 168 2.000000 19669785.085326
988 411 166666794 21504 1450.991875 1876.308614 1441.053854 168 2.000000 19674258.855946
989 412 166666794 21504 591.738319 591.738319 591.738319 168 1.000000 0.000000
990 413 0 0 -nan 0.000000 2147483647.000000 0 -nan 0.000000
991 414 150528 1166667558 8228.533408 302872.427922 591.738319 285838 1.857143 348.245010
992 415 64512 500000382 9096.004514 9589.642734 1441.053854 122502 2.000000 0.000000
1038 416 0 0 -nan 0.000000 2147483647.000000 0 -nan 0.000000
1039 417 166666794 21504 1441.480795 1476.995660 1441.053854 168 2.000000 18633698.480761
1040 418 0 0 -nan 0.000000 2147483647.000000 0 -nan 0.000000
1041 419 0 0 -nan 0.000000 2147483647.000000 0 -nan 0.000000
1042 420 166666794 21504 1441.205242 1463.760385 1441.053854 168 2.000000 19327402.759835
1043 421 0 0 -nan 0.000000 2147483647.000000 0 -nan 0.000000
1044 422 166666794 21504 1441.481687 1477.019080 1441.053854 168 2.000000 19323167.593381
1045 423 0 0 -nan 0.000000 2147483647.000000 0 -nan 0.000000
1046 424 166666794 21504 1454.253896 2001.813937 1441.053854 168 2.000000 20030088.939649
1047 425 166666794 21504 1449.961640 1833.177137 1441.053854 168 2.000000 20023185.467814
1048 426 166666794 21504 1441.481687 1477.019080 1441.053854 168 2.000000 20016043.777067
1049 427 0 0 -nan 0.000000 2147483647.000000 0 -nan 0.000000
1050 428 166666794 21504 1441.480795 1476.995660 1441.053854 168 2.000000 19322884.005356
1051 429 0 0 -nan 0.000000 2147483647.000000 0 -nan 0.000000
1052 430 166666794 21504 1449.960748 1833.153717 1441.053854 168 2.000000 19327119.885455
1053 431 0 0 -nan 0.000000 2147483647.000000 0 -nan 0.000000
1054 432 166666794 21504 1441.480065 1476.720700 1441.053854 168 2.000000 18918656.509134
1055 433 0 0 -nan 0.000000 2147483647.000000 0 -nan 0.000000
1056 434 0 0 -nan 0.000000 2147483647.000000 0 -nan 0.000000
1057 435 0 0 -nan 0.000000 2147483647.000000 0 -nan 0.000000
1058 436 0 0 -nan 0.000000 2147483647.000000 0 -nan 0.000000
1059 437 166666794 21504 1441.477331 1476.561314 1441.053854 168 2.000000 18919406.053041
1060 438 0 0 -nan 0.000000 2147483647.000000 0 -nan 0.000000
1061 439 0 0 -nan 0.000000 2147483647.000000 0 -nan 0.000000
1062 440 0 0 -nan 0.000000 2147483647.000000 0 -nan 0.000000
1063 441 0 0 -nan 0.000000 2147483647.000000 0 -nan 0.000000
1064 442 166666794 21504 1454.815711 2036.817807 1441.053854 168 2.000000 19617947.103775
1065 443 166666794 21504 1441.477331 1476.561314 1441.053854 168 2.000000 19613473.134023
1066 444 166666794 21504 591.738319 591.738319 591.738319 168 1.000000 0.000000
1067 445 0 0 -nan 0.000000 2147483647.000000 0 -nan 0.000000
1068 446 107520 833333970 7703.630644 302643.258501 591.738319 204170 1.800000 160.713961
1069 447 172032 1333334352 9354.836689 28673.027243 1441.053854 326672 2.000000 893.285626
1115 448 0 0 -nan 0.000000 2147483647.000000 0 -nan 0.000000
1116 449 166666794 21504 1441.481947 1477.069872 1441.053854 168 2.000000 18353060.981757
1117 450 0 0 -nan 0.000000 2147483647.000000 0 -nan 0.000000
1118 451 0 0 -nan 0.000000 2147483647.000000 0 -nan 0.000000
1119 452 0 0 -nan 0.000000 2147483647.000000 0 -nan 0.000000
1120 453 0 0 -nan 0.000000 2147483647.000000 0 -nan 0.000000
1121 454 0 0 -nan 0.000000 2147483647.000000 0 -nan 0.000000
1122 455 0 0 -nan 0.000000 2147483647.000000 0 -nan 0.000000
1123 456 0 0 -nan 0.000000 2147483647.000000 0 -nan 0.000000
1124 457 0 0 -nan 0.000000 2147483647.000000 0 -nan 0.000000
1125 458 166666794 21504 1441.481947 1477.069872 1441.053854 168 2.000000 18362518.125327
1126 459 0 0 -nan 0.000000 2147483647.000000 0 -nan 0.000000
1127 460 166666794 21504 1441.484206 1477.037065 1441.053854 168 2.000000 18353060.981757
1128 461 0 0 -nan 0.000000 2147483647.000000 0 -nan 0.000000
1129 462 0 0 -nan 0.000000 2147483647.000000 0 -nan 0.000000
1130 463 0 0 -nan 0.000000 2147483647.000000 0 -nan 0.000000
1131 464 0 0 -nan 0.000000 2147483647.000000 0 -nan 0.000000
1132 465 0 0 -nan 0.000000 2147483647.000000 0 -nan 0.000000
1133 466 166666794 21504 1441.481900 1476.904367 1441.053854 168 2.000000 19048028.433434
1134 467 166666794 21504 1455.849671 2080.350742 1441.053854 168 2.000000 19052264.311003
1135 468 0 0 -nan 0.000000 2147483647.000000 0 -nan 0.000000
1136 469 0 0 -nan 0.000000 2147483647.000000 0 -nan 0.000000
1137 470 0 0 -nan 0.000000 2147483647.000000 0 -nan 0.000000
1138 471 0 0 -nan 0.000000 2147483647.000000 0 -nan 0.000000
1139 472 0 0 -nan 0.000000 2147483647.000000 0 -nan 0.000000
1140 473 166666794 21504 1441.481228 1476.941153 1441.053854 168 2.000000 18362518.125439
1141 474 0 0 -nan 0.000000 2147483647.000000 0 -nan 0.000000
1142 475 0 0 -nan 0.000000 2147483647.000000 0 -nan 0.000000
1143 476 0 0 -nan 0.000000 2147483647.000000 0 -nan 0.000000
1144 477 0 0 -nan 0.000000 2147483647.000000 0 -nan 0.000000
1145 478 64512 500000382 9186.491145 15106.178901 1441.053854 122502 2.000000 0.000000
1146 479 64512 500000382 9096.007439 9589.684771 1441.053854 122502 2.000000 0.000000
1192 480 0 0 -nan 0.000000 2147483647.000000 0 -nan 0.000000
1193 481 0 0 -nan 0.000000 2147483647.000000 0 -nan 0.000000
1194 482 0 0 -nan 0.000000 2147483647.000000 0 -nan 0.000000
1195 483 0 0 -nan 0.000000 2147483647.000000 0 -nan 0.000000
1196 484 166666794 21504 1441.485274 1477.153912 1441.053854 168 2.000000 18353060.981757
1197 485 0 0 -nan 0.000000 2147483647.000000 0 -nan 0.000000
1198 486 0 0 -nan 0.000000 2147483647.000000 0 -nan 0.000000
1199 487 0 0 -nan 0.000000 2147483647.000000 0 -nan 0.000000
1200 488 0 0 -nan 0.000000 2147483647.000000 0 -nan 0.000000
1201 489 0 0 -nan 0.000000 2147483647.000000 0 -nan 0.000000
1202 490 0 0 -nan 0.000000 2147483647.000000 0 -nan 0.000000
1203 491 166666794 21504 1441.478517 1476.634273 1441.053854 168 2.000000 18353060.981757
1204 492 0 0 -nan 0.000000 2147483647.000000 0 -nan 0.000000
1205 493 166666794 21504 1441.485274 1477.153912 1441.053854 168 2.000000 18362518.125327
1206 494 0 0 -nan 0.000000 2147483647.000000 0 -nan 0.000000
1207 495 0 0 -nan 0.000000 2147483647.000000 0 -nan 0.000000
1208 496 166666794 21504 1454.829563 2037.357391 1441.053854 168 2.000000 19617946.689548
1209 497 0 0 -nan 0.000000 2147483647.000000 0 -nan 0.000000
1210 498 0 0 -nan 0.000000 2147483647.000000 0 -nan 0.000000
1211 499 166666794 21504 1441.483516 1477.100191 1441.053854 168 2.000000 19613473.231653
1212 500 0 0 -nan 0.000000 2147483647.000000 0 -nan 0.000000
1213 501 166666794 21504 1441.477975 1476.590682 1441.053854 168 2.000000 18919133.849193
1214 502 0 0 -nan 0.000000 2147483647.000000 0 -nan 0.000000
1215 503 0 0 -nan 0.000000 2147483647.000000 0 -nan 0.000000
1216 504 166666794 21504 1441.483516 1477.100191 1441.053854 168 2.000000 18919168.085350
1217 505 0 0 -nan 0.000000 2147483647.000000 0 -nan 0.000000
1218 506 0 0 -nan 0.000000 2147483647.000000 0 -nan 0.000000
1219 507 0 0 -nan 0.000000 2147483647.000000 0 -nan 0.000000
1220 508 0 0 -nan 0.000000 2147483647.000000 0 -nan 0.000000
1221 509 166666794 21504 591.738319 591.738319 591.738319 168 1.000000 0.000000
1222 510 107520 833333970 7703.630054 302643.356131 591.738319 204170 1.800000 161.362034
1223 511 64512 500000382 9096.013345 9589.912089 1441.053854 122502 2.000000 0.000000
1269 512 0 0 -nan 0.000000 2147483647.000000 0 -nan 0.000000
1270 513 0 0 -nan 0.000000 2147483647.000000 0 -nan 0.000000
1271 514 0 0 -nan 0.000000 2147483647.000000 0 -nan 0.000000
1272 515 0 0 -nan 0.000000 2147483647.000000 0 -nan 0.000000
1273 516 0 0 -nan 0.000000 2147483647.000000 0 -nan 0.000000
1274 517 0 0 -nan 0.000000 2147483647.000000 0 -nan 0.000000
1275 518 166666794 21504 1455.848354 2080.504511 1441.053854 168 2.000000 19052263.383068
1276 519 166666794 21504 1441.480584 1477.058137 1441.053854 168 2.000000 19070666.720059
1277 520 166666794 21504 1441.475716 1476.670520 1441.053854 168 2.000000 19741519.962085
1278 521 166666794 21504 1455.568806 2067.206760 1441.053854 168 2.000000 19755803.731580
1279 522 166666794 21504 1455.843487 2080.116894 1441.053854 168 2.000000 19748661.781031
1280 523 0 0 -nan 0.000000 2147483647.000000 0 -nan 0.000000
1281 524 0 0 -nan 0.000000 2147483647.000000 0 -nan 0.000000
1282 525 0 0 -nan 0.000000 2147483647.000000 0 -nan 0.000000
1283 526 0 0 -nan 0.000000 2147483647.000000 0 -nan 0.000000
1284 527 166666794 21504 1441.477611 1476.678649 1441.053854 168 2.000000 18870442.877086
1285 528 0 0 -nan 0.000000 2147483647.000000 0 -nan 0.000000
1286 529 0 0 -nan 0.000000 2147483647.000000 0 -nan 0.000000
1287 530 0 0 -nan 0.000000 2147483647.000000 0 -nan 0.000000
1288 531 0 0 -nan 0.000000 2147483647.000000 0 -nan 0.000000
1289 532 166666794 21504 1470.210364 2683.416267 1441.053854 168 2.000000 21071292.195952
1290 533 166666794 21504 1475.677213 2895.234921 1441.053854 168 2.000000 21077946.221923
1291 534 166666794 21504 1454.811637 2036.707757 1441.053854 168 2.000000 21063662.270031
1292 535 166666794 21504 1441.474822 1476.523517 1441.053854 168 2.000000 21051922.488497
1293 536 0 0 -nan 0.000000 2147483647.000000 0 -nan 0.000000
1294 537 0 0 -nan 0.000000 2147483647.000000 0 -nan 0.000000
1295 538 166666794 21504 1441.474822 1476.523517 1441.053854 168 2.000000 18870250.264680
1296 539 0 0 -nan 0.000000 2147483647.000000 0 -nan 0.000000
1297 540 166666794 21504 591.738319 591.738319 591.738319 168 1.000000 229042.137901
1298 541 166666794 21504 591.738319 591.738319 591.738319 168 1.000000 232151.171008
1299 542 172032 1333334352 7444.426407 546182.666390 591.738319 326672 1.750000 348.337741
1300 543 107520 833333970 9315.559190 21098.543418 1441.053854 204170 2.000000 174.382276
1346 544 0 0 -nan 0.000000 2147483647.000000 0 -nan 0.000000
1347 545 0 0 -nan 0.000000 2147483647.000000 0 -nan 0.000000
1348 546 166666794 21504 1441.482724 1477.049305 1441.053854 168 2.000000 18362518.126650
1349 547 0 0 -nan 0.000000 2147483647.000000 0 -nan 0.000000
1350 548 0 0 -nan 0.000000 2147483647.000000 0 -nan 0.000000
1351 549 166666794 21504 1460.715639 2284.856709 1441.053854 168 2.000000 19052263.923100
1352 550 0 0 -nan 0.000000 2147483647.000000 0 -nan 0.000000
1353 551 166666794 21504 1441.482724 1477.049305 1441.053854 168 2.000000 19048028.434679
1354 552 166666794 21504 1441.482673 1477.072134 1441.053854 168 2.000000 18353060.983114
1355 553 0 0 -nan 0.000000 2147483647.000000 0 -nan 0.000000
1356 554 0 0 -nan 0.000000 2147483647.000000 0 -nan 0.000000
1357 555 0 0 -nan 0.000000 2147483647.000000 0 -nan 0.000000
1358 556 0 0 -nan 0.000000 2147483647.000000 0 -nan 0.000000
1359 557 0 0 -nan 0.000000 2147483647.000000 0 -nan 0.000000
1360 558 0 0 -nan 0.000000 2147483647.000000 0 -nan 0.000000
1361 559 0 0 -nan 0.000000 2147483647.000000 0 -nan 0.000000
1362 560 0 0 -nan 0.000000 2147483647.000000 0 -nan 0.000000
1363 561 0 0 -nan 0.000000 2147483647.000000 0 -nan 0.000000
1364 562 0 0 -nan 0.000000 2147483647.000000 0 -nan 0.000000
1365 563 166666794 21504 1441.484022 1477.295320 1441.053854 168 2.000000 18904209.985319
1366 564 0 0 -nan 0.000000 2147483647.000000 0 -nan 0.000000
1367 565 0 0 -nan 0.000000 2147483647.000000 0 -nan 0.000000
1368 566 0 0 -nan 0.000000 2147483647.000000 0 -nan 0.000000
1369 567 0 0 -nan 0.000000 2147483647.000000 0 -nan 0.000000
1370 568 0 0 -nan 0.000000 2147483647.000000 0 -nan 0.000000
1371 569 0 0 -nan 0.000000 2147483647.000000 0 -nan 0.000000
1372 570 166666794 21504 1441.482293 1476.904875 1441.053854 168 2.000000 19599963.867769
1373 571 166666794 21504 1456.866422 2123.356095 1441.053854 168 2.000000 19604199.288548
1374 572 0 0 -nan 0.000000 2147483647.000000 0 -nan 0.000000
1375 573 166666794 21504 591.738319 591.738319 591.738319 168 1.000000 0.000000
1376 574 86016 666667176 7291.691317 241200.042232 591.738319 163336 1.750000 0.000000
1377 575 86016 666667176 9164.635778 15438.053315 1441.053854 163336 2.000000 161.491024
1423 576 0 0 -nan 0.000000 2147483647.000000 0 -nan 0.000000
1424 577 0 0 -nan 0.000000 2147483647.000000 0 -nan 0.000000
1425 578 166666794 21504 1441.480208 1476.835935 1441.053854 168 2.000000 18362518.126089
1426 579 0 0 -nan 0.000000 2147483647.000000 0 -nan 0.000000
1427 580 0 0 -nan 0.000000 2147483647.000000 0 -nan 0.000000
1428 581 0 0 -nan 0.000000 2147483647.000000 0 -nan 0.000000
1429 582 0 0 -nan 0.000000 2147483647.000000 0 -nan 0.000000
1430 583 0 0 -nan 0.000000 2147483647.000000 0 -nan 0.000000
1431 584 166666794 21504 1441.482760 1477.002610 1441.053854 168 2.000000 18353060.982519
1432 585 0 0 -nan 0.000000 2147483647.000000 0 -nan 0.000000
1433 586 0 0 -nan 0.000000 2147483647.000000 0 -nan 0.000000
1434 587 0 0 -nan 0.000000 2147483647.000000 0 -nan 0.000000
1435 588 166666794 21504 1471.137962 2327.312026 1441.053854 168 2.000000 46155639.076949
1436 589 0 0 -nan 0.000000 2147483647.000000 0 -nan 0.000000
1437 590 0 0 -nan 0.000000 2147483647.000000 0 -nan 0.000000
1438 591 166666794 21504 1453.754063 2304.998140 1441.053854 168 2.000000 46033127.933714
1439 592 0 0 -nan 0.000000 2147483647.000000 0 -nan 0.000000
1440 593 0 0 -nan 0.000000 2147483647.000000 0 -nan 0.000000
1441 594 0 0 -nan 0.000000 2147483647.000000 0 -nan 0.000000
1442 595 166666794 21504 1441.482029 1476.969979 1441.053854 168 2.000000 18362518.126089
1443 596 0 0 -nan 0.000000 2147483647.000000 0 -nan 0.000000
1444 597 0 0 -nan 0.000000 2147483647.000000 0 -nan 0.000000
1445 598 0 0 -nan 0.000000 2147483647.000000 0 -nan 0.000000
1446 599 166666794 21504 1441.482162 1477.001719 1441.053854 168 2.000000 18353060.982519
1447 600 0 0 -nan 0.000000 2147483647.000000 0 -nan 0.000000
1448 601 0 0 -nan 0.000000 2147483647.000000 0 -nan 0.000000
1449 602 0 0 -nan 0.000000 2147483647.000000 0 -nan 0.000000
1450 603 0 0 -nan 0.000000 2147483647.000000 0 -nan 0.000000
1451 604 0 0 -nan 0.000000 2147483647.000000 0 -nan 0.000000
1452 605 0 0 -nan 0.000000 2147483647.000000 0 -nan 0.000000
1453 606 64512 500000382 11005.375850 15437.657386 1441.053854 122502 2.000000 0.000000
1454 607 64512 500000382 11012.547967 15471.308668 1441.053854 122502 2.000000 0.000000
1500 608 0 0 -nan 0.000000 2147483647.000000 0 -nan 0.000000
1501 609 0 0 -nan 0.000000 2147483647.000000 0 -nan 0.000000
1502 610 166666794 21504 1441.479363 1476.827947 1441.053854 168 2.000000 18569282.572654
1503 611 0 0 -nan 0.000000 2147483647.000000 0 -nan 0.000000
1504 612 166666794 21504 1441.482938 1477.224100 1441.053854 168 2.000000 18568609.855982
1505 613 0 0 -nan 0.000000 2147483647.000000 0 -nan 0.000000
1506 614 0 0 -nan 0.000000 2147483647.000000 0 -nan 0.000000
1507 615 0 0 -nan 0.000000 2147483647.000000 0 -nan 0.000000
1508 616 166666794 21504 1441.479363 1476.827947 1441.053854 168 2.000000 19268117.735896
1509 617 0 0 -nan 0.000000 2147483647.000000 0 -nan 0.000000
1510 618 166666794 21504 1450.976263 1875.943760 1441.053854 168 2.000000 19272353.346093
1511 619 0 0 -nan 0.000000 2147483647.000000 0 -nan 0.000000
1512 620 0 0 -nan 0.000000 2147483647.000000 0 -nan 0.000000
1513 621 166666794 21504 1441.482938 1477.224100 1441.053854 168 2.000000 18581446.595851
1514 622 0 0 -nan 0.000000 2147483647.000000 0 -nan 0.000000
1515 623 0 0 -nan 0.000000 2147483647.000000 0 -nan 0.000000
1516 624 166666794 21504 1455.847157 2080.297718 1441.053854 168 2.000000 19657911.691880
1517 625 0 0 -nan 0.000000 2147483647.000000 0 -nan 0.000000
1518 626 166666794 21504 1441.479386 1476.851344 1441.053854 168 2.000000 19653676.294502
1519 627 0 0 -nan 0.000000 2147483647.000000 0 -nan 0.000000
1520 628 166666794 21504 1455.848658 2080.337570 1441.053854 168 2.000000 20354943.614898
1521 629 166666794 21504 1441.480887 1476.891195 1441.053854 168 2.000000 20347801.399104
1522 630 0 0 -nan 0.000000 2147483647.000000 0 -nan 0.000000
1523 631 166666794 21504 1455.570614 2067.206760 1441.053854 168 2.000000 20362085.458483
1524 632 0 0 -nan 0.000000 2147483647.000000 0 -nan 0.000000
1525 633 0 0 -nan 0.000000 2147483647.000000 0 -nan 0.000000
1526 634 0 0 -nan 0.000000 2147483647.000000 0 -nan 0.000000
1527 635 0 0 -nan 0.000000 2147483647.000000 0 -nan 0.000000
1528 636 166666794 21504 591.738319 591.738319 591.738319 168 1.000000 0.000000
1529 637 0 0 -nan 0.000000 2147483647.000000 0 -nan 0.000000
1530 638 129024 1000000764 8079.389191 303526.121922 591.738319 245004 1.833333 174.475542
1531 639 107520 833333970 9233.576420 21248.523678 1441.053854 204170 2.000000 174.425422
1577 640 0 0 -nan 0.000000 2147483647.000000 0 -nan 0.000000
1578 641 0 0 -nan 0.000000 2147483647.000000 0 -nan 0.000000
1579 642 0 0 -nan 0.000000 2147483647.000000 0 -nan 0.000000
1580 643 166666794 21504 1441.480284 1476.811502 1441.053854 168 2.000000 18353060.983114
1581 644 166666794 21504 1441.479510 1476.824155 1441.053854 168 2.000000 18362518.126650
1582 645 0 0 -nan 0.000000 2147483647.000000 0 -nan 0.000000
1583 646 0 0 -nan 0.000000 2147483647.000000 0 -nan 0.000000
1584 647 0 0 -nan 0.000000 2147483647.000000 0 -nan 0.000000
1585 648 166666794 21504 1454.822822 2037.243230 1441.053854 168 2.000000 19052263.790124
1586 649 166666794 21504 1441.480284 1476.811502 1441.053854 168 2.000000 19048028.434679
1587 650 0 0 -nan 0.000000 2147483647.000000 0 -nan 0.000000
1588 651 0 0 -nan 0.000000 2147483647.000000 0 -nan 0.000000
1589 652 0 0 -nan 0.000000 2147483647.000000 0 -nan 0.000000
1590 653 0 0 -nan 0.000000 2147483647.000000 0 -nan 0.000000
1591 654 0 0 -nan 0.000000 2147483647.000000 0 -nan 0.000000
1592 655 0 0 -nan 0.000000 2147483647.000000 0 -nan 0.000000
1593 656 0 0 -nan 0.000000 2147483647.000000 0 -nan 0.000000
1594 657 166666794 21504 1441.479128 1476.844365 1441.053854 168 2.000000 19613988.306127
1595 658 166666794 21504 1450.988725 1876.278551 1441.053854 168 2.000000 19618462.487667
1596 659 0 0 -nan 0.000000 2147483647.000000 0 -nan 0.000000
1597 660 166666794 21504 1441.482403 1477.013049 1441.053854 168 2.000000 18919135.279772
1598 661 0 0 -nan 0.000000 2147483647.000000 0 -nan 0.000000
1599 662 0 0 -nan 0.000000 2147483647.000000 0 -nan 0.000000
1600 663 0 0 -nan 0.000000 2147483647.000000 0 -nan 0.000000
1601 664 0 0 -nan 0.000000 2147483647.000000 0 -nan 0.000000
1602 665 0 0 -nan 0.000000 2147483647.000000 0 -nan 0.000000
1603 666 166666794 21504 1441.482403 1477.013049 1441.053854 168 2.000000 19613462.403297
1604 667 166666794 21504 1454.820531 2037.183294 1441.053854 168 2.000000 19617936.490760
1605 668 166666794 21504 591.738319 591.738319 591.738319 168 1.000000 0.000000
1606 669 0 0 -nan 0.000000 2147483647.000000 0 -nan 0.000000
1607 670 129024 1000000764 8000.312345 302839.474307 591.738319 245004 1.833333 174.378051
1608 671 86016 666667176 9164.011361 15161.880861 1441.053854 163336 2.000000 160.970151
1654 672 0 0 -nan 0.000000 2147483647.000000 0 -nan 0.000000
1655 673 0 0 -nan 0.000000 2147483647.000000 0 -nan 0.000000
1656 674 0 0 -nan 0.000000 2147483647.000000 0 -nan 0.000000
1657 675 0 0 -nan 0.000000 2147483647.000000 0 -nan 0.000000
1658 676 0 0 -nan 0.000000 2147483647.000000 0 -nan 0.000000
1659 677 0 0 -nan 0.000000 2147483647.000000 0 -nan 0.000000
1660 678 166666794 21504 1441.479502 1477.013352 1441.053854 168 2.000000 18353060.983114
1661 679 0 0 -nan 0.000000 2147483647.000000 0 -nan 0.000000
1662 680 166666794 21504 1441.479917 1476.749655 1441.053854 168 2.000000 19048028.434679
1663 681 0 0 -nan 0.000000 2147483647.000000 0 -nan 0.000000
1664 682 166666794 21504 1455.847687 2080.196029 1441.053854 168 2.000000 19052263.624344
1665 683 0 0 -nan 0.000000 2147483647.000000 0 -nan 0.000000
1666 684 0 0 -nan 0.000000 2147483647.000000 0 -nan 0.000000
1667 685 0 0 -nan 0.000000 2147483647.000000 0 -nan 0.000000
1668 686 166666794 21504 1441.479502 1477.013352 1441.053854 168 2.000000 18362518.126650
1669 687 0 0 -nan 0.000000 2147483647.000000 0 -nan 0.000000
1670 688 0 0 -nan 0.000000 2147483647.000000 0 -nan 0.000000
1671 689 0 0 -nan 0.000000 2147483647.000000 0 -nan 0.000000
1672 690 0 0 -nan 0.000000 2147483647.000000 0 -nan 0.000000
1673 691 166666794 21504 1441.475703 1476.581036 1441.053854 168 2.000000 18919202.567584
1674 692 166666794 21504 1454.821671 2037.454641 1441.053854 168 2.000000 20314050.578236
1675 693 166666794 21504 1455.568961 2067.206760 1441.053854 168 2.000000 20321192.787097
1676 694 0 0 -nan 0.000000 2147483647.000000 0 -nan 0.000000
1677 695 166666794 21504 1441.475703 1476.581036 1441.053854 168 2.000000 20306670.557818
1678 696 166666794 21504 1450.988207 1876.106234 1441.053854 168 2.000000 20314495.447622
1679 697 166666794 21504 1441.486451 1477.375408 1441.053854 168 2.000000 20307115.482529
1680 698 0 0 -nan 0.000000 2147483647.000000 0 -nan 0.000000
1681 699 166666794 21504 1455.274289 2044.500228 1441.053854 168 2.000000 20321637.542923
1682 700 0 0 -nan 0.000000 2147483647.000000 0 -nan 0.000000
1683 701 166666794 21504 591.738319 591.738319 591.738319 168 1.000000 0.000000
1684 702 172032 1333334352 8439.110856 308561.537898 591.738319 326672 1.875000 922.798961
1685 703 86016 666667176 9164.396683 15301.635368 1441.053854 163336 2.000000 161.274775
1731 704 0 0 -nan 0.000000 2147483647.000000 0 -nan 0.000000
1732 705 0 0 -nan 0.000000 2147483647.000000 0 -nan 0.000000
1733 706 0 0 -nan 0.000000 2147483647.000000 0 -nan 0.000000
1734 707 166666794 21504 1441.480604 1476.946414 1441.053854 168 2.000000 18353060.981947
1735 708 0 0 -nan 0.000000 2147483647.000000 0 -nan 0.000000
1736 709 0 0 -nan 0.000000 2147483647.000000 0 -nan 0.000000
1737 710 0 0 -nan 0.000000 2147483647.000000 0 -nan 0.000000
1738 711 0 0 -nan 0.000000 2147483647.000000 0 -nan 0.000000
1739 712 166666794 21504 1441.483761 1476.980203 1441.053854 168 2.000000 18362518.125517
1740 713 0 0 -nan 0.000000 2147483647.000000 0 -nan 0.000000
1741 714 0 0 -nan 0.000000 2147483647.000000 0 -nan 0.000000
1742 715 0 0 -nan 0.000000 2147483647.000000 0 -nan 0.000000
1743 716 0 0 -nan 0.000000 2147483647.000000 0 -nan 0.000000
1744 717 0 0 -nan 0.000000 2147483647.000000 0 -nan 0.000000
1745 718 0 0 -nan 0.000000 2147483647.000000 0 -nan 0.000000
1746 719 0 0 -nan 0.000000 2147483647.000000 0 -nan 0.000000
1747 720 166666794 21504 1454.833304 2037.690714 1441.053854 168 2.000000 20444333.516292
1748 721 166666794 21504 1454.255573 2001.907870 1441.053854 168 2.000000 20451963.323855
1749 722 166666794 21504 1441.482385 1477.197554 1441.053854 168 2.000000 20432831.663232
1750 723 166666794 21504 1469.789395 2647.946603 1441.053854 168 2.000000 20458378.574941
1751 724 166666794 21504 1441.482385 1477.197554 1441.053854 168 2.000000 19048028.436187
1752 725 0 0 -nan 0.000000 2147483647.000000 0 -nan 0.000000
1753 726 0 0 -nan 0.000000 2147483647.000000 0 -nan 0.000000
1754 727 166666794 21504 1441.205802 1463.760385 1441.053854 168 2.000000 19052263.822452
1755 728 0 0 -nan 0.000000 2147483647.000000 0 -nan 0.000000
1756 729 166666794 21504 1450.976443 1875.947969 1441.053854 168 2.000000 19052264.059863
1757 730 166666794 21504 1441.479637 1476.836698 1441.053854 168 2.000000 19070666.721168
1758 731 0 0 -nan 0.000000 2147483647.000000 0 -nan 0.000000
1759 732 0 0 -nan 0.000000 2147483647.000000 0 -nan 0.000000
1760 733 0 0 -nan 0.000000 2147483647.000000 0 -nan 0.000000
1761 734 172032 1333334352 9370.842002 26787.624909 1441.053854 326672 2.000000 966.084247
1762 735 43008 333333588 9095.121709 9488.402143 1441.053854 81668 2.000000 0.000000
1808 736 0 0 -nan 0.000000 2147483647.000000 0 -nan 0.000000
1809 737 0 0 -nan 0.000000 2147483647.000000 0 -nan 0.000000
1810 738 0 0 -nan 0.000000 2147483647.000000 0 -nan 0.000000
1811 739 0 0 -nan 0.000000 2147483647.000000 0 -nan 0.000000
1812 740 0 0 -nan 0.000000 2147483647.000000 0 -nan 0.000000
1813 741 0 0 -nan 0.000000 2147483647.000000 0 -nan 0.000000
1814 742 166666794 21504 1441.481355 1476.891202 1441.053854 168 2.000000 18362518.126630
1815 743 0 0 -nan 0.000000 2147483647.000000 0 -nan 0.000000
1816 744 0 0 -nan 0.000000 2147483647.000000 0 -nan 0.000000
1817 745 166666794 21504 1441.481355 1476.891202 1441.053854 168 2.000000 19048028.434659
1818 746 0 0 -nan 0.000000 2147483647.000000 0 -nan 0.000000
1819 747 166666794 21504 1454.821280 2037.418169 1441.053854 168 2.000000 19052264.162365
1820 748 166666794 21504 1441.480971 1477.125211 1441.053854 168 2.000000 19833641.705400
1821 749 0 0 -nan 0.000000 2147483647.000000 0 -nan 0.000000
1822 750 0 0 -nan 0.000000 2147483647.000000 0 -nan 0.000000
1823 751 166666794 21504 1455.847224 2080.136613 1441.053854 168 2.000000 19836049.512260
1824 752 166666794 21504 1455.847613 2080.235311 1441.053854 168 2.000000 19609253.738039
1825 753 166666794 21504 1441.479842 1476.788936 1441.053854 168 2.000000 19605018.172398
1826 754 0 0 -nan 0.000000 2147483647.000000 0 -nan 0.000000
1827 755 0 0 -nan 0.000000 2147483647.000000 0 -nan 0.000000
1828 756 0 0 -nan 0.000000 2147483647.000000 0 -nan 0.000000
1829 757 0 0 -nan 0.000000 2147483647.000000 0 -nan 0.000000
1830 758 0 0 -nan 0.000000 2147483647.000000 0 -nan 0.000000
1831 759 0 0 -nan 0.000000 2147483647.000000 0 -nan 0.000000
1832 760 0 0 -nan 0.000000 2147483647.000000 0 -nan 0.000000
1833 761 0 0 -nan 0.000000 2147483647.000000 0 -nan 0.000000
1834 762 0 0 -nan 0.000000 2147483647.000000 0 -nan 0.000000
1835 763 166666794 21504 1441.476964 1476.585713 1441.053854 168 2.000000 18909666.670753
1836 764 166666794 21504 591.738319 591.738319 591.738319 168 1.000000 0.000000
1837 765 0 0 -nan 0.000000 2147483647.000000 0 -nan 0.000000
1838 766 107520 833333970 7725.107735 241813.134176 591.738319 204170 1.800000 160.575091
1839 767 86016 666667176 9235.982457 239486.694457 1441.053854 163336 2.000000 161.442600
1885 768 0 0 -nan 0.000000 2147483647.000000 0 -nan 0.000000
1886 769 0 0 -nan 0.000000 2147483647.000000 0 -nan 0.000000
1887 770 0 0 -nan 0.000000 2147483647.000000 0 -nan 0.000000
1888 771 0 0 -nan 0.000000 2147483647.000000 0 -nan 0.000000
1889 772 0 0 -nan 0.000000 2147483647.000000 0 -nan 0.000000
1890 773 0 0 -nan 0.000000 2147483647.000000 0 -nan 0.000000
1891 774 0 0 -nan 0.000000 2147483647.000000 0 -nan 0.000000
1892 775 0 0 -nan 0.000000 2147483647.000000 0 -nan 0.000000
1893 776 166666794 21504 1441.478176 1476.709817 1441.053854 168 2.000000 19070666.718323
1894 777 0 0 -nan 0.000000 2147483647.000000 0 -nan 0.000000
1895 778 166666794 21504 1460.708329 2284.727929 1441.053854 168 2.000000 19052263.169900
1896 779 0 0 -nan 0.000000 2147483647.000000 0 -nan 0.000000
1897 780 0 0 -nan 0.000000 2147483647.000000 0 -nan 0.000000
1898 781 0 0 -nan 0.000000 2147483647.000000 0 -nan 0.000000
1899 782 166666794 21504 1456.874006 2123.334670 1441.053854 168 2.000000 19913088.709954
1900 783 166666794 21504 1441.481262 1476.881396 1441.053854 168 2.000000 19907184.567384
1901 784 0 0 -nan 0.000000 2147483647.000000 0 -nan 0.000000
1902 785 0 0 -nan 0.000000 2147483647.000000 0 -nan 0.000000
1903 786 0 0 -nan 0.000000 2147483647.000000 0 -nan 0.000000
1904 787 166666794 21504 1441.481378 1477.093795 1441.053854 168 2.000000 18362518.126657
1905 788 0 0 -nan 0.000000 2147483647.000000 0 -nan 0.000000
1906 789 166666794 21504 1454.834495 2037.717190 1441.053854 168 2.000000 19052263.955511
1907 790 166666794 21504 1441.481378 1477.093795 1441.053854 168 2.000000 19048028.434652
1908 791 0 0 -nan 0.000000 2147483647.000000 0 -nan 0.000000
1909 792 0 0 -nan 0.000000 2147483647.000000 0 -nan 0.000000
1910 793 0 0 -nan 0.000000 2147483647.000000 0 -nan 0.000000
1911 794 0 0 -nan 0.000000 2147483647.000000 0 -nan 0.000000
1912 795 0 0 -nan 0.000000 2147483647.000000 0 -nan 0.000000
1913 796 0 0 -nan 0.000000 2147483647.000000 0 -nan 0.000000
1914 797 0 0 -nan 0.000000 2147483647.000000 0 -nan 0.000000
1915 798 86016 666667176 9242.517268 15302.037589 1441.053854 163336 2.000000 161.639529
1916 799 64512 500000382 9292.689440 15301.019649 1441.053854 122502 2.000000 0.000000
1962 800 166666794 21504 1455.573339 2067.206760 1441.053854 168 2.000000 19755803.621651
1963 801 0 0 -nan 0.000000 2147483647.000000 0 -nan 0.000000
1964 802 166666794 21504 1441.486834 1477.385559 1441.053854 168 2.000000 19741519.962342
1965 803 166666794 21504 1455.854604 2080.831933 1441.053854 168 2.000000 19748661.374622
1966 804 0 0 -nan 0.000000 2147483647.000000 0 -nan 0.000000
1967 805 166666794 21504 1441.483317 1477.209943 1441.053854 168 2.000000 18371975.270877
1968 806 0 0 -nan 0.000000 2147483647.000000 0 -nan 0.000000
1969 807 0 0 -nan 0.000000 2147483647.000000 0 -nan 0.000000
1970 808 0 0 -nan 0.000000 2147483647.000000 0 -nan 0.000000
1971 809 0 0 -nan 0.000000 2147483647.000000 0 -nan 0.000000
1972 810 0 0 -nan 0.000000 2147483647.000000 0 -nan 0.000000
1973 811 0 0 -nan 0.000000 2147483647.000000 0 -nan 0.000000
1974 812 166666794 21504 1455.853108 2080.741171 1441.053854 168 2.000000 19774283.783149
1975 813 0 0 -nan 0.000000 2147483647.000000 0 -nan 0.000000
1976 814 0 0 -nan 0.000000 2147483647.000000 0 -nan 0.000000
1977 815 166666794 21504 1441.479754 1476.976869 1441.053854 168 2.000000 19780892.464440
1978 816 166666794 21504 1455.421625 2044.500228 1441.053854 168 2.000000 20459214.473816
1979 817 166666794 21504 1454.823528 2037.415380 1441.053854 168 2.000000 20452072.180546
1980 818 166666794 21504 1441.482293 1477.044684 1441.053854 168 2.000000 20444929.937825
1981 819 0 0 -nan 0.000000 2147483647.000000 0 -nan 0.000000
1982 820 0 0 -nan 0.000000 2147483647.000000 0 -nan 0.000000
1983 821 0 0 -nan 0.000000 2147483647.000000 0 -nan 0.000000
1984 822 166666794 21504 1441.479754 1476.976869 1441.053854 168 2.000000 19054169.608699
1985 823 0 0 -nan 0.000000 2147483647.000000 0 -nan 0.000000
1986 824 166666794 21504 1455.421625 2044.500228 1441.053854 168 2.000000 20459211.748262
1987 825 166666794 21504 1449.962247 1833.202741 1441.053854 168 2.000000 20452308.339872
1988 826 166666794 21504 1441.482293 1477.044684 1441.053854 168 2.000000 20444927.819856
1989 827 0 0 -nan 0.000000 2147483647.000000 0 -nan 0.000000
1990 828 0 0 -nan 0.000000 2147483647.000000 0 -nan 0.000000
1991 829 166666794 21504 591.738319 591.738319 591.738319 168 1.000000 0.000000
1992 830 193536 1500001146 8580.036423 313371.432024 591.738319 367506 1.888889 892.650020
1993 831 107520 833333970 9313.590890 240917.994413 1441.053854 204170 2.000000 174.797106
2039 832 166666794 21504 1455.844874 2080.166430 1441.053854 168 2.000000 20444333.209194
2040 833 166666794 21504 1456.586890 2109.755119 1441.053854 168 2.000000 20451963.856889
2041 834 166666794 21504 1441.477103 1476.720055 1441.053854 168 2.000000 20432831.662757
2042 835 166666794 21504 1475.525003 2895.234921 1441.053854 168 2.000000 20458378.995861
2043 836 0 0 -nan 0.000000 2147483647.000000 0 -nan 0.000000
2044 837 0 0 -nan 0.000000 2147483647.000000 0 -nan 0.000000
2045 838 166666794 21504 1441.484342 1477.278052 1441.053854 168 2.000000 19070666.720727
2046 839 166666794 21504 1455.852113 2080.724427 1441.053854 168 2.000000 19052264.157656
2047 840 0 0 -nan 0.000000 2147483647.000000 0 -nan 0.000000
2048 841 0 0 -nan 0.000000 2147483647.000000 0 -nan 0.000000
2049 842 0 0 -nan 0.000000 2147483647.000000 0 -nan 0.000000
2050 843 0 0 -nan 0.000000 2147483647.000000 0 -nan 0.000000
2051 844 0 0 -nan 0.000000 2147483647.000000 0 -nan 0.000000
2052 845 0 0 -nan 0.000000 2147483647.000000 0 -nan 0.000000
2053 846 0 0 -nan 0.000000 2147483647.000000 0 -nan 0.000000
2054 847 166666794 21504 1441.474049 1476.466585 1441.053854 168 2.000000 18918937.860957
2055 848 0 0 -nan 0.000000 2147483647.000000 0 -nan 0.000000
2056 849 166666794 21504 1441.474049 1476.466585 1441.053854 168 2.000000 19613702.331480
2057 850 166666794 21504 1460.701491 2284.120828 1441.053854 168 2.000000 19618176.362017
2058 851 0 0 -nan 0.000000 2147483647.000000 0 -nan 0.000000
2059 852 0 0 -nan 0.000000 2147483647.000000 0 -nan 0.000000
2060 853 0 0 -nan 0.000000 2147483647.000000 0 -nan 0.000000
2061 854 0 0 -nan 0.000000 2147483647.000000 0 -nan 0.000000
2062 855 0 0 -nan 0.000000 2147483647.000000 0 -nan 0.000000
2063 856 0 0 -nan 0.000000 2147483647.000000 0 -nan 0.000000
2064 857 0 0 -nan 0.000000 2147483647.000000 0 -nan 0.000000
2065 858 166666794 21504 1441.478901 1476.772017 1441.053854 168 2.000000 18918894.686920
2066 859 0 0 -nan 0.000000 2147483647.000000 0 -nan 0.000000
2067 860 0 0 -nan 0.000000 2147483647.000000 0 -nan 0.000000
2068 861 166666794 21504 591.738319 591.738319 591.738319 168 1.000000 0.000000
2069 862 107520 833333970 7703.630945 302872.455958 591.738319 204170 1.800000 160.503351
2070 863 129024 1000000764 9416.782570 26927.543702 1441.053854 245004 2.000000 952.687818
2116 864 0 0 -nan 0.000000 2147483647.000000 0 -nan 0.000000
2117 865 0 0 -nan 0.000000 2147483647.000000 0 -nan 0.000000
2118 866 0 0 -nan 0.000000 2147483647.000000 0 -nan 0.000000
2119 867 0 0 -nan 0.000000 2147483647.000000 0 -nan 0.000000
2120 868 166666794 21504 1441.482562 1476.997020 1441.053854 168 2.000000 18353060.981784
2121 869 0 0 -nan 0.000000 2147483647.000000 0 -nan 0.000000
2122 870 0 0 -nan 0.000000 2147483647.000000 0 -nan 0.000000
2123 871 0 0 -nan 0.000000 2147483647.000000 0 -nan 0.000000
2124 872 0 0 -nan 0.000000 2147483647.000000 0 -nan 0.000000
2125 873 166666794 21504 1441.478145 1476.870554 1441.053854 168 2.000000 18362518.125355
2126 874 0 0 -nan 0.000000 2147483647.000000 0 -nan 0.000000
2127 875 0 0 -nan 0.000000 2147483647.000000 0 -nan 0.000000
2128 876 166666794 21504 1441.482562 1476.997020 1441.053854 168 2.000000 19723384.253688
2129 877 0 0 -nan 0.000000 2147483647.000000 0 -nan 0.000000
2130 878 0 0 -nan 0.000000 2147483647.000000 0 -nan 0.000000
2131 879 166666794 21504 1454.838347 2038.110242 1441.053854 168 2.000000 19759301.499441
2132 880 166666794 21504 1441.482653 1477.171060 1441.053854 168 2.000000 19863960.179585
2133 881 166666794 21504 1450.980529 1876.056767 1441.053854 168 2.000000 19871102.123383
2134 882 166666794 21504 1456.586155 2109.713953 1441.053854 168 2.000000 19878243.863212
2135 883 0 0 -nan 0.000000 2147483647.000000 0 -nan 0.000000
2136 884 0 0 -nan 0.000000 2147483647.000000 0 -nan 0.000000
2137 885 0 0 -nan 0.000000 2147483647.000000 0 -nan 0.000000
2138 886 0 0 -nan 0.000000 2147483647.000000 0 -nan 0.000000
2139 887 166666794 21504 1441.484013 1477.203126 1441.053854 168 2.000000 18485137.375551
2140 888 0 0 -nan 0.000000 2147483647.000000 0 -nan 0.000000
2141 889 0 0 -nan 0.000000 2147483647.000000 0 -nan 0.000000
2142 890 0 0 -nan 0.000000 2147483647.000000 0 -nan 0.000000
2143 891 166666794 21504 1441.484013 1477.203126 1441.053854 168 2.000000 18473764.294391
2144 892 0 0 -nan 0.000000 2147483647.000000 0 -nan 0.000000
2145 893 0 0 -nan 0.000000 2147483647.000000 0 -nan 0.000000
2146 894 129024 1000000764 9326.380254 26221.786227 1441.053854 245004 2.000000 349.510801
2147 895 64512 500000382 9182.257742 15191.062641 1441.053854 122502 2.000000 0.000000
2193 896 0 0 -nan 0.000000 2147483647.000000 0 -nan 0.000000
2194 897 0 0 -nan 0.000000 2147483647.000000 0 -nan 0.000000
2195 898 0 0 -nan 0.000000 2147483647.000000 0 -nan 0.000000
2196 899 166666794 21504 1441.483075 1477.053578 1441.053854 168 2.000000 18371975.271483
2197 900 166666794 21504 1441.479893 1476.999602 1441.053854 168 2.000000 19741519.962946
2198 901 0 0 -nan 0.000000 2147483647.000000 0 -nan 0.000000
2199 902 166666794 21504 1455.270639 2044.500228 1441.053854 168 2.000000 19755804.111538
2200 903 166666794 21504 1450.980982 1875.965651 1441.053854 168 2.000000 19748661.437106
2201 904 166666794 21504 1441.483075 1477.053578 1441.053854 168 2.000000 19741519.962946
2202 905 0 0 -nan 0.000000 2147483647.000000 0 -nan 0.000000
2203 906 166666794 21504 1454.829711 2037.691960 1441.053854 168 2.000000 19748661.428868
2204 907 166666794 21504 1455.572610 2067.206760 1441.053854 168 2.000000 19755803.849616
2205 908 0 0 -nan 0.000000 2147483647.000000 0 -nan 0.000000
2206 909 0 0 -nan 0.000000 2147483647.000000 0 -nan 0.000000
2207 910 0 0 -nan 0.000000 2147483647.000000 0 -nan 0.000000
2208 911 0 0 -nan 0.000000 2147483647.000000 0 -nan 0.000000
2209 912 0 0 -nan 0.000000 2147483647.000000 0 -nan 0.000000
2210 913 0 0 -nan 0.000000 2147483647.000000 0 -nan 0.000000
2211 914 166666794 21504 1441.480951 1477.085521 1441.053854 168 2.000000 19654080.975297
2212 915 166666794 21504 1455.848722 2080.531895 1441.053854 168 2.000000 19658316.932131
2213 916 0 0 -nan 0.000000 2147483647.000000 0 -nan 0.000000
2214 917 0 0 -nan 0.000000 2147483647.000000 0 -nan 0.000000
2215 918 166666794 21504 1455.848214 2080.250170 1441.053854 168 2.000000 19657871.468842
2216 919 166666794 21504 1441.480444 1476.803795 1441.053854 168 2.000000 19653635.874101
2217 920 0 0 -nan 0.000000 2147483647.000000 0 -nan 0.000000
2218 921 0 0 -nan 0.000000 2147483647.000000 0 -nan 0.000000
2219 922 0 0 -nan 0.000000 2147483647.000000 0 -nan 0.000000
2220 923 0 0 -nan 0.000000 2147483647.000000 0 -nan 0.000000
2221 924 0 0 -nan 0.000000 2147483647.000000 0 -nan 0.000000
2222 925 166666794 21504 591.738319 591.738319 591.738319 168 1.000000 0.000000
2223 926 107520 833333970 7741.616259 241200.372016 591.738319 204170 1.800000 161.511842
2224 927 150528 1166667558 9332.514880 21137.044982 1441.053854 285838 2.000000 922.998183
2270 928 0 0 -nan 0.000000 2147483647.000000 0 -nan 0.000000
2271 929 0 0 -nan 0.000000 2147483647.000000 0 -nan 0.000000
2272 930 0 0 -nan 0.000000 2147483647.000000 0 -nan 0.000000
2273 931 0 0 -nan 0.000000 2147483647.000000 0 -nan 0.000000
2274 932 0 0 -nan 0.000000 2147483647.000000 0 -nan 0.000000
2275 933 166666794 21504 1455.849016 2080.298871 1441.053854 168 2.000000 19052263.997834
2276 934 166666794 21504 1441.481245 1476.852496 1441.053854 168 2.000000 19048028.435542
2277 935 0 0 -nan 0.000000 2147483647.000000 0 -nan 0.000000
2278 936 0 0 -nan 0.000000 2147483647.000000 0 -nan 0.000000
2279 937 166666794 21504 1441.482054 1476.958136 1441.053854 168 2.000000 18362518.127535
2280 938 0 0 -nan 0.000000 2147483647.000000 0 -nan 0.000000
2281 939 0 0 -nan 0.000000 2147483647.000000 0 -nan 0.000000
2282 940 166666794 21504 1454.806833 2036.598847 1441.053854 168 2.000000 20444333.513645
2283 941 166666794 21504 1475.129891 2894.672968 1441.053854 168 2.000000 20647488.325265
2284 942 166666794 21504 1455.955566 2089.351338 1441.053854 168 2.000000 20515995.020818
2285 943 166666794 21504 1441.479751 1476.875568 1441.053854 168 2.000000 20618930.496836
2286 944 166666794 21504 1455.569844 2067.206760 1441.053854 168 2.000000 19831591.804811
2287 945 0 0 -nan 0.000000 2147483647.000000 0 -nan 0.000000
2288 946 166666794 21504 1455.847522 2080.321942 1441.053854 168 2.000000 19824449.926460
2289 947 166666794 21504 1441.479751 1476.875568 1441.053854 168 2.000000 19817307.740102
2290 948 0 0 -nan 0.000000 2147483647.000000 0 -nan 0.000000
2291 949 0 0 -nan 0.000000 2147483647.000000 0 -nan 0.000000
2292 950 0 0 -nan 0.000000 2147483647.000000 0 -nan 0.000000
2293 951 166666794 21504 1441.477690 1476.668706 1441.053854 168 2.000000 18448026.065408
2294 952 0 0 -nan 0.000000 2147483647.000000 0 -nan 0.000000
2295 953 166666794 21504 1455.845461 2080.115080 1441.053854 168 2.000000 19824645.110865
2296 954 166666794 21504 1455.273405 2044.500228 1441.053854 168 2.000000 19831548.458761
2297 955 166666794 21504 1441.477690 1476.668706 1441.053854 168 2.000000 19817503.032854
2298 956 0 0 -nan 0.000000 2147483647.000000 0 -nan 0.000000
2299 957 0 0 -nan 0.000000 2147483647.000000 0 -nan 0.000000
2300 958 172032 1333334352 9394.575142 29820.011212 1441.053854 326672 2.000000 1139.510249
2301 959 129024 1000000764 9356.094898 26754.097296 1441.053854 245004 2.000000 951.514935
2347 960 0 0 -nan 0.000000 2147483647.000000 0 -nan 0.000000
2348 961 0 0 -nan 0.000000 2147483647.000000 0 -nan 0.000000
2349 962 0 0 -nan 0.000000 2147483647.000000 0 -nan 0.000000
2350 963 0 0 -nan 0.000000 2147483647.000000 0 -nan 0.000000
2351 964 0 0 -nan 0.000000 2147483647.000000 0 -nan 0.000000
2352 965 0 0 -nan 0.000000 2147483647.000000 0 -nan 0.000000
2353 966 0 0 -nan 0.000000 2147483647.000000 0 -nan 0.000000
2354 967 0 0 -nan 0.000000 2147483647.000000 0 -nan 0.000000
2355 968 0 0 -nan 0.000000 2147483647.000000 0 -nan 0.000000
2356 969 0 0 -nan 0.000000 2147483647.000000 0 -nan 0.000000
2357 970 0 0 -nan 0.000000 2147483647.000000 0 -nan 0.000000
2358 971 0 0 -nan 0.000000 2147483647.000000 0 -nan 0.000000
2359 972 0 0 -nan 0.000000 2147483647.000000 0 -nan 0.000000
2360 973 0 0 -nan 0.000000 2147483647.000000 0 -nan 0.000000
2361 974 0 0 -nan 0.000000 2147483647.000000 0 -nan 0.000000
2362 975 0 0 -nan 0.000000 2147483647.000000 0 -nan 0.000000
2363 976 0 0 -nan 0.000000 2147483647.000000 0 -nan 0.000000
2364 977 0 0 -nan 0.000000 2147483647.000000 0 -nan 0.000000
2365 978 0 0 -nan 0.000000 2147483647.000000 0 -nan 0.000000
2366 979 0 0 -nan 0.000000 2147483647.000000 0 -nan 0.000000
2367 980 0 0 -nan 0.000000 2147483647.000000 0 -nan 0.000000
2368 981 0 0 -nan 0.000000 2147483647.000000 0 -nan 0.000000
2369 982 0 0 -nan 0.000000 2147483647.000000 0 -nan 0.000000
2370 983 0 0 -nan 0.000000 2147483647.000000 0 -nan 0.000000
2371 984 0 0 -nan 0.000000 2147483647.000000 0 -nan 0.000000
2372 985 0 0 -nan 0.000000 2147483647.000000 0 -nan 0.000000
2373 986 0 0 -nan 0.000000 2147483647.000000 0 -nan 0.000000
2374 987 0 0 -nan 0.000000 2147483647.000000 0 -nan 0.000000
2375 988 0 0 -nan 0.000000 2147483647.000000 0 -nan 0.000000
2376 989 0 0 -nan 0.000000 2147483647.000000 0 -nan 0.000000
2377 990 0 0 -nan 0.000000 2147483647.000000 0 -nan 0.000000
2378 991 0 0 -nan 0.000000 2147483647.000000 0 -nan 0.000000
2424 992 0 0 -nan 0.000000 2147483647.000000 0 -nan 0.000000
2425 993 0 0 -nan 0.000000 2147483647.000000 0 -nan 0.000000
2426 994 0 0 -nan 0.000000 2147483647.000000 0 -nan 0.000000
2427 995 0 0 -nan 0.000000 2147483647.000000 0 -nan 0.000000
2428 996 0 0 -nan 0.000000 2147483647.000000 0 -nan 0.000000
2429 997 0 0 -nan 0.000000 2147483647.000000 0 -nan 0.000000
2430 998 0 0 -nan 0.000000 2147483647.000000 0 -nan 0.000000
2431 999 0 0 -nan 0.000000 2147483647.000000 0 -nan 0.000000
2432 1000 0 0 -nan 0.000000 2147483647.000000 0 -nan 0.000000
2433 1001 0 0 -nan 0.000000 2147483647.000000 0 -nan 0.000000
2434 1002 0 0 -nan 0.000000 2147483647.000000 0 -nan 0.000000
2435 1003 0 0 -nan 0.000000 2147483647.000000 0 -nan 0.000000
2436 1004 0 0 -nan 0.000000 2147483647.000000 0 -nan 0.000000
2437 1005 0 0 -nan 0.000000 2147483647.000000 0 -nan 0.000000
2438 1006 0 0 -nan 0.000000 2147483647.000000 0 -nan 0.000000
2439 1007 0 0 -nan 0.000000 2147483647.000000 0 -nan 0.000000
2440 1008 0 0 -nan 0.000000 2147483647.000000 0 -nan 0.000000
2441 1009 0 0 -nan 0.000000 2147483647.000000 0 -nan 0.000000
2442 1010 0 0 -nan 0.000000 2147483647.000000 0 -nan 0.000000
2443 1011 0 0 -nan 0.000000 2147483647.000000 0 -nan 0.000000
2444 1012 0 0 -nan 0.000000 2147483647.000000 0 -nan 0.000000
2445 1013 0 0 -nan 0.000000 2147483647.000000 0 -nan 0.000000
2446 1014 0 0 -nan 0.000000 2147483647.000000 0 -nan 0.000000
2447 1015 0 0 -nan 0.000000 2147483647.000000 0 -nan 0.000000
2448 1016 0 0 -nan 0.000000 2147483647.000000 0 -nan 0.000000
2449 1017 0 0 -nan 0.000000 2147483647.000000 0 -nan 0.000000
2450 1018 0 0 -nan 0.000000 2147483647.000000 0 -nan 0.000000
2451 1019 0 0 -nan 0.000000 2147483647.000000 0 -nan 0.000000
2452 1020 0 0 -nan 0.000000 2147483647.000000 0 -nan 0.000000
2453 1021 0 0 -nan 0.000000 2147483647.000000 0 -nan 0.000000
2454 1022 0 0 -nan 0.000000 2147483647.000000 0 -nan 0.000000
2455 1023 0 0 -nan 0.000000 2147483647.000000 0 -nan 0.000000
2501 1024 0 0 -nan 0.000000 2147483647.000000 0 -nan 0.000000
2502 1025 0 0 -nan 0.000000 2147483647.000000 0 -nan 0.000000
2503 1026 0 0 -nan 0.000000 2147483647.000000 0 -nan 0.000000
2504 1027 0 0 -nan 0.000000 2147483647.000000 0 -nan 0.000000
2505 1028 0 0 -nan 0.000000 2147483647.000000 0 -nan 0.000000
2506 1029 0 0 -nan 0.000000 2147483647.000000 0 -nan 0.000000
2507 1030 0 0 -nan 0.000000 2147483647.000000 0 -nan 0.000000
2508 1031 0 0 -nan 0.000000 2147483647.000000 0 -nan 0.000000
2509 1032 0 0 -nan 0.000000 2147483647.000000 0 -nan 0.000000
2510 1033 0 0 -nan 0.000000 2147483647.000000 0 -nan 0.000000
2511 1034 0 0 -nan 0.000000 2147483647.000000 0 -nan 0.000000
2512 1035 0 0 -nan 0.000000 2147483647.000000 0 -nan 0.000000
2513 1036 0 0 -nan 0.000000 2147483647.000000 0 -nan 0.000000
2514 1037 0 0 -nan 0.000000 2147483647.000000 0 -nan 0.000000
2515 1038 0 0 -nan 0.000000 2147483647.000000 0 -nan 0.000000
2516 1039 0 0 -nan 0.000000 2147483647.000000 0 -nan 0.000000
2517 1040 0 0 -nan 0.000000 2147483647.000000 0 -nan 0.000000
2518 1041 0 0 -nan 0.000000 2147483647.000000 0 -nan 0.000000
2519 1042 0 0 -nan 0.000000 2147483647.000000 0 -nan 0.000000
2520 1043 0 0 -nan 0.000000 2147483647.000000 0 -nan 0.000000
2521 1044 0 0 -nan 0.000000 2147483647.000000 0 -nan 0.000000
2522 1045 0 0 -nan 0.000000 2147483647.000000 0 -nan 0.000000
2523 1046 0 0 -nan 0.000000 2147483647.000000 0 -nan 0.000000
2524 1047 0 0 -nan 0.000000 2147483647.000000 0 -nan 0.000000
2525 1048 0 0 -nan 0.000000 2147483647.000000 0 -nan 0.000000
2526 1049 0 0 -nan 0.000000 2147483647.000000 0 -nan 0.000000
2527 1050 0 0 -nan 0.000000 2147483647.000000 0 -nan 0.000000
2528 1051 0 0 -nan 0.000000 2147483647.000000 0 -nan 0.000000
2529 1052 0 0 -nan 0.000000 2147483647.000000 0 -nan 0.000000
2530 1053 0 0 -nan 0.000000 2147483647.000000 0 -nan 0.000000
2531 1054 0 0 -nan 0.000000 2147483647.000000 0 -nan 0.000000
2532 1055 0 0 -nan 0.000000 2147483647.000000 0 -nan 0.000000
