# Format <LP ID> <Terminal ID> <Job ID> <Local Rank> <Total sends> <Total Recvs> <Bytes sent> <Bytes recvd> <Send time> <Comm. time> <Compute time> <Avg msg time> <Max Msg Time>
6 0 -1 -1 0 0 0 0 0.000000 0.000000 0.000000 -nan 0.000000
7 1 -1 -1 0 0 0 0 0.000000 0.000000 0.000000 -nan 0.000000
8 2 0 87 0 0 0 0 0.000000 2275210216.112875 100000000.000000 -nan 2375210216.112875
9 3 0 97 0 0 0 0 0.000000 2267315592.801852 100000000.000000 -nan 2367315592.801852
10 4 0 289 0 0 0 0 0.000000 2272578674.616852 100000000.000000 -nan 2372578674.616852
11 5 -1 -1 0 0 0 0 0.000000 0.000000 0.000000 -nan 0.000000
12 6 -1 -1 0 0 0 0 0.000000 0.000000 0.000000 -nan 0.000000
13 7 0 55 0 0 0 0 0.000000 2264684052.551824 100000000.000000 -nan 2364684052.551824
14 8 0 225 0 0 0 0 0.000000 2269947134.119442 100000000.000000 -nan 2369947134.119442
15 9 -1 -1 0 0 0 0 0.000000 0.000000 0.000000 -nan 0.000000
16 10 -1 -1 0 0 0 0 0.000000 0.000000 0.000000 -nan 0.000000
17 11 0 99 0 0 0 0 0.000000 2262052511.634947 100000000.000000 -nan 2362052511.634947
18 12 -1 -1 0 0 0 0 0.000000 0.000000 0.000000 -nan 0.000000
19 13 -1 -1 0 0 0 0 0.000000 0.000000 0.000000 -nan 0.000000
20 14 -1 -1 0 0 0 0 0.000000 0.000000 0.000000 -nan 0.000000
21 15 0 167 0 0 0 0 0.000000 1705034481.241307 100000000.000000 -nan 1805034481.241307
22 16 -1 -1 0 0 0 0 0.000000 0.000000 0.000000 -nan 0.000000
23 17 -1 -1 0 0 0 0 0.000000 0.000000 0.000000 -nan 0.000000
24 18 -1 -1 0 0 0 0 0.000000 0.000000 0.000000 -nan 0.000000
25 19 0 239 0 0 0 0 0.000000 1707666021.824226 100000000.000000 -nan 1807666021.824226
26 20 -1 -1 0 0 0 0 0.000000 0.000000 0.000000 -nan 0.000000
27 21 0 226 0 0 0 0 0.000000 1718678348.468556 100000000.000000 -nan 1818678348.468556
28 22 0 170 0 0 0 0 0.000000 1716046807.779266 100000000.000000 -nan 1816046807.779266
29 23 0 266 0 0 0 0 0.000000 1721309889.714338 100000000.000000 -nan 1821309889.714338
30 24 -1 -1 0 0 0 0 0.000000 0.000000 0.000000 -nan 0.000000
31 25 -1 -1 0 0 0 0 0.000000 0.000000 0.000000 -nan 0.000000
32 26 -1 -1 0 0 0 0 0.000000 0.000000 0.000000 -nan 0.000000
33 27 -1 -1 0 0 0 0 0.000000 0.000000 0.000000 -nan 0.000000
34 28 -1 -1 0 0 0 0 0.000000 0.000000 0.000000 -nan 0.000000
35 29 -1 -1 0 0 0 0 0.000000 0.000000 0.000000 -nan 0.000000
83 30 0 187 0 0 0 0 0.000000 3154310464.138508 100000000.000000 -nan 3254310464.138508
84 31 0 102 0 0 0 0 0.000000 3162205086.272157 100000000.000000 -nan 3262205086.272157
85 32 -1 -1 0 0 0 0 0.000000 0.000000 0.000000 -nan 0.000000
86 33 -1 -1 0 0 0 0 0.000000 0.000000 0.000000 -nan 0.000000
87 34 -1 -1 0 0 0 0 0.000000 0.000000 0.000000 -nan 0.000000
88 35 -1 -1 0 0 0 0 0.000000 0.000000 0.000000 -nan 0.000000
89 36 0 290 0 0 0 0 0.000000 3167468167.963550 100000000.000000 -nan 3267468167.963550
90 37 0 68 0 0 0 0 0.000000 3159573545.365000 100000000.000000 -nan 3259573545.365000
91 38 -1 -1 0 0 0 0 0.000000 0.000000 0.000000 -nan 0.000000
92 39 0 293 0 0 0 0 0.000000 3164836627.778875 100000000.000000 -nan 3264836627.778875
93 40 0 112 0 0 0 0 0.000000 3156942004.736671 100000000.000000 -nan 3256942004.736671
94 41 -1 -1 0 0 0 0 0.000000 0.000000 0.000000 -nan 0.000000
95 42 0 81 0 0 0 0 0.000000 3172731249.904307 100000000.000000 -nan 3272731249.904307
96 43 -1 -1 0 0 0 0 0.000000 0.000000 0.000000 -nan 0.000000
97 44 0 230 0 0 0 0 0.000000 3170099708.342604 100000000.000000 -nan 3270099708.342604
98 45 0 21 0 0 0 0 0.000000 2170050702.909069 100000000.000000 -nan 2270050702.909069
99 46 -1 -1 0 0 0 0 0.000000 0.000000 0.000000 -nan 0.000000
100 47 0 118 0 0 0 0 0.000000 2162156080.742203 100000000.000000 -nan 2262156080.742203
101 48 0 164 0 0 0 0 0.000000 2164787621.164286 100000000.000000 -nan 2264787621.164286
102 49 0 78 0 0 0 0 0.000000 2167419162.078214 100000000.000000 -nan 2267419162.078214
103 50 0 292 0 0 0 0 0.000000 2148400672.219284 100000000.000000 -nan 2248400672.219284
104 51 -1 -1 0 0 0 0 0.000000 0.000000 0.000000 -nan 0.000000
105 52 -1 -1 0 0 0 0 0.000000 0.000000 0.000000 -nan 0.000000
106 53 -1 -1 0 0 0 0 0.000000 0.000000 0.000000 -nan 0.000000
107 54 -1 -1 0 0 0 0 0.000000 0.000000 0.000000 -nan 0.000000
108 55 -1 -1 0 0 0 0 0.000000 0.000000 0.000000 -nan 0.000000
109 56 0 153 0 0 0 0 0.000000 2145769131.078215 100000000.000000 -nan 2245769131.078215
110 57 -1 -1 0 0 0 0 0.000000 0.000000 0.000000 -nan 0.000000
111 58 -1 -1 0 0 0 0 0.000000 0.000000 0.000000 -nan 0.000000
112 59 -1 -1 0 0 0 0 0.000000 0.000000 0.000000 -nan 0.000000
160 60 -1 -1 0 0 0 0 0.000000 0.000000 0.000000 -nan 0.000000
161 61 0 185 0 0 0 0 0.000000 2356183329.941493 100000000.000000 -nan 2456183329.941493
162 62 -1 -1 0 0 0 0 0.000000 0.000000 0.000000 -nan 0.000000
163 63 -1 -1 0 0 0 0 0.000000 0.000000 0.000000 -nan 0.000000
164 64 0 17 0 0 0 0 0.000000 2369695657.130093 100000000.000000 -nan 2469695657.130093
165 65 -1 -1 0 0 0 0 0.000000 0.000000 0.000000 -nan 0.000000
166 66 -1 -1 0 0 0 0 0.000000 0.000000 0.000000 -nan 0.000000
167 67 0 269 0 0 0 0 0.000000 2374958737.790977 100000000.000000 -nan 2474958737.790977
168 68 -1 -1 0 0 0 0 0.000000 0.000000 0.000000 -nan 0.000000
169 69 -1 -1 0 0 0 0 0.000000 0.000000 0.000000 -nan 0.000000
170 70 0 168 0 0 0 0 0.000000 2377590278.970932 100000000.000000 -nan 2477590278.970932
171 71 0 82 0 0 0 0 0.000000 2372327197.640877 100000000.000000 -nan 2472327197.640877
172 72 0 175 0 0 0 0 0.000000 2358814870.667824 100000000.000000 -nan 2458814870.667824
173 73 -1 -1 0 0 0 0 0.000000 0.000000 0.000000 -nan 0.000000
174 74 -1 -1 0 0 0 0 0.000000 0.000000 0.000000 -nan 0.000000
175 75 -1 -1 0 0 0 0 0.000000 0.000000 0.000000 -nan 0.000000
176 76 -1 -1 0 0 0 0 0.000000 0.000000 0.000000 -nan 0.000000
177 77 -1 -1 0 0 0 0 0.000000 0.000000 0.000000 -nan 0.000000
178 78 -1 -1 0 0 0 0 0.000000 0.000000 0.000000 -nan 0.000000
179 79 -1 -1 0 0 0 0 0.000000 0.000000 0.000000 -nan 0.000000
180 80 0 91 0 0 0 0 0.000000 1713546807.579584 100000000.000000 -nan 1813546807.579584
181 81 0 92 0 0 0 0 0.000000 1716178347.744676 100000000.000000 -nan 1816178347.744676
182 82 0 263 0 0 0 0 0.000000 1710915266.569266 100000000.000000 -nan 1810915266.569266
183 83 0 140 0 0 0 0 0.000000 1718809888.710583 100000000.000000 -nan 1818809888.710583
184 84 0 259 0 0 0 0 0.000000 1667037500.118049 100000000.000000 -nan 1767037500.118049
185 85 -1 -1 0 0 0 0 0.000000 0.000000 0.000000 -nan 0.000000
186 86 -1 -1 0 0 0 0 0.000000 0.000000 0.000000 -nan 0.000000
187 87 -1 -1 0 0 0 0 0.000000 0.000000 0.000000 -nan 0.000000
188 88 -1 -1 0 0 0 0 0.000000 0.000000 0.000000 -nan 0.000000
189 89 -1 -1 0 0 0 0 0.000000 0.000000 0.000000 -nan 0.000000
237 90 0 196 0 0 0 0 0.000000 928859460.235707 100000000.000000 -nan 1028859460.235707
238 91 -1 -1 0 0 0 0 0.000000 0.000000 0.000000 -nan 0.000000
239 92 -1 -1 0 0 0 0 0.000000 0.000000 0.000000 -nan 0.000000
240 93 -1 -1 0 0 0 0 0.000000 0.000000 0.000000 -nan 0.000000
241 94 -1 -1 0 0 0 0 0.000000 0.000000 0.000000 -nan 0.000000
242 95 -1 -1 0 0 0 0 0.000000 0.000000 0.000000 -nan 0.000000
243 96 -1 -1 0 0 0 0 0.000000 0.000000 0.000000 -nan 0.000000
244 97 -1 -1 0 0 0 0 0.000000 0.000000 0.000000 -nan 0.000000
245 98 0 36 0 0 0 0 0.000000 926227919.638268 100000000.000000 -nan 1026227919.638268
246 99 -1 -1 0 0 0 0 0.000000 0.000000 0.000000 -nan 0.000000
247 100 -1 -1 0 0 0 0 0.000000 0.000000 0.000000 -nan 0.000000
248 101 -1 -1 0 0 0 0 0.000000 0.000000 0.000000 -nan 0.000000
249 102 -1 -1 0 0 0 0 0.000000 0.000000 0.000000 -nan 0.000000
250 103 -1 -1 0 0 0 0 0.000000 0.000000 0.000000 -nan 0.000000
251 104 0 208 0 0 0 0 0.000000 923596378.458189 100000000.000000 -nan 1023596378.458189
252 105 -1 -1 0 0 0 0 0.000000 0.000000 0.000000 -nan 0.000000
253 106 -1 -1 0 0 0 0 0.000000 0.000000 0.000000 -nan 0.000000
254 107 -1 -1 0 0 0 0 0.000000 0.000000 0.000000 -nan 0.000000
255 108 0 38 0 0 0 0 0.000000 2300801747.771909 100000000.000000 -nan 2400801747.771909
256 109 0 74 0 0 0 0 0.000000 2306064829.837650 100000000.000000 -nan 2406064829.837650
257 110 -1 -1 0 0 0 0 0.000000 0.000000 0.000000 -nan 0.000000
258 111 0 262 0 0 0 0 0.000000 2289920962.471039 100000000.000000 -nan 2389920962.471039
259 112 -1 -1 0 0 0 0 0.000000 0.000000 0.000000 -nan 0.000000
260 113 -1 -1 0 0 0 0 0.000000 0.000000 0.000000 -nan 0.000000
261 114 0 62 0 0 0 0 0.000000 2308696370.761703 100000000.000000 -nan 2408696370.761703
262 115 -1 -1 0 0 0 0 0.000000 0.000000 0.000000 -nan 0.000000
263 116 -1 -1 0 0 0 0 0.000000 0.000000 0.000000 -nan 0.000000
264 117 0 267 0 0 0 0 0.000000 2303433288.894731 100000000.000000 -nan 2403433288.894731
265 118 0 227 0 0 0 0 0.000000 2271033163.527812 100000000.000000 -nan 2371033163.527812
266 119 0 244 0 0 0 0 0.000000 2273664704.295272 100000000.000000 -nan 2373664704.295272
314 120 -1 -1 0 0 0 0 0.000000 0.000000 0.000000 -nan 0.000000
315 121 0 264 0 0 0 0 0.000000 1469315430.776069 100000000.000000 -nan 1569315430.776069
316 122 -1 -1 0 0 0 0 0.000000 0.000000 0.000000 -nan 0.000000
317 123 -1 -1 0 0 0 0 0.000000 0.000000 0.000000 -nan 0.000000
318 124 -1 -1 0 0 0 0 0.000000 0.000000 0.000000 -nan 0.000000
319 125 0 194 0 0 0 0 0.000000 1471946971.618413 100000000.000000 -nan 1571946971.618413
320 126 -1 -1 0 0 0 0 0.000000 0.000000 0.000000 -nan 0.000000
321 127 -1 -1 0 0 0 0 0.000000 0.000000 0.000000 -nan 0.000000
322 128 -1 -1 0 0 0 0 0.000000 0.000000 0.000000 -nan 0.000000
323 129 -1 -1 0 0 0 0 0.000000 0.000000 0.000000 -nan 0.000000
324 130 0 27 0 0 0 0 0.000000 1477453134.471828 100000000.000000 -nan 1577453134.471828
325 131 0 80 0 0 0 0 0.000000 1480084676.231235 100000000.000000 -nan 1580084676.231235
326 132 -1 -1 0 0 0 0 0.000000 0.000000 0.000000 -nan 0.000000
327 133 -1 -1 0 0 0 0 0.000000 0.000000 0.000000 -nan 0.000000
328 134 -1 -1 0 0 0 0 0.000000 0.000000 0.000000 -nan 0.000000
329 135 -1 -1 0 0 0 0 0.000000 0.000000 0.000000 -nan 0.000000
330 136 0 76 0 0 0 0 0.000000 2057272260.447452 100000000.000000 -nan 2157272260.447452
331 137 -1 -1 0 0 0 0 0.000000 0.000000 0.000000 -nan 0.000000
332 138 0 237 0 0 0 0 0.000000 2059903801.116953 100000000.000000 -nan 2159903801.116953
333 139 0 184 0 0 0 0 0.000000 2062535342.174871 100000000.000000 -nan 2162535342.174871
334 140 0 25 0 0 0 0 0.000000 2043253770.290637 100000000.000000 -nan 2143253770.290637
335 141 -1 -1 0 0 0 0 0.000000 0.000000 0.000000 -nan 0.000000
336 142 -1 -1 0 0 0 0 0.000000 0.000000 0.000000 -nan 0.000000
337 143 -1 -1 0 0 0 0 0.000000 0.000000 0.000000 -nan 0.000000
338 144 -1 -1 0 0 0 0 0.000000 0.000000 0.000000 -nan 0.000000
339 145 -1 -1 0 0 0 0 0.000000 0.000000 0.000000 -nan 0.000000
340 146 0 28 0 0 0 0 0.000000 2054453407.267992 100000000.000000 -nan 2154453407.267992
341 147 0 48 0 0 0 0 0.000000 2051634555.856331 100000000.000000 -nan 2151634555.856331
342 148 -1 -1 0 0 0 0 0.000000 0.000000 0.000000 -nan 0.000000
343 149 -1 -1 0 0 0 0 0.000000 0.000000 0.000000 -nan 0.000000
391 150 -1 -1 0 0 0 0 0.000000 0.000000 0.000000 -nan 0.000000
392 151 0 279 0 0 0 0 0.000000 1375128247.441161 100000000.000000 -nan 1475128247.441161
393 152 -1 -1 0 0 0 0 0.000000 0.000000 0.000000 -nan 0.000000
394 153 0 154 0 0 0 0 0.000000 1369865165.958371 100000000.000000 -nan 1469865165.958371
395 154 -1 -1 0 0 0 0 0.000000 0.000000 0.000000 -nan 0.000000
396 155 -1 -1 0 0 0 0 0.000000 0.000000 0.000000 -nan 0.000000
397 156 -1 -1 0 0 0 0 0.000000 0.000000 0.000000 -nan 0.000000
398 157 -1 -1 0 0 0 0 0.000000 0.000000 0.000000 -nan 0.000000
399 158 0 35 0 0 0 0 0.000000 1372496706.807087 100000000.000000 -nan 1472496706.807087
400 159 -1 -1 0 0 0 0 0.000000 0.000000 0.000000 -nan 0.000000
401 160 0 162 0 0 0 0 0.000000 1377759788.196934 100000000.000000 -nan 1477759788.196934
402 161 -1 -1 0 0 0 0 0.000000 0.000000 0.000000 -nan 0.000000
403 162 -1 -1 0 0 0 0 0.000000 0.000000 0.000000 -nan 0.000000
404 163 -1 -1 0 0 0 0 0.000000 0.000000 0.000000 -nan 0.000000
405 164 -1 -1 0 0 0 0 0.000000 0.000000 0.000000 -nan 0.000000
406 165 -1 -1 0 0 0 0 0.000000 0.000000 0.000000 -nan 0.000000
407 166 -1 -1 0 0 0 0 0.000000 0.000000 0.000000 -nan 0.000000
408 167 -1 -1 0 0 0 0 0.000000 0.000000 0.000000 -nan 0.000000
409 168 -1 -1 0 0 0 0 0.000000 0.000000 0.000000 -nan 0.000000
410 169 0 9 0 0 0 0 0.000000 2143637813.109032 100000000.000000 -nan 2243637813.109032
411 170 -1 -1 0 0 0 0 0.000000 0.000000 0.000000 -nan 0.000000
412 171 -1 -1 0 0 0 0 0.000000 0.000000 0.000000 -nan 0.000000
413 172 0 113 0 0 0 0 0.000000 2154518599.136469 100000000.000000 -nan 2254518599.136469
414 173 0 223 0 0 0 0 0.000000 2159781680.195269 100000000.000000 -nan 2259781680.195269
415 174 -1 -1 0 0 0 0 0.000000 0.000000 0.000000 -nan 0.000000
416 175 -1 -1 0 0 0 0 0.000000 0.000000 0.000000 -nan 0.000000
417 176 0 120 0 0 0 0 0.000000 2157150140.281852 100000000.000000 -nan 2257150140.281852
418 177 0 250 0 0 0 0 0.000000 2162413220.530461 100000000.000000 -nan 2262413220.530461
419 178 0 117 0 0 0 0 0.000000 2086322640.758621 100000000.000000 -nan 2186322640.758621
420 179 -1 -1 0 0 0 0 0.000000 0.000000 0.000000 -nan 0.000000
468 180 -1 -1 0 0 0 0 0.000000 0.000000 0.000000 -nan 0.000000
469 181 -1 -1 0 0 0 0 0.000000 0.000000 0.000000 -nan 0.000000
470 182 -1 -1 0 0 0 0 0.000000 0.000000 0.000000 -nan 0.000000
471 183 -1 -1 0 0 0 0 0.000000 0.000000 0.000000 -nan 0.000000
472 184 -1 -1 0 0 0 0 0.000000 0.000000 0.000000 -nan 0.000000
473 185 0 243 0 0 0 0 0.000000 372315394.938431 100000000.000000 -nan 472315394.938431
474 186 -1 -1 0 0 0 0 0.000000 0.000000 0.000000 -nan 0.000000
475 187 -1 -1 0 0 0 0 0.000000 0.000000 0.000000 -nan 0.000000
476 188 -1 -1 0 0 0 0 0.000000 0.000000 0.000000 -nan 0.000000
477 189 -1 -1 0 0 0 0 0.000000 0.000000 0.000000 -nan 0.000000
478 190 -1 -1 0 0 0 0 0.000000 0.000000 0.000000 -nan 0.000000
479 191 -1 -1 0 0 0 0 0.000000 0.000000 0.000000 -nan 0.000000
480 192 -1 -1 0 0 0 0 0.000000 0.000000 0.000000 -nan 0.000000
481 193 -1 -1 0 0 0 0 0.000000 0.000000 0.000000 -nan 0.000000
482 194 0 173 0 0 0 0 0.000000 375134247.285417 100000000.000000 -nan 475134247.285417
483 195 0 202 0 0 0 0 0.000000 1923577234.268290 100000000.000000 -nan 2023577234.268290
484 196 -1 -1 0 0 0 0 0.000000 0.000000 0.000000 -nan 0.000000
485 197 -1 -1 0 0 0 0 0.000000 0.000000 0.000000 -nan 0.000000
486 198 -1 -1 0 0 0 0 0.000000 0.000000 0.000000 -nan 0.000000
487 199 0 189 0 0 0 0 0.000000 1915383759.551485 100000000.000000 -nan 2015383759.551485
488 200 0 180 0 0 0 0 0.000000 1912752219.142549 100000000.000000 -nan 2012752219.142549
489 201 -1 -1 0 0 0 0 0.000000 0.000000 0.000000 -nan 0.000000
490 202 -1 -1 0 0 0 0 0.000000 0.000000 0.000000 -nan 0.000000
491 203 -1 -1 0 0 0 0 0.000000 0.000000 0.000000 -nan 0.000000
492 204 -1 -1 0 0 0 0 0.000000 0.000000 0.000000 -nan 0.000000
493 205 -1 -1 0 0 0 0 0.000000 0.000000 0.000000 -nan 0.000000
494 206 0 276 0 0 0 0 0.000000 1928840315.815705 100000000.000000 -nan 2028840315.815705
495 207 0 5 0 0 0 0 0.000000 1926208775.111422 100000000.000000 -nan 2026208775.111422
496 208 -1 -1 0 0 0 0 0.000000 0.000000 0.000000 -nan 0.000000
497 209 -1 -1 0 0 0 0 0.000000 0.000000 0.000000 -nan 0.000000
545 210 -1 -1 0 0 0 0 0.000000 0.000000 0.000000 -nan 0.000000
546 211 -1 -1 0 0 0 0 0.000000 0.000000 0.000000 -nan 0.000000
547 212 -1 -1 0 0 0 0 0.000000 0.000000 0.000000 -nan 0.000000
548 213 0 156 0 0 0 0 0.000000 926227920.645610 100000000.000000 -nan 1026227920.645610
549 214 -1 -1 0 0 0 0 0.000000 0.000000 0.000000 -nan 0.000000
550 215 -1 -1 0 0 0 0 0.000000 0.000000 0.000000 -nan 0.000000
551 216 -1 -1 0 0 0 0 0.000000 0.000000 0.000000 -nan 0.000000
552 217 0 7 0 0 0 0 0.000000 928859461.104947 100000000.000000 -nan 1028859461.104947
553 218 -1 -1 0 0 0 0 0.000000 0.000000 0.000000 -nan 0.000000
554 219 -1 -1 0 0 0 0 0.000000 0.000000 0.000000 -nan 0.000000
555 220 0 15 0 0 0 0 0.000000 923596379.520456 100000000.000000 -nan 1023596379.520456
556 221 -1 -1 0 0 0 0 0.000000 0.000000 0.000000 -nan 0.000000
557 222 -1 -1 0 0 0 0 0.000000 0.000000 0.000000 -nan 0.000000
558 223 -1 -1 0 0 0 0 0.000000 0.000000 0.000000 -nan 0.000000
559 224 -1 -1 0 0 0 0 0.000000 0.000000 0.000000 -nan 0.000000
560 225 0 255 0 0 0 0 0.000000 1705550302.964451 100000000.000000 -nan 1805550302.964451
561 226 -1 -1 0 0 0 0 0.000000 0.000000 0.000000 -nan 0.000000
562 227 -1 -1 0 0 0 0 0.000000 0.000000 0.000000 -nan 0.000000
563 228 -1 -1 0 0 0 0 0.000000 0.000000 0.000000 -nan 0.000000
564 229 -1 -1 0 0 0 0 0.000000 0.000000 0.000000 -nan 0.000000
565 230 0 2 0 0 0 0 0.000000 1713688006.362231 100000000.000000 -nan 1813688006.362231
566 231 0 288 0 0 0 0 0.000000 1711056466.455171 100000000.000000 -nan 1811056466.455171
567 232 -1 -1 0 0 0 0 0.000000 0.000000 0.000000 -nan 0.000000
568 233 -1 -1 0 0 0 0 0.000000 0.000000 0.000000 -nan 0.000000
569 234 -1 -1 0 0 0 0 0.000000 0.000000 0.000000 -nan 0.000000
570 235 -1 -1 0 0 0 0 0.000000 0.000000 0.000000 -nan 0.000000
571 236 0 179 0 0 0 0 0.000000 1702918762.391797 100000000.000000 -nan 1802918762.391797
572 237 -1 -1 0 0 0 0 0.000000 0.000000 0.000000 -nan 0.000000
573 238 -1 -1 0 0 0 0 0.000000 0.000000 0.000000 -nan 0.000000
574 239 0 11 0 0 0 0 0.000000 1659040146.056625 100000000.000000 -nan 1759040146.056625
622 240 -1 -1 0 0 0 0 0.000000 0.000000 0.000000 -nan 0.000000
623 241 -1 -1 0 0 0 0 0.000000 0.000000 0.000000 -nan 0.000000
624 242 -1 -1 0 0 0 0 0.000000 0.000000 0.000000 -nan 0.000000
625 243 0 204 0 0 0 0 0.000000 1915464518.026569 100000000.000000 -nan 2015464518.026569
626 244 -1 -1 0 0 0 0 0.000000 0.000000 0.000000 -nan 0.000000
627 245 -1 -1 0 0 0 0 0.000000 0.000000 0.000000 -nan 0.000000
628 246 0 282 0 0 0 0 0.000000 1920727599.742677 100000000.000000 -nan 2020727599.742677
629 247 -1 -1 0 0 0 0 0.000000 0.000000 0.000000 -nan 0.000000
630 248 -1 -1 0 0 0 0 0.000000 0.000000 0.000000 -nan 0.000000
631 249 0 277 0 0 0 0 0.000000 1926233762.377406 100000000.000000 -nan 2026233762.377406
632 250 -1 -1 0 0 0 0 0.000000 0.000000 0.000000 -nan 0.000000
633 251 0 195 0 0 0 0 0.000000 1928865303.892641 100000000.000000 -nan 2028865303.892641
634 252 -1 -1 0 0 0 0 0.000000 0.000000 0.000000 -nan 0.000000
635 253 -1 -1 0 0 0 0 0.000000 0.000000 0.000000 -nan 0.000000
636 254 0 163 0 0 0 0 0.000000 1918096058.785441 100000000.000000 -nan 2018096058.785441
637 255 -1 -1 0 0 0 0 0.000000 0.000000 0.000000 -nan 0.000000
638 256 -1 -1 0 0 0 0 0.000000 0.000000 0.000000 -nan 0.000000
639 257 -1 -1 0 0 0 0 0.000000 0.000000 0.000000 -nan 0.000000
640 258 0 271 0 0 0 0 0.000000 477502707.374362 100000000.000000 -nan 577502707.374362
641 259 -1 -1 0 0 0 0 0.000000 0.000000 0.000000 -nan 0.000000
642 260 0 50 0 0 0 0 0.000000 480134248.416724 100000000.000000 -nan 580134248.416724
643 261 -1 -1 0 0 0 0 0.000000 0.000000 0.000000 -nan 0.000000
644 262 -1 -1 0 0 0 0 0.000000 0.000000 0.000000 -nan 0.000000
645 263 -1 -1 0 0 0 0 0.000000 0.000000 0.000000 -nan 0.000000
646 264 -1 -1 0 0 0 0 0.000000 0.000000 0.000000 -nan 0.000000
647 265 -1 -1 0 0 0 0 0.000000 0.000000 0.000000 -nan 0.000000
648 266 -1 -1 0 0 0 0 0.000000 0.000000 0.000000 -nan 0.000000
649 267 -1 -1 0 0 0 0 0.000000 0.000000 0.000000 -nan 0.000000
650 268 -1 -1 0 0 0 0 0.000000 0.000000 0.000000 -nan 0.000000
651 269 -1 -1 0 0 0 0 0.000000 0.000000 0.000000 -nan 0.000000
699 270 -1 -1 0 0 0 0 0.000000 0.000000 0.000000 -nan 0.000000
700 271 -1 -1 0 0 0 0 0.000000 0.000000 0.000000 -nan 0.000000
701 272 -1 -1 0 0 0 0 0.000000 0.000000 0.000000 -nan 0.000000
702 273 -1 -1 0 0 0 0 0.000000 0.000000 0.000000 -nan 0.000000
703 274 0 249 0 0 0 0 0.000000 1361440808.658911 100000000.000000 -nan 1461440808.658911
704 275 -1 -1 0 0 0 0 0.000000 0.000000 0.000000 -nan 0.000000
705 276 -1 -1 0 0 0 0 0.000000 0.000000 0.000000 -nan 0.000000
706 277 -1 -1 0 0 0 0 0.000000 0.000000 0.000000 -nan 0.000000
707 278 -1 -1 0 0 0 0 0.000000 0.000000 0.000000 -nan 0.000000
708 279 0 157 0 0 0 0 0.000000 1369821594.576264 100000000.000000 -nan 1469821594.576264
709 280 0 107 0 0 0 0 0.000000 1375084676.211866 100000000.000000 -nan 1475084676.211866
710 281 0 151 0 0 0 0 0.000000 1372453135.431558 100000000.000000 -nan 1472453135.431558
711 282 -1 -1 0 0 0 0 0.000000 0.000000 0.000000 -nan 0.000000
712 283 -1 -1 0 0 0 0 0.000000 0.000000 0.000000 -nan 0.000000
713 284 -1 -1 0 0 0 0 0.000000 0.000000 0.000000 -nan 0.000000
714 285 0 128 0 0 0 0 0.000000 1471946972.656734 100000000.000000 -nan 1571946972.656734
715 286 0 285 0 0 0 0 0.000000 1469315431.247213 100000000.000000 -nan 1569315431.247213
716 287 -1 -1 0 0 0 0 0.000000 0.000000 0.000000 -nan 0.000000
717 288 -1 -1 0 0 0 0 0.000000 0.000000 0.000000 -nan 0.000000
718 289 -1 -1 0 0 0 0 0.000000 0.000000 0.000000 -nan 0.000000
719 290 -1 -1 0 0 0 0 0.000000 0.000000 0.000000 -nan 0.000000
720 291 0 103 0 0 0 0 0.000000 1477453135.465815 100000000.000000 -nan 1577453135.465815
721 292 -1 -1 0 0 0 0 0.000000 0.000000 0.000000 -nan 0.000000
722 293 0 165 0 0 0 0 0.000000 1480084676.989732 100000000.000000 -nan 1580084676.989732
723 294 -1 -1 0 0 0 0 0.000000 0.000000 0.000000 -nan 0.000000
724 295 -1 -1 0 0 0 0 0.000000 0.000000 0.000000 -nan 0.000000
725 296 -1 -1 0 0 0 0 0.000000 0.000000 0.000000 -nan 0.000000
726 297 -1 -1 0 0 0 0 0.000000 0.000000 0.000000 -nan 0.000000
727 298 -1 -1 0 0 0 0 0.000000 0.000000 0.000000 -nan 0.000000
728 299 -1 -1 0 0 0 0 0.000000 0.000000 0.000000 -nan 0.000000
776 300 -1 -1 0 0 0 0 0.000000 0.000000 0.000000 -nan 0.000000
777 301 0 110 0 0 0 0 0.000000 2369695895.002885 100000000.000000 -nan 2469695895.002885
778 302 -1 -1 0 0 0 0 0.000000 0.000000 0.000000 -nan 0.000000
779 303 0 206 0 0 0 0 0.000000 2374958976.162838 100000000.000000 -nan 2474958976.162838
780 304 -1 -1 0 0 0 0 0.000000 0.000000 0.000000 -nan 0.000000
781 305 0 287 0 0 0 0 0.000000 2377590517.120223 100000000.000000 -nan 2477590517.120223
782 306 0 260 0 0 0 0 0.000000 2372327435.339224 100000000.000000 -nan 2472327435.339224
783 307 -1 -1 0 0 0 0 0.000000 0.000000 0.000000 -nan 0.000000
784 308 -1 -1 0 0 0 0 0.000000 0.000000 0.000000 -nan 0.000000
785 309 0 152 0 0 0 0 0.000000 2358815108.467944 100000000.000000 -nan 2458815108.467944
786 310 -1 -1 0 0 0 0 0.000000 0.000000 0.000000 -nan 0.000000
787 311 -1 -1 0 0 0 0 0.000000 0.000000 0.000000 -nan 0.000000
788 312 0 186 0 0 0 0 0.000000 2356183568.308990 100000000.000000 -nan 2456183568.308990
789 313 -1 -1 0 0 0 0 0.000000 0.000000 0.000000 -nan 0.000000
790 314 -1 -1 0 0 0 0 0.000000 0.000000 0.000000 -nan 0.000000
791 315 -1 -1 0 0 0 0 0.000000 0.000000 0.000000 -nan 0.000000
792 316 -1 -1 0 0 0 0 0.000000 0.000000 0.000000 -nan 0.000000
793 317 -1 -1 0 0 0 0 0.000000 0.000000 0.000000 -nan 0.000000
794 318 0 111 0 0 0 0 0.000000 1702918762.904087 100000000.000000 -nan 1802918762.904087
795 319 -1 -1 0 0 0 0 0.000000 0.000000 0.000000 -nan 0.000000
796 320 -1 -1 0 0 0 0 0.000000 0.000000 0.000000 -nan 0.000000
797 321 0 176 0 0 0 0 0.000000 1705550303.464613 100000000.000000 -nan 1805550303.464613
798 322 -1 -1 0 0 0 0 0.000000 0.000000 0.000000 -nan 0.000000
799 323 -1 -1 0 0 0 0 0.000000 0.000000 0.000000 -nan 0.000000
800 324 0 95 0 0 0 0 0.000000 1713688006.978151 100000000.000000 -nan 1813688006.978151
801 325 -1 -1 0 0 0 0 0.000000 0.000000 0.000000 -nan 0.000000
802 326 -1 -1 0 0 0 0 0.000000 0.000000 0.000000 -nan 0.000000
803 327 0 198 0 0 0 0 0.000000 1711056466.673086 100000000.000000 -nan 1811056466.673086
804 328 -1 -1 0 0 0 0 0.000000 0.000000 0.000000 -nan 0.000000
805 329 0 122 0 0 0 0 0.000000 1659040146.357883 100000000.000000 -nan 1759040146.357883
853 330 -1 -1 0 0 0 0 0.000000 0.000000 0.000000 -nan 0.000000
854 331 0 137 0 0 0 0 0.000000 477677581.376068 100000000.000000 -nan 577677581.376068
855 332 0 245 0 0 0 0 0.000000 480309121.919951 100000000.000000 -nan 580309121.919951
856 333 -1 -1 0 0 0 0 0.000000 0.000000 0.000000 -nan 0.000000
857 334 -1 -1 0 0 0 0 0.000000 0.000000 0.000000 -nan 0.000000
858 335 -1 -1 0 0 0 0 0.000000 0.000000 0.000000 -nan 0.000000
859 336 -1 -1 0 0 0 0 0.000000 0.000000 0.000000 -nan 0.000000
860 337 -1 -1 0 0 0 0 0.000000 0.000000 0.000000 -nan 0.000000
861 338 -1 -1 0 0 0 0 0.000000 0.000000 0.000000 -nan 0.000000
862 339 -1 -1 0 0 0 0 0.000000 0.000000 0.000000 -nan 0.000000
863 340 -1 -1 0 0 0 0 0.000000 0.000000 0.000000 -nan 0.000000
864 341 -1 -1 0 0 0 0 0.000000 0.000000 0.000000 -nan 0.000000
865 342 -1 -1 0 0 0 0 0.000000 0.000000 0.000000 -nan 0.000000
866 343 -1 -1 0 0 0 0 0.000000 0.000000 0.000000 -nan 0.000000
867 344 -1 -1 0 0 0 0 0.000000 0.000000 0.000000 -nan 0.000000
868 345 0 64 0 0 0 0 0.000000 2736014635.425185 100000000.000000 -nan 2836014635.425185
869 346 -1 -1 0 0 0 0 0.000000 0.000000 0.000000 -nan 0.000000
870 347 0 141 0 0 0 0 0.000000 2749526961.840042 100000000.000000 -nan 2849526961.840042
871 348 0 124 0 0 0 0 0.000000 2754790042.825891 100000000.000000 -nan 2854790042.825891
872 349 -1 -1 0 0 0 0 0.000000 0.000000 0.000000 -nan 0.000000
873 350 0 73 0 0 0 0 0.000000 2752158502.541463 100000000.000000 -nan 2852158502.541463
874 351 -1 -1 0 0 0 0 0.000000 0.000000 0.000000 -nan 0.000000
875 352 0 93 0 0 0 0 0.000000 2757421583.761826 100000000.000000 -nan 2857421583.761826
876 353 -1 -1 0 0 0 0 0.000000 0.000000 0.000000 -nan 0.000000
877 354 -1 -1 0 0 0 0 0.000000 0.000000 0.000000 -nan 0.000000
878 355 -1 -1 0 0 0 0 0.000000 0.000000 0.000000 -nan 0.000000
879 356 -1 -1 0 0 0 0 0.000000 0.000000 0.000000 -nan 0.000000
880 357 0 160 0 0 0 0 0.000000 2738646175.716563 100000000.000000 -nan 2838646175.716563
881 358 0 147 0 0 0 0 0.000000 2711752214.273916 100000000.000000 -nan 2811752214.273916
882 359 0 143 0 0 0 0 0.000000 2714383755.301623 100000000.000000 -nan 2814383755.301623
930 360 -1 -1 0 0 0 0 0.000000 0.000000 0.000000 -nan 0.000000
931 361 -1 -1 0 0 0 0 0.000000 0.000000 0.000000 -nan 0.000000
932 362 -1 -1 0 0 0 0 0.000000 0.000000 0.000000 -nan 0.000000
933 363 -1 -1 0 0 0 0 0.000000 0.000000 0.000000 -nan 0.000000
934 364 -1 -1 0 0 0 0 0.000000 0.000000 0.000000 -nan 0.000000
935 365 0 89 0 0 0 0 0.000000 928859460.230607 100000000.000000 -nan 1028859460.230607
936 366 -1 -1 0 0 0 0 0.000000 0.000000 0.000000 -nan 0.000000
937 367 -1 -1 0 0 0 0 0.000000 0.000000 0.000000 -nan 0.000000
938 368 -1 -1 0 0 0 0 0.000000 0.000000 0.000000 -nan 0.000000
939 369 -1 -1 0 0 0 0 0.000000 0.000000 0.000000 -nan 0.000000
940 370 0 37 0 0 0 0 0.000000 926227919.596336 100000000.000000 -nan 1026227919.596336
941 371 -1 -1 0 0 0 0 0.000000 0.000000 0.000000 -nan 0.000000
942 372 -1 -1 0 0 0 0 0.000000 0.000000 0.000000 -nan 0.000000
943 373 0 105 0 0 0 0 0.000000 923596379.174710 100000000.000000 -nan 1023596379.174710
944 374 -1 -1 0 0 0 0 0.000000 0.000000 0.000000 -nan 0.000000
945 375 -1 -1 0 0 0 0 0.000000 0.000000 0.000000 -nan 0.000000
946 376 0 123 0 0 0 0 0.000000 2708638435.465194 100000000.000000 -nan 2808638435.465194
947 377 -1 -1 0 0 0 0 0.000000 0.000000 0.000000 -nan 0.000000
948 378 0 49 0 0 0 0 0.000000 2700743812.897613 100000000.000000 -nan 2800743812.897613
949 379 -1 -1 0 0 0 0 0.000000 0.000000 0.000000 -nan 0.000000
950 380 -1 -1 0 0 0 0 0.000000 0.000000 0.000000 -nan 0.000000
951 381 0 210 0 0 0 0 0.000000 2695480731.017407 100000000.000000 -nan 2795480731.017407
952 382 -1 -1 0 0 0 0 0.000000 0.000000 0.000000 -nan 0.000000
953 383 0 233 0 0 0 0 0.000000 2703375353.534064 100000000.000000 -nan 2803375353.534064
954 384 -1 -1 0 0 0 0 0.000000 0.000000 0.000000 -nan 0.000000
955 385 -1 -1 0 0 0 0 0.000000 0.000000 0.000000 -nan 0.000000
956 386 0 270 0 0 0 0 0.000000 2698112271.638816 100000000.000000 -nan 2798112271.638816
957 387 0 13 0 0 0 0 0.000000 2706006894.579103 100000000.000000 -nan 2806006894.579103
958 388 0 212 0 0 0 0 0.000000 2583857400.284720 100000000.000000 -nan 2683857400.284720
959 389 -1 -1 0 0 0 0 0.000000 0.000000 0.000000 -nan 0.000000
1007 390 -1 -1 0 0 0 0 0.000000 0.000000 0.000000 -nan 0.000000
1008 391 0 24 0 0 0 0 0.000000 2930163990.096310 100000000.000000 -nan 3030163990.096310
1009 392 -1 -1 0 0 0 0 0.000000 0.000000 0.000000 -nan 0.000000
1010 393 -1 -1 0 0 0 0 0.000000 0.000000 0.000000 -nan 0.000000
1011 394 0 54 0 0 0 0 0.000000 2952001331.590983 100000000.000000 -nan 3052001331.590983
1012 395 -1 -1 0 0 0 0 0.000000 0.000000 0.000000 -nan 0.000000
1013 396 0 283 0 0 0 0 0.000000 2946550938.408472 100000000.000000 -nan 3046550938.408472
1014 397 -1 -1 0 0 0 0 0.000000 0.000000 0.000000 -nan 0.000000
1015 398 0 203 0 0 0 0 0.000000 2960083264.930062 100000000.000000 -nan 3060083264.930062
1016 399 0 199 0 0 0 0 0.000000 2957451724.085389 100000000.000000 -nan 3057451724.085389
1017 400 0 6 0 0 0 0 0.000000 2954820183.626163 100000000.000000 -nan 3054820183.626163
1018 401 -1 -1 0 0 0 0 0.000000 0.000000 0.000000 -nan 0.000000
1019 402 0 273 0 0 0 0 0.000000 2943919397.610441 100000000.000000 -nan 3043919397.610441
1020 403 -1 -1 0 0 0 0 0.000000 0.000000 0.000000 -nan 0.000000
1021 404 0 158 0 0 0 0 0.000000 2949369790.882802 100000000.000000 -nan 3049369790.882802
1022 405 -1 -1 0 0 0 0 0.000000 0.000000 0.000000 -nan 0.000000
1023 406 0 129 0 0 0 0 0.000000 1702918762.169837 100000000.000000 -nan 1802918762.169837
1024 407 -1 -1 0 0 0 0 0.000000 0.000000 0.000000 -nan 0.000000
1025 408 -1 -1 0 0 0 0 0.000000 0.000000 0.000000 -nan 0.000000
1026 409 -1 -1 0 0 0 0 0.000000 0.000000 0.000000 -nan 0.000000
1027 410 -1 -1 0 0 0 0 0.000000 0.000000 0.000000 -nan 0.000000
1028 411 0 34 0 0 0 0 0.000000 1705550303.183622 100000000.000000 -nan 1805550303.183622
1029 412 -1 -1 0 0 0 0 0.000000 0.000000 0.000000 -nan 0.000000
1030 413 -1 -1 0 0 0 0 0.000000 0.000000 0.000000 -nan 0.000000
1031 414 -1 -1 0 0 0 0 0.000000 0.000000 0.000000 -nan 0.000000
1032 415 -1 -1 0 0 0 0 0.000000 0.000000 0.000000 -nan 0.000000
1033 416 0 71 0 0 0 0 0.000000 1713688007.077794 100000000.000000 -nan 1813688007.077794
1034 417 0 205 0 0 0 0 0.000000 1711056466.659014 100000000.000000 -nan 1811056466.659014
1035 418 0 88 0 0 0 0 0.000000 1659040146.676293 100000000.000000 -nan 1759040146.676293
1036 419 -1 -1 0 0 0 0 0.000000 0.000000 0.000000 -nan 0.000000
1084 420 -1 -1 0 0 0 0 0.000000 0.000000 0.000000 -nan 0.000000
1085 421 0 236 0 0 0 0 0.000000 928859460.645552 100000000.000000 -nan 1028859460.645552
1086 422 -1 -1 0 0 0 0 0.000000 0.000000 0.000000 -nan 0.000000
1087 423 -1 -1 0 0 0 0 0.000000 0.000000 0.000000 -nan 0.000000
1088 424 -1 -1 0 0 0 0 0.000000 0.000000 0.000000 -nan 0.000000
1089 425 -1 -1 0 0 0 0 0.000000 0.000000 0.000000 -nan 0.000000
1090 426 -1 -1 0 0 0 0 0.000000 0.000000 0.000000 -nan 0.000000
1091 427 -1 -1 0 0 0 0 0.000000 0.000000 0.000000 -nan 0.000000
1092 428 -1 -1 0 0 0 0 0.000000 0.000000 0.000000 -nan 0.000000
1093 429 -1 -1 0 0 0 0 0.000000 0.000000 0.000000 -nan 0.000000
1094 430 0 232 0 0 0 0 0.000000 923596379.627847 100000000.000000 -nan 1023596379.627847
1095 431 -1 -1 0 0 0 0 0.000000 0.000000 0.000000 -nan 0.000000
1096 432 0 77 0 0 0 0 0.000000 926227919.615121 100000000.000000 -nan 1026227919.615121
1097 433 -1 -1 0 0 0 0 0.000000 0.000000 0.000000 -nan 0.000000
1098 434 -1 -1 0 0 0 0 0.000000 0.000000 0.000000 -nan 0.000000
1099 435 -1 -1 0 0 0 0 0.000000 0.000000 0.000000 -nan 0.000000
1100 436 -1 -1 0 0 0 0 0.000000 0.000000 0.000000 -nan 0.000000
1101 437 -1 -1 0 0 0 0 0.000000 0.000000 0.000000 -nan 0.000000
1102 438 0 10 0 0 0 0 0.000000 1028727920.484735 100000000.000000 -nan 1128727920.484735
1103 439 0 135 0 0 0 0 0.000000 1031359461.356444 100000000.000000 -nan 1131359461.356444
1104 440 -1 -1 0 0 0 0 0.000000 0.000000 0.000000 -nan 0.000000
1105 441 -1 -1 0 0 0 0 0.000000 0.000000 0.000000 -nan 0.000000
1106 442 -1 -1 0 0 0 0 0.000000 0.000000 0.000000 -nan 0.000000
1107 443 -1 -1 0 0 0 0 0.000000 0.000000 0.000000 -nan 0.000000
1108 444 -1 -1 0 0 0 0 0.000000 0.000000 0.000000 -nan 0.000000
1109 445 0 104 0 0 0 0 0.000000 1023221757.758918 100000000.000000 -nan 1123221757.758918
1110 446 -1 -1 0 0 0 0 0.000000 0.000000 0.000000 -nan 0.000000
1111 447 -1 -1 0 0 0 0 0.000000 0.000000 0.000000 -nan 0.000000
1112 448 -1 -1 0 0 0 0 0.000000 0.000000 0.000000 -nan 0.000000
1113 449 -1 -1 0 0 0 0 0.000000 0.000000 0.000000 -nan 0.000000
1161 450 -1 -1 0 0 0 0 0.000000 0.000000 0.000000 -nan 0.000000
1162 451 -1 -1 0 0 0 0 0.000000 0.000000 0.000000 -nan 0.000000
1163 452 -1 -1 0 0 0 0 0.000000 0.000000 0.000000 -nan 0.000000
1164 453 -1 -1 0 0 0 0 0.000000 0.000000 0.000000 -nan 0.000000
1165 454 0 45 0 0 0 0 0.000000 928859461.468768 100000000.000000 -nan 1028859461.468768
1166 455 -1 -1 0 0 0 0 0.000000 0.000000 0.000000 -nan 0.000000
1167 456 -1 -1 0 0 0 0 0.000000 0.000000 0.000000 -nan 0.000000
1168 457 -1 -1 0 0 0 0 0.000000 0.000000 0.000000 -nan 0.000000
1169 458 -1 -1 0 0 0 0 0.000000 0.000000 0.000000 -nan 0.000000
1170 459 -1 -1 0 0 0 0 0.000000 0.000000 0.000000 -nan 0.000000
1171 460 -1 -1 0 0 0 0 0.000000 0.000000 0.000000 -nan 0.000000
1172 461 0 209 0 0 0 0 0.000000 926227920.640684 100000000.000000 -nan 1026227920.640684
1173 462 -1 -1 0 0 0 0 0.000000 0.000000 0.000000 -nan 0.000000
1174 463 0 191 0 0 0 0 0.000000 923596379.887561 100000000.000000 -nan 1023596379.887561
1175 464 -1 -1 0 0 0 0 0.000000 0.000000 0.000000 -nan 0.000000
1176 465 -1 -1 0 0 0 0 0.000000 0.000000 0.000000 -nan 0.000000
1177 466 0 217 0 0 0 0 0.000000 1713688007.093672 100000000.000000 -nan 1813688007.093672
1178 467 -1 -1 0 0 0 0 0.000000 0.000000 0.000000 -nan 0.000000
1179 468 -1 -1 0 0 0 0 0.000000 0.000000 0.000000 -nan 0.000000
1180 469 0 47 0 0 0 0 0.000000 1711056466.791283 100000000.000000 -nan 1811056466.791283
1181 470 -1 -1 0 0 0 0 0.000000 0.000000 0.000000 -nan 0.000000
1182 471 0 108 0 0 0 0 0.000000 1702918762.549858 100000000.000000 -nan 1802918762.549858
1183 472 -1 -1 0 0 0 0 0.000000 0.000000 0.000000 -nan 0.000000
1184 473 -1 -1 0 0 0 0 0.000000 0.000000 0.000000 -nan 0.000000
1185 474 0 3 0 0 0 0 0.000000 1705550303.304074 100000000.000000 -nan 1805550303.304074
1186 475 -1 -1 0 0 0 0 0.000000 0.000000 0.000000 -nan 0.000000
1187 476 -1 -1 0 0 0 0 0.000000 0.000000 0.000000 -nan 0.000000
1188 477 -1 -1 0 0 0 0 0.000000 0.000000 0.000000 -nan 0.000000
1189 478 -1 -1 0 0 0 0 0.000000 0.000000 0.000000 -nan 0.000000
1190 479 0 116 0 0 0 0 0.000000 1659040146.127122 100000000.000000 -nan 1759040146.127122
1238 480 -1 -1 0 0 0 0 0.000000 0.000000 0.000000 -nan 0.000000
1239 481 -1 -1 0 0 0 0 0.000000 0.000000 0.000000 -nan 0.000000
1240 482 -1 -1 0 0 0 0 0.000000 0.000000 0.000000 -nan 0.000000
1241 483 -1 -1 0 0 0 0 0.000000 0.000000 0.000000 -nan 0.000000
1242 484 -1 -1 0 0 0 0 0.000000 0.000000 0.000000 -nan 0.000000
1243 485 -1 -1 0 0 0 0 0.000000 0.000000 0.000000 -nan 0.000000
1244 486 0 253 0 0 0 0 0.000000 1710903068.849380 100000000.000000 -nan 1810903068.849380
1245 487 0 241 0 0 0 0 0.000000 1708084217.105944 100000000.000000 -nan 1808084217.105944
1246 488 0 40 0 0 0 0 0.000000 1713721921.383830 100000000.000000 -nan 1813721921.383830
1247 489 0 136 0 0 0 0 0.000000 1718985002.763093 100000000.000000 -nan 1818985002.763093
1248 490 0 52 0 0 0 0 0.000000 1716353461.656071 100000000.000000 -nan 1816353461.656071
1249 491 -1 -1 0 0 0 0 0.000000 0.000000 0.000000 -nan 0.000000
1250 492 -1 -1 0 0 0 0 0.000000 0.000000 0.000000 -nan 0.000000
1251 493 -1 -1 0 0 0 0 0.000000 0.000000 0.000000 -nan 0.000000
1252 494 -1 -1 0 0 0 0 0.000000 0.000000 0.000000 -nan 0.000000
1253 495 0 26 0 0 0 0 0.000000 2722765390.165032 100000000.000000 -nan 2822765390.165032
1254 496 -1 -1 0 0 0 0 0.000000 0.000000 0.000000 -nan 0.000000
1255 497 -1 -1 0 0 0 0 0.000000 0.000000 0.000000 -nan 0.000000
1256 498 -1 -1 0 0 0 0 0.000000 0.000000 0.000000 -nan 0.000000
1257 499 -1 -1 0 0 0 0 0.000000 0.000000 0.000000 -nan 0.000000
1258 500 0 32 0 0 0 0 0.000000 2749790042.338186 100000000.000000 -nan 2849790042.338186
1259 501 0 121 0 0 0 0 0.000000 2752421583.442949 100000000.000000 -nan 2852421583.442949
1260 502 0 138 0 0 0 0 0.000000 2747158501.905561 100000000.000000 -nan 2847158501.905561
1261 503 0 219 0 0 0 0 0.000000 2744526961.401626 100000000.000000 -nan 2844526961.401626
1262 504 -1 -1 0 0 0 0 0.000000 0.000000 0.000000 -nan 0.000000
1263 505 -1 -1 0 0 0 0 0.000000 0.000000 0.000000 -nan 0.000000
1264 506 0 251 0 0 0 0 0.000000 2725396930.641875 100000000.000000 -nan 2825396930.641875
1265 507 -1 -1 0 0 0 0 0.000000 0.000000 0.000000 -nan 0.000000
1266 508 0 59 0 0 0 0 0.000000 2714383754.547121 100000000.000000 -nan 2814383754.547121
1267 509 0 75 0 0 0 0 0.000000 2711752213.625494 100000000.000000 -nan 2811752213.625494
1315 510 -1 -1 0 0 0 0 0.000000 0.000000 0.000000 -nan 0.000000
1316 511 -1 -1 0 0 0 0 0.000000 0.000000 0.000000 -nan 0.000000
1317 512 0 130 0 0 0 0 0.000000 1469315430.143283 100000000.000000 -nan 1569315430.143283
1318 513 -1 -1 0 0 0 0 0.000000 0.000000 0.000000 -nan 0.000000
1319 514 -1 -1 0 0 0 0 0.000000 0.000000 0.000000 -nan 0.000000
1320 515 0 0 0 0 0 0 0.000000 1480084675.345509 100000000.000000 -nan 1580084675.345509
1321 516 -1 -1 0 0 0 0 0.000000 0.000000 0.000000 -nan 0.000000
1322 517 0 272 0 0 0 0 0.000000 1477453133.672449 100000000.000000 -nan 1577453133.672449
1323 518 0 29 0 0 0 0 0.000000 1471946970.610872 100000000.000000 -nan 1571946970.610872
1324 519 -1 -1 0 0 0 0 0.000000 0.000000 0.000000 -nan 0.000000
1325 520 -1 -1 0 0 0 0 0.000000 0.000000 0.000000 -nan 0.000000
1326 521 -1 -1 0 0 0 0 0.000000 0.000000 0.000000 -nan 0.000000
1327 522 -1 -1 0 0 0 0 0.000000 0.000000 0.000000 -nan 0.000000
1328 523 -1 -1 0 0 0 0 0.000000 0.000000 0.000000 -nan 0.000000
1329 524 -1 -1 0 0 0 0 0.000000 0.000000 0.000000 -nan 0.000000
1330 525 -1 -1 0 0 0 0 0.000000 0.000000 0.000000 -nan 0.000000
1331 526 -1 -1 0 0 0 0 0.000000 0.000000 0.000000 -nan 0.000000
1332 527 -1 -1 0 0 0 0 0.000000 0.000000 0.000000 -nan 0.000000
1333 528 -1 -1 0 0 0 0 0.000000 0.000000 0.000000 -nan 0.000000
1334 529 0 72 0 0 0 0 0.000000 1256825088.778010 100000000.000000 -nan 1356825088.778010
1335 530 -1 -1 0 0 0 0 0.000000 0.000000 0.000000 -nan 0.000000
1336 531 -1 -1 0 0 0 0 0.000000 0.000000 0.000000 -nan 0.000000
1337 532 -1 -1 0 0 0 0 0.000000 0.000000 0.000000 -nan 0.000000
1338 533 -1 -1 0 0 0 0 0.000000 0.000000 0.000000 -nan 0.000000
1339 534 -1 -1 0 0 0 0 0.000000 0.000000 0.000000 -nan 0.000000
1340 535 -1 -1 0 0 0 0 0.000000 0.000000 0.000000 -nan 0.000000
1341 536 0 299 0 0 0 0 0.000000 1262331251.973108 100000000.000000 -nan 1362331251.973108
1342 537 0 98 0 0 0 0 0.000000 1264962792.973742 100000000.000000 -nan 1364962792.973742
1343 538 -1 -1 0 0 0 0 0.000000 0.000000 0.000000 -nan 0.000000
1344 539 0 133 0 0 0 0 0.000000 1226383029.287889 100000000.000000 -nan 1326383029.287889
1392 540 -1 -1 0 0 0 0 0.000000 0.000000 0.000000 -nan 0.000000
1393 541 -1 -1 0 0 0 0 0.000000 0.000000 0.000000 -nan 0.000000
1394 542 0 1 0 0 0 0 0.000000 1223409068.945556 100000000.000000 -nan 1323409068.945556
1395 543 -1 -1 0 0 0 0 0.000000 0.000000 0.000000 -nan 0.000000
1396 544 -1 -1 0 0 0 0 0.000000 0.000000 0.000000 -nan 0.000000
1397 545 -1 -1 0 0 0 0 0.000000 0.000000 0.000000 -nan 0.000000
1398 546 -1 -1 0 0 0 0 0.000000 0.000000 0.000000 -nan 0.000000
1399 547 -1 -1 0 0 0 0 0.000000 0.000000 0.000000 -nan 0.000000
1400 548 0 257 0 0 0 0 0.000000 1226040610.201109 100000000.000000 -nan 1326040610.201109
1401 549 -1 -1 0 0 0 0 0.000000 0.000000 0.000000 -nan 0.000000
1402 550 -1 -1 0 0 0 0 0.000000 0.000000 0.000000 -nan 0.000000
1403 551 -1 -1 0 0 0 0 0.000000 0.000000 0.000000 -nan 0.000000
1404 552 0 258 0 0 0 0 0.000000 1228859461.415480 100000000.000000 -nan 1328859461.415480
1405 553 -1 -1 0 0 0 0 0.000000 0.000000 0.000000 -nan 0.000000
1406 554 -1 -1 0 0 0 0 0.000000 0.000000 0.000000 -nan 0.000000
1407 555 0 159 0 0 0 0 0.000000 1228859484.057975 100000000.000000 -nan 1328859484.057975
1408 556 -1 -1 0 0 0 0 0.000000 0.000000 0.000000 -nan 0.000000
1409 557 -1 -1 0 0 0 0 0.000000 0.000000 0.000000 -nan 0.000000
1410 558 -1 -1 0 0 0 0 0.000000 0.000000 0.000000 -nan 0.000000
1411 559 0 222 0 0 0 0 0.000000 1223409068.510435 100000000.000000 -nan 1323409068.510435
1412 560 -1 -1 0 0 0 0 0.000000 0.000000 0.000000 -nan 0.000000
1413 561 -1 -1 0 0 0 0 0.000000 0.000000 0.000000 -nan 0.000000
1414 562 -1 -1 0 0 0 0 0.000000 0.000000 0.000000 -nan 0.000000
1415 563 0 256 0 0 0 0 0.000000 1226040609.995931 100000000.000000 -nan 1326040609.995931
1416 564 -1 -1 0 0 0 0 0.000000 0.000000 0.000000 -nan 0.000000
1417 565 -1 -1 0 0 0 0 0.000000 0.000000 0.000000 -nan 0.000000
1418 566 -1 -1 0 0 0 0 0.000000 0.000000 0.000000 -nan 0.000000
1419 567 -1 -1 0 0 0 0 0.000000 0.000000 0.000000 -nan 0.000000
1420 568 -1 -1 0 0 0 0 0.000000 0.000000 0.000000 -nan 0.000000
1421 569 -1 -1 0 0 0 0 0.000000 0.000000 0.000000 -nan 0.000000
1469 570 -1 -1 0 0 0 0 0.000000 0.000000 0.000000 -nan 0.000000
1470 571 -1 -1 0 0 0 0 0.000000 0.000000 0.000000 -nan 0.000000
1471 572 0 155 0 0 0 0 0.000000 1920727361.603142 100000000.000000 -nan 2020727361.603142
1472 573 -1 -1 0 0 0 0 0.000000 0.000000 0.000000 -nan 0.000000
1473 574 0 280 0 0 0 0 0.000000 1918095821.336845 100000000.000000 -nan 2018095821.336845
1474 575 -1 -1 0 0 0 0 0.000000 0.000000 0.000000 -nan 0.000000
1475 576 -1 -1 0 0 0 0 0.000000 0.000000 0.000000 -nan 0.000000
1476 577 -1 -1 0 0 0 0 0.000000 0.000000 0.000000 -nan 0.000000
1477 578 0 66 0 0 0 0 0.000000 1926233524.660634 100000000.000000 -nan 2026233524.660634
1478 579 -1 -1 0 0 0 0 0.000000 0.000000 0.000000 -nan 0.000000
1479 580 0 295 0 0 0 0 0.000000 1928865065.190655 100000000.000000 -nan 2028865065.190655
1480 581 -1 -1 0 0 0 0 0.000000 0.000000 0.000000 -nan 0.000000
1481 582 -1 -1 0 0 0 0 0.000000 0.000000 0.000000 -nan 0.000000
1482 583 0 188 0 0 0 0 0.000000 1915464280.132104 100000000.000000 -nan 2015464280.132104
1483 584 -1 -1 0 0 0 0 0.000000 0.000000 0.000000 -nan 0.000000
1484 585 -1 -1 0 0 0 0 0.000000 0.000000 0.000000 -nan 0.000000
1485 586 0 90 0 0 0 0 0.000000 2144331287.595594 100000000.000000 -nan 2244331287.595594
1486 587 -1 -1 0 0 0 0 0.000000 0.000000 0.000000 -nan 0.000000
1487 588 0 4 0 0 0 0 0.000000 2141512434.751710 100000000.000000 -nan 2241512434.751710
1488 589 -1 -1 0 0 0 0 0.000000 0.000000 0.000000 -nan 0.000000
1489 590 0 275 0 0 0 0 0.000000 2149781680.052068 100000000.000000 -nan 2249781680.052068
1490 591 0 224 0 0 0 0 0.000000 2147150139.315719 100000000.000000 -nan 2247150139.315719
1491 592 -1 -1 0 0 0 0 0.000000 0.000000 0.000000 -nan 0.000000
1492 593 0 125 0 0 0 0 0.000000 2152413220.946656 100000000.000000 -nan 2252413220.946656
1493 594 -1 -1 0 0 0 0 0.000000 0.000000 0.000000 -nan 0.000000
1494 595 -1 -1 0 0 0 0 0.000000 0.000000 0.000000 -nan 0.000000
1495 596 -1 -1 0 0 0 0 0.000000 0.000000 0.000000 -nan 0.000000
1496 597 -1 -1 0 0 0 0 0.000000 0.000000 0.000000 -nan 0.000000
1497 598 0 161 0 0 0 0 0.000000 2056200282.299586 100000000.000000 -nan 2156200282.299586
1498 599 -1 -1 0 0 0 0 0.000000 0.000000 0.000000 -nan 0.000000
1546 600 -1 -1 0 0 0 0 0.000000 0.000000 0.000000 -nan 0.000000
1547 601 -1 -1 0 0 0 0 0.000000 0.000000 0.000000 -nan 0.000000
1548 602 -1 -1 0 0 0 0 0.000000 0.000000 0.000000 -nan 0.000000
1549 603 0 83 0 0 0 0 0.000000 1471946971.585429 100000000.000000 -nan 1571946971.585429
1550 604 0 172 0 0 0 0 0.000000 1469315430.483061 100000000.000000 -nan 1569315430.483061
1551 605 -1 -1 0 0 0 0 0.000000 0.000000 0.000000 -nan 0.000000
1552 606 -1 -1 0 0 0 0 0.000000 0.000000 0.000000 -nan 0.000000
1553 607 -1 -1 0 0 0 0 0.000000 0.000000 0.000000 -nan 0.000000
1554 608 0 166 0 0 0 0 0.000000 1480084675.561290 100000000.000000 -nan 1580084675.561290
1555 609 0 23 0 0 0 0 0.000000 1477453134.972293 100000000.000000 -nan 1577453134.972293
1556 610 -1 -1 0 0 0 0 0.000000 0.000000 0.000000 -nan 0.000000
1557 611 -1 -1 0 0 0 0 0.000000 0.000000 0.000000 -nan 0.000000
1558 612 -1 -1 0 0 0 0 0.000000 0.000000 0.000000 -nan 0.000000
1559 613 -1 -1 0 0 0 0 0.000000 0.000000 0.000000 -nan 0.000000
1560 614 -1 -1 0 0 0 0 0.000000 0.000000 0.000000 -nan 0.000000
1561 615 -1 -1 0 0 0 0 0.000000 0.000000 0.000000 -nan 0.000000
1562 616 -1 -1 0 0 0 0 0.000000 0.000000 0.000000 -nan 0.000000
1563 617 0 46 0 0 0 0 0.000000 2157150139.607074 100000000.000000 -nan 2257150139.607074
1564 618 0 190 0 0 0 0 0.000000 2162413221.663433 100000000.000000 -nan 2262413221.663433
1565 619 -1 -1 0 0 0 0 0.000000 0.000000 0.000000 -nan 0.000000
1566 620 0 171 0 0 0 0 0.000000 2143637812.955564 100000000.000000 -nan 2243637812.955564
1567 621 -1 -1 0 0 0 0 0.000000 0.000000 0.000000 -nan 0.000000
1568 622 -1 -1 0 0 0 0 0.000000 0.000000 0.000000 -nan 0.000000
1569 623 -1 -1 0 0 0 0 0.000000 0.000000 0.000000 -nan 0.000000
1570 624 -1 -1 0 0 0 0 0.000000 0.000000 0.000000 -nan 0.000000
1571 625 -1 -1 0 0 0 0 0.000000 0.000000 0.000000 -nan 0.000000
1572 626 0 53 0 0 0 0 0.000000 2154518598.834015 100000000.000000 -nan 2254518598.834015
1573 627 0 145 0 0 0 0 0.000000 2159781680.595487 100000000.000000 -nan 2259781680.595487
1574 628 0 261 0 0 0 0 0.000000 2086322640.980045 100000000.000000 -nan 2186322640.980045
1575 629 -1 -1 0 0 0 0 0.000000 0.000000 0.000000 -nan 0.000000
1623 630 -1 -1 0 0 0 0 0.000000 0.000000 0.000000 -nan 0.000000
1624 631 -1 -1 0 0 0 0 0.000000 0.000000 0.000000 -nan 0.000000
1625 632 -1 -1 0 0 0 0 0.000000 0.000000 0.000000 -nan 0.000000
1626 633 -1 -1 0 0 0 0 0.000000 0.000000 0.000000 -nan 0.000000
1627 634 -1 -1 0 0 0 0 0.000000 0.000000 0.000000 -nan 0.000000
1628 635 -1 -1 0 0 0 0 0.000000 0.000000 0.000000 -nan 0.000000
1629 636 0 284 0 0 0 0 0.000000 1471946969.731933 100000000.000000 -nan 1571946969.731933
1630 637 -1 -1 0 0 0 0 0.000000 0.000000 0.000000 -nan 0.000000
1631 638 0 148 0 0 0 0 0.000000 1477453132.875635 100000000.000000 -nan 1577453132.875635
1632 639 -1 -1 0 0 0 0 0.000000 0.000000 0.000000 -nan 0.000000
1633 640 0 67 0 0 0 0 0.000000 1480084673.843172 100000000.000000 -nan 1580084673.843172
1634 641 -1 -1 0 0 0 0 0.000000 0.000000 0.000000 -nan 0.000000
1635 642 -1 -1 0 0 0 0 0.000000 0.000000 0.000000 -nan 0.000000
1636 643 -1 -1 0 0 0 0 0.000000 0.000000 0.000000 -nan 0.000000
1637 644 0 94 0 0 0 0 0.000000 1469315428.963380 100000000.000000 -nan 1569315428.963380
1638 645 -1 -1 0 0 0 0 0.000000 0.000000 0.000000 -nan 0.000000
1639 646 -1 -1 0 0 0 0 0.000000 0.000000 0.000000 -nan 0.000000
1640 647 -1 -1 0 0 0 0 0.000000 0.000000 0.000000 -nan 0.000000
1641 648 -1 -1 0 0 0 0 0.000000 0.000000 0.000000 -nan 0.000000
1642 649 0 240 0 0 0 0 0.000000 3127575914.120639 100000000.000000 -nan 3227575914.120639
1643 650 0 182 0 0 0 0 0.000000 3151969026.887785 100000000.000000 -nan 3251969026.887785
1644 651 0 109 0 0 0 0 0.000000 3157232107.895280 100000000.000000 -nan 3257232107.895280
1645 652 -1 -1 0 0 0 0 0.000000 0.000000 0.000000 -nan 0.000000
1646 653 0 96 0 0 0 0 0.000000 3146705944.797873 100000000.000000 -nan 3246705944.797873
1647 654 0 30 0 0 0 0 0.000000 3154600567.541065 100000000.000000 -nan 3254600567.541065
1648 655 0 200 0 0 0 0 0.000000 3149337486.582424 100000000.000000 -nan 3249337486.582424
1649 656 -1 -1 0 0 0 0 0.000000 0.000000 0.000000 -nan 0.000000
1650 657 0 61 0 0 0 0 0.000000 3159863649.508309 100000000.000000 -nan 3259863649.508309
1651 658 -1 -1 0 0 0 0 0.000000 0.000000 0.000000 -nan 0.000000
1652 659 0 242 0 0 0 0 0.000000 3046262252.186942 100000000.000000 -nan 3146262252.186942
1700 660 -1 -1 0 0 0 0 0.000000 0.000000 0.000000 -nan 0.000000
1701 661 -1 -1 0 0 0 0 0.000000 0.000000 0.000000 -nan 0.000000
1702 662 -1 -1 0 0 0 0 0.000000 0.000000 0.000000 -nan 0.000000
1703 663 0 286 0 0 0 0 0.000000 480134247.630594 100000000.000000 -nan 580134247.630594
1704 664 -1 -1 0 0 0 0 0.000000 0.000000 0.000000 -nan 0.000000
1705 665 -1 -1 0 0 0 0 0.000000 0.000000 0.000000 -nan 0.000000
1706 666 -1 -1 0 0 0 0 0.000000 0.000000 0.000000 -nan 0.000000
1707 667 -1 -1 0 0 0 0 0.000000 0.000000 0.000000 -nan 0.000000
1708 668 0 177 0 0 0 0 0.000000 477502706.885553 100000000.000000 -nan 577502706.885553
1709 669 -1 -1 0 0 0 0 0.000000 0.000000 0.000000 -nan 0.000000
1710 670 -1 -1 0 0 0 0 0.000000 0.000000 0.000000 -nan 0.000000
1711 671 -1 -1 0 0 0 0 0.000000 0.000000 0.000000 -nan 0.000000
1712 672 -1 -1 0 0 0 0 0.000000 0.000000 0.000000 -nan 0.000000
1713 673 -1 -1 0 0 0 0 0.000000 0.000000 0.000000 -nan 0.000000
1714 674 -1 -1 0 0 0 0 0.000000 0.000000 0.000000 -nan 0.000000
1715 675 -1 -1 0 0 0 0 0.000000 0.000000 0.000000 -nan 0.000000
1716 676 0 100 0 0 0 0 0.000000 3269897561.706534 100000000.000000 -nan 3369897561.706534
1717 677 0 281 0 0 0 0 0.000000 3272529103.130238 100000000.000000 -nan 3372529103.130238
1718 678 0 229 0 0 0 0 0.000000 3267266021.039831 100000000.000000 -nan 3367266021.039831
1719 679 0 252 0 0 0 0 0.000000 3275160643.127416 100000000.000000 -nan 3375160643.127416
1720 680 0 150 0 0 0 0 0.000000 3251122154.147119 100000000.000000 -nan 3351122154.147119
1721 681 -1 -1 0 0 0 0 0.000000 0.000000 0.000000 -nan 0.000000
1722 682 -1 -1 0 0 0 0 0.000000 0.000000 0.000000 -nan 0.000000
1723 683 0 42 0 0 0 0 0.000000 3256385236.048864 100000000.000000 -nan 3356385236.048864
1724 684 -1 -1 0 0 0 0 0.000000 0.000000 0.000000 -nan 0.000000
1725 685 0 119 0 0 0 0 0.000000 3253753694.566173 100000000.000000 -nan 3353753694.566173
1726 686 0 248 0 0 0 0 0.000000 3248490613.429261 100000000.000000 -nan 3348490613.429261
1727 687 -1 -1 0 0 0 0 0.000000 0.000000 0.000000 -nan 0.000000
1728 688 -1 -1 0 0 0 0 0.000000 0.000000 0.000000 -nan 0.000000
1729 689 -1 -1 0 0 0 0 0.000000 0.000000 0.000000 -nan 0.000000
1777 690 -1 -1 0 0 0 0 0.000000 0.000000 0.000000 -nan 0.000000
1778 691 -1 -1 0 0 0 0 0.000000 0.000000 0.000000 -nan 0.000000
1779 692 -1 -1 0 0 0 0 0.000000 0.000000 0.000000 -nan 0.000000
1780 693 -1 -1 0 0 0 0 0.000000 0.000000 0.000000 -nan 0.000000
1781 694 -1 -1 0 0 0 0 0.000000 0.000000 0.000000 -nan 0.000000
1782 695 -1 -1 0 0 0 0 0.000000 0.000000 0.000000 -nan 0.000000
1783 696 0 247 0 0 0 0 0.000000 1463940816.125536 100000000.000000 -nan 1563940816.125536
1784 697 -1 -1 0 0 0 0 0.000000 0.000000 0.000000 -nan 0.000000
1785 698 -1 -1 0 0 0 0 0.000000 0.000000 0.000000 -nan 0.000000
1786 699 0 234 0 0 0 0 0.000000 1474634290.714120 100000000.000000 -nan 1574634290.714120
1787 700 -1 -1 0 0 0 0 0.000000 0.000000 0.000000 -nan 0.000000
1788 701 0 8 0 0 0 0 0.000000 1477265831.145393 100000000.000000 -nan 1577265831.145393
1789 702 0 201 0 0 0 0 0.000000 1480084683.563814 100000000.000000 -nan 1580084683.563814
1790 703 -1 -1 0 0 0 0 0.000000 0.000000 0.000000 -nan 0.000000
1791 704 -1 -1 0 0 0 0 0.000000 0.000000 0.000000 -nan 0.000000
1792 705 0 63 0 0 0 0 0.000000 1708424925.599131 100000000.000000 -nan 1808424925.599131
1793 706 0 183 0 0 0 0 0.000000 1713688006.761746 100000000.000000 -nan 1813688006.761746
1794 707 0 215 0 0 0 0 0.000000 1711056466.127249 100000000.000000 -nan 1811056466.127249
1795 708 -1 -1 0 0 0 0 0.000000 0.000000 0.000000 -nan 0.000000
1796 709 -1 -1 0 0 0 0 0.000000 0.000000 0.000000 -nan 0.000000
1797 710 -1 -1 0 0 0 0 0.000000 0.000000 0.000000 -nan 0.000000
1798 711 -1 -1 0 0 0 0 0.000000 0.000000 0.000000 -nan 0.000000
1799 712 -1 -1 0 0 0 0 0.000000 0.000000 0.000000 -nan 0.000000
1800 713 -1 -1 0 0 0 0 0.000000 0.000000 0.000000 -nan 0.000000
1801 714 -1 -1 0 0 0 0 0.000000 0.000000 0.000000 -nan 0.000000
1802 715 -1 -1 0 0 0 0 0.000000 0.000000 0.000000 -nan 0.000000
1803 716 -1 -1 0 0 0 0 0.000000 0.000000 0.000000 -nan 0.000000
1804 717 0 178 0 0 0 0 0.000000 1700231450.965393 100000000.000000 -nan 1800231450.965393
1805 718 0 106 0 0 0 0 0.000000 1656352835.004448 100000000.000000 -nan 1756352835.004448
1806 719 -1 -1 0 0 0 0 0.000000 0.000000 0.000000 -nan 0.000000
1854 720 -1 -1 0 0 0 0 0.000000 0.000000 0.000000 -nan 0.000000
1855 721 -1 -1 0 0 0 0 0.000000 0.000000 0.000000 -nan 0.000000
1856 722 -1 -1 0 0 0 0 0.000000 0.000000 0.000000 -nan 0.000000
1857 723 -1 -1 0 0 0 0 0.000000 0.000000 0.000000 -nan 0.000000
1858 724 -1 -1 0 0 0 0 0.000000 0.000000 0.000000 -nan 0.000000
1859 725 -1 -1 0 0 0 0 0.000000 0.000000 0.000000 -nan 0.000000
1860 726 -1 -1 0 0 0 0 0.000000 0.000000 0.000000 -nan 0.000000
1861 727 -1 -1 0 0 0 0 0.000000 0.000000 0.000000 -nan 0.000000
1862 728 0 127 0 0 0 0 0.000000 923771492.480060 100000000.000000 -nan 1023771492.480060
1863 729 -1 -1 0 0 0 0 0.000000 0.000000 0.000000 -nan 0.000000
1864 730 0 85 0 0 0 0 0.000000 926403032.933441 100000000.000000 -nan 1026403032.933441
1865 731 -1 -1 0 0 0 0 0.000000 0.000000 0.000000 -nan 0.000000
1866 732 -1 -1 0 0 0 0 0.000000 0.000000 0.000000 -nan 0.000000
1867 733 -1 -1 0 0 0 0 0.000000 0.000000 0.000000 -nan 0.000000
1868 734 0 218 0 0 0 0 0.000000 929034573.024540 100000000.000000 -nan 1029034573.024540
1869 735 0 142 0 0 0 0 0.000000 1477453372.962575 100000000.000000 -nan 1577453372.962575
1870 736 -1 -1 0 0 0 0 0.000000 0.000000 0.000000 -nan 0.000000
1871 737 -1 -1 0 0 0 0 0.000000 0.000000 0.000000 -nan 0.000000
1872 738 -1 -1 0 0 0 0 0.000000 0.000000 0.000000 -nan 0.000000
1873 739 0 214 0 0 0 0 0.000000 1466628357.844795 100000000.000000 -nan 1566628357.844795
1874 740 -1 -1 0 0 0 0 0.000000 0.000000 0.000000 -nan 0.000000
1875 741 0 65 0 0 0 0 0.000000 1480084914.036992 100000000.000000 -nan 1580084914.036992
1876 742 0 291 0 0 0 0 0.000000 1474821832.344784 100000000.000000 -nan 1574821832.344784
1877 743 -1 -1 0 0 0 0 0.000000 0.000000 0.000000 -nan 0.000000
1878 744 -1 -1 0 0 0 0 0.000000 0.000000 0.000000 -nan 0.000000
1879 745 -1 -1 0 0 0 0 0.000000 0.000000 0.000000 -nan 0.000000
1880 746 -1 -1 0 0 0 0 0.000000 0.000000 0.000000 -nan 0.000000
1881 747 -1 -1 0 0 0 0 0.000000 0.000000 0.000000 -nan 0.000000
1882 748 -1 -1 0 0 0 0 0.000000 0.000000 0.000000 -nan 0.000000
1883 749 -1 -1 0 0 0 0 0.000000 0.000000 0.000000 -nan 0.000000
1931 750 0 44 0 0 0 0 0.000000 1923678347.980683 100000000.000000 -nan 2023678347.980683
1932 751 -1 -1 0 0 0 0 0.000000 0.000000 0.000000 -nan 0.000000
1933 752 0 131 0 0 0 0 0.000000 1918415267.464115 100000000.000000 -nan 2018415267.464115
1934 753 0 144 0 0 0 0 0.000000 1921046807.505825 100000000.000000 -nan 2021046807.505825
1935 754 -1 -1 0 0 0 0 0.000000 0.000000 0.000000 -nan 0.000000
1936 755 0 58 0 0 0 0 0.000000 1904659858.674692 100000000.000000 -nan 2004659858.674692
1937 756 -1 -1 0 0 0 0 0.000000 0.000000 0.000000 -nan 0.000000
1938 757 -1 -1 0 0 0 0 0.000000 0.000000 0.000000 -nan 0.000000
1939 758 -1 -1 0 0 0 0 0.000000 0.000000 0.000000 -nan 0.000000
1940 759 -1 -1 0 0 0 0 0.000000 0.000000 0.000000 -nan 0.000000
1941 760 -1 -1 0 0 0 0 0.000000 0.000000 0.000000 -nan 0.000000
1942 761 -1 -1 0 0 0 0 0.000000 0.000000 0.000000 -nan 0.000000
1943 762 0 134 0 0 0 0 0.000000 1926309889.408124 100000000.000000 -nan 2026309889.408124
1944 763 -1 -1 0 0 0 0 0.000000 0.000000 0.000000 -nan 0.000000
1945 764 -1 -1 0 0 0 0 0.000000 0.000000 0.000000 -nan 0.000000
1946 765 0 221 0 0 0 0 0.000000 3774175749.580364 100000000.000000 -nan 3874175749.580364
1947 766 0 43 0 0 0 0 0.000000 3803588861.776066 100000000.000000 -nan 3903588861.776066
1948 767 0 181 0 0 0 0 0.000000 3798325780.268604 100000000.000000 -nan 3898325780.268604
1949 768 0 149 0 0 0 0 0.000000 3793062698.737928 100000000.000000 -nan 3893062698.737928
1950 769 -1 -1 0 0 0 0 0.000000 0.000000 0.000000 -nan 0.000000
1951 770 -1 -1 0 0 0 0 0.000000 0.000000 0.000000 -nan 0.000000
1952 771 -1 -1 0 0 0 0 0.000000 0.000000 0.000000 -nan 0.000000
1953 772 0 86 0 0 0 0 0.000000 3768482274.982983 100000000.000000 -nan 3868482274.982983
1954 773 -1 -1 0 0 0 0 0.000000 0.000000 0.000000 -nan 0.000000
1955 774 0 57 0 0 0 0 0.000000 3800957320.597147 100000000.000000 -nan 3900957320.597147
1956 775 0 101 0 0 0 0 0.000000 3795694239.701159 100000000.000000 -nan 3895694239.701159
1957 776 0 33 0 0 0 0 0.000000 3790431158.233831 100000000.000000 -nan 3890431158.233831
1958 777 -1 -1 0 0 0 0 0.000000 0.000000 0.000000 -nan 0.000000
1959 778 -1 -1 0 0 0 0 0.000000 0.000000 0.000000 -nan 0.000000
1960 779 0 278 0 0 0 0 0.000000 3676232056.063669 100000000.000000 -nan 3776232056.063669
2008 780 0 14 0 0 0 0 0.000000 2372447134.251526 100000000.000000 -nan 2472447134.251526
2009 781 0 274 0 0 0 0 0.000000 2375078675.088408 100000000.000000 -nan 2475078675.088408
2010 782 0 228 0 0 0 0 0.000000 2369815592.944312 100000000.000000 -nan 2469815592.944312
2011 783 0 115 0 0 0 0 0.000000 2377710215.165434 100000000.000000 -nan 2477710215.165434
2012 784 -1 -1 0 0 0 0 0.000000 0.000000 0.000000 -nan 0.000000
2013 785 -1 -1 0 0 0 0 0.000000 0.000000 0.000000 -nan 0.000000
2014 786 0 235 0 0 0 0 0.000000 2356303266.568285 100000000.000000 -nan 2456303266.568285
2015 787 0 231 0 0 0 0 0.000000 2358934807.172955 100000000.000000 -nan 2458934807.172955
2016 788 -1 -1 0 0 0 0 0.000000 0.000000 0.000000 -nan 0.000000
2017 789 -1 -1 0 0 0 0 0.000000 0.000000 0.000000 -nan 0.000000
2018 790 -1 -1 0 0 0 0 0.000000 0.000000 0.000000 -nan 0.000000
2019 791 -1 -1 0 0 0 0 0.000000 0.000000 0.000000 -nan 0.000000
2020 792 -1 -1 0 0 0 0 0.000000 0.000000 0.000000 -nan 0.000000
2021 793 -1 -1 0 0 0 0 0.000000 0.000000 0.000000 -nan 0.000000
2022 794 -1 -1 0 0 0 0 0.000000 0.000000 0.000000 -nan 0.000000
2023 795 0 12 0 0 0 0 0.000000 1702918762.217580 100000000.000000 -nan 1802918762.217580
2024 796 -1 -1 0 0 0 0 0.000000 0.000000 0.000000 -nan 0.000000
2025 797 0 51 0 0 0 0 0.000000 1711056465.988461 100000000.000000 -nan 1811056465.988461
2026 798 0 41 0 0 0 0 0.000000 1713688007.012522 100000000.000000 -nan 1813688007.012522
2027 799 -1 -1 0 0 0 0 0.000000 0.000000 0.000000 -nan 0.000000
2028 800 -1 -1 0 0 0 0 0.000000 0.000000 0.000000 -nan 0.000000
2029 801 -1 -1 0 0 0 0 0.000000 0.000000 0.000000 -nan 0.000000
2030 802 -1 -1 0 0 0 0 0.000000 0.000000 0.000000 -nan 0.000000
2031 803 -1 -1 0 0 0 0 0.000000 0.000000 0.000000 -nan 0.000000
2032 804 -1 -1 0 0 0 0 0.000000 0.000000 0.000000 -nan 0.000000
2033 805 -1 -1 0 0 0 0 0.000000 0.000000 0.000000 -nan 0.000000
2034 806 0 114 0 0 0 0 0.000000 1705550303.251452 100000000.000000 -nan 1805550303.251452
2035 807 -1 -1 0 0 0 0 0.000000 0.000000 0.000000 -nan 0.000000
2036 808 -1 -1 0 0 0 0 0.000000 0.000000 0.000000 -nan 0.000000
2037 809 0 246 0 0 0 0 0.000000 1659040146.630738 100000000.000000 -nan 1759040146.630738
2085 810 -1 -1 0 0 0 0 0.000000 0.000000 0.000000 -nan 0.000000
2086 811 -1 -1 0 0 0 0 0.000000 0.000000 0.000000 -nan 0.000000
2087 812 -1 -1 0 0 0 0 0.000000 0.000000 0.000000 -nan 0.000000
2088 813 -1 -1 0 0 0 0 0.000000 0.000000 0.000000 -nan 0.000000
2089 814 0 296 0 0 0 0 0.000000 821040609.064030 100000000.000000 -nan 921040609.064030
2090 815 -1 -1 0 0 0 0 0.000000 0.000000 0.000000 -nan 0.000000
2091 816 -1 -1 0 0 0 0 0.000000 0.000000 0.000000 -nan 0.000000
2092 817 -1 -1 0 0 0 0 0.000000 0.000000 0.000000 -nan 0.000000
2093 818 -1 -1 0 0 0 0 0.000000 0.000000 0.000000 -nan 0.000000
2094 819 0 297 0 0 0 0 0.000000 818409067.525335 100000000.000000 -nan 918409067.525335
2095 820 -1 -1 0 0 0 0 0.000000 0.000000 0.000000 -nan 0.000000
2096 821 -1 -1 0 0 0 0 0.000000 0.000000 0.000000 -nan 0.000000
2097 822 0 216 0 0 0 0 0.000000 823859460.597453 100000000.000000 -nan 923859460.597453
2098 823 -1 -1 0 0 0 0 0.000000 0.000000 0.000000 -nan 0.000000
2099 824 -1 -1 0 0 0 0 0.000000 0.000000 0.000000 -nan 0.000000
2100 825 0 20 0 0 0 0 0.000000 2154108734.541092 100000000.000000 -nan 2254108734.541092
2101 826 0 31 0 0 0 0 0.000000 2162302209.289142 100000000.000000 -nan 2262302209.289142
2102 827 0 211 0 0 0 0 0.000000 2164933750.484245 100000000.000000 -nan 2264933750.484245
2103 828 0 18 0 0 0 0 0.000000 2167565290.947670 100000000.000000 -nan 2267565290.947670
2104 829 -1 -1 0 0 0 0 0.000000 0.000000 0.000000 -nan 0.000000
2105 830 -1 -1 0 0 0 0 0.000000 0.000000 0.000000 -nan 0.000000
2106 831 -1 -1 0 0 0 0 0.000000 0.000000 0.000000 -nan 0.000000
2107 832 -1 -1 0 0 0 0 0.000000 0.000000 0.000000 -nan 0.000000
2108 833 0 16 0 0 0 0 0.000000 2148471030.698437 100000000.000000 -nan 2248471030.698437
2109 834 -1 -1 0 0 0 0 0.000000 0.000000 0.000000 -nan 0.000000
2110 835 -1 -1 0 0 0 0 0.000000 0.000000 0.000000 -nan 0.000000
2111 836 -1 -1 0 0 0 0 0.000000 0.000000 0.000000 -nan 0.000000
2112 837 0 79 0 0 0 0 0.000000 2151102571.130425 100000000.000000 -nan 2251102571.130425
2113 838 -1 -1 0 0 0 0 0.000000 0.000000 0.000000 -nan 0.000000
2114 839 -1 -1 0 0 0 0 0.000000 0.000000 0.000000 -nan 0.000000
2162 840 -1 -1 0 0 0 0 0.000000 0.000000 0.000000 -nan 0.000000
2163 841 -1 -1 0 0 0 0 0.000000 0.000000 0.000000 -nan 0.000000
2164 842 -1 -1 0 0 0 0 0.000000 0.000000 0.000000 -nan 0.000000
2165 843 0 126 0 0 0 0 0.000000 2688972820.428688 100000000.000000 -nan 2788972820.428688
2166 844 0 298 0 0 0 0 0.000000 2710734391.834615 100000000.000000 -nan 2810734391.834615
2167 845 -1 -1 0 0 0 0 0.000000 0.000000 0.000000 -nan 0.000000
2168 846 0 207 0 0 0 0 0.000000 2721260554.262066 100000000.000000 -nan 2821260554.262066
2169 847 0 70 0 0 0 0 0.000000 2715997473.380043 100000000.000000 -nan 2815997473.380043
2170 848 0 294 0 0 0 0 0.000000 2708102850.817417 100000000.000000 -nan 2808102850.817417
2171 849 -1 -1 0 0 0 0 0.000000 0.000000 0.000000 -nan 0.000000
2172 850 0 39 0 0 0 0 0.000000 2713365931.993484 100000000.000000 -nan 2813365931.993484
2173 851 0 19 0 0 0 0 0.000000 2718629014.127772 100000000.000000 -nan 2818629014.127772
2174 852 -1 -1 0 0 0 0 0.000000 0.000000 0.000000 -nan 0.000000
2175 853 -1 -1 0 0 0 0 0.000000 0.000000 0.000000 -nan 0.000000
2176 854 -1 -1 0 0 0 0 0.000000 0.000000 0.000000 -nan 0.000000
2177 855 -1 -1 0 0 0 0 0.000000 0.000000 0.000000 -nan 0.000000
2178 856 -1 -1 0 0 0 0 0.000000 0.000000 0.000000 -nan 0.000000
2179 857 -1 -1 0 0 0 0 0.000000 0.000000 0.000000 -nan 0.000000
2180 858 0 192 0 0 0 0 0.000000 1805924925.084272 100000000.000000 -nan 1905924925.084272
2181 859 0 197 0 0 0 0 0.000000 1811188007.089190 100000000.000000 -nan 1911188007.089190
2182 860 -1 -1 0 0 0 0 0.000000 0.000000 0.000000 -nan 0.000000
2183 861 -1 -1 0 0 0 0 0.000000 0.000000 0.000000 -nan 0.000000
2184 862 0 139 0 0 0 0 0.000000 1808556466.062141 100000000.000000 -nan 1908556466.062141
2185 863 0 220 0 0 0 0 0.000000 1803293384.067461 100000000.000000 -nan 1903293384.067461
2186 864 -1 -1 0 0 0 0 0.000000 0.000000 0.000000 -nan 0.000000
2187 865 -1 -1 0 0 0 0 0.000000 0.000000 0.000000 -nan 0.000000
2188 866 -1 -1 0 0 0 0 0.000000 0.000000 0.000000 -nan 0.000000
2189 867 -1 -1 0 0 0 0 0.000000 0.000000 0.000000 -nan 0.000000
2190 868 -1 -1 0 0 0 0 0.000000 0.000000 0.000000 -nan 0.000000
2191 869 0 56 0 0 0 0 0.000000 1734667033.645384 100000000.000000 -nan 1834667033.645384
2239 870 -1 -1 0 0 0 0 0.000000 0.000000 0.000000 -nan 0.000000
2240 871 -1 -1 0 0 0 0 0.000000 0.000000 0.000000 -nan 0.000000
2241 872 -1 -1 0 0 0 0 0.000000 0.000000 0.000000 -nan 0.000000
2242 873 -1 -1 0 0 0 0 0.000000 0.000000 0.000000 -nan 0.000000
2243 874 -1 -1 0 0 0 0 0.000000 0.000000 0.000000 -nan 0.000000
2244 875 0 213 0 0 0 0 0.000000 2156578784.774630 100000000.000000 -nan 2256578784.774630
2245 876 0 265 0 0 0 0 0.000000 2153947243.544910 100000000.000000 -nan 2253947243.544910
2246 877 -1 -1 0 0 0 0 0.000000 0.000000 0.000000 -nan 0.000000
2247 878 -1 -1 0 0 0 0 0.000000 0.000000 0.000000 -nan 0.000000
2248 879 0 60 0 0 0 0 0.000000 2140379147.041619 100000000.000000 -nan 2240379147.041619
2249 880 -1 -1 0 0 0 0 0.000000 0.000000 0.000000 -nan 0.000000
2250 881 -1 -1 0 0 0 0 0.000000 0.000000 0.000000 -nan 0.000000
2251 882 0 268 0 0 0 0 0.000000 2164772259.356953 100000000.000000 -nan 2264772259.356953
2252 883 0 22 0 0 0 0 0.000000 2170035340.777952 100000000.000000 -nan 2270035340.777952
2253 884 0 169 0 0 0 0 0.000000 2167403799.866299 100000000.000000 -nan 2267403799.866299
2254 885 0 69 0 0 0 0 0.000000 3170002202.598379 100000000.000000 -nan 3270002202.598379
2255 886 0 238 0 0 0 0 0.000000 3164739120.789086 100000000.000000 -nan 3264739120.789086
2256 887 -1 -1 0 0 0 0 0.000000 0.000000 0.000000 -nan 0.000000
2257 888 0 146 0 0 0 0 0.000000 3159476038.869302 100000000.000000 -nan 3259476038.869302
2258 889 0 174 0 0 0 0 0.000000 3154212957.848863 100000000.000000 -nan 3254212957.848863
2259 890 -1 -1 0 0 0 0 0.000000 0.000000 0.000000 -nan 0.000000
2260 891 -1 -1 0 0 0 0 0.000000 0.000000 0.000000 -nan 0.000000
2261 892 -1 -1 0 0 0 0 0.000000 0.000000 0.000000 -nan 0.000000
2262 893 0 193 0 0 0 0 0.000000 3129708304.883331 100000000.000000 -nan 3229708304.883331
2263 894 -1 -1 0 0 0 0 0.000000 0.000000 0.000000 -nan 0.000000
2264 895 0 132 0 0 0 0 0.000000 3162107579.764468 100000000.000000 -nan 3262107579.764468
2265 896 0 84 0 0 0 0 0.000000 3167370661.509399 100000000.000000 -nan 3267370661.509399
2266 897 0 254 0 0 0 0 0.000000 3156844498.074406 100000000.000000 -nan 3256844498.074406
2267 898 -1 -1 0 0 0 0 0.000000 0.000000 0.000000 -nan 0.000000
2268 899 -1 -1 0 0 0 0 0.000000 0.000000 0.000000 -nan 0.000000
2316 900 -1 -1 0 0 0 0 0.000000 0.000000 0.000000 -nan 0.000000
2317 901 -1 -1 0 0 0 0 0.000000 0.000000 0.000000 -nan 0.000000
2318 902 -1 -1 0 0 0 0 0.000000 0.000000 0.000000 -nan 0.000000
2319 903 -1 -1 0 0 0 0 0.000000 0.000000 0.000000 -nan 0.000000
2320 904 -1 -1 0 0 0 0 0.000000 0.000000 0.000000 -nan 0.000000
2321 905 -1 -1 0 0 0 0 0.000000 0.000000 0.000000 -nan 0.000000
2322 906 -1 -1 0 0 0 0 0.000000 0.000000 0.000000 -nan 0.000000
2323 907 -1 -1 0 0 0 0 0.000000 0.000000 0.000000 -nan 0.000000
2324 908 -1 -1 0 0 0 0 0.000000 0.000000 0.000000 -nan 0.000000
2325 909 -1 -1 0 0 0 0 0.000000 0.000000 0.000000 -nan 0.000000
2326 910 -1 -1 0 0 0 0 0.000000 0.000000 0.000000 -nan 0.000000
2327 911 -1 -1 0 0 0 0 0.000000 0.000000 0.000000 -nan 0.000000
2328 912 -1 -1 0 0 0 0 0.000000 0.000000 0.000000 -nan 0.000000
2329 913 -1 -1 0 0 0 0 0.000000 0.000000 0.000000 -nan 0.000000
2330 914 -1 -1 0 0 0 0 0.000000 0.000000 0.000000 -nan 0.000000
2331 915 -1 -1 0 0 0 0 0.000000 0.000000 0.000000 -nan 0.000000
2332 916 -1 -1 0 0 0 0 0.000000 0.000000 0.000000 -nan 0.000000
2333 917 -1 -1 0 0 0 0 0.000000 0.000000 0.000000 -nan 0.000000
2334 918 -1 -1 0 0 0 0 0.000000 0.000000 0.000000 -nan 0.000000
2335 919 -1 -1 0 0 0 0 0.000000 0.000000 0.000000 -nan 0.000000
2336 920 -1 -1 0 0 0 0 0.000000 0.000000 0.000000 -nan 0.000000
2337 921 -1 -1 0 0 0 0 0.000000 0.000000 0.000000 -nan 0.000000
2338 922 -1 -1 0 0 0 0 0.000000 0.000000 0.000000 -nan 0.000000
2339 923 -1 -1 0 0 0 0 0.000000 0.000000 0.000000 -nan 0.000000
2340 924 -1 -1 0 0 0 0 0.000000 0.000000 0.000000 -nan 0.000000
2341 925 -1 -1 0 0 0 0 0.000000 0.000000 0.000000 -nan 0.000000
2342 926 -1 -1 0 0 0 0 0.000000 0.000000 0.000000 -nan 0.000000
2343 927 -1 -1 0 0 0 0 0.000000 0.000000 0.000000 -nan 0.000000
2344 928 -1 -1 0 0 0 0 0.000000 0.000000 0.000000 -nan 0.000000
2345 929 -1 -1 0 0 0 0 0.000000 0.000000 0.000000 -nan 0.000000
2393 930 -1 -1 0 0 0 0 0.000000 0.000000 0.000000 -nan 0.000000
2394 931 -1 -1 0 0 0 0 0.000000 0.000000 0.000000 -nan 0.000000
2395 932 -1 -1 0 0 0 0 0.000000 0.000000 0.000000 -nan 0.000000
2396 933 -1 -1 0 0 0 0 0.000000 0.000000 0.000000 -nan 0.000000
2397 934 -1 -1 0 0 0 0 0.000000 0.000000 0.000000 -nan 0.000000
2398 935 -1 -1 0 0 0 0 0.000000 0.000000 0.000000 -nan 0.000000
2399 936 -1 -1 0 0 0 0 0.000000 0.000000 0.000000 -nan 0.000000
2400 937 -1 -1 0 0 0 0 0.000000 0.000000 0.000000 -nan 0.000000
2401 938 -1 -1 0 0 0 0 0.000000 0.000000 0.000000 -nan 0.000000
2402 939 -1 -1 0 0 0 0 0.000000 0.000000 0.000000 -nan 0.000000
2403 940 -1 -1 0 0 0 0 0.000000 0.000000 0.000000 -nan 0.000000
2404 941 -1 -1 0 0 0 0 0.000000 0.000000 0.000000 -nan 0.000000
2405 942 -1 -1 0 0 0 0 0.000000 0.000000 0.000000 -nan 0.000000
2406 943 -1 -1 0 0 0 0 0.000000 0.000000 0.000000 -nan 0.000000
2407 944 -1 -1 0 0 0 0 0.000000 0.000000 0.000000 -nan 0.000000
2408 945 -1 -1 0 0 0 0 0.000000 0.000000 0.000000 -nan 0.000000
2409 946 -1 -1 0 0 0 0 0.000000 0.000000 0.000000 -nan 0.000000
2410 947 -1 -1 0 0 0 0 0.000000 0.000000 0.000000 -nan 0.000000
2411 948 -1 -1 0 0 0 0 0.000000 0.000000 0.000000 -nan 0.000000
2412 949 -1 -1 0 0 0 0 0.000000 0.000000 0.000000 -nan 0.000000
2413 950 -1 -1 0 0 0 0 0.000000 0.000000 0.000000 -nan 0.000000
2414 951 -1 -1 0 0 0 0 0.000000 0.000000 0.000000 -nan 0.000000
2415 952 -1 -1 0 0 0 0 0.000000 0.000000 0.000000 -nan 0.000000
2416 953 -1 -1 0 0 0 0 0.000000 0.000000 0.000000 -nan 0.000000
2417 954 -1 -1 0 0 0 0 0.000000 0.000000 0.000000 -nan 0.000000
2418 955 -1 -1 0 0 0 0 0.000000 0.000000 0.000000 -nan 0.000000
2419 956 -1 -1 0 0 0 0 0.000000 0.000000 0.000000 -nan 0.000000
2420 957 -1 -1 0 0 0 0 0.000000 0.000000 0.000000 -nan 0.000000
2421 958 -1 -1 0 0 0 0 0.000000 0.000000 0.000000 -nan 0.000000
2422 959 -1 -1 0 0 0 0 0.000000 0.000000 0.000000 -nan 0.000000
2470 960 -1 -1 0 0 0 0 0.000000 0.000000 0.000000 -nan 0.000000
2471 961 -1 -1 0 0 0 0 0.000000 0.000000 0.000000 -nan 0.000000
2472 962 -1 -1 0 0 0 0 0.000000 0.000000 0.000000 -nan 0.000000
2473 963 -1 -1 0 0 0 0 0.000000 0.000000 0.000000 -nan 0.000000
2474 964 -1 -1 0 0 0 0 0.000000 0.000000 0.000000 -nan 0.000000
2475 965 -1 -1 0 0 0 0 0.000000 0.000000 0.000000 -nan 0.000000
2476 966 -1 -1 0 0 0 0 0.000000 0.000000 0.000000 -nan 0.000000
2477 967 -1 -1 0 0 0 0 0.000000 0.000000 0.000000 -nan 0.000000
2478 968 -1 -1 0 0 0 0 0.000000 0.000000 0.000000 -nan 0.000000
2479 969 -1 -1 0 0 0 0 0.000000 0.000000 0.000000 -nan 0.000000
2480 970 -1 -1 0 0 0 0 0.000000 0.000000 0.000000 -nan 0.000000
2481 971 -1 -1 0 0 0 0 0.000000 0.000000 0.000000 -nan 0.000000
2482 972 -1 -1 0 0 0 0 0.000000 0.000000 0.000000 -nan 0.000000
2483 973 -1 -1 0 0 0 0 0.000000 0.000000 0.000000 -nan 0.000000
2484 974 -1 -1 0 0 0 0 0.000000 0.000000 0.000000 -nan 0.000000
2485 975 -1 -1 0 0 0 0 0.000000 0.000000 0.000000 -nan 0.000000
2486 976 -1 -1 0 0 0 0 0.000000 0.000000 0.000000 -nan 0.000000
2487 977 -1 -1 0 0 0 0 0.000000 0.000000 0.000000 -nan 0.000000
2488 978 -1 -1 0 0 0 0 0.000000 0.000000 0.000000 -nan 0.000000
2489 979 -1 -1 0 0 0 0 0.000000 0.000000 0.000000 -nan 0.000000
2490 980 -1 -1 0 0 0 0 0.000000 0.000000 0.000000 -nan 0.000000
2491 981 -1 -1 0 0 0 0 0.000000 0.000000 0.000000 -nan 0.000000
2492 982 -1 -1 0 0 0 0 0.000000 0.000000 0.000000 -nan 0.000000
2493 983 -1 -1 0 0 0 0 0.000000 0.000000 0.000000 -nan 0.000000
2494 984 -1 -1 0 0 0 0 0.000000 0.000000 0.000000 -nan 0.000000
2495 985 -1 -1 0 0 0 0 0.000000 0.000000 0.000000 -nan 0.000000
2496 986 -1 -1 0 0 0 0 0.000000 0.000000 0.000000 -nan 0.000000
2497 987 -1 -1 0 0 0 0 0.000000 0.000000 0.000000 -nan 0.000000
2498 988 -1 -1 0 0 0 0 0.000000 0.000000 0.000000 -nan 0.000000
2499 989 -1 -1 0 0 0 0 0.000000 0.000000 0.000000 -nan 0.000000