# Format: <server id> <LP id> bytes <read> <written> time <written>
0 0 0 999999996 53960136826.935349 
1 1 0 833333330 34001472880.531799 
2 77 0 1333333328 100296921526.729355 
3 78 0 999999996 51428643775.044090 
4 154 0 999999996 56383815218.292473 
5 155 0 833333330 33900752595.844437 
6 231 0 499999998 11015589126.228168 
7 232 0 1166666662 63701097876.289421 
8 308 0 666666664 23412620809.395355 
9 309 0 999999996 48938629729.584724 
10 385 0 666666664 21784644123.818748 
11 386 0 999999996 51044785185.266312 
12 462 0 333333332 2976100605.525676 
13 463 0 833333330 38128504196.110886 
14 539 0 499999998 11015589137.084785 
15 540 0 833333330 33717353972.365520 
16 616 0 833333330 38134003948.401306 
17 617 0 333333332 3796531004.515959 
18 693 0 666666664 21725934893.389484 
19 694 0 666666664 23412620820.117603 
20 770 0 999999996 56383820928.075005 
21 771 0 833333330 33717353976.287827 
22 847 0 333333332 3797929932.666498 
23 848 0 1333333328 86967619920.349228 
24 924 0 499999998 11015589134.282583 
25 925 0 1166666662 74641010709.266327 
26 1001 0 1333333328 93624784400.869247 
27 1002 0 833333330 33717353983.414001 
28 1078 0 499999998 11015589131.856295 
29 1079 0 499999998 12239541017.962591 
30 1155 0 499999998 11015589143.096170 
31 1156 0 833333330 33717353969.452976 
32 1232 0 833333330 34014814363.657677 
33 1233 0 1333333328 86860675072.769379 
34 1309 0 666666664 23412620795.422649 
35 1310 0 666666664 19895543561.655785 
36 1386 0 499999998 14584541047.407400 
37 1387 0 499999998 14584541009.930445 
38 1463 0 833333330 38133999192.944389 
39 1464 0 999999996 50870719971.493462 
40 1540 0 666666664 23412620804.479439 
41 1541 0 999999996 51044785195.395256 
42 1617 0 666666664 23412620788.538616 
43 1618 0 1333333328 99591009760.108261 
44 1694 0 333333332 3796530998.230046 
45 1695 0 1333333328 103548272755.497147 
46 1771 0 666666664 23404260153.869648 
47 1772 0 833333330 33699160436.718842 
48 1848 0 499999998 11017690367.552851 
49 1849 0 666666664 23410367703.618317 
50 1925 0 833333330 38057960489.666740 
51 1926 0 1499999994 135027950074.522064 
52 2002 0 999999996 56386693434.939087 
53 2003 0 833333330 33717353977.572048 
54 2079 0 499999998 9787415662.589119 
55 2080 0 999999996 51411438116.453476 
56 2156 0 1166666662 75231964498.944199 
57 2157 0 833333330 35617454635.909676 
58 2233 0 999999996 51407226784.990028 
59 2234 0 1333333328 100161289595.459290 
60 2310 0 0 0.000000 
61 2311 0 0 0.000000 
62 2387 0 0 0.000000 
63 2388 0 0 0.000000 
64 2464 0 0 0.000000 
65 2465 0 0 0.000000 
