# Format <LP id> <Workload type> <client id> <Bytes written> <Bytes read> <Synthetic data Received> <Time to write bytes > <Total elapsed time>
6 conceptual-cosmo 0 41943040 0 0 340904453.835819 1658822946.851137
7 conceptual-cosmo 1 41943040 0 0 325065203.372815 1658825583.254556
8  2 0 0 0 0.000000 1657710134.314807
9  3 0 0 0 0.000000 1657710134.564792
10  4 0 0 0 0.000000 1657896975.918247
11 conceptual-cosmo 5 41943040 0 0 257774535.418479 1657523287.761042
12  6 0 0 0 0.000000 1658827568.585778
13  7 0 0 0 0.000000 1658827570.033120
14  8 0 0 0 0.000000 1658827570.004936
15 conceptual-cosmo 9 41943040 0 0 268234676.900664 1657523289.180200
16  10 0 0 0 0.000000 1658819701.719431
17  11 0 0 0 0.000000 1658827568.585778
18 conceptual-cosmo 12 41943040 0 0 329897109.692135 1655032675.459884
19  13 0 0 0 0.000000 1657897430.707799
20  14 0 0 0 0.000000 1657897429.288641
21  15 0 0 0 0.000000 1657897430.983248
22 conceptual-cosmo 16 41943040 0 0 338524661.103567 1658822946.851137
23 conceptual-cosmo 17 41943040 0 0 258960180.414198 1658825583.254556
24  18 0 0 0 0.000000 1657710134.314807
25  19 0 0 0 0.000000 1657710134.564792
26 conceptual-cosmo 20 41943040 0 0 248435221.855056 1657896975.918247
27  21 0 0 0 0.000000 1657523287.761042
28  22 0 0 0 0.000000 1658827568.585778
29  23 0 0 0 0.000000 1658827570.033120
30  24 0 0 0 0.000000 1658827570.004936
31 conceptual-cosmo 25 41943040 0 0 299856205.895213 1657523289.180200
32 conceptual-cosmo 26 41943040 0 0 302681365.396045 1658819701.719431
33 conceptual-cosmo 27 41943040 0 0 306147475.717188 1658827568.585778
34 conceptual-cosmo 28 41943040 0 0 222045144.213925 1655032675.459884
35 conceptual-cosmo 29 41943040 0 0 307789691.240715 1657897430.707799
83  30 0 0 0 0.000000 1657897430.707799
84  31 0 0 0 0.000000 1657897429.288641
85 conceptual-cosmo 32 41943040 0 0 312657764.840084 1657897430.983248
86 conceptual-cosmo 33 41943040 0 0 300752700.225084 1658822946.851137
87  34 0 0 0 0.000000 1658825583.254556
88 conceptual-cosmo 35 41943040 0 0 280566979.684107 1657710134.314807
89  36 0 0 0 0.000000 1657710134.564792
90  37 0 0 0 0.000000 1657896975.918247
91  38 0 0 0 0.000000 1657523287.761042
92  39 0 0 0 0.000000 1658827568.585778
93  40 0 0 0 0.000000 1658827570.033120
94  41 0 0 0 0.000000 1658827570.004936
95  42 0 0 0 0.000000 1657523289.180200
96 conceptual-cosmo 43 41943040 0 0 311767606.564818 1658819701.719431
97  44 0 0 0 0.000000 1658827568.585778
98  45 0 0 0 0.000000 1655032675.459884
99  46 0 0 0 0.000000 1657897430.707799
100  47 0 0 0 0.000000 1657897429.288641
101  48 0 0 0 0.000000 1657897430.983248
102  49 0 0 0 0.000000 1658822946.851137
103  50 0 0 0 0.000000 1658825583.254556
104  51 0 0 0 0.000000 1657710134.314807
105  52 0 0 0 0.000000 1657710134.564792
106 conceptual-cosmo 53 41943040 0 0 126380202.797479 1657896975.918247
107  54 0 0 0 0.000000 1657523287.761042
108  55 0 0 0 0.000000 1658827568.585778
109  56 0 0 0 0.000000 1658827570.033120
110 conceptual-cosmo 57 41943040 0 0 127414663.106258 1658827570.004936
111  58 0 0 0 0.000000 1657523289.180200
112  59 0 0 0 0.000000 1658819701.719431
160 conceptual-cosmo 60 41943040 0 0 202884108.114363 1658819701.719431
161  61 0 0 0 0.000000 1658827568.585778
162  62 0 0 0 0.000000 1655032675.459884
163  63 0 0 0 0.000000 1657897430.707799
164  64 0 0 0 0.000000 1657897429.288641
165 conceptual-cosmo 65 41943040 0 0 212191885.775074 1657897430.983248
166 conceptual-cosmo 66 41943040 0 0 257209952.482152 1658822946.851137
167  67 0 0 0 0.000000 1658825583.254556
168 conceptual-cosmo 68 41943040 0 0 232900848.063172 1657710134.314807
169  69 0 0 0 0.000000 1657710134.564792
170  70 0 0 0 0.000000 1657896975.918247
171  71 0 0 0 0.000000 1657523287.761042
172  72 0 0 0 0.000000 1658827568.585778
173  73 0 0 0 0.000000 1658827570.033120
174 conceptual-cosmo 74 41943040 0 0 216123735.415170 1658827570.004936
175  75 0 0 0 0.000000 1657523289.180200
176 conceptual-cosmo 76 41943040 0 0 377054531.901223 1658819701.719431
177 conceptual-cosmo 77 41943040 0 0 387648708.441665 1658827568.585778
178  78 0 0 0 0.000000 1655032675.459884
179 conceptual-cosmo 79 41943040 0 0 372039544.366817 1657897430.707799
180  80 0 0 0 0.000000 1657897429.288641
181  81 0 0 0 0.000000 1657897430.983248
182  82 0 0 0 0.000000 1658822946.851137
183  83 0 0 0 0.000000 1658825583.254556
184  84 0 0 0 0.000000 1657710134.314807
185  85 0 0 0 0.000000 1657710134.564792
186  86 0 0 0 0.000000 1657896975.918247
187 conceptual-cosmo 87 41943040 0 0 317551534.557347 1657523287.761042
188 conceptual-cosmo 88 41943040 0 0 290583478.446309 1658827568.585778
189  89 0 0 0 0.000000 1658827570.033120
237  90 0 0 0 0.000000 1658827570.033120
238  91 0 0 0 0.000000 1658827570.004936
239 conceptual-cosmo 92 41943040 0 0 176498171.820227 1657523289.180200
240 conceptual-cosmo 93 41943040 0 0 207950618.183952 1658819701.719431
241  94 0 0 0 0.000000 1658827568.585778
242 conceptual-cosmo 95 41943040 0 0 186179359.555443 1655032675.459884
243  96 0 0 0 0.000000 1657897430.707799
244  97 0 0 0 0.000000 1657897429.288641
245  98 0 0 0 0.000000 1657897430.983248
246  99 0 0 0 0.000000 1658822946.851137
247  100 0 0 0 0.000000 1658825583.254556
248  101 0 0 0 0.000000 1657710134.314807
249 conceptual-cosmo 102 41943040 0 0 140015740.708828 1657710134.564792
250  103 0 0 0 0.000000 1657896975.918247
251  104 0 0 0 0.000000 1657523287.761042
252  105 0 0 0 0.000000 1658827568.585778
253  106 0 0 0 0.000000 1658827570.033120
254  107 0 0 0 0.000000 1658827570.004936
255  108 0 0 0 0.000000 1657523289.180200
256  109 0 0 0 0.000000 1658819701.719431
257 conceptual-cosmo 110 41943040 0 0 66328134.853712 1658827568.585778
258  111 0 0 0 0.000000 1655032675.459884
259  112 0 0 0 0.000000 1657897430.707799
260  113 0 0 0 0.000000 1657897429.288641
261  114 0 0 0 0.000000 1657897430.983248
262 conceptual-cosmo 115 41943040 0 0 75395039.970084 1658822946.851137
263  116 0 0 0 0.000000 1658825583.254556
264  117 0 0 0 0.000000 1657710134.314807
265  118 0 0 0 0.000000 1657710134.564792
266  119 0 0 0 0.000000 1657896975.918247
314  120 0 0 0 0.000000 1657896975.918247
315  121 0 0 0 0.000000 1657523287.761042
316  122 0 0 0 0.000000 1658827568.585778
317  123 0 0 0 0.000000 1658827570.033120
318  124 0 0 0 0.000000 1658827570.004936
319  125 0 0 0 0.000000 1657523289.180200
320  126 0 0 0 0.000000 1658819701.719431
321 conceptual-cosmo 127 41943040 0 0 196913322.384260 1658827568.585778
322 conceptual-cosmo 128 41943040 0 0 169295760.204854 1655032675.459884
323 conceptual-cosmo 129 41943040 0 0 208583052.677784 1657897430.707799
324  130 0 0 0 0.000000 1657897429.288641
325  131 0 0 0 0.000000 1657897430.983248
326 conceptual-cosmo 132 41943040 0 0 153971450.504335 1658822946.851137
327  133 0 0 0 0.000000 1658825583.254556
328  134 0 0 0 0.000000 1657710134.314807
329  135 0 0 0 0.000000 1657710134.564792
330  136 0 0 0 0.000000 1657896975.918247
331 conceptual-cosmo 137 41943040 0 0 116128313.440275 1657523287.761042
332  138 0 0 0 0.000000 1658827568.585778
333  139 0 0 0 0.000000 1658827570.033120
334  140 0 0 0 0.000000 1658827570.004936
335  141 0 0 0 0.000000 1657523289.180200
336 conceptual-cosmo 142 41943040 0 0 106788252.681599 1658819701.719431
337  143 0 0 0 0.000000 1658827568.585778
338 conceptual-cosmo 144 41943040 0 0 153322149.580336 1655032675.459884
339  145 0 0 0 0.000000 1657897430.707799
340  146 0 0 0 0.000000 1657897429.288641
341  147 0 0 0 0.000000 1657897430.983248
342 conceptual-cosmo 148 41943040 0 0 115152543.513121 1658822946.851137
343  149 0 0 0 0.000000 1658825583.254556
391 conceptual-cosmo 150 41943040 0 0 416957991.503994 1658825583.254556
392  151 0 0 0 0.000000 1657710134.314807
393  152 0 0 0 0.000000 1657710134.564792
394  153 0 0 0 0.000000 1657896975.918247
395 conceptual-cosmo 154 41943040 0 0 419676275.716558 1657523287.761042
396  155 0 0 0 0.000000 1658827568.585778
397  156 0 0 0 0.000000 1658827570.033120
398 conceptual-cosmo 157 41943040 0 0 435183009.439206 1658827570.004936
399  158 0 0 0 0.000000 1657523289.180200
400  159 0 0 0 0.000000 1658819701.719431
401  160 0 0 0 0.000000 1658827568.585778
402  161 0 0 0 0.000000 1655032675.459884
403 conceptual-cosmo 162 41943040 0 0 450923908.607569 1657897430.707799
404 conceptual-cosmo 163 41943040 0 0 446734620.983365 1657897429.288641
405  164 0 0 0 0.000000 1657897430.983248
406  165 0 0 0 0.000000 1658822946.851137
407  166 0 0 0 0.000000 1658825583.254556
408  167 0 0 0 0.000000 1657710134.314807
409 conceptual-cosmo 168 41943040 0 0 267767978.907388 1657710134.564792
410  169 0 0 0 0.000000 1657896975.918247
411 conceptual-cosmo 170 41943040 0 0 269186459.234200 1657523287.761042
412  171 0 0 0 0.000000 1658827568.585778
413  172 0 0 0 0.000000 1658827570.033120
414  173 0 0 0 0.000000 1658827570.004936
415 conceptual-cosmo 174 41943040 0 0 238112057.758136 1657523289.180200
416 conceptual-cosmo 175 41943040 0 0 287523142.120611 1658819701.719431
417  176 0 0 0 0.000000 1658827568.585778
418  177 0 0 0 0.000000 1655032675.459884
419  178 0 0 0 0.000000 1657897430.707799
420  179 0 0 0 0.000000 1657897429.288641
468 conceptual-cosmo 180 41943040 0 0 513385480.765707 1657897429.288641
469 conceptual-cosmo 181 41943040 0 0 487895214.980406 1657897430.983248
470 conceptual-cosmo 182 41943040 0 0 508222087.214104 1658822946.851137
471 conceptual-cosmo 183 41943040 0 0 574539673.450157 1658825583.254556
472  184 0 0 0 0.000000 1657710134.314807
473  185 0 0 0 0.000000 1657710134.564792
474 conceptual-cosmo 186 41943040 0 0 494252672.117522 1657896975.918247
475 conceptual-cosmo 187 41943040 0 0 489171253.248353 1657523287.761042
476  188 0 0 0 0.000000 1658827568.585778
477  189 0 0 0 0.000000 1658827570.033120
478  190 0 0 0 0.000000 1658827570.004936
479  191 0 0 0 0.000000 1657523289.180200
480  192 0 0 0 0.000000 1658819701.719431
481 conceptual-cosmo 193 41943040 0 0 463163374.695349 1658827568.585778
482  194 0 0 0 0.000000 1655032675.459884
483  195 0 0 0 0.000000 1657897430.707799
484  196 0 0 0 0.000000 1657897429.288641
485  197 0 0 0 0.000000 1657897430.983248
486 conceptual-cosmo 198 41943040 0 0 299892008.290876 1658822946.851137
487  199 0 0 0 0.000000 1658825583.254556
488  200 0 0 0 0.000000 1657710134.314807
489 conceptual-cosmo 201 41943040 0 0 220335534.565694 1657710134.564792
490  202 0 0 0 0.000000 1657896975.918247
491 conceptual-cosmo 203 41943040 0 0 279999955.811987 1657523287.761042
492 conceptual-cosmo 204 41943040 0 0 254252052.228278 1658827568.585778
493  205 0 0 0 0.000000 1658827570.033120
494  206 0 0 0 0.000000 1658827570.004936
495  207 0 0 0 0.000000 1657523289.180200
496 conceptual-cosmo 208 41943040 0 0 290458786.294504 1658819701.719431
497 conceptual-cosmo 209 41943040 0 0 265102532.649794 1658827568.585778
545 conceptual-cosmo 210 41943040 0 0 389417770.616427 1658827568.585778
546  211 0 0 0 0.000000 1655032675.459884
547 conceptual-cosmo 212 41943040 0 0 404787140.242590 1657897430.707799
548  213 0 0 0 0.000000 1657897429.288641
549 conceptual-cosmo 214 41943040 0 0 409326135.433498 1657897430.983248
550 conceptual-cosmo 215 41943040 0 0 375785895.476961 1658822946.851137
551  216 0 0 0 0.000000 1658825583.254556
552  217 0 0 0 0.000000 1657710134.314807
553  218 0 0 0 0.000000 1657710134.564792
554  219 0 0 0 0.000000 1657896975.918247
555  220 0 0 0 0.000000 1657523287.761042
556 conceptual-cosmo 221 41943040 0 0 244417901.592540 1658827568.585778
557  222 0 0 0 0.000000 1658827570.033120
558  223 0 0 0 0.000000 1658827570.004936
559 conceptual-cosmo 224 41943040 0 0 242959747.488109 1657523289.180200
560  225 0 0 0 0.000000 1658819701.719431
561 conceptual-cosmo 226 41943040 0 0 367921239.781464 1658827568.585778
562 conceptual-cosmo 227 41943040 0 0 321579897.847237 1655032675.459884
563  228 0 0 0 0.000000 1657897430.707799
564 conceptual-cosmo 229 41943040 0 0 343703263.910802 1657897429.288641
565  230 0 0 0 0.000000 1657897430.983248
566  231 0 0 0 0.000000 1658822946.851137
567 conceptual-cosmo 232 41943040 0 0 309020888.666371 1658825583.254556
568  233 0 0 0 0.000000 1657710134.314807
569  234 0 0 0 0.000000 1657710134.564792
570  235 0 0 0 0.000000 1657896975.918247
571  236 0 0 0 0.000000 1657523287.761042
572 conceptual-cosmo 237 41943040 0 0 311573715.587307 1658827568.585778
573 conceptual-cosmo 238 41943040 0 0 278255521.968086 1658827570.033120
574  239 0 0 0 0.000000 1658827570.004936
622  240 0 0 0 0.000000 1658827570.004936
623 conceptual-cosmo 241 41943040 0 0 159530047.606403 1657523289.180200
624  242 0 0 0 0.000000 1658819701.719431
625  243 0 0 0 0.000000 1658827568.585778
626 conceptual-cosmo 244 41943040 0 0 131554562.367260 1655032675.459884
627 conceptual-cosmo 245 41943040 0 0 177052981.922952 1657897430.707799
628  246 0 0 0 0.000000 1657897429.288641
629 conceptual-cosmo 247 41943040 0 0 208117126.678105 1657897430.983248
630  248 0 0 0 0.000000 1658822946.851137
631  249 0 0 0 0.000000 1658825583.254556
632 conceptual-cosmo 250 41943040 0 0 127580793.729736 1657710134.314807
633  251 0 0 0 0.000000 1657710134.564792
634  252 0 0 0 0.000000 1657896975.918247
635 conceptual-cosmo 253 41943040 0 0 206339697.523019 1657523287.761042
636  254 0 0 0 0.000000 1658827568.585778
637 conceptual-cosmo 255 41943040 0 0 340604396.001356 1658827570.033120
638  256 0 0 0 0.000000 1658827570.004936
639 conceptual-cosmo 257 41943040 0 0 407636617.702478 1657523289.180200
640  258 0 0 0 0.000000 1658819701.719431
641 conceptual-cosmo 259 41943040 0 0 455566272.438817 1658827568.585778
642  260 0 0 0 0.000000 1655032675.459884
643  261 0 0 0 0.000000 1657897430.707799
644 conceptual-cosmo 262 41943040 0 0 474162624.123238 1657897429.288641
645 conceptual-cosmo 263 41943040 0 0 478243110.434927 1657897430.983248
646  264 0 0 0 0.000000 1658822946.851137
647  265 0 0 0 0.000000 1658825583.254556
648 conceptual-cosmo 266 41943040 0 0 450952651.345410 1657710134.314807
649  267 0 0 0 0.000000 1657710134.564792
650 conceptual-cosmo 268 41943040 0 0 376727456.722861 1657896975.918247
651  269 0 0 0 0.000000 1657523287.761042
699 conceptual-cosmo 270 41943040 0 0 340404169.315922 1657523287.761042
700 conceptual-cosmo 271 41943040 0 0 367798336.398920 1658827568.585778
701 conceptual-cosmo 272 41943040 0 0 362234411.878969 1658827570.033120
702 conceptual-cosmo 273 41943040 0 0 286013107.869703 1658827570.004936
703  274 0 0 0 0.000000 1657523289.180200
704  275 0 0 0 0.000000 1658819701.719431
705  276 0 0 0 0.000000 1658827568.585778
706  277 0 0 0 0.000000 1655032675.459884
707 conceptual-cosmo 278 41943040 0 0 319863814.692367 1657897430.707799
708  279 0 0 0 0.000000 1657897429.288641
709  280 0 0 0 0.000000 1657897430.983248
710  281 0 0 0 0.000000 1658822946.851137
711  282 0 0 0 0.000000 1658825583.254556
712 conceptual-cosmo 283 41943040 0 0 292644280.448762 1657710134.314807
713  284 0 0 0 0.000000 1657710134.564792
714  285 0 0 0 0.000000 1657896975.918247
715  286 0 0 0 0.000000 1657523287.761042
716 conceptual-cosmo 287 41943040 0 0 397966115.723927 1658827568.585778
717 conceptual-cosmo 288 41943040 0 0 362548168.664250 1658827570.033120
718 conceptual-cosmo 289 41943040 0 0 366212365.792712 1658827570.004936
719  290 0 0 0 0.000000 1657523289.180200
720  291 0 0 0 0.000000 1658819701.719431
721 conceptual-cosmo 292 41943040 0 0 294780532.230753 1658827568.585778
722  293 0 0 0 0.000000 1655032675.459884
723 conceptual-cosmo 294 41943040 0 0 434145085.399453 1657897430.707799
724  295 0 0 0 0.000000 1657897429.288641
725 conceptual-cosmo 296 41943040 0 0 399240325.060729 1657897430.983248
726  297 0 0 0 0.000000 1658822946.851137
727  298 0 0 0 0.000000 1658825583.254556
728 conceptual-cosmo 299 41943040 0 0 267420848.936183 1657710134.314807
776  300 0 0 0 0.000000 1657710134.314807
777  301 0 0 0 0.000000 1657710134.564792
778 conceptual-cosmo 302 41943040 0 0 147728551.580973 1657896975.918247
779  303 0 0 0 0.000000 1657523287.761042
780 conceptual-cosmo 304 41943040 0 0 141600641.381528 1658827568.585778
781  305 0 0 0 0.000000 1658827570.033120
782  306 0 0 0 0.000000 1658827570.004936
783  307 0 0 0 0.000000 1657523289.180200
784  308 0 0 0 0.000000 1658819701.719431
785  309 0 0 0 0.000000 1658827568.585778
786  310 0 0 0 0.000000 1655032675.459884
787 conceptual-cosmo 311 41943040 0 0 130823606.238427 1657897430.707799
788  312 0 0 0 0.000000 1657897429.288641
789  313 0 0 0 0.000000 1657897430.983248
790  314 0 0 0 0.000000 1658822946.851137
791  315 0 0 0 0.000000 1658825583.254556
792  316 0 0 0 0.000000 1657710134.314807
793  317 0 0 0 0.000000 1657710134.564792
794  318 0 0 0 0.000000 1657896975.918247
795 conceptual-cosmo 319 41943040 0 0 289665153.775599 1657523287.761042
796 conceptual-cosmo 320 41943040 0 0 308059412.817717 1658827568.585778
797  321 0 0 0 0.000000 1658827570.033120
798 conceptual-cosmo 322 41943040 0 0 301315489.357205 1658827570.004936
799  323 0 0 0 0.000000 1657523289.180200
800  324 0 0 0 0.000000 1658819701.719431
801  325 0 0 0 0.000000 1658827568.585778
802 conceptual-cosmo 326 41943040 0 0 286906642.951348 1655032675.459884
803  327 0 0 0 0.000000 1657897430.707799
804 conceptual-cosmo 328 41943040 0 0 159708606.352749 1657897429.288641
805  329 0 0 0 0.000000 1657897430.983248
853  330 0 0 0 0.000000 1657897430.983248
854  331 0 0 0 0.000000 1658822946.851137
855  332 0 0 0 0.000000 1658825583.254556
856  333 0 0 0 0.000000 1657710134.314807
857  334 0 0 0 0.000000 1657710134.564792
858  335 0 0 0 0.000000 1657896975.918247
859  336 0 0 0 0.000000 1657523287.761042
860  337 0 0 0 0.000000 1658827568.585778
861  338 0 0 0 0.000000 1658827570.033120
862 conceptual-cosmo 339 41943040 0 0 120252264.103696 1658827570.004936
863  340 0 0 0 0.000000 1657523289.180200
864 conceptual-cosmo 341 41943040 0 0 86094476.322395 1658819701.719431
865 conceptual-cosmo 342 41943040 0 0 126255559.072584 1658827568.585778
866  343 0 0 0 0.000000 1655032675.459884
867 conceptual-cosmo 344 41943040 0 0 123532259.359835 1657897430.707799
868  345 0 0 0 0.000000 1657897429.288641
869  346 0 0 0 0.000000 1657897430.983248
870  347 0 0 0 0.000000 1658822946.851137
871  348 0 0 0 0.000000 1658825583.254556
872 conceptual-cosmo 349 41943040 0 0 40334174.370315 1657710134.314807
873  350 0 0 0 0.000000 1657710134.564792
874  351 0 0 0 0.000000 1657896975.918247
875  352 0 0 0 0.000000 1657523287.761042
876  353 0 0 0 0.000000 1658827568.585778
877  354 0 0 0 0.000000 1658827570.033120
878 conceptual-cosmo 355 41943040 0 0 42919190.517343 1658827570.004936
879  356 0 0 0 0.000000 1657523289.180200
880  357 0 0 0 0.000000 1658819701.719431
881  358 0 0 0 0.000000 1658827568.585778
882  359 0 0 0 0.000000 1655032675.459884
930  360 0 0 0 0.000000 1655032675.459884
931  361 0 0 0 0.000000 1657897430.707799
932 conceptual-cosmo 362 41943040 0 0 431219759.342391 1657897429.288641
933  363 0 0 0 0.000000 1657897430.983248
934 conceptual-cosmo 364 41943040 0 0 478983057.515600 1658822946.851137
935  365 0 0 0 0.000000 1658825583.254556
936  366 0 0 0 0.000000 1657710134.314807
937 conceptual-cosmo 367 41943040 0 0 426114379.579951 1657710134.564792
938  368 0 0 0 0.000000 1657896975.918247
939  369 0 0 0 0.000000 1657523287.761042
940  370 0 0 0 0.000000 1658827568.585778
941 conceptual-cosmo 371 41943040 0 0 442176592.853725 1658827570.033120
942 conceptual-cosmo 372 41943040 0 0 400834745.288306 1658827570.004936
943  373 0 0 0 0.000000 1657523289.180200
944 conceptual-cosmo 374 41943040 0 0 447680233.384572 1658819701.719431
945  375 0 0 0 0.000000 1658827568.585778
946  376 0 0 0 0.000000 1655032675.459884
947 conceptual-cosmo 377 41943040 0 0 358019557.719553 1657897430.707799
948  378 0 0 0 0.000000 1657897429.288641
949 conceptual-cosmo 379 41943040 0 0 372562865.595581 1657897430.983248
950 conceptual-cosmo 380 41943040 0 0 347682977.721416 1658822946.851137
951  381 0 0 0 0.000000 1658825583.254556
952 conceptual-cosmo 382 41943040 0 0 359601849.308447 1657710134.314807
953  383 0 0 0 0.000000 1657710134.564792
954  384 0 0 0 0.000000 1657896975.918247
955  385 0 0 0 0.000000 1657523287.761042
956  386 0 0 0 0.000000 1658827568.585778
957  387 0 0 0 0.000000 1658827570.033120
958  388 0 0 0 0.000000 1658827570.004936
959 conceptual-cosmo 389 41943040 0 0 273951812.527617 1657523289.180200
1007 conceptual-cosmo 390 41943040 0 0 202521257.797577 1657523289.180200
1008  391 0 0 0 0.000000 1658819701.719431
1009  392 0 0 0 0.000000 1658827568.585778
1010 conceptual-cosmo 393 41943040 0 0 211987752.950133 1655032675.459884
1011  394 0 0 0 0.000000 1657897430.707799
1012  395 0 0 0 0.000000 1657897429.288641
1013  396 0 0 0 0.000000 1657897430.983248
1014  397 0 0 0 0.000000 1658822946.851137
1015  398 0 0 0 0.000000 1658825583.254556
1016  399 0 0 0 0.000000 1657710134.314807
1017  400 0 0 0 0.000000 1657710134.564792
1018 conceptual-cosmo 401 41943040 0 0 202851359.945474 1657896975.918247
1019  402 0 0 0 0.000000 1657523287.761042
1020  403 0 0 0 0.000000 1658827568.585778
1021  404 0 0 0 0.000000 1658827570.033120
1022  405 0 0 0 0.000000 1658827570.004936
1023  406 0 0 0 0.000000 1657523289.180200
1024  407 0 0 0 0.000000 1658819701.719431
1025  408 0 0 0 0.000000 1658827568.585778
1026 conceptual-cosmo 409 41943040 0 0 208258173.538805 1655032675.459884
1027 conceptual-cosmo 410 41943040 0 0 260379539.111504 1657897430.707799
1028  411 0 0 0 0.000000 1657897429.288641
1029  412 0 0 0 0.000000 1657897430.983248
1030 conceptual-cosmo 413 41943040 0 0 286710623.313152 1658822946.851137
1031 conceptual-cosmo 414 41943040 0 0 235362871.662988 1658825583.254556
1032  415 0 0 0 0.000000 1657710134.314807
1033  416 0 0 0 0.000000 1657710134.564792
1034  417 0 0 0 0.000000 1657896975.918247
1035  418 0 0 0 0.000000 1657523287.761042
1036 conceptual-cosmo 419 41943040 0 0 220357728.391287 1658827568.585778
1084 conceptual-cosmo 420 41943040 0 0 227569601.762549 1658827568.585778
1085  421 0 0 0 0.000000 1658827570.033120
1086 conceptual-cosmo 422 41943040 0 0 354373911.968127 1658827570.004936
1087 conceptual-cosmo 423 41943040 0 0 339752757.242037 1657523289.180200
1088  424 0 0 0 0.000000 1658819701.719431
1089 conceptual-cosmo 425 41943040 0 0 346600045.479878 1658827568.585778
1090 conceptual-cosmo 426 41943040 0 0 346946976.982744 1655032675.459884
1091  427 0 0 0 0.000000 1657897430.707799
1092  428 0 0 0 0.000000 1657897429.288641
1093 conceptual-cosmo 429 41943040 0 0 317700349.343676 1657897430.983248
1094  430 0 0 0 0.000000 1658822946.851137
1095  431 0 0 0 0.000000 1658825583.254556
1096  432 0 0 0 0.000000 1657710134.314807
1097 conceptual-cosmo 433 41943040 0 0 351254106.867813 1657710134.564792
1098  434 0 0 0 0.000000 1657896975.918247
1099 conceptual-cosmo 435 41943040 0 0 342470730.929645 1657523287.761042
1100  436 0 0 0 0.000000 1658827568.585778
1101  437 0 0 0 0.000000 1658827570.033120
1102  438 0 0 0 0.000000 1658827570.004936
1103  439 0 0 0 0.000000 1657523289.180200
1104  440 0 0 0 0.000000 1658819701.719431
1105 conceptual-cosmo 441 41943040 0 0 357192553.486624 1658827568.585778
1106 conceptual-cosmo 442 41943040 0 0 387572650.828613 1655032675.459884
1107 conceptual-cosmo 443 41943040 0 0 304589559.925154 1657897430.707799
1108  444 0 0 0 0.000000 1657897429.288641
1109  445 0 0 0 0.000000 1657897430.983248
1110 conceptual-cosmo 446 41943040 0 0 376491529.747153 1658822946.851137
1111  447 0 0 0 0.000000 1658825583.254556
1112 conceptual-cosmo 448 41943040 0 0 404814525.996269 1657710134.314807
1113 conceptual-cosmo 449 41943040 0 0 341278991.967563 1657710134.564792
1161 conceptual-cosmo 450 41943040 0 0 553980229.041079 1657710134.564792
1162 conceptual-cosmo 451 41943040 0 0 563044979.478187 1657896975.918247
1163 conceptual-cosmo 452 41943040 0 0 614194273.176048 1657523287.761042
1164 conceptual-cosmo 453 41943040 0 0 609241596.320539 1658827568.585778
1165  454 0 0 0 0.000000 1658827570.033120
1166  455 0 0 0 0.000000 1658827570.004936
1167 conceptual-cosmo 456 41943040 0 0 564956399.783911 1657523289.180200
1168  457 0 0 0 0.000000 1658819701.719431
1169 conceptual-cosmo 458 41943040 0 0 591082692.211093 1658827568.585778
1170  459 0 0 0 0.000000 1655032675.459884
1171 conceptual-cosmo 460 41943040 0 0 584016343.489862 1657897430.707799
1172  461 0 0 0 0.000000 1657897429.288641
1173  462 0 0 0 0.000000 1657897430.983248
1174  463 0 0 0 0.000000 1658822946.851137
1175 conceptual-cosmo 464 41943040 0 0 583639862.075535 1658825583.254556
1176 conceptual-cosmo 465 41943040 0 0 311919482.414337 1657710134.314807
1177  466 0 0 0 0.000000 1657710134.564792
1178  467 0 0 0 0.000000 1657896975.918247
1179 conceptual-cosmo 468 41943040 0 0 284446378.883498 1657523287.761042
1180  469 0 0 0 0.000000 1658827568.585778
1181  470 0 0 0 0.000000 1658827570.033120
1182  471 0 0 0 0.000000 1658827570.004936
1183  472 0 0 0 0.000000 1657523289.180200
1184 conceptual-cosmo 473 41943040 0 0 287499675.668177 1658819701.719431
1185  474 0 0 0 0.000000 1658827568.585778
1186 conceptual-cosmo 475 41943040 0 0 301439365.294038 1655032675.459884
1187  476 0 0 0 0.000000 1657897430.707799
1188  477 0 0 0 0.000000 1657897429.288641
1189 conceptual-cosmo 478 41943040 0 0 242181816.151363 1657897430.983248
1190  479 0 0 0 0.000000 1658822946.851137
1238  480 0 0 0 0.000000 1658822946.851137
1239  481 0 0 0 0.000000 1658825583.254556
1240 conceptual-cosmo 482 41943040 0 0 329980078.718649 1657710134.314807
1241  483 0 0 0 0.000000 1657710134.564792
1242 conceptual-cosmo 484 41943040 0 0 386341762.190825 1657896975.918247
1243  485 0 0 0 0.000000 1657523287.761042
1244  486 0 0 0 0.000000 1658827568.585778
1245  487 0 0 0 0.000000 1658827570.033120
1246  488 0 0 0 0.000000 1658827570.004936
1247  489 0 0 0 0.000000 1657523289.180200
1248  490 0 0 0 0.000000 1658819701.719431
1249 conceptual-cosmo 491 41943040 0 0 374535469.410282 1658827568.585778
1250  492 0 0 0 0.000000 1655032675.459884
1251 conceptual-cosmo 493 41943040 0 0 410781544.089128 1657897430.707799
1252 conceptual-cosmo 494 41943040 0 0 384658074.529865 1657897429.288641
1253  495 0 0 0 0.000000 1657897430.983248
1254 conceptual-cosmo 496 41943040 0 0 340991367.766338 1658822946.851137
1255 conceptual-cosmo 497 41943040 0 0 365736867.193335 1658825583.254556
1256 conceptual-cosmo 498 41943040 0 0 288536346.680275 1657710134.314807
1257  499 0 0 0 0.000000 1657710134.564792
1258  500 0 0 0 0.000000 1657896975.918247
1259  501 0 0 0 0.000000 1657523287.761042
1260  502 0 0 0 0.000000 1658827568.585778
1261  503 0 0 0 0.000000 1658827570.033120
1262 conceptual-cosmo 504 41943040 0 0 359829800.025681 1658827570.004936
1263 conceptual-cosmo 505 41943040 0 0 373886278.796031 1657523289.180200
1264  506 0 0 0 0.000000 1658819701.719431
1265 conceptual-cosmo 507 41943040 0 0 345324603.211031 1658827568.585778
1266  508 0 0 0 0.000000 1655032675.459884
1267  509 0 0 0 0.000000 1657897430.707799
1315  510 0 0 0 0.000000 1657897430.707799
1316 conceptual-cosmo 511 41943040 0 0 244977602.586261 1657897429.288641
1317  512 0 0 0 0.000000 1657897430.983248
1318 conceptual-cosmo 513 41943040 0 0 285459235.849475 1658822946.851137
1319  514 0 0 0 0.000000 1658825583.254556
1320  515 0 0 0 0.000000 1657710134.314807
1321  516 0 0 0 0.000000 1657710134.564792
1322  517 0 0 0 0.000000 1657896975.918247
1323  518 0 0 0 0.000000 1657523287.761042
1324 conceptual-cosmo 519 41943040 0 0 266218800.211712 1658827568.585778
1325  520 0 0 0 0.000000 1658827570.033120
1326  521 0 0 0 0.000000 1658827570.004936
1327 conceptual-cosmo 522 41943040 0 0 239531147.201232 1657523289.180200
1328  523 0 0 0 0.000000 1658819701.719431
1329 conceptual-cosmo 524 41943040 0 0 242512437.666106 1658827568.585778
1330  525 0 0 0 0.000000 1655032675.459884
1331  526 0 0 0 0.000000 1657897430.707799
1332  527 0 0 0 0.000000 1657897429.288641
1333  528 0 0 0 0.000000 1657897430.983248
1334  529 0 0 0 0.000000 1658822946.851137
1335  530 0 0 0 0.000000 1658825583.254556
1336  531 0 0 0 0.000000 1657710134.314807
1337 conceptual-cosmo 532 41943040 0 0 109091307.140349 1657710134.564792
1338 conceptual-cosmo 533 41943040 0 0 116180817.796230 1657896975.918247
1339  534 0 0 0 0.000000 1657523287.761042
1340  535 0 0 0 0.000000 1658827568.585778
1341  536 0 0 0 0.000000 1658827570.033120
1342  537 0 0 0 0.000000 1658827570.004936
1343  538 0 0 0 0.000000 1657523289.180200
1344  539 0 0 0 0.000000 1658819701.719431
1392  540 0 0 0 0.000000 1658819701.719431
1393 conceptual-cosmo 541 41943040 0 0 475365225.244412 1658827568.585778
1394  542 0 0 0 0.000000 1655032675.459884
1395 conceptual-cosmo 543 41943040 0 0 496439997.126383 1657897430.707799
1396  544 0 0 0 0.000000 1657897429.288641
1397  545 0 0 0 0.000000 1657897430.983248
1398  546 0 0 0 0.000000 1658822946.851137
1399 conceptual-cosmo 547 41943040 0 0 457600445.915419 1658825583.254556
1400  548 0 0 0 0.000000 1657710134.314807
1401  549 0 0 0 0.000000 1657710134.564792
1402 conceptual-cosmo 550 41943040 0 0 502159006.844521 1657896975.918247
1403 conceptual-cosmo 551 41943040 0 0 509034810.020461 1657523287.761042
1404  552 0 0 0 0.000000 1658827568.585778
1405  553 0 0 0 0.000000 1658827570.033120
1406 conceptual-cosmo 554 41943040 0 0 422126261.224955 1658827570.004936
1407  555 0 0 0 0.000000 1657523289.180200
1408  556 0 0 0 0.000000 1658819701.719431
1409 conceptual-cosmo 557 41943040 0 0 72002699.707235 1658827568.585778
1410 conceptual-cosmo 558 41943040 0 0 143672481.060494 1655032675.459884
1411  559 0 0 0 0.000000 1657897430.707799
1412  560 0 0 0 0.000000 1657897429.288641
1413  561 0 0 0 0.000000 1657897430.983248
1414  562 0 0 0 0.000000 1658822946.851137
1415  563 0 0 0 0.000000 1658825583.254556
1416  564 0 0 0 0.000000 1657710134.314807
1417  565 0 0 0 0.000000 1657710134.564792
1418  566 0 0 0 0.000000 1657896975.918247
1419 conceptual-cosmo 567 41943040 0 0 127077378.977586 1657523287.761042
1420  568 0 0 0 0.000000 1658827568.585778
1421  569 0 0 0 0.000000 1658827570.033120
1469 conceptual-cosmo 570 41943040 0 0 159801621.694752 1658827570.033120
1470  571 0 0 0 0.000000 1658827570.004936
1471  572 0 0 0 0.000000 1657523289.180200
1472  573 0 0 0 0.000000 1658819701.719431
1473  574 0 0 0 0.000000 1658827568.585778
1474 conceptual-cosmo 575 41943040 0 0 138415071.021184 1655032675.459884
1475  576 0 0 0 0.000000 1657897430.707799
1476 conceptual-cosmo 577 41943040 0 0 159086620.195272 1657897429.288641
1477  578 0 0 0 0.000000 1657897430.983248
1478  579 0 0 0 0.000000 1658822946.851137
1479  580 0 0 0 0.000000 1658825583.254556
1480  581 0 0 0 0.000000 1657710134.314807
1481 conceptual-cosmo 582 41943040 0 0 148802909.161214 1657710134.564792
1482  583 0 0 0 0.000000 1657896975.918247
1483 conceptual-cosmo 584 41943040 0 0 186647908.218204 1657523287.761042
1484  585 0 0 0 0.000000 1658827568.585778
1485  586 0 0 0 0.000000 1658827570.033120
1486 conceptual-cosmo 587 41943040 0 0 176696504.010389 1658827570.004936
1487  588 0 0 0 0.000000 1657523289.180200
1488  589 0 0 0 0.000000 1658819701.719431
1489  590 0 0 0 0.000000 1658827568.585778
1490  591 0 0 0 0.000000 1655032675.459884
1491 conceptual-cosmo 592 41943040 0 0 169373773.206817 1657897430.707799
1492  593 0 0 0 0.000000 1657897429.288641
1493 conceptual-cosmo 594 41943040 0 0 111958286.470283 1657897430.983248
1494  595 0 0 0 0.000000 1658822946.851137
1495  596 0 0 0 0.000000 1658825583.254556
1496  597 0 0 0 0.000000 1657710134.314807
1497  598 0 0 0 0.000000 1657710134.564792
1498 conceptual-cosmo 599 41943040 0 0 76689476.923462 1657896975.918247
1546  600 0 0 0 0.000000 1657896975.918247
1547  601 0 0 0 0.000000 1657523287.761042
1548 conceptual-cosmo 602 41943040 0 0 213545962.857566 1658827568.585778
1549  603 0 0 0 0.000000 1658827570.033120
1550  604 0 0 0 0.000000 1658827570.004936
1551  605 0 0 0 0.000000 1657523289.180200
1552  606 0 0 0 0.000000 1658819701.719431
1553 conceptual-cosmo 607 41943040 0 0 224711640.834376 1658827568.585778
1554  608 0 0 0 0.000000 1655032675.459884
1555  609 0 0 0 0.000000 1657897430.707799
1556  610 0 0 0 0.000000 1657897429.288641
1557  611 0 0 0 0.000000 1657897430.983248
1558 conceptual-cosmo 612 41943040 0 0 131021814.593912 1658822946.851137
1559 conceptual-cosmo 613 41943040 0 0 222161126.440361 1658825583.254556
1560 conceptual-cosmo 614 41943040 0 0 137910076.788328 1657710134.314807
1561  615 0 0 0 0.000000 1657710134.564792
1562 conceptual-cosmo 616 41943040 0 0 221157146.613721 1657896975.918247
1563  617 0 0 0 0.000000 1657523287.761042
1564  618 0 0 0 0.000000 1658827568.585778
1565 conceptual-cosmo 619 41943040 0 0 195492301.473901 1658827570.033120
1566  620 0 0 0 0.000000 1658827570.004936
1567 conceptual-cosmo 621 41943040 0 0 212118038.013882 1657523289.180200
1568  622 0 0 0 0.000000 1658819701.719431
1569  623 0 0 0 0.000000 1658827568.585778
1570 conceptual-cosmo 624 41943040 0 0 214076297.379292 1655032675.459884
1571  625 0 0 0 0.000000 1657897430.707799
1572  626 0 0 0 0.000000 1657897429.288641
1573  627 0 0 0 0.000000 1657897430.983248
1574  628 0 0 0 0.000000 1658822946.851137
1575  629 0 0 0 0.000000 1658825583.254556
1623 conceptual-cosmo 630 41943040 0 0 335854868.030332 1658825583.254556
1624 conceptual-cosmo 631 41943040 0 0 314068090.963047 1657710134.314807
1625  632 0 0 0 0.000000 1657710134.564792
1626  633 0 0 0 0.000000 1657896975.918247
1627  634 0 0 0 0.000000 1657523287.761042
1628  635 0 0 0 0.000000 1658827568.585778
1629  636 0 0 0 0.000000 1658827570.033120
1630 conceptual-cosmo 637 41943040 0 0 314702807.556032 1658827570.004936
1631  638 0 0 0 0.000000 1657523289.180200
1632  639 0 0 0 0.000000 1658819701.719431
1633  640 0 0 0 0.000000 1658827568.585778
1634 conceptual-cosmo 641 41943040 0 0 318056907.401373 1655032675.459884
1635  642 0 0 0 0.000000 1657897430.707799
1636  643 0 0 0 0.000000 1657897429.288641
1637  644 0 0 0 0.000000 1657897430.983248
1638  645 0 0 0 0.000000 1658822946.851137
1639 conceptual-cosmo 646 41943040 0 0 93504379.389374 1658825583.254556
1640 conceptual-cosmo 647 41943040 0 0 196613922.480062 1657710134.314807
1641  648 0 0 0 0.000000 1657710134.564792
1642  649 0 0 0 0.000000 1657896975.918247
1643  650 0 0 0 0.000000 1657523287.761042
1644  651 0 0 0 0.000000 1658827568.585778
1645 conceptual-cosmo 652 41943040 0 0 197343317.893860 1658827570.033120
1646  653 0 0 0 0.000000 1658827570.004936
1647  654 0 0 0 0.000000 1657523289.180200
1648  655 0 0 0 0.000000 1658819701.719431
1649 conceptual-cosmo 656 41943040 0 0 174569829.533140 1658827568.585778
1650  657 0 0 0 0.000000 1655032675.459884
1651  658 0 0 0 0.000000 1657897430.707799
1652  659 0 0 0 0.000000 1657897429.288641
1700 conceptual-cosmo 660 41943040 0 0 145417212.076368 1657897429.288641
1701 conceptual-cosmo 661 41943040 0 0 259864544.348483 1657897430.983248
1702  662 0 0 0 0.000000 1658822946.851137
1703  663 0 0 0 0.000000 1658825583.254556
1704 conceptual-cosmo 664 41943040 0 0 223658508.391210 1657710134.314807
1705  665 0 0 0 0.000000 1657710134.564792
1706 conceptual-cosmo 666 41943040 0 0 257070259.315232 1657896975.918247
1707  667 0 0 0 0.000000 1657523287.761042
1708  668 0 0 0 0.000000 1658827568.585778
1709  669 0 0 0 0.000000 1658827570.033120
1710 conceptual-cosmo 670 41943040 0 0 109832020.664595 1658827570.004936
1711  671 0 0 0 0.000000 1657523289.180200
1712 conceptual-cosmo 672 41943040 0 0 253294531.050331 1658819701.719431
1713 conceptual-cosmo 673 41943040 0 0 271656490.314804 1658827568.585778
1714  674 0 0 0 0.000000 1655032675.459884
1715 conceptual-cosmo 675 41943040 0 0 278029718.825223 1657897430.707799
1716  676 0 0 0 0.000000 1657897429.288641
1717  677 0 0 0 0.000000 1657897430.983248
1718  678 0 0 0 0.000000 1658822946.851137
1719  679 0 0 0 0.000000 1658825583.254556
1720  680 0 0 0 0.000000 1657710134.314807
1721 conceptual-cosmo 681 41943040 0 0 308301425.944328 1657710134.564792
1722 conceptual-cosmo 682 41943040 0 0 307426305.894069 1657896975.918247
1723  683 0 0 0 0.000000 1657523287.761042
1724 conceptual-cosmo 684 41943040 0 0 292544427.166654 1658827568.585778
1725  685 0 0 0 0.000000 1658827570.033120
1726  686 0 0 0 0.000000 1658827570.004936
1727  687 0 0 0 0.000000 1657523289.180200
1728  688 0 0 0 0.000000 1658819701.719431
1729 conceptual-cosmo 689 41943040 0 0 164326967.147816 1658827568.585778
1777 conceptual-cosmo 690 41943040 0 0 259293305.688401 1658827568.585778
1778 conceptual-cosmo 691 41943040 0 0 300812263.802239 1655032675.459884
1779  692 0 0 0 0.000000 1657897430.707799
1780  693 0 0 0 0.000000 1657897429.288641
1781  694 0 0 0 0.000000 1657897430.983248
1782  695 0 0 0 0.000000 1658822946.851137
1783  696 0 0 0 0.000000 1658825583.254556
1784 conceptual-cosmo 697 41943040 0 0 277034762.471146 1657710134.314807
1785 conceptual-cosmo 698 41943040 0 0 246423729.979295 1657710134.564792
1786  699 0 0 0 0.000000 1657896975.918247
1787 conceptual-cosmo 700 41943040 0 0 269985994.578094 1657523287.761042
1788  701 0 0 0 0.000000 1658827568.585778
1789  702 0 0 0 0.000000 1658827570.033120
1790 conceptual-cosmo 703 41943040 0 0 243801428.531769 1658827570.004936
1791  704 0 0 0 0.000000 1657523289.180200
1792  705 0 0 0 0.000000 1658819701.719431
1793  706 0 0 0 0.000000 1658827568.585778
1794  707 0 0 0 0.000000 1655032675.459884
1795  708 0 0 0 0.000000 1657897430.707799
1796 conceptual-cosmo 709 41943040 0 0 346981691.542764 1657897429.288641
1797  710 0 0 0 0.000000 1657897430.983248
1798 conceptual-cosmo 711 41943040 0 0 248616477.427653 1658822946.851137
1799  712 0 0 0 0.000000 1658825583.254556
1800 conceptual-cosmo 713 41943040 0 0 344962506.893700 1657710134.314807
1801 conceptual-cosmo 714 41943040 0 0 357064238.604669 1657710134.564792
1802 conceptual-cosmo 715 41943040 0 0 350258976.232192 1657896975.918247
1803  716 0 0 0 0.000000 1657523287.761042
1804  717 0 0 0 0.000000 1658827568.585778
1805  718 0 0 0 0.000000 1658827570.033120
1806 conceptual-cosmo 719 41943040 0 0 259279609.080562 1658827570.004936
1854 conceptual-cosmo 720 41943040 0 0 325082239.119971 1658827570.004936
1855 conceptual-cosmo 721 41943040 0 0 326343475.346390 1657523289.180200
1856 conceptual-cosmo 722 41943040 0 0 289871942.804814 1658819701.719431
1857 conceptual-cosmo 723 41943040 0 0 257881749.927121 1658827568.585778
1858 conceptual-cosmo 724 41943040 0 0 284517369.702452 1655032675.459884
1859  725 0 0 0 0.000000 1657897430.707799
1860 conceptual-cosmo 726 41943040 0 0 115004755.248272 1657897429.288641
1861  727 0 0 0 0.000000 1657897430.983248
1862  728 0 0 0 0.000000 1658822946.851137
1863  729 0 0 0 0.000000 1658825583.254556
1864  730 0 0 0 0.000000 1657710134.314807
1865  731 0 0 0 0.000000 1657710134.564792
1866  732 0 0 0 0.000000 1657896975.918247
1867  733 0 0 0 0.000000 1657523287.761042
1868  734 0 0 0 0.000000 1658827568.585778
1869  735 0 0 0 0.000000 1658827570.033120
1870 conceptual-cosmo 736 41943040 0 0 441685489.364390 1658827570.004936
1871 conceptual-cosmo 737 41943040 0 0 398811786.683146 1657523289.180200
1872 conceptual-cosmo 738 41943040 0 0 468247087.313325 1658819701.719431
1873  739 0 0 0 0.000000 1658827568.585778
1874  740 0 0 0 0.000000 1655032675.459884
1875  741 0 0 0 0.000000 1657897430.707799
1876  742 0 0 0 0.000000 1657897429.288641
1877 conceptual-cosmo 743 41943040 0 0 420192555.585715 1657897430.983248
1878 conceptual-cosmo 744 41943040 0 0 423694827.989465 1658822946.851137
1879  745 0 0 0 0.000000 1658825583.254556
1880  746 0 0 0 0.000000 1657710134.314807
1881 conceptual-cosmo 747 41943040 0 0 387418997.589083 1657710134.564792
1882 conceptual-cosmo 748 41943040 0 0 242706540.636895 1657896975.918247
1883  749 0 0 0 0.000000 1657523287.761042
1931  750 0 0 0 0.000000 1657523287.761042
1932 conceptual-cosmo 751 41943040 0 0 232314547.559858 1658827568.585778
1933  752 0 0 0 0.000000 1658827570.033120
1934  753 0 0 0 0.000000 1658827570.004936
1935  754 0 0 0 0.000000 1657523289.180200
1936  755 0 0 0 0.000000 1658819701.719431
1937 conceptual-cosmo 756 41943040 0 0 344086188.515788 1658827568.585778
1938  757 0 0 0 0.000000 1655032675.459884
1939 conceptual-cosmo 758 41943040 0 0 283767502.359012 1657897430.707799
1940 conceptual-cosmo 759 41943040 0 0 347444780.929869 1657897429.288641
1941 conceptual-cosmo 760 41943040 0 0 329902561.482258 1657897430.983248
1942 conceptual-cosmo 761 41943040 0 0 336037444.656495 1658822946.851137
1943  762 0 0 0 0.000000 1658825583.254556
1944  763 0 0 0 0.000000 1657710134.314807
1945  764 0 0 0 0.000000 1657710134.564792
1946  765 0 0 0 0.000000 1657896975.918247
1947  766 0 0 0 0.000000 1657523287.761042
1948  767 0 0 0 0.000000 1658827568.585778
1949  768 0 0 0 0.000000 1658827570.033120
1950 conceptual-cosmo 769 41943040 0 0 40334171.251229 1658827570.004936
1951  770 0 0 0 0.000000 1657523289.180200
1952 conceptual-cosmo 771 41943040 0 0 42919190.177522 1658819701.719431
1953  772 0 0 0 0.000000 1658827568.585778
1954  773 0 0 0 0.000000 1655032675.459884
1955  774 0 0 0 0.000000 1657897430.707799
1956  775 0 0 0 0.000000 1657897429.288641
1957  776 0 0 0 0.000000 1657897430.983248
1958  777 0 0 0 0.000000 1658822946.851137
1959  778 0 0 0 0.000000 1658825583.254556
1960  779 0 0 0 0.000000 1657710134.314807
2008  780 0 0 0 0.000000 1657710134.314807
2009  781 0 0 0 0.000000 1657710134.564792
2010  782 0 0 0 0.000000 1657896975.918247
2011  783 0 0 0 0.000000 1657523287.761042
2012  784 0 0 0 0.000000 1658827568.585778
2013 conceptual-cosmo 785 41943040 0 0 398274113.910465 1658827570.033120
2014  786 0 0 0 0.000000 1658827570.004936
2015  787 0 0 0 0.000000 1657523289.180200
2016 conceptual-cosmo 788 41943040 0 0 522738534.034189 1658819701.719431
2017 conceptual-cosmo 789 41943040 0 0 435370506.533756 1658827568.585778
2018 conceptual-cosmo 790 41943040 0 0 449617487.492178 1655032675.459884
2019  791 0 0 0 0.000000 1657897430.707799
2020 conceptual-cosmo 792 41943040 0 0 456210204.958734 1657897429.288641
2021 conceptual-cosmo 793 41943040 0 0 328074428.462362 1657897430.983248
2022 conceptual-cosmo 794 41943040 0 0 447008478.096425 1658822946.851137
2023  795 0 0 0 0.000000 1658825583.254556
2024 conceptual-cosmo 796 41943040 0 0 424300375.799889 1657710134.314807
2025  797 0 0 0 0.000000 1657710134.564792
2026  798 0 0 0 0.000000 1657896975.918247
2027 conceptual-cosmo 799 41943040 0 0 431244893.196451 1657523287.761042
2028 conceptual-cosmo 800 41943040 0 0 402046204.440101 1658827568.585778
2029  801 0 0 0 0.000000 1658827570.033120
2030 conceptual-cosmo 802 41943040 0 0 466933323.992596 1658827570.004936
2031  803 0 0 0 0.000000 1657523289.180200
2032 conceptual-cosmo 804 41943040 0 0 443879813.860812 1658819701.719431
2033 conceptual-cosmo 805 41943040 0 0 423448979.468064 1658827568.585778
2034  806 0 0 0 0.000000 1655032675.459884
2035 conceptual-cosmo 807 41943040 0 0 407183151.125959 1657897430.707799
2036 conceptual-cosmo 808 41943040 0 0 340399329.830227 1657897429.288641
2037  809 0 0 0 0.000000 1657897430.983248
2085  810 0 0 0 0.000000 1657897430.983248
2086  811 0 0 0 0.000000 1658822946.851137
2087 conceptual-cosmo 812 41943040 0 0 203129403.015630 1658825583.254556
2088  813 0 0 0 0.000000 1657710134.314807
2089  814 0 0 0 0.000000 1657710134.564792
2090  815 0 0 0 0.000000 1657896975.918247
2091  816 0 0 0 0.000000 1657523287.761042
2092 conceptual-cosmo 817 41943040 0 0 137986191.142973 1658827568.585778
2093  818 0 0 0 0.000000 1658827570.033120
2094  819 0 0 0 0.000000 1658827570.004936
2095 conceptual-cosmo 820 41943040 0 0 208158164.765213 1657523289.180200
2096  821 0 0 0 0.000000 1658819701.719431
2097  822 0 0 0 0.000000 1658827568.585778
2098 conceptual-cosmo 823 41943040 0 0 230618821.778586 1655032675.459884
2099  824 0 0 0 0.000000 1657897430.707799
2100  825 0 0 0 0.000000 1657897429.288641
2101  826 0 0 0 0.000000 1657897430.983248
2102  827 0 0 0 0.000000 1658822946.851137
2103  828 0 0 0 0.000000 1658825583.254556
2104  829 0 0 0 0.000000 1657710134.314807
2105  830 0 0 0 0.000000 1657710134.564792
2106 conceptual-cosmo 831 41943040 0 0 165310384.929395 1657896975.918247
2107  832 0 0 0 0.000000 1657523287.761042
2108  833 0 0 0 0.000000 1658827568.585778
2109  834 0 0 0 0.000000 1658827570.033120
2110 conceptual-cosmo 835 41943040 0 0 175139677.769244 1658827570.004936
2111 conceptual-cosmo 836 41943040 0 0 186294866.353359 1657523289.180200
2112  837 0 0 0 0.000000 1658819701.719431
2113  838 0 0 0 0.000000 1658827568.585778
2114 conceptual-cosmo 839 41943040 0 0 67274898.997132 1655032675.459884
2162 conceptual-cosmo 840 41943040 0 0 449181818.425295 1655032675.459884
2163 conceptual-cosmo 841 41943040 0 0 440983449.601624 1657897430.707799
2164 conceptual-cosmo 842 41943040 0 0 436375410.278340 1657897429.288641
2165  843 0 0 0 0.000000 1657897430.983248
2166  844 0 0 0 0.000000 1658822946.851137
2167  845 0 0 0 0.000000 1658825583.254556
2168  846 0 0 0 0.000000 1657710134.314807
2169  847 0 0 0 0.000000 1657710134.564792
2170  848 0 0 0 0.000000 1657896975.918247
2171 conceptual-cosmo 849 41943040 0 0 411465534.084286 1657523287.761042
2172  850 0 0 0 0.000000 1658827568.585778
2173  851 0 0 0 0.000000 1658827570.033120
2174 conceptual-cosmo 852 41943040 0 0 432462246.155991 1658827570.004936
2175  853 0 0 0 0.000000 1657523289.180200
2176 conceptual-cosmo 854 41943040 0 0 464888044.933024 1658819701.719431
2177 conceptual-cosmo 855 41943040 0 0 384058393.251495 1658827568.585778
2178  856 0 0 0 0.000000 1655032675.459884
2179 conceptual-cosmo 857 41943040 0 0 357003264.520394 1657897430.707799
2180  858 0 0 0 0.000000 1657897429.288641
2181  859 0 0 0 0.000000 1657897430.983248
2182 conceptual-cosmo 860 41943040 0 0 258588673.894495 1658822946.851137
2183  861 0 0 0 0.000000 1658825583.254556
2184  862 0 0 0 0.000000 1657710134.314807
2185  863 0 0 0 0.000000 1657710134.564792
2186 conceptual-cosmo 864 41943040 0 0 318520972.936980 1657896975.918247
2187  865 0 0 0 0.000000 1657523287.761042
2188 conceptual-cosmo 866 41943040 0 0 319967028.101011 1658827568.585778
2189 conceptual-cosmo 867 41943040 0 0 362771897.459921 1658827570.033120
2190  868 0 0 0 0.000000 1658827570.004936
2191  869 0 0 0 0.000000 1657523289.180200
2239  870 0 0 0 0.000000 1657523289.180200
2240  871 0 0 0 0.000000 1658819701.719431
2241 conceptual-cosmo 872 41943040 0 0 18835444.513084 1658827568.585778
2242  873 0 0 0 0.000000 1655032675.459884
2243  874 0 0 0 0.000000 1657897430.707799
2244  875 0 0 0 0.000000 1657897429.288641
2245  876 0 0 0 0.000000 1657897430.983248
2246  877 0 0 0 0.000000 1658822946.851137
2247  878 0 0 0 0.000000 1658825583.254556
2248  879 0 0 0 0.000000 1657710134.314807
2249  880 0 0 0 0.000000 1657710134.564792
2250  881 0 0 0 0.000000 1657896975.918247
2251  882 0 0 0 0.000000 1657523287.761042
2252  883 0 0 0 0.000000 1658827568.585778
2253  884 0 0 0 0.000000 1658827570.033120
2254  885 0 0 0 0.000000 1658827570.004936
2255  886 0 0 0 0.000000 1657523289.180200
2256  887 0 0 0 0.000000 1658819701.719431
2257  888 0 0 0 0.000000 1658827568.585778
2258  889 0 0 0 0.000000 1655032675.459884
2259  890 0 0 0 0.000000 1657897430.707799
2260  891 0 0 0 0.000000 1657897429.288641
2261 conceptual-cosmo 892 41943040 0 0 92524240.652093 1657897430.983248
2262  893 0 0 0 0.000000 1658822946.851137
2263 conceptual-cosmo 894 41943040 0 0 61880816.179587 1658825583.254556
2264  895 0 0 0 0.000000 1657710134.314807
2265  896 0 0 0 0.000000 1657710134.564792
2266  897 0 0 0 0.000000 1657896975.918247
2267  898 0 0 0 0.000000 1657523287.761042
2268 conceptual-cosmo 899 41943040 0 0 67839852.048901 1658827568.585778
2316  900 0 0 0 0.000000 1658827568.585778
2317  901 0 0 0 0.000000 1658827570.033120
2318  902 0 0 0 0.000000 1658827570.004936
2319  903 0 0 0 0.000000 1657523289.180200
2320  904 0 0 0 0.000000 1658819701.719431
2321  905 0 0 0 0.000000 1658827568.585778
2322  906 0 0 0 0.000000 1655032675.459884
2323  907 0 0 0 0.000000 1657897430.707799
2324  908 0 0 0 0.000000 1657897429.288641
2325  909 0 0 0 0.000000 1657897430.983248
2326  910 0 0 0 0.000000 1658822946.851137
2327  911 0 0 0 0.000000 1658825583.254556
2328  912 0 0 0 0.000000 1657710134.314807
2329  913 0 0 0 0.000000 1657710134.564792
2330  914 0 0 0 0.000000 1657896975.918247
2331  915 0 0 0 0.000000 1657523287.761042
2332  916 0 0 0 0.000000 1658827568.585778
2333  917 0 0 0 0.000000 1658827570.033120
2334  918 0 0 0 0.000000 1658827570.004936
2335  919 0 0 0 0.000000 1657523289.180200
2336  920 0 0 0 0.000000 1658819701.719431
2337  921 0 0 0 0.000000 1658827568.585778
2338  922 0 0 0 0.000000 1655032675.459884
2339  923 0 0 0 0.000000 1657897430.707799
2340  924 0 0 0 0.000000 1657897429.288641
2341  925 0 0 0 0.000000 1657897430.983248
2342  926 0 0 0 0.000000 1658822946.851137
2343  927 0 0 0 0.000000 1658825583.254556
2344  928 0 0 0 0.000000 1657710134.314807
2345  929 0 0 0 0.000000 1657710134.564792
2393  930 0 0 0 0.000000 1657710134.564792
2394  931 0 0 0 0.000000 1657896975.918247
2395  932 0 0 0 0.000000 1657523287.761042
2396  933 0 0 0 0.000000 1658827568.585778
2397  934 0 0 0 0.000000 1658827570.033120
2398  935 0 0 0 0.000000 1658827570.004936
2399  936 0 0 0 0.000000 1657523289.180200
2400  937 0 0 0 0.000000 1658819701.719431
2401  938 0 0 0 0.000000 1658827568.585778
2402  939 0 0 0 0.000000 1655032675.459884
2403  940 0 0 0 0.000000 1657897430.707799
2404  941 0 0 0 0.000000 1657897429.288641
2405  942 0 0 0 0.000000 1657897430.983248
2406  943 0 0 0 0.000000 1658822946.851137
2407  944 0 0 0 0.000000 1658825583.254556
2408  945 0 0 0 0.000000 1657710134.314807
2409  946 0 0 0 0.000000 1657710134.564792
2410  947 0 0 0 0.000000 1657896975.918247
2411  948 0 0 0 0.000000 1657523287.761042
2412  949 0 0 0 0.000000 1658827568.585778
2413  950 0 0 0 0.000000 1658827570.033120
2414  951 0 0 0 0.000000 1658827570.004936
2415  952 0 0 0 0.000000 1657523289.180200
2416  953 0 0 0 0.000000 1658819701.719431
2417  954 0 0 0 0.000000 1658827568.585778
2418  955 0 0 0 0.000000 1655032675.459884
2419  956 0 0 0 0.000000 1657897430.707799
2420  957 0 0 0 0.000000 1657897429.288641
2421  958 0 0 0 0.000000 1657897430.983248
2422  959 0 0 0 0.000000 1658822946.851137
2470  960 0 0 0 0.000000 1658822946.851137
2471  961 0 0 0 0.000000 1658825583.254556
2472  962 0 0 0 0.000000 1657710134.314807
2473  963 0 0 0 0.000000 1657710134.564792
2474  964 0 0 0 0.000000 1657896975.918247
2475  965 0 0 0 0.000000 1657523287.761042
2476  966 0 0 0 0.000000 1658827568.585778
2477  967 0 0 0 0.000000 1658827570.033120
2478  968 0 0 0 0.000000 1658827570.004936
2479  969 0 0 0 0.000000 1657523289.180200
2480  970 0 0 0 0.000000 1658819701.719431
2481  971 0 0 0 0.000000 1658827568.585778
2482  972 0 0 0 0.000000 1655032675.459884
2483  973 0 0 0 0.000000 1657897430.707799
2484  974 0 0 0 0.000000 1657897429.288641
2485  975 0 0 0 0.000000 1657897430.983248
2486  976 0 0 0 0.000000 1658822946.851137
2487  977 0 0 0 0.000000 1658825583.254556
2488  978 0 0 0 0.000000 1657710134.314807
2489  979 0 0 0 0.000000 1657710134.564792
2490  980 0 0 0 0.000000 1657896975.918247
2491  981 0 0 0 0.000000 1657523287.761042
2492  982 0 0 0 0.000000 1658827568.585778
2493  983 0 0 0 0.000000 1658827570.033120
2494  984 0 0 0 0.000000 1658827570.004936
2495  985 0 0 0 0.000000 1657523289.180200
2496  986 0 0 0 0.000000 1658819701.719431
2497  987 0 0 0 0.000000 1658827568.585778
2498  988 0 0 0 0.000000 1655032675.459884
2499  989 0 0 0 0.000000 1657897430.707799