# Format: <server id> <LP id> bytes <read> <written> time <written>
0 0 0 209715200 4905573094.293048 
1 1 0 335544320 7206261607.012501 
2 77 0 167772160 3994764481.320501 
3 78 0 83886080 869367687.774564 
4 154 0 209715200 3697324434.833815 
5 155 0 209715200 5877966017.654917 
6 231 0 167772160 2408036969.735480 
7 232 0 83886080 456641795.871281 
8 308 0 167772160 2505487878.708592 
9 309 0 167772160 1612398037.123500 
10 385 0 209715200 7080586115.683659 
11 386 0 167772160 3615276591.875971 
12 462 0 293601280 11723655237.323627 
13 463 0 251658240 5148635588.151484 
14 539 0 251658240 6863107843.436741 
15 540 0 251658240 5859184672.089282 
16 616 0 251658240 3374217917.118964 
17 617 0 293601280 9749426096.182791 
18 693 0 251658240 6417419065.876728 
19 694 0 293601280 8424339681.190939 
20 770 0 125829120 1417066836.173556 
21 771 0 209715200 4101925673.561158 
22 847 0 167772160 1497102061.291436 
23 848 0 83886080 292786480.197821 
24 924 0 251658240 8645748152.623251 
25 925 0 209715200 5517849673.484367 
26 1001 0 125829120 2068343356.036843 
27 1002 0 209715200 3936020456.482616 
28 1078 0 293601280 7312028675.665714 
29 1079 0 293601280 8358659661.588934 
30 1155 0 335544320 15827698604.050301 
31 1156 0 209715200 4740040008.642694 
32 1232 0 209715200 6052749449.926681 
33 1233 0 251658240 6925899162.660196 
34 1309 0 209715200 4280553209.648637 
35 1310 0 83886080 752972210.998248 
36 1386 0 251658240 9477189170.401999 
37 1387 0 125829120 1173396980.479161 
38 1463 0 209715200 2753378408.999764 
39 1464 0 167772160 1765352326.752378 
40 1540 0 209715200 3121068682.945750 
41 1541 0 167772160 2896849303.338870 
42 1617 0 167772160 4203405610.482952 
43 1618 0 167772160 2207824464.940307 
44 1694 0 293601280 5011283858.390535 
45 1695 0 209715200 4459621957.459711 
46 1771 0 251658240 5360925564.103707 
47 1772 0 251658240 6109392311.273160 
48 1848 0 251658240 5477289447.232183 
49 1849 0 293601280 9110728756.186796 
50 1925 0 251658240 6111470124.632408 
51 1926 0 83886080 292786465.634004 
52 2002 0 293601280 9858681429.148155 
53 2003 0 335544320 11006652143.410458 
54 2079 0 167772160 2604550597.024460 
55 2080 0 167772160 1922133876.975940 
56 2156 0 251658240 8758018631.489754 
57 2157 0 251658240 6864465098.540947 
58 2233 0 41943040 71198729.726930 
59 2234 0 125829120 727384669.694846 
60 2310 0 0 0.000000 
61 2311 0 0 0.000000 
62 2387 0 0 0.000000 
63 2388 0 0 0.000000 
64 2464 0 0 0.000000 
65 2465 0 0 0.000000 
