# Format <LP id> <Terminal ID> <Total Data Sent> <Total Data Received> <Avg packet latency> <Max packet Latency> <Min packet Latency> <# Packets finished> <Avg Hops> <Avg Busy Time (over rails)>
37 0 335958680 294021400 17464.286084 34591.306334 1441.053854 71880 3.959238 54341337.987105
38 1 335958680 294021400 15724.230179 159459.836503 1441.053854 71880 3.998609 48300346.256742
39 2 0 0 -nan 0.000000 2147483647.000000 0 -nan 0.000000
40 3 0 0 -nan 0.000000 2147483647.000000 0 -nan 0.000000
41 4 0 0 -nan 0.000000 2147483647.000000 0 -nan 0.000000
42 5 483542680 441605400 14122.283334 25010.176732 1441.053854 107915 3.612843 67200356.611616
43 6 0 0 -nan 0.000000 2147483647.000000 0 -nan 0.000000
44 7 0 0 -nan 0.000000 2147483647.000000 0 -nan 0.000000
45 8 0 0 -nan 0.000000 2147483647.000000 0 -nan 0.000000
46 9 335958680 294021400 15029.213147 159459.836503 1441.053854 71880 3.810518 45162884.815997
47 10 0 0 -nan 0.000000 2147483647.000000 0 -nan 0.000000
48 11 0 0 -nan 0.000000 2147483647.000000 0 -nan 0.000000
49 12 335958680 294021400 15564.669762 139353.480111 1441.053854 71880 3.465776 48926096.912064
50 13 0 0 -nan 0.000000 2147483647.000000 0 -nan 0.000000
51 14 0 0 -nan 0.000000 2147483647.000000 0 -nan 0.000000
52 15 0 0 -nan 0.000000 2147483647.000000 0 -nan 0.000000
53 16 335958680 294021400 13712.102830 139353.480111 1441.053854 71880 2.854619 52065031.231135
54 17 335958680 294021400 16792.597580 97699.460204 1441.053854 71880 3.935865 54238090.527414
55 18 0 0 -nan 0.000000 2147483647.000000 0 -nan 0.000000
56 19 0 0 -nan 0.000000 2147483647.000000 0 -nan 0.000000
57 20 335958680 294021400 14974.194659 139353.480111 1441.053854 71880 3.340289 47248307.827883
58 21 0 0 -nan 0.000000 2147483647.000000 0 -nan 0.000000
59 22 0 0 -nan 0.000000 2147483647.000000 0 -nan 0.000000
60 23 0 0 -nan 0.000000 2147483647.000000 0 -nan 0.000000
61 24 0 0 -nan 0.000000 2147483647.000000 0 -nan 0.000000
62 25 189527680 147590400 13529.707587 13558.783141 1441.053854 36085 2.998614 27236906.414786
63 26 189527680 147590400 13529.640725 13558.783141 1441.053854 36085 2.998614 27291715.074775
64 27 189527680 147590400 15080.771507 15112.001147 1441.053854 36085 3.997229 30161213.319935
65 28 335958680 294021400 14460.658710 34591.306334 591.738319 71880 2.869644 959098616.699390
66 29 335958680 294021400 16693.337669 721443.558974 591.738319 71880 3.476767 790100948.804773
67 30 51200 335549440 8682.816728 541391.538375 591.738319 82240 1.750000 349.192262
68 31 32000 209718400 9702.023152 21248.523678 1441.053854 51400 2.000000 174.873335
114 32 0 0 -nan 0.000000 2147483647.000000 0 -nan 0.000000
115 33 0 0 -nan 0.000000 2147483647.000000 0 -nan 0.000000
116 34 335958680 294021400 13960.413107 24851.653741 1441.053854 71880 3.665415 47465145.803571
117 35 335958680 294021400 12594.092997 18824.206352 1441.053854 71880 3.105454 48631302.592983
118 36 0 0 -nan 0.000000 2147483647.000000 0 -nan 0.000000
119 37 335958680 294021400 14994.594384 23298.435735 1441.053854 71880 3.986644 51651403.801342
120 38 0 0 -nan 0.000000 2147483647.000000 0 -nan 0.000000
121 39 0 0 -nan 0.000000 2147483647.000000 0 -nan 0.000000
122 40 0 0 -nan 0.000000 2147483647.000000 0 -nan 0.000000
123 41 0 0 -nan 0.000000 2147483647.000000 0 -nan 0.000000
124 42 0 0 -nan 0.000000 2147483647.000000 0 -nan 0.000000
125 43 0 0 -nan 0.000000 2147483647.000000 0 -nan 0.000000
126 44 0 0 -nan 0.000000 2147483647.000000 0 -nan 0.000000
127 45 335958680 294021400 14936.867562 139353.480111 1441.053854 71880 3.477462 59912926.843539
128 46 0 0 -nan 0.000000 2147483647.000000 0 -nan 0.000000
129 47 0 0 -nan 0.000000 2147483647.000000 0 -nan 0.000000
130 48 0 0 -nan 0.000000 2147483647.000000 0 -nan 0.000000
131 49 0 0 -nan 0.000000 2147483647.000000 0 -nan 0.000000
132 50 0 0 -nan 0.000000 2147483647.000000 0 -nan 0.000000
133 51 0 0 -nan 0.000000 2147483647.000000 0 -nan 0.000000
134 52 0 0 -nan 0.000000 2147483647.000000 0 -nan 0.000000
135 53 0 0 -nan 0.000000 2147483647.000000 0 -nan 0.000000
136 54 0 0 -nan 0.000000 2147483647.000000 0 -nan 0.000000
137 55 189527680 147590400 15080.706572 15112.001147 1441.053854 36085 3.997229 25325397.168501
138 56 0 0 -nan 0.000000 2147483647.000000 0 -nan 0.000000
139 57 0 0 -nan 0.000000 2147483647.000000 0 -nan 0.000000
140 58 0 0 -nan 0.000000 2147483647.000000 0 -nan 0.000000
141 59 189527680 147590400 15080.706572 15112.001147 1441.053854 36085 3.997229 25315940.024938
142 60 0 0 -nan 0.000000 2147483647.000000 0 -nan 0.000000
143 61 0 0 -nan 0.000000 2147483647.000000 0 -nan 0.000000
144 62 12800 83887360 9154.903344 9489.183695 1441.053854 20560 2.000000 0.000000
145 63 25600 167774720 10120.502593 15308.501637 1441.053854 41120 2.000000 160.988395
191 64 189527680 147590400 15080.706582 15112.001147 1441.053854 36085 3.997229 25531488.876756
192 65 0 0 -nan 0.000000 2147483647.000000 0 -nan 0.000000
193 66 0 0 -nan 0.000000 2147483647.000000 0 -nan 0.000000
194 67 0 0 -nan 0.000000 2147483647.000000 0 -nan 0.000000
195 68 0 0 -nan 0.000000 2147483647.000000 0 -nan 0.000000
196 69 483542680 441605400 15431.255465 139353.480111 1441.053854 107915 3.581661 75048977.743624
197 70 335958680 294021400 17166.260376 1052228.535614 1441.053854 71880 3.869226 67868645.155336
198 71 0 0 -nan 0.000000 2147483647.000000 0 -nan 0.000000
199 72 335958680 294021400 16891.689183 340950.570081 1441.053854 71880 3.747913 53588367.351120
200 73 0 0 -nan 0.000000 2147483647.000000 0 -nan 0.000000
201 74 0 0 -nan 0.000000 2147483647.000000 0 -nan 0.000000
202 75 0 0 -nan 0.000000 2147483647.000000 0 -nan 0.000000
203 76 0 0 -nan 0.000000 2147483647.000000 0 -nan 0.000000
204 77 0 0 -nan 0.000000 2147483647.000000 0 -nan 0.000000
205 78 335958680 294021400 16658.840574 1315225.573035 1441.053854 71880 3.685031 58943604.596260
206 79 0 0 -nan 0.000000 2147483647.000000 0 -nan 0.000000
207 80 335958680 294021400 13558.673541 111743.757153 908.387995 71880 3.434335 53775626.466342
208 81 335958680 294021400 14570.883103 121920.274863 908.387995 71880 3.649555 68071103.804523
209 82 0 0 -nan 0.000000 2147483647.000000 0 -nan 0.000000
210 83 335958680 294021400 15705.812327 66437.732673 1441.053854 71880 3.367696 61377856.898536
211 84 0 0 -nan 0.000000 2147483647.000000 0 -nan 0.000000
212 85 0 0 -nan 0.000000 2147483647.000000 0 -nan 0.000000
213 86 0 0 -nan 0.000000 2147483647.000000 0 -nan 0.000000
214 87 0 0 -nan 0.000000 2147483647.000000 0 -nan 0.000000
215 88 0 0 -nan 0.000000 2147483647.000000 0 -nan 0.000000
216 89 0 0 -nan 0.000000 2147483647.000000 0 -nan 0.000000
217 90 0 0 -nan 0.000000 2147483647.000000 0 -nan 0.000000
218 91 483542680 441605400 14193.522620 54327.322824 1441.053854 107915 3.665107 66267500.756333
219 92 335958680 294021400 13382.936580 15112.001147 591.738319 71880 3.496522 864369127.366247
220 93 0 0 -nan 0.000000 2147483647.000000 0 -nan 0.000000
221 94 32000 209718400 10703.715032 303527.992647 591.738319 51400 1.800000 161.001325
222 95 32000 209718400 9782.051704 21248.523678 1441.053854 51400 2.000000 173.677903
268 96 0 0 -nan 0.000000 2147483647.000000 0 -nan 0.000000
269 97 0 0 -nan 0.000000 2147483647.000000 0 -nan 0.000000
270 98 335958680 294021400 15380.749368 23822.648623 1441.053854 71880 3.884669 49036367.079252
271 99 335958680 294021400 17225.354427 30190.015826 1441.053854 71880 3.485253 56276290.149401
272 100 0 0 -nan 0.000000 2147483647.000000 0 -nan 0.000000
273 101 335958680 294021400 15001.930303 24851.653739 1441.053854 71880 3.978854 65992318.269317
274 102 0 0 -nan 0.000000 2147483647.000000 0 -nan 0.000000
275 103 0 0 -nan 0.000000 2147483647.000000 0 -nan 0.000000
276 104 0 0 -nan 0.000000 2147483647.000000 0 -nan 0.000000
277 105 0 0 -nan 0.000000 2147483647.000000 0 -nan 0.000000
278 106 0 0 -nan 0.000000 2147483647.000000 0 -nan 0.000000
279 107 0 0 -nan 0.000000 2147483647.000000 0 -nan 0.000000
280 108 483542680 441605400 14974.280212 111743.757153 1441.053854 107915 3.852847 66633731.084300
281 109 0 0 -nan 0.000000 2147483647.000000 0 -nan 0.000000
282 110 0 0 -nan 0.000000 2147483647.000000 0 -nan 0.000000
283 111 0 0 -nan 0.000000 2147483647.000000 0 -nan 0.000000
284 112 0 0 -nan 0.000000 2147483647.000000 0 -nan 0.000000
285 113 0 0 -nan 0.000000 2147483647.000000 0 -nan 0.000000
286 114 0 0 -nan 0.000000 2147483647.000000 0 -nan 0.000000
287 115 0 0 -nan 0.000000 2147483647.000000 0 -nan 0.000000
288 116 335958680 294021400 16082.545182 159459.836503 1441.053854 71880 3.990679 45252178.598170
289 117 0 0 -nan 0.000000 2147483647.000000 0 -nan 0.000000
290 118 0 0 -nan 0.000000 2147483647.000000 0 -nan 0.000000
291 119 0 0 -nan 0.000000 2147483647.000000 0 -nan 0.000000
292 120 0 0 -nan 0.000000 2147483647.000000 0 -nan 0.000000
293 121 335958680 294021400 16824.205741 25764.426165 1441.053854 71880 3.982888 54864127.810599
294 122 0 0 -nan 0.000000 2147483647.000000 0 -nan 0.000000
295 123 0 0 -nan 0.000000 2147483647.000000 0 -nan 0.000000
296 124 0 0 -nan 0.000000 2147483647.000000 0 -nan 0.000000
297 125 0 0 -nan 0.000000 2147483647.000000 0 -nan 0.000000
298 126 12800 83887360 9144.568914 9488.043763 1441.053854 20560 2.000000 0.000000
299 127 25600 167774720 9430.063827 15161.880861 1441.053854 41120 2.000000 161.769924
345 128 0 0 -nan 0.000000 2147483647.000000 0 -nan 0.000000
346 129 0 0 -nan 0.000000 2147483647.000000 0 -nan 0.000000
347 130 0 0 -nan 0.000000 2147483647.000000 0 -nan 0.000000
348 131 0 0 -nan 0.000000 2147483647.000000 0 -nan 0.000000
349 132 0 0 -nan 0.000000 2147483647.000000 0 -nan 0.000000
350 133 0 0 -nan 0.000000 2147483647.000000 0 -nan 0.000000
351 134 0 0 -nan 0.000000 2147483647.000000 0 -nan 0.000000
352 135 335958680 294021400 15309.604661 65036.043819 1441.053854 71880 3.857123 50259916.638709
353 136 483542680 441605400 15955.494791 232846.704214 1441.053854 107915 3.758792 80496873.219118
354 137 335958680 294021400 14613.690934 26729.084636 1441.053854 71880 3.481497 50697487.319268
355 138 0 0 -nan 0.000000 2147483647.000000 0 -nan 0.000000
356 139 0 0 -nan 0.000000 2147483647.000000 0 -nan 0.000000
357 140 483542680 441605400 14759.941435 15112.001147 1441.053854 107915 3.821619 72025041.135647
358 141 0 0 -nan 0.000000 2147483647.000000 0 -nan 0.000000
359 142 0 0 -nan 0.000000 2147483647.000000 0 -nan 0.000000
360 143 0 0 -nan 0.000000 2147483647.000000 0 -nan 0.000000
361 144 0 0 -nan 0.000000 2147483647.000000 0 -nan 0.000000
362 145 335958680 294021400 16904.301390 159459.836503 1441.053854 71880 3.810518 46089760.412657
363 146 0 0 -nan 0.000000 2147483647.000000 0 -nan 0.000000
364 147 0 0 -nan 0.000000 2147483647.000000 0 -nan 0.000000
365 148 0 0 -nan 0.000000 2147483647.000000 0 -nan 0.000000
366 149 0 0 -nan 0.000000 2147483647.000000 0 -nan 0.000000
367 150 335958680 294021400 15025.988461 56416.252597 1441.053854 71880 3.685170 52681066.792989
368 151 0 0 -nan 0.000000 2147483647.000000 0 -nan 0.000000
369 152 189527680 147590400 15446.304770 18807.815906 1441.053854 36085 3.997229 25995912.177518
370 153 0 0 -nan 0.000000 2147483647.000000 0 -nan 0.000000
371 154 0 0 -nan 0.000000 2147483647.000000 0 -nan 0.000000
372 155 0 0 -nan 0.000000 2147483647.000000 0 -nan 0.000000
373 156 189527680 147590400 15079.519829 15112.001147 591.738319 36085 3.995843 20591648.129503
374 157 0 0 -nan 0.000000 2147483647.000000 0 -nan 0.000000
375 158 25600 167774720 7820.141131 238943.538096 591.738319 41120 1.750000 0.000000
376 159 25600 167774720 9419.956565 15301.707782 1441.053854 41120 2.000000 160.976037
422 160 335958680 294021400 16219.863548 139353.480111 1441.053854 71880 3.998609 45503813.588599
423 161 0 0 -nan 0.000000 2147483647.000000 0 -nan 0.000000
424 162 0 0 -nan 0.000000 2147483647.000000 0 -nan 0.000000
425 163 0 0 -nan 0.000000 2147483647.000000 0 -nan 0.000000
426 164 335958680 294021400 12818.350811 1298329.800740 845.058060 71880 2.365053 50832755.478007
427 165 0 0 -nan 0.000000 2147483647.000000 0 -nan 0.000000
428 166 0 0 -nan 0.000000 2147483647.000000 0 -nan 0.000000
429 167 335958680 294021400 8327.748693 44234.471676 845.058060 71880 2.494435 29089519.621500
430 168 0 0 -nan 0.000000 2147483647.000000 0 -nan 0.000000
431 169 0 0 -nan 0.000000 2147483647.000000 0 -nan 0.000000
432 170 0 0 -nan 0.000000 2147483647.000000 0 -nan 0.000000
433 171 0 0 -nan 0.000000 2147483647.000000 0 -nan 0.000000
434 172 335958680 294021400 18699.149055 2939544.147022 1441.053854 71880 3.873261 56829402.641406
435 173 335958680 294021400 19188.338651 152432.442166 1441.053854 71880 3.974819 55184463.211833
436 174 0 0 -nan 0.000000 2147483647.000000 0 -nan 0.000000
437 175 0 0 -nan 0.000000 2147483647.000000 0 -nan 0.000000
438 176 0 0 -nan 0.000000 2147483647.000000 0 -nan 0.000000
439 177 0 0 -nan 0.000000 2147483647.000000 0 -nan 0.000000
440 178 335958680 294021400 19926.887898 744467.892268 1441.053854 71880 3.998609 67799833.079060
441 179 0 0 -nan 0.000000 2147483647.000000 0 -nan 0.000000
442 180 335958680 294021400 15449.489302 131123.504542 1441.053854 71880 3.230801 64582801.071792
443 181 0 0 -nan 0.000000 2147483647.000000 0 -nan 0.000000
444 182 0 0 -nan 0.000000 2147483647.000000 0 -nan 0.000000
445 183 0 0 -nan 0.000000 2147483647.000000 0 -nan 0.000000
446 184 335958680 294021400 12554.647870 15112.001147 1441.053854 71880 3.238453 52134987.094558
447 185 335958680 294021400 17206.077450 1120369.315417 1441.053854 71880 3.493183 74355962.178550
448 186 0 0 -nan 0.000000 2147483647.000000 0 -nan 0.000000
449 187 0 0 -nan 0.000000 2147483647.000000 0 -nan 0.000000
450 188 0 0 -nan 0.000000 2147483647.000000 0 -nan 0.000000
451 189 0 0 -nan 0.000000 2147483647.000000 0 -nan 0.000000
452 190 25600 167774720 10768.354301 19190.566000 1441.053854 41120 2.000000 161.290855
453 191 32000 209718400 11047.097151 15340.697028 1441.053854 51400 2.000000 174.351445
499 192 483542680 441605400 15427.101615 27455.693639 1441.053854 107915 3.581661 79510347.640316
500 193 335958680 294021400 16206.870882 56868.009047 1441.053854 71880 3.450056 51971094.603294
501 194 189527680 147590400 15080.772201 15112.001147 1441.053854 36085 3.997229 31181243.472539
502 195 335958680 294021400 17035.005868 1109852.225157 1441.053854 71880 3.653728 56525459.381381
503 196 0 0 -nan 0.000000 2147483647.000000 0 -nan 0.000000
504 197 0 0 -nan 0.000000 2147483647.000000 0 -nan 0.000000
505 198 335958680 294021400 15093.600315 292245.527428 1441.053854 71880 3.199360 55622597.162976
506 199 483542680 441605400 16058.235787 139353.480111 1441.053854 107915 3.941528 69476751.393931
507 200 0 0 -nan 0.000000 2147483647.000000 0 -nan 0.000000
508 201 0 0 -nan 0.000000 2147483647.000000 0 -nan 0.000000
509 202 0 0 -nan 0.000000 2147483647.000000 0 -nan 0.000000
510 203 0 0 -nan 0.000000 2147483647.000000 0 -nan 0.000000
511 204 0 0 -nan 0.000000 2147483647.000000 0 -nan 0.000000
512 205 335958680 294021400 16448.455713 1492630.197313 1441.053854 71880 3.497218 53777355.018215
513 206 0 0 -nan 0.000000 2147483647.000000 0 -nan 0.000000
514 207 0 0 -nan 0.000000 2147483647.000000 0 -nan 0.000000
515 208 0 0 -nan 0.000000 2147483647.000000 0 -nan 0.000000
516 209 0 0 -nan 0.000000 2147483647.000000 0 -nan 0.000000
517 210 335958680 294021400 19881.554140 922137.469150 1441.053854 71880 3.747635 53347370.158742
518 211 0 0 -nan 0.000000 2147483647.000000 0 -nan 0.000000
519 212 0 0 -nan 0.000000 2147483647.000000 0 -nan 0.000000
520 213 189527680 147590400 15847.837485 18807.815906 1441.053854 36085 3.997229 26528571.635729
521 214 0 0 -nan 0.000000 2147483647.000000 0 -nan 0.000000
522 215 335958680 294021400 14983.760826 133949.325651 1441.053854 71880 3.422510 51571183.907736
523 216 335958680 294021400 13197.311094 15112.001147 1441.053854 71880 3.105454 54727392.596160
524 217 0 0 -nan 0.000000 2147483647.000000 0 -nan 0.000000
525 218 0 0 -nan 0.000000 2147483647.000000 0 -nan 0.000000
526 219 0 0 -nan 0.000000 2147483647.000000 0 -nan 0.000000
527 220 335958680 294021400 13828.805132 24851.653741 591.738319 71880 3.621870 800407031.777184
528 221 335958680 294021400 20094.870030 724606.076992 591.738319 71880 3.997913 234998446.138519
529 222 38400 251662080 7541.793026 535473.935837 591.738319 61680 1.666667 160.764136
530 223 44800 293605760 11198.488864 26797.310270 1441.053854 71960 2.000000 923.239734
576 224 483542680 441605400 14066.427535 55517.724806 1441.053854 107915 3.547514 90248825.118739
577 225 0 0 -nan 0.000000 2147483647.000000 0 -nan 0.000000
578 226 189527680 147590400 11844.976072 11866.869441 1441.053854 36085 2.998614 28900694.275607
579 227 0 0 -nan 0.000000 2147483647.000000 0 -nan 0.000000
580 228 483542680 441605400 16326.991428 97713.694380 908.387995 107915 3.769263 89585384.073247
581 229 335958680 294021400 16647.433690 27455.693639 908.387995 71880 3.763216 67308568.150124
582 230 0 0 -nan 0.000000 2147483647.000000 0 -nan 0.000000
583 231 0 0 -nan 0.000000 2147483647.000000 0 -nan 0.000000
584 232 0 0 -nan 0.000000 2147483647.000000 0 -nan 0.000000
585 233 0 0 -nan 0.000000 2147483647.000000 0 -nan 0.000000
586 234 0 0 -nan 0.000000 2147483647.000000 0 -nan 0.000000
587 235 335958680 294021400 17746.607925 2655303.109440 1441.053854 71880 3.481497 54687570.843666
588 236 0 0 -nan 0.000000 2147483647.000000 0 -nan 0.000000
589 237 0 0 -nan 0.000000 2147483647.000000 0 -nan 0.000000
590 238 335958680 294021400 17896.061611 159459.836503 1441.053854 71880 3.677240 46105548.199016
591 239 0 0 -nan 0.000000 2147483647.000000 0 -nan 0.000000
592 240 335958680 294021400 17156.981750 1550879.303903 1441.053854 71880 3.732193 72335964.926256
593 241 189527680 147590400 15080.796101 15112.001147 1441.053854 36085 3.997229 28338211.036264
594 242 0 0 -nan 0.000000 2147483647.000000 0 -nan 0.000000
595 243 335958680 294021400 15478.853238 34591.306334 1441.053854 71880 3.998609 69407672.663247
596 244 0 0 -nan 0.000000 2147483647.000000 0 -nan 0.000000
597 245 0 0 -nan 0.000000 2147483647.000000 0 -nan 0.000000
598 246 335958680 294021400 17064.229264 99800.661187 1441.053854 71880 3.967168 56745541.000889
599 247 0 0 -nan 0.000000 2147483647.000000 0 -nan 0.000000
600 248 0 0 -nan 0.000000 2147483647.000000 0 -nan 0.000000
601 249 0 0 -nan 0.000000 2147483647.000000 0 -nan 0.000000
602 250 0 0 -nan 0.000000 2147483647.000000 0 -nan 0.000000
603 251 483542680 441605400 14235.837386 17030.518671 1441.053854 107915 3.662419 66635415.570416
604 252 335958680 294021400 17074.593923 1302940.332177 591.738319 71880 3.480801 855306227.709309
605 253 0 0 -nan 0.000000 2147483647.000000 0 -nan 0.000000
606 254 38400 251662080 9592.247683 308593.864582 591.738319 61680 1.833333 174.779635
607 255 38400 251662080 10904.622380 21043.632712 1441.053854 61680 2.000000 348.985015
653 256 0 0 -nan 0.000000 2147483647.000000 0 -nan 0.000000
654 257 335958680 294021400 20152.989770 724638.857882 1441.053854 71880 3.861297 89906739.570345
655 258 0 0 -nan 0.000000 2147483647.000000 0 -nan 0.000000
656 259 0 0 -nan 0.000000 2147483647.000000 0 -nan 0.000000
657 260 335958680 294021400 15623.568333 262053.225684 1441.053854 71880 3.990679 49265582.520071
658 261 189527680 147590400 11845.003474 11866.869441 1441.053854 36085 2.998614 32811730.209510
659 262 0 0 -nan 0.000000 2147483647.000000 0 -nan 0.000000
660 263 483542680 441605400 20223.279783 159459.836476 1441.053854 107915 3.951999 111324513.130448
661 264 0 0 -nan 0.000000 2147483647.000000 0 -nan 0.000000
662 265 0 0 -nan 0.000000 2147483647.000000 0 -nan 0.000000
663 266 335958680 294021400 19239.136015 91137.923068 1441.053854 71880 3.739983 73611286.271831
664 267 0 0 -nan 0.000000 2147483647.000000 0 -nan 0.000000
665 268 0 0 -nan 0.000000 2147483647.000000 0 -nan 0.000000
666 269 483542680 441605400 19116.262874 141356.180956 1441.053854 107915 3.487652 71317601.654337
667 270 0 0 -nan 0.000000 2147483647.000000 0 -nan 0.000000
668 271 335958680 294021400 13027.328479 111743.757153 1441.053854 71880 3.179744 48992432.119711
669 272 0 0 -nan 0.000000 2147483647.000000 0 -nan 0.000000
670 273 189527680 147590400 15080.706602 15112.001147 1441.053854 36085 3.997229 26612790.515884
671 274 0 0 -nan 0.000000 2147483647.000000 0 -nan 0.000000
672 275 335958680 294021400 13569.737707 206005.891176 1441.053854 71880 2.987896 61642062.189877
673 276 0 0 -nan 0.000000 2147483647.000000 0 -nan 0.000000
674 277 0 0 -nan 0.000000 2147483647.000000 0 -nan 0.000000
675 278 335958680 294021400 15325.116162 26729.084636 1441.053854 71880 3.716472 69649373.856046
676 279 335958680 294021400 19171.086053 47892.573595 1441.053854 71880 3.931831 71360361.073182
677 280 0 0 -nan 0.000000 2147483647.000000 0 -nan 0.000000
678 281 0 0 -nan 0.000000 2147483647.000000 0 -nan 0.000000
679 282 335958680 294021400 18300.580476 44330.958927 1441.053854 71880 3.833890 67371511.257731
680 283 0 0 -nan 0.000000 2147483647.000000 0 -nan 0.000000
681 284 335958680 294021400 20829.495779 733534.091868 591.738319 71880 3.664719 955668822.477982
682 285 0 0 -nan 0.000000 2147483647.000000 0 -nan 0.000000
683 286 44800 293605760 9439.894745 306220.990419 591.738319 71960 1.857143 348.432097
684 287 38400 251662080 10713.020634 242834.445946 1441.053854 61680 2.000000 348.267822
730 288 335958680 294021400 15277.978796 29635.520648 1441.053854 71880 3.747913 56593523.784178
731 289 335958680 294021400 16941.752015 38354.828685 1441.053854 71880 3.837785 69946545.527511
732 290 335958680 294021400 17316.592464 38354.828685 1441.053854 71880 3.998609 66346947.785496
733 291 483542680 441605400 16138.789522 131123.504542 1441.053854 107915 3.685864 87646612.806110
734 292 0 0 -nan 0.000000 2147483647.000000 0 -nan 0.000000
735 293 0 0 -nan 0.000000 2147483647.000000 0 -nan 0.000000
736 294 0 0 -nan 0.000000 2147483647.000000 0 -nan 0.000000
737 295 0 0 -nan 0.000000 2147483647.000000 0 -nan 0.000000
738 296 335958680 294021400 14890.404725 139353.480111 1441.053854 71880 3.865192 51401552.480204
739 297 0 0 -nan 0.000000 2147483647.000000 0 -nan 0.000000
740 298 0 0 -nan 0.000000 2147483647.000000 0 -nan 0.000000
741 299 0 0 -nan 0.000000 2147483647.000000 0 -nan 0.000000
742 300 0 0 -nan 0.000000 2147483647.000000 0 -nan 0.000000
743 301 335958680 294021400 12286.249002 124018.105396 1441.053854 71880 2.987896 42654395.674896
744 302 0 0 -nan 0.000000 2147483647.000000 0 -nan 0.000000
745 303 0 0 -nan 0.000000 2147483647.000000 0 -nan 0.000000
746 304 0 0 -nan 0.000000 2147483647.000000 0 -nan 0.000000
747 305 335958680 294021400 14957.244903 15112.001147 1441.053854 71880 3.982888 75838562.910073
748 306 189527680 147590400 18441.637539 26729.084636 1441.053854 36085 3.997229 40035652.143299
749 307 189527680 147590400 18429.958293 26729.084636 1441.053854 36085 3.997229 47762019.647187
750 308 0 0 -nan 0.000000 2147483647.000000 0 -nan 0.000000
751 309 0 0 -nan 0.000000 2147483647.000000 0 -nan 0.000000
752 310 335958680 294021400 12325.778977 24851.653741 1441.053854 71880 2.995826 43260217.580024
753 311 0 0 -nan 0.000000 2147483647.000000 0 -nan 0.000000
754 312 335958680 294021400 17782.503239 139353.480111 1441.053854 71880 3.712437 57828784.730646
755 313 0 0 -nan 0.000000 2147483647.000000 0 -nan 0.000000
756 314 335958680 294021400 17876.461737 26729.084636 1441.053854 71880 3.916110 63484957.016258
757 315 0 0 -nan 0.000000 2147483647.000000 0 -nan 0.000000
758 316 0 0 -nan 0.000000 2147483647.000000 0 -nan 0.000000
759 317 189527680 147590400 15079.519829 15112.001147 591.738319 36085 3.995843 20957202.147710
760 318 44800 293605760 9672.579502 308561.564988 591.738319 71960 1.857143 349.522667
761 319 38400 251662080 11112.464633 26831.745698 1441.053854 61680 2.000000 347.830097
807 320 0 0 -nan 0.000000 2147483647.000000 0 -nan 0.000000
808 321 0 0 -nan 0.000000 2147483647.000000 0 -nan 0.000000
809 322 335958680 294021400 14494.074977 24992.210795 1441.053854 71880 3.183779 46709677.398545
810 323 0 0 -nan 0.000000 2147483647.000000 0 -nan 0.000000
811 324 335958680 294021400 14962.597102 32650.175020 1441.053854 71880 3.426544 73736606.773290
812 325 0 0 -nan 0.000000 2147483647.000000 0 -nan 0.000000
813 326 0 0 -nan 0.000000 2147483647.000000 0 -nan 0.000000
814 327 0 0 -nan 0.000000 2147483647.000000 0 -nan 0.000000
815 328 0 0 -nan 0.000000 2147483647.000000 0 -nan 0.000000
816 329 0 0 -nan 0.000000 2147483647.000000 0 -nan 0.000000
817 330 0 0 -nan 0.000000 2147483647.000000 0 -nan 0.000000
818 331 335958680 294021400 13219.417521 17254.597900 1441.053854 71880 3.383278 47161169.790817
819 332 0 0 -nan 0.000000 2147483647.000000 0 -nan 0.000000
820 333 0 0 -nan 0.000000 2147483647.000000 0 -nan 0.000000
821 334 0 0 -nan 0.000000 2147483647.000000 0 -nan 0.000000
822 335 0 0 -nan 0.000000 2147483647.000000 0 -nan 0.000000
823 336 0 0 -nan 0.000000 2147483647.000000 0 -nan 0.000000
824 337 0 0 -nan 0.000000 2147483647.000000 0 -nan 0.000000
825 338 0 0 -nan 0.000000 2147483647.000000 0 -nan 0.000000
826 339 335958680 294021400 20076.824471 2939544.146807 1441.053854 71880 3.920006 74685215.408601
827 340 335958680 294021400 17359.803150 82961.809514 1441.053854 71880 3.794658 78352401.417647
828 341 0 0 -nan 0.000000 2147483647.000000 0 -nan 0.000000
829 342 335958680 294021400 17173.241164 197889.010264 1441.053854 71880 3.935865 74684681.481910
830 343 0 0 -nan 0.000000 2147483647.000000 0 -nan 0.000000
831 344 0 0 -nan 0.000000 2147483647.000000 0 -nan 0.000000
832 345 0 0 -nan 0.000000 2147483647.000000 0 -nan 0.000000
833 346 335958680 294021400 17729.810790 744666.819610 1441.053854 71880 3.810378 53597890.120354
834 347 0 0 -nan 0.000000 2147483647.000000 0 -nan 0.000000
835 348 335958680 294021400 15861.870662 1126330.800541 591.738319 71880 3.676544 726684497.106418
836 349 0 0 -nan 0.000000 2147483647.000000 0 -nan 0.000000
837 350 32000 209718400 9036.095389 302644.339130 591.738319 51400 1.800000 161.015453
838 351 19200 125831040 9158.882076 9589.886950 1441.053854 30840 2.000000 0.000000
884 352 0 0 -nan 0.000000 2147483647.000000 0 -nan 0.000000
885 353 0 0 -nan 0.000000 2147483647.000000 0 -nan 0.000000
886 354 0 0 -nan 0.000000 2147483647.000000 0 -nan 0.000000
887 355 0 0 -nan 0.000000 2147483647.000000 0 -nan 0.000000
888 356 0 0 -nan 0.000000 2147483647.000000 0 -nan 0.000000
889 357 0 0 -nan 0.000000 2147483647.000000 0 -nan 0.000000
890 358 0 0 -nan 0.000000 2147483647.000000 0 -nan 0.000000
891 359 0 0 -nan 0.000000 2147483647.000000 0 -nan 0.000000
892 360 0 0 -nan 0.000000 2147483647.000000 0 -nan 0.000000
893 361 335958680 294021400 15029.750381 93005.126411 1441.053854 71880 3.994574 47673978.034095
894 362 0 0 -nan 0.000000 2147483647.000000 0 -nan 0.000000
895 363 483542680 441605400 15971.313831 27473.014760 1441.053854 107915 3.915582 76694450.415685
896 364 335958680 294021400 16329.314025 631624.272117 1441.053854 71880 3.912076 63691610.675039
897 365 0 0 -nan 0.000000 2147483647.000000 0 -nan 0.000000
898 366 335958680 294021400 13585.052030 30045.665240 1441.053854 71880 3.465776 74895932.961672
899 367 0 0 -nan 0.000000 2147483647.000000 0 -nan 0.000000
900 368 0 0 -nan 0.000000 2147483647.000000 0 -nan 0.000000
901 369 0 0 -nan 0.000000 2147483647.000000 0 -nan 0.000000
902 370 0 0 -nan 0.000000 2147483647.000000 0 -nan 0.000000
903 371 335958680 294021400 13190.342671 17642.464930 1441.053854 71880 3.418614 48562331.275731
904 372 0 0 -nan 0.000000 2147483647.000000 0 -nan 0.000000
905 373 0 0 -nan 0.000000 2147483647.000000 0 -nan 0.000000
906 374 0 0 -nan 0.000000 2147483647.000000 0 -nan 0.000000
907 375 0 0 -nan 0.000000 2147483647.000000 0 -nan 0.000000
908 376 0 0 -nan 0.000000 2147483647.000000 0 -nan 0.000000
909 377 189527680 147590400 15080.706576 15112.001147 1441.053854 36085 3.997229 25315940.025366
910 378 0 0 -nan 0.000000 2147483647.000000 0 -nan 0.000000
911 379 0 0 -nan 0.000000 2147483647.000000 0 -nan 0.000000
912 380 0 0 -nan 0.000000 2147483647.000000 0 -nan 0.000000
913 381 0 0 -nan 0.000000 2147483647.000000 0 -nan 0.000000
914 382 12800 83887360 9144.597227 9488.637961 1441.053854 20560 2.000000 0.000000
915 383 25600 167774720 10227.412502 18870.492766 1441.053854 41120 2.000000 161.607727
961 384 0 0 -nan 0.000000 2147483647.000000 0 -nan 0.000000
962 385 0 0 -nan 0.000000 2147483647.000000 0 -nan 0.000000
963 386 335958680 294021400 13014.153667 17254.597900 1441.053854 71880 3.113244 45300936.366262
964 387 0 0 -nan 0.000000 2147483647.000000 0 -nan 0.000000
965 388 335958680 294021400 14576.092466 24851.653741 1441.053854 71880 3.426405 46273332.192380
966 389 0 0 -nan 0.000000 2147483647.000000 0 -nan 0.000000
967 390 0 0 -nan 0.000000 2147483647.000000 0 -nan 0.000000
968 391 335958680 294021400 14998.644642 24972.923829 1441.053854 71880 3.841820 52993412.915904
969 392 0 0 -nan 0.000000 2147483647.000000 0 -nan 0.000000
970 393 0 0 -nan 0.000000 2147483647.000000 0 -nan 0.000000
971 394 0 0 -nan 0.000000 2147483647.000000 0 -nan 0.000000
972 395 335958680 294021400 15656.153191 633637.491701 1441.053854 71880 3.857401 51033078.685131
973 396 189527680 147590400 15080.706538 15112.001147 1441.053854 36085 3.997229 26940564.703649
974 397 0 0 -nan 0.000000 2147483647.000000 0 -nan 0.000000
975 398 335958680 294021400 14738.685938 26502.868280 1441.053854 71880 3.716472 57003169.266507
976 399 0 0 -nan 0.000000 2147483647.000000 0 -nan 0.000000
977 400 0 0 -nan 0.000000 2147483647.000000 0 -nan 0.000000
978 401 335958680 294021400 16184.709548 27047.871195 1441.053854 71880 3.998609 56175553.533544
979 402 0 0 -nan 0.000000 2147483647.000000 0 -nan 0.000000
980 403 335958680 294021400 15434.869687 21605.102876 1441.053854 71880 3.974958 63472969.586599
981 404 335958680 294021400 13337.627533 24729.253534 1441.053854 71880 3.457846 46887712.995692
982 405 0 0 -nan 0.000000 2147483647.000000 0 -nan 0.000000
983 406 335958680 294021400 14519.695293 51449.333420 1441.053854 71880 3.136617 49165414.815222
984 407 0 0 -nan 0.000000 2147483647.000000 0 -nan 0.000000
985 408 0 0 -nan 0.000000 2147483647.000000 0 -nan 0.000000
986 409 0 0 -nan 0.000000 2147483647.000000 0 -nan 0.000000
987 410 0 0 -nan 0.000000 2147483647.000000 0 -nan 0.000000
988 411 0 0 -nan 0.000000 2147483647.000000 0 -nan 0.000000
989 412 0 0 -nan 0.000000 2147483647.000000 0 -nan 0.000000
990 413 335958680 294021400 15946.616536 53647.093121 591.738319 71880 3.888008 852968717.728559
991 414 32000 209718400 9145.035654 241199.753979 591.738319 51400 1.800000 160.561337
992 415 38400 251662080 10242.854429 21214.996065 1441.053854 61680 2.000000 348.885973
1038 416 335958680 294021400 15178.599914 18807.815906 1441.053854 71880 3.967168 47757656.071279
1039 417 0 0 -nan 0.000000 2147483647.000000 0 -nan 0.000000
1040 418 0 0 -nan 0.000000 2147483647.000000 0 -nan 0.000000
1041 419 335958680 294021400 16646.748129 24851.653741 1441.053854 71880 3.685170 57911168.594626
1042 420 0 0 -nan 0.000000 2147483647.000000 0 -nan 0.000000
1043 421 0 0 -nan 0.000000 2147483647.000000 0 -nan 0.000000
1044 422 0 0 -nan 0.000000 2147483647.000000 0 -nan 0.000000
1045 423 0 0 -nan 0.000000 2147483647.000000 0 -nan 0.000000
1046 424 0 0 -nan 0.000000 2147483647.000000 0 -nan 0.000000
1047 425 0 0 -nan 0.000000 2147483647.000000 0 -nan 0.000000
1048 426 0 0 -nan 0.000000 2147483647.000000 0 -nan 0.000000
1049 427 335958680 294021400 14922.224369 20547.039584 1441.053854 71880 3.951447 47533855.626979
1050 428 0 0 -nan 0.000000 2147483647.000000 0 -nan 0.000000
1051 429 0 0 -nan 0.000000 2147483647.000000 0 -nan 0.000000
1052 430 0 0 -nan 0.000000 2147483647.000000 0 -nan 0.000000
1053 431 0 0 -nan 0.000000 2147483647.000000 0 -nan 0.000000
1054 432 0 0 -nan 0.000000 2147483647.000000 0 -nan 0.000000
1055 433 0 0 -nan 0.000000 2147483647.000000 0 -nan 0.000000
1056 434 0 0 -nan 0.000000 2147483647.000000 0 -nan 0.000000
1057 435 189527680 147590400 15080.706651 15112.001147 1441.053854 36085 3.997229 25788794.689711
1058 436 335958680 294021400 14808.670211 15112.001147 1441.053854 71880 3.873261 46060312.345327
1059 437 0 0 -nan 0.000000 2147483647.000000 0 -nan 0.000000
1060 438 0 0 -nan 0.000000 2147483647.000000 0 -nan 0.000000
1061 439 335958680 294021400 17223.920687 1487067.726569 1441.053854 71880 3.352115 49838648.214046
1062 440 335958680 294021400 15903.306149 1487067.726569 1441.053854 71880 3.747913 48107337.621434
1063 441 0 0 -nan 0.000000 2147483647.000000 0 -nan 0.000000
1064 442 0 0 -nan 0.000000 2147483647.000000 0 -nan 0.000000
1065 443 0 0 -nan 0.000000 2147483647.000000 0 -nan 0.000000
1066 444 0 0 -nan 0.000000 2147483647.000000 0 -nan 0.000000
1067 445 335958680 294021400 15833.423929 724606.076992 591.738319 71880 3.942821 40741414.065641
1068 446 32000 209718400 8291.382938 302642.504283 591.738319 51400 1.800000 160.713961
1069 447 19200 125831040 9902.719349 15301.602660 1441.053854 30840 2.000000 0.000000
1115 448 335958680 294021400 16352.875167 159459.836503 1441.053854 71880 3.923901 50025844.174138
1116 449 0 0 -nan 0.000000 2147483647.000000 0 -nan 0.000000
1117 450 483542680 441605400 19244.978211 159459.836503 1441.053854 107915 3.813650 76367317.287908
1118 451 335958680 294021400 14756.594871 26729.084636 1441.053854 71880 3.826099 55802783.278128
1119 452 0 0 -nan 0.000000 2147483647.000000 0 -nan 0.000000
1120 453 335958680 294021400 20709.415991 197889.010264 1441.053854 71880 3.998609 56872190.221334
1121 454 483542680 441605400 16954.583212 139353.480111 1441.053854 107915 3.623315 71944394.721193
1122 455 0 0 -nan 0.000000 2147483647.000000 0 -nan 0.000000
1123 456 0 0 -nan 0.000000 2147483647.000000 0 -nan 0.000000
1124 457 335958680 294021400 18427.847805 139353.480111 1441.053854 71880 3.105175 60955024.431772
1125 458 0 0 -nan 0.000000 2147483647.000000 0 -nan 0.000000
1126 459 0 0 -nan 0.000000 2147483647.000000 0 -nan 0.000000
1127 460 0 0 -nan 0.000000 2147483647.000000 0 -nan 0.000000
1128 461 483542680 441605400 15933.812053 142259.916123 1441.053854 107915 3.936339 69041755.841873
1129 462 0 0 -nan 0.000000 2147483647.000000 0 -nan 0.000000
1130 463 483542680 441605400 15577.236331 26729.084636 1441.053854 107915 3.842283 83931653.332730
1131 464 0 0 -nan 0.000000 2147483647.000000 0 -nan 0.000000
1132 465 0 0 -nan 0.000000 2147483647.000000 0 -nan 0.000000
1133 466 0 0 -nan 0.000000 2147483647.000000 0 -nan 0.000000
1134 467 0 0 -nan 0.000000 2147483647.000000 0 -nan 0.000000
1135 468 0 0 -nan 0.000000 2147483647.000000 0 -nan 0.000000
1136 469 189527680 147590400 15080.840370 15112.001147 1441.053854 36085 3.997229 28082256.491890
1137 470 335958680 294021400 19996.189997 159459.836503 1441.053854 71880 3.998609 79058128.352432
1138 471 335958680 294021400 12770.755744 378016.088668 1441.053854 71880 2.901503 55678089.382556
1139 472 0 0 -nan 0.000000 2147483647.000000 0 -nan 0.000000
1140 473 0 0 -nan 0.000000 2147483647.000000 0 -nan 0.000000
1141 474 335958680 294021400 16901.229681 746220.037589 1441.053854 71880 3.837785 50578415.960404
1142 475 0 0 -nan 0.000000 2147483647.000000 0 -nan 0.000000
1143 476 335958680 294021400 20312.710760 711531.115711 591.738319 71880 3.997913 911697184.197462
1144 477 335958680 294021400 16276.410731 26729.084636 591.738319 71880 3.496522 243601756.195672
1145 478 44800 293605760 9488.898389 538821.442939 591.738319 71960 1.714286 174.430722
1146 479 44800 293605760 9999.544212 533257.856126 1441.053854 71960 2.000000 965.519334
1192 480 189527680 147590400 13529.705622 13558.783141 1441.053854 36085 2.998614 27478831.974832
1193 481 335958680 294021400 15652.552949 180856.448886 1441.053854 71880 3.935865 51276818.794775
1194 482 335958680 294021400 18902.142388 724859.970477 1441.053854 71880 3.927935 70018598.209808
1195 483 335958680 294021400 12891.842442 34057.926988 1441.053854 71880 2.964385 54845660.098139
1196 484 0 0 -nan 0.000000 2147483647.000000 0 -nan 0.000000
1197 485 0 0 -nan 0.000000 2147483647.000000 0 -nan 0.000000
1198 486 335958680 294021400 16230.939647 72708.290134 1441.053854 71880 3.998609 47362716.761900
1199 487 0 0 -nan 0.000000 2147483647.000000 0 -nan 0.000000
1200 488 335958680 294021400 13209.633420 26002.475633 1441.053854 71880 3.356010 53349048.348815
1201 489 0 0 -nan 0.000000 2147483647.000000 0 -nan 0.000000
1202 490 335958680 294021400 14890.522975 96076.184758 1441.053854 71880 3.485253 50921247.421279
1203 491 0 0 -nan 0.000000 2147483647.000000 0 -nan 0.000000
1204 492 0 0 -nan 0.000000 2147483647.000000 0 -nan 0.000000
1205 493 0 0 -nan 0.000000 2147483647.000000 0 -nan 0.000000
1206 494 335958680 294021400 12728.053423 22132.154082 850.878826 71880 3.195047 49862544.621469
1207 495 335958680 294021400 17644.226050 1324058.504521 850.878826 71880 3.978575 74253666.571244
1208 496 0 0 -nan 0.000000 2147483647.000000 0 -nan 0.000000
1209 497 0 0 -nan 0.000000 2147483647.000000 0 -nan 0.000000
1210 498 335958680 294021400 14558.875240 63810.264114 1441.053854 71880 3.685031 48809133.254893
1211 499 0 0 -nan 0.000000 2147483647.000000 0 -nan 0.000000
1212 500 0 0 -nan 0.000000 2147483647.000000 0 -nan 0.000000
1213 501 0 0 -nan 0.000000 2147483647.000000 0 -nan 0.000000
1214 502 0 0 -nan 0.000000 2147483647.000000 0 -nan 0.000000
1215 503 335958680 294021400 15099.617557 120463.870088 1441.053854 71880 3.935865 51864204.713940
1216 504 0 0 -nan 0.000000 2147483647.000000 0 -nan 0.000000
1217 505 335958680 294021400 14650.520878 159521.362722 1441.053854 71880 3.242487 47332879.934141
1218 506 0 0 -nan 0.000000 2147483647.000000 0 -nan 0.000000
1219 507 0 0 -nan 0.000000 2147483647.000000 0 -nan 0.000000
1220 508 335958680 294021400 18449.069812 733755.204463 591.738319 71880 3.919310 57085352.349303
1221 509 0 0 -nan 0.000000 2147483647.000000 0 -nan 0.000000
1222 510 32000 209718400 8350.025187 302361.426467 591.738319 51400 1.800000 161.362034
1223 511 51200 335549440 10846.823939 242319.158142 1441.053854 82240 2.000000 892.662710
1269 512 0 0 -nan 0.000000 2147483647.000000 0 -nan 0.000000
1270 513 0 0 -nan 0.000000 2147483647.000000 0 -nan 0.000000
1271 514 483542680 441605400 13790.216831 37837.857196 1441.053854 107915 3.451096 66143090.596550
1272 515 0 0 -nan 0.000000 2147483647.000000 0 -nan 0.000000
1273 516 335958680 294021400 16811.719490 28182.302642 1441.053854 71880 3.920006 63014231.341879
1274 517 0 0 -nan 0.000000 2147483647.000000 0 -nan 0.000000
1275 518 0 0 -nan 0.000000 2147483647.000000 0 -nan 0.000000
1276 519 0 0 -nan 0.000000 2147483647.000000 0 -nan 0.000000
1277 520 0 0 -nan 0.000000 2147483647.000000 0 -nan 0.000000
1278 521 0 0 -nan 0.000000 2147483647.000000 0 -nan 0.000000
1279 522 0 0 -nan 0.000000 2147483647.000000 0 -nan 0.000000
1280 523 335958680 294021400 14347.817776 121718.049891 1441.053854 71880 3.363801 47194641.971823
1281 524 0 0 -nan 0.000000 2147483647.000000 0 -nan 0.000000
1282 525 335958680 294021400 15260.138117 24851.653741 1441.053854 71880 3.935726 67429611.949675
1283 526 335958680 294021400 17676.272733 159043.353498 1441.053854 71880 3.998609 63279216.740375
1284 527 0 0 -nan 0.000000 2147483647.000000 0 -nan 0.000000
1285 528 335958680 294021400 14626.720798 30123.433957 1441.053854 71880 3.873261 46580086.586267
1286 529 335958680 294021400 17124.436535 139353.480111 1441.053854 71880 3.434474 52118190.458118
1287 530 189527680 147590400 15080.706569 15112.001147 1441.053854 36085 3.997229 26743124.865965
1288 531 0 0 -nan 0.000000 2147483647.000000 0 -nan 0.000000
1289 532 0 0 -nan 0.000000 2147483647.000000 0 -nan 0.000000
1290 533 0 0 -nan 0.000000 2147483647.000000 0 -nan 0.000000
1291 534 0 0 -nan 0.000000 2147483647.000000 0 -nan 0.000000
1292 535 0 0 -nan 0.000000 2147483647.000000 0 -nan 0.000000
1293 536 335958680 294021400 16274.108256 342284.855455 1441.053854 71880 3.680996 59510957.582573
1294 537 335958680 294021400 18462.017378 3021749.060927 1441.053854 71880 3.183639 52763724.521833
1295 538 0 0 -nan 0.000000 2147483647.000000 0 -nan 0.000000
1296 539 335958680 294021400 16055.709115 175055.167639 1441.053854 71880 3.618392 59035595.616928
1297 540 0 0 -nan 0.000000 2147483647.000000 0 -nan 0.000000
1298 541 0 0 -nan 0.000000 2147483647.000000 0 -nan 0.000000
1299 542 38400 251662080 10760.174237 21113.789052 1441.053854 61680 2.000000 952.703908
1300 543 32000 209718400 9712.490865 21248.523678 1441.053854 51400 2.000000 174.382276
1346 544 0 0 -nan 0.000000 2147483647.000000 0 -nan 0.000000
1347 545 483542680 441605400 14490.543537 24851.653741 1441.053854 107915 3.477227 82808661.646104
1348 546 0 0 -nan 0.000000 2147483647.000000 0 -nan 0.000000
1349 547 335958680 294021400 15924.711518 26729.084636 1441.053854 71880 3.904424 67398854.907285
1350 548 0 0 -nan 0.000000 2147483647.000000 0 -nan 0.000000
1351 549 0 0 -nan 0.000000 2147483647.000000 0 -nan 0.000000
1352 550 0 0 -nan 0.000000 2147483647.000000 0 -nan 0.000000
1353 551 0 0 -nan 0.000000 2147483647.000000 0 -nan 0.000000
1354 552 0 0 -nan 0.000000 2147483647.000000 0 -nan 0.000000
1355 553 335958680 294021400 17098.569378 1477328.074085 1441.053854 71880 3.982888 71359013.114789
1356 554 0 0 -nan 0.000000 2147483647.000000 0 -nan 0.000000
1357 555 0 0 -nan 0.000000 2147483647.000000 0 -nan 0.000000
1358 556 483542680 441605400 14934.449330 21397.673957 1441.053854 107915 3.931057 74024394.548848
1359 557 0 0 -nan 0.000000 2147483647.000000 0 -nan 0.000000
1360 558 335958680 294021400 15673.344525 22588.444188 1441.053854 71880 3.982888 53799431.725117
1361 559 0 0 -nan 0.000000 2147483647.000000 0 -nan 0.000000
1362 560 0 0 -nan 0.000000 2147483647.000000 0 -nan 0.000000
1363 561 0 0 -nan 0.000000 2147483647.000000 0 -nan 0.000000
1364 562 0 0 -nan 0.000000 2147483647.000000 0 -nan 0.000000
1365 563 0 0 -nan 0.000000 2147483647.000000 0 -nan 0.000000
1366 564 0 0 -nan 0.000000 2147483647.000000 0 -nan 0.000000
1367 565 0 0 -nan 0.000000 2147483647.000000 0 -nan 0.000000
1368 566 335958680 294021400 13816.759713 72624.359471 1441.053854 71880 3.293406 58056222.583326
1369 567 335958680 294021400 18396.190150 2939544.147022 1441.053854 71880 3.994574 53785456.489155
1370 568 0 0 -nan 0.000000 2147483647.000000 0 -nan 0.000000
1371 569 0 0 -nan 0.000000 2147483647.000000 0 -nan 0.000000
1372 570 0 0 -nan 0.000000 2147483647.000000 0 -nan 0.000000
1373 571 0 0 -nan 0.000000 2147483647.000000 0 -nan 0.000000
1374 572 0 0 -nan 0.000000 2147483647.000000 0 -nan 0.000000
1375 573 0 0 -nan 0.000000 2147483647.000000 0 -nan 0.000000
1376 574 12800 83887360 11350.892579 15106.178903 1441.053854 20560 2.000000 0.000000
1377 575 32000 209718400 9591.312791 15323.822854 1441.053854 51400 2.000000 174.638819
1423 576 0 0 -nan 0.000000 2147483647.000000 0 -nan 0.000000
1424 577 335958680 294021400 14839.652559 24851.653741 1441.053854 71880 3.923901 49011824.477889
1425 578 0 0 -nan 0.000000 2147483647.000000 0 -nan 0.000000
1426 579 335958680 294021400 14350.957667 131123.504542 1441.053854 71880 3.716472 52049772.954023
1427 580 0 0 -nan 0.000000 2147483647.000000 0 -nan 0.000000
1428 581 0 0 -nan 0.000000 2147483647.000000 0 -nan 0.000000
1429 582 0 0 -nan 0.000000 2147483647.000000 0 -nan 0.000000
1430 583 335958680 294021400 13848.623668 754406.472203 1441.053854 71880 3.042710 45299539.427994
1431 584 0 0 -nan 0.000000 2147483647.000000 0 -nan 0.000000
1432 585 0 0 -nan 0.000000 2147483647.000000 0 -nan 0.000000
1433 586 335958680 294021400 17032.788337 1482863.600998 1441.053854 71880 3.998609 57977099.973545
1434 587 335958680 294021400 16851.784829 755959.690209 1441.053854 71880 3.994574 62359320.034072
1435 588 0 0 -nan 0.000000 2147483647.000000 0 -nan 0.000000
1436 589 0 0 -nan 0.000000 2147483647.000000 0 -nan 0.000000
1437 590 483542680 441605400 15511.076548 21605.102876 1441.053854 107915 3.811055 82535439.832700
1438 591 0 0 -nan 0.000000 2147483647.000000 0 -nan 0.000000
1439 592 0 0 -nan 0.000000 2147483647.000000 0 -nan 0.000000
1440 593 335958680 294021400 17260.154472 61354.022681 1441.053854 71880 3.841681 52979605.533078
1441 594 189527680 147590400 15080.706588 15112.001147 1441.053854 36085 3.997229 26010907.476488
1442 595 0 0 -nan 0.000000 2147483647.000000 0 -nan 0.000000
1443 596 0 0 -nan 0.000000 2147483647.000000 0 -nan 0.000000
1444 597 0 0 -nan 0.000000 2147483647.000000 0 -nan 0.000000
1445 598 0 0 -nan 0.000000 2147483647.000000 0 -nan 0.000000
1446 599 0 0 -nan 0.000000 2147483647.000000 0 -nan 0.000000
1447 600 0 0 -nan 0.000000 2147483647.000000 0 -nan 0.000000
1448 601 0 0 -nan 0.000000 2147483647.000000 0 -nan 0.000000
1449 602 0 0 -nan 0.000000 2147483647.000000 0 -nan 0.000000
1450 603 189527680 147590400 11844.936583 11866.869441 1441.053854 36085 2.998614 25325397.168501
1451 604 0 0 -nan 0.000000 2147483647.000000 0 -nan 0.000000
1452 605 0 0 -nan 0.000000 2147483647.000000 0 -nan 0.000000
1453 606 19200 125831040 9514.646636 15106.178901 1441.053854 30840 2.000000 0.000000
1454 607 38400 251662080 10511.671504 21043.632712 1441.053854 61680 2.000000 348.832041
1500 608 483542680 441605400 13337.034153 23228.378308 1441.053854 107915 3.245008 91735276.538389
1501 609 0 0 -nan 0.000000 2147483647.000000 0 -nan 0.000000
1502 610 0 0 -nan 0.000000 2147483647.000000 0 -nan 0.000000
1503 611 0 0 -nan 0.000000 2147483647.000000 0 -nan 0.000000
1504 612 0 0 -nan 0.000000 2147483647.000000 0 -nan 0.000000
1505 613 335958680 294021400 15734.336256 139353.480111 1441.053854 71880 3.951308 46411141.599564
1506 614 0 0 -nan 0.000000 2147483647.000000 0 -nan 0.000000
1507 615 483542680 441605400 15319.469473 43851.228429 1441.053854 107915 3.769356 66241991.972318
1508 616 0 0 -nan 0.000000 2147483647.000000 0 -nan 0.000000
1509 617 0 0 -nan 0.000000 2147483647.000000 0 -nan 0.000000
1510 618 0 0 -nan 0.000000 2147483647.000000 0 -nan 0.000000
1511 619 0 0 -nan 0.000000 2147483647.000000 0 -nan 0.000000
1512 620 335958680 294021400 13355.856220 15112.001147 1441.053854 71880 3.481358 46698694.672759
1513 621 0 0 -nan 0.000000 2147483647.000000 0 -nan 0.000000
1514 622 189527680 147590400 15080.750830 15112.001147 1441.053854 36085 3.997229 26015142.787380
1515 623 0 0 -nan 0.000000 2147483647.000000 0 -nan 0.000000
1516 624 0 0 -nan 0.000000 2147483647.000000 0 -nan 0.000000
1517 625 483542680 441605400 17272.771007 159459.836503 1441.053854 107915 3.985915 77166592.417146
1518 626 0 0 -nan 0.000000 2147483647.000000 0 -nan 0.000000
1519 627 0 0 -nan 0.000000 2147483647.000000 0 -nan 0.000000
1520 628 0 0 -nan 0.000000 2147483647.000000 0 -nan 0.000000
1521 629 0 0 -nan 0.000000 2147483647.000000 0 -nan 0.000000
1522 630 189527680 147590400 11844.936611 11866.869441 1441.053854 36085 2.998614 25789316.603957
1523 631 0 0 -nan 0.000000 2147483647.000000 0 -nan 0.000000
1524 632 335958680 294021400 15111.948624 139353.480088 1441.053854 71880 3.826099 49366581.078038
1525 633 0 0 -nan 0.000000 2147483647.000000 0 -nan 0.000000
1526 634 0 0 -nan 0.000000 2147483647.000000 0 -nan 0.000000
1527 635 0 0 -nan 0.000000 2147483647.000000 0 -nan 0.000000
1528 636 0 0 -nan 0.000000 2147483647.000000 0 -nan 0.000000
1529 637 335958680 294021400 17059.319710 746220.037616 591.738319 71880 3.997913 44245404.388471
1530 638 25600 167774720 7716.555173 238941.877227 591.738319 41120 1.750000 0.000000
1531 639 32000 209718400 9590.525641 15324.117226 1441.053854 51400 2.000000 174.425422
1577 640 0 0 -nan 0.000000 2147483647.000000 0 -nan 0.000000
1578 641 0 0 -nan 0.000000 2147483647.000000 0 -nan 0.000000
1579 642 483542680 441605400 17910.252670 742235.728297 1441.053854 107915 3.999073 71438685.024313
1580 643 0 0 -nan 0.000000 2147483647.000000 0 -nan 0.000000
1581 644 0 0 -nan 0.000000 2147483647.000000 0 -nan 0.000000
1582 645 0 0 -nan 0.000000 2147483647.000000 0 -nan 0.000000
1583 646 0 0 -nan 0.000000 2147483647.000000 0 -nan 0.000000
1584 647 189527680 147590400 9275.529064 9293.306879 1441.053854 36085 2.000000 22268042.502517
1585 648 0 0 -nan 0.000000 2147483647.000000 0 -nan 0.000000
1586 649 0 0 -nan 0.000000 2147483647.000000 0 -nan 0.000000
1587 650 0 0 -nan 0.000000 2147483647.000000 0 -nan 0.000000
1588 651 0 0 -nan 0.000000 2147483647.000000 0 -nan 0.000000
1589 652 335958680 294021400 16088.754316 26729.084636 1441.053854 71880 3.755426 59191424.546479
1590 653 483542680 441605400 13369.707716 26729.084636 1441.053854 107915 3.130149 74301869.907832
1591 654 335958680 294021400 17804.613358 159459.836503 1441.053854 71880 3.927796 49088999.315944
1592 655 0 0 -nan 0.000000 2147483647.000000 0 -nan 0.000000
1593 656 335958680 294021400 21503.249935 159459.836503 1441.053854 71880 3.873261 62684295.627087
1594 657 0 0 -nan 0.000000 2147483647.000000 0 -nan 0.000000
1595 658 0 0 -nan 0.000000 2147483647.000000 0 -nan 0.000000
1596 659 335958680 294021400 15561.306191 24851.653741 1441.053854 71880 3.935865 49721657.918400
1597 660 0 0 -nan 0.000000 2147483647.000000 0 -nan 0.000000
1598 661 335958680 294021400 13908.001865 15112.001147 1441.053854 71880 3.363801 48366147.860732
1599 662 0 0 -nan 0.000000 2147483647.000000 0 -nan 0.000000
1600 663 0 0 -nan 0.000000 2147483647.000000 0 -nan 0.000000
1601 664 335958680 294021400 18477.915063 87410.527633 1441.053854 71880 3.861018 62130200.533459
1602 665 0 0 -nan 0.000000 2147483647.000000 0 -nan 0.000000
1603 666 0 0 -nan 0.000000 2147483647.000000 0 -nan 0.000000
1604 667 0 0 -nan 0.000000 2147483647.000000 0 -nan 0.000000
1605 668 0 0 -nan 0.000000 2147483647.000000 0 -nan 0.000000
1606 669 0 0 -nan 0.000000 2147483647.000000 0 -nan 0.000000
1607 670 25600 167774720 9425.658352 15161.880861 1441.053854 41120 2.000000 161.448521
1608 671 32000 209718400 9816.791239 20974.752885 1441.053854 51400 2.000000 174.195128
1654 672 335958680 294021400 16700.602057 24851.653741 1441.053854 71880 3.927935 58764587.260144
1655 673 335958680 294021400 14561.140306 15112.001147 1441.053854 71880 3.779076 46035001.885938
1656 674 0 0 -nan 0.000000 2147483647.000000 0 -nan 0.000000
1657 675 0 0 -nan 0.000000 2147483647.000000 0 -nan 0.000000
1658 676 0 0 -nan 0.000000 2147483647.000000 0 -nan 0.000000
1659 677 0 0 -nan 0.000000 2147483647.000000 0 -nan 0.000000
1660 678 0 0 -nan 0.000000 2147483647.000000 0 -nan 0.000000
1661 679 335958680 294021400 16479.528060 2939544.147022 1441.053854 71880 3.242487 50163694.714426
1662 680 0 0 -nan 0.000000 2147483647.000000 0 -nan 0.000000
1663 681 0 0 -nan 0.000000 2147483647.000000 0 -nan 0.000000
1664 682 0 0 -nan 0.000000 2147483647.000000 0 -nan 0.000000
1665 683 335958680 294021400 14658.172017 60806.253422 1441.053854 71880 3.865331 45076150.193271
1666 684 0 0 -nan 0.000000 2147483647.000000 0 -nan 0.000000
1667 685 0 0 -nan 0.000000 2147483647.000000 0 -nan 0.000000
1668 686 0 0 -nan 0.000000 2147483647.000000 0 -nan 0.000000
1669 687 0 0 -nan 0.000000 2147483647.000000 0 -nan 0.000000
1670 688 335958680 294021400 15166.324564 28909.842321 1441.053854 71880 3.426544 64072125.612143
1671 689 189527680 147590400 15080.768713 15112.001147 1441.053854 36085 3.997229 26015143.125377
1672 690 0 0 -nan 0.000000 2147483647.000000 0 -nan 0.000000
1673 691 0 0 -nan 0.000000 2147483647.000000 0 -nan 0.000000
1674 692 0 0 -nan 0.000000 2147483647.000000 0 -nan 0.000000
1675 693 0 0 -nan 0.000000 2147483647.000000 0 -nan 0.000000
1676 694 189527680 147590400 15080.706607 15112.001147 1441.053854 36085 3.997229 25315940.024938
1677 695 0 0 -nan 0.000000 2147483647.000000 0 -nan 0.000000
1678 696 0 0 -nan 0.000000 2147483647.000000 0 -nan 0.000000
1679 697 0 0 -nan 0.000000 2147483647.000000 0 -nan 0.000000
1680 698 189527680 147590400 15080.706594 15112.001147 1441.053854 36085 3.997229 25325397.168502
1681 699 0 0 -nan 0.000000 2147483647.000000 0 -nan 0.000000
1682 700 0 0 -nan 0.000000 2147483647.000000 0 -nan 0.000000
1683 701 0 0 -nan 0.000000 2147483647.000000 0 -nan 0.000000
1684 702 25600 167774720 9424.406622 15161.880861 1441.053854 41120 2.000000 161.148187
1685 703 25600 167774720 9438.869493 15161.880861 1441.053854 41120 2.000000 161.274775
1731 704 335958680 294021400 16118.237885 66351.589783 1441.053854 71880 3.426544 52381625.167372
1732 705 189527680 147590400 23491.385506 131170.260221 1441.053854 36085 2.998614 26115452.822751
1733 706 0 0 -nan 0.000000 2147483647.000000 0 -nan 0.000000
1734 707 0 0 -nan 0.000000 2147483647.000000 0 -nan 0.000000
1735 708 189527680 147590400 15080.705326 15112.001147 1441.053854 36085 3.997229 28274490.881145
1736 709 0 0 -nan 0.000000 2147483647.000000 0 -nan 0.000000
1737 710 483542680 441605400 16303.791395 346908.315186 1441.053854 107915 3.832090 84846454.170556
1738 711 0 0 -nan 0.000000 2147483647.000000 0 -nan 0.000000
1739 712 0 0 -nan 0.000000 2147483647.000000 0 -nan 0.000000
1740 713 0 0 -nan 0.000000 2147483647.000000 0 -nan 0.000000
1741 714 335958680 294021400 21434.727356 2949283.799616 1441.053854 71880 3.994574 76674680.844134
1742 715 0 0 -nan 0.000000 2147483647.000000 0 -nan 0.000000
1743 716 189527680 147590400 15080.770780 15112.001147 1441.053854 36085 3.997229 27198969.867302
1744 717 483542680 441605400 15331.155709 1477328.074085 1441.053854 107915 3.456331 110788407.325458
1745 718 0 0 -nan 0.000000 2147483647.000000 0 -nan 0.000000
1746 719 335958680 294021400 12785.471340 15112.001147 1441.053854 71880 3.210907 49188564.678137
1747 720 0 0 -nan 0.000000 2147483647.000000 0 -nan 0.000000
1748 721 0 0 -nan 0.000000 2147483647.000000 0 -nan 0.000000
1749 722 0 0 -nan 0.000000 2147483647.000000 0 -nan 0.000000
1750 723 0 0 -nan 0.000000 2147483647.000000 0 -nan 0.000000
1751 724 0 0 -nan 0.000000 2147483647.000000 0 -nan 0.000000
1752 725 335958680 294021400 16319.644127 31260.472717 1441.053854 71880 3.825960 53986441.487386
1753 726 335958680 294021400 15572.623169 26729.084636 1441.053854 71880 3.497218 61162086.946356
1754 727 0 0 -nan 0.000000 2147483647.000000 0 -nan 0.000000
1755 728 335958680 294021400 15557.212928 380666.019382 1441.053854 71880 3.497218 52793629.370421
1756 729 0 0 -nan 0.000000 2147483647.000000 0 -nan 0.000000
1757 730 0 0 -nan 0.000000 2147483647.000000 0 -nan 0.000000
1758 731 0 0 -nan 0.000000 2147483647.000000 0 -nan 0.000000
1759 732 0 0 -nan 0.000000 2147483647.000000 0 -nan 0.000000
1760 733 483542680 441605400 18282.954789 2949283.799616 591.738319 107915 3.810684 1006995273.669523
1761 734 32000 209718400 8465.438717 302630.738717 591.738319 51400 1.800000 161.239221
1762 735 44800 293605760 10013.736287 249462.803861 1441.053854 71960 2.000000 922.639751
1808 736 335958680 294021400 12699.835159 79491.335821 1441.053854 71880 3.175710 47063891.687646
1809 737 335958680 294021400 16814.146217 139353.480111 1441.053854 71880 3.716472 63344771.357029
1810 738 0 0 -nan 0.000000 2147483647.000000 0 -nan 0.000000
1811 739 0 0 -nan 0.000000 2147483647.000000 0 -nan 0.000000
1812 740 0 0 -nan 0.000000 2147483647.000000 0 -nan 0.000000
1813 741 0 0 -nan 0.000000 2147483647.000000 0 -nan 0.000000
1814 742 0 0 -nan 0.000000 2147483647.000000 0 -nan 0.000000
1815 743 335958680 294021400 18741.754385 749584.055002 1441.053854 71880 3.998609 59671974.354517
1816 744 483542680 441605400 15711.899106 159459.836476 1441.053854 107915 3.693555 71445718.803465
1817 745 0 0 -nan 0.000000 2147483647.000000 0 -nan 0.000000
1818 746 335958680 294021400 16114.269128 139353.480111 1441.053854 71880 3.900390 46218697.661413
1819 747 0 0 -nan 0.000000 2147483647.000000 0 -nan 0.000000
1820 748 0 0 -nan 0.000000 2147483647.000000 0 -nan 0.000000
1821 749 483542680 441605400 15223.701441 159459.836503 1441.053854 107915 3.826715 72424801.514313
1822 750 0 0 -nan 0.000000 2147483647.000000 0 -nan 0.000000
1823 751 0 0 -nan 0.000000 2147483647.000000 0 -nan 0.000000
1824 752 0 0 -nan 0.000000 2147483647.000000 0 -nan 0.000000
1825 753 0 0 -nan 0.000000 2147483647.000000 0 -nan 0.000000
1826 754 0 0 -nan 0.000000 2147483647.000000 0 -nan 0.000000
1827 755 483542680 441605400 15102.456346 23298.435735 1441.053854 107915 3.153547 67415880.241687
1828 756 0 0 -nan 0.000000 2147483647.000000 0 -nan 0.000000
1829 757 335958680 294021400 15275.779557 139353.480088 1441.053854 71880 3.904285 47702696.834639
1830 758 0 0 -nan 0.000000 2147483647.000000 0 -nan 0.000000
1831 759 189527680 147590400 15080.768622 15112.001147 1441.053854 36085 3.997229 26488826.096192
1832 760 335958680 294021400 17110.751962 178655.913918 1441.053854 71880 3.994574 54319449.400500
1833 761 335958680 294021400 16937.129480 159459.836476 1441.053854 71880 3.873261 49503803.570691
1834 762 0 0 -nan 0.000000 2147483647.000000 0 -nan 0.000000
1835 763 0 0 -nan 0.000000 2147483647.000000 0 -nan 0.000000
1836 764 0 0 -nan 0.000000 2147483647.000000 0 -nan 0.000000
1837 765 189527680 147590400 16189.303337 369892.892866 591.738319 36085 3.995843 20591648.129503
1838 766 38400 251662080 8685.115383 302838.947146 591.738319 61680 1.833333 174.152433
1839 767 38400 251662080 9820.801169 21043.632712 1441.053854 61680 2.000000 349.126273
1885 768 335958680 294021400 17921.737202 86307.803386 1441.053854 71880 3.771146 85707891.579808
1886 769 335958680 294021400 18406.667472 139584.360383 1441.053854 71880 3.747913 89987788.445859
1887 770 483542680 441605400 18856.721045 745436.214794 1441.053854 107915 3.999073 88151554.022686
1888 771 335958680 294021400 17086.354688 380666.019382 1441.053854 71880 3.324708 65077434.319379
1889 772 189527680 147590400 15080.773527 15112.001147 1441.053854 36085 3.997229 26015143.246005
1890 773 0 0 -nan 0.000000 2147483647.000000 0 -nan 0.000000
1891 774 335958680 294021400 14924.635798 28909.842321 1441.053854 71880 3.873122 47674431.502510
1892 775 0 0 -nan 0.000000 2147483647.000000 0 -nan 0.000000
1893 776 0 0 -nan 0.000000 2147483647.000000 0 -nan 0.000000
1894 777 0 0 -nan 0.000000 2147483647.000000 0 -nan 0.000000
1895 778 0 0 -nan 0.000000 2147483647.000000 0 -nan 0.000000
1896 779 0 0 -nan 0.000000 2147483647.000000 0 -nan 0.000000
1897 780 0 0 -nan 0.000000 2147483647.000000 0 -nan 0.000000
1898 781 0 0 -nan 0.000000 2147483647.000000 0 -nan 0.000000
1899 782 0 0 -nan 0.000000 2147483647.000000 0 -nan 0.000000
1900 783 0 0 -nan 0.000000 2147483647.000000 0 -nan 0.000000
1901 784 335958680 294021400 17317.170528 159459.836476 1441.053854 71880 3.865053 77229349.254539
1902 785 483542680 441605400 16141.760504 57730.096512 1441.053854 107915 3.991104 87551042.634230
1903 786 335958680 294021400 19265.265985 139353.480111 1441.053854 71880 3.904424 88822253.310318
1904 787 0 0 -nan 0.000000 2147483647.000000 0 -nan 0.000000
1905 788 0 0 -nan 0.000000 2147483647.000000 0 -nan 0.000000
1906 789 0 0 -nan 0.000000 2147483647.000000 0 -nan 0.000000
1907 790 0 0 -nan 0.000000 2147483647.000000 0 -nan 0.000000
1908 791 335958680 294021400 18111.159618 172919.410073 1441.053854 71880 3.994574 60663575.433779
1909 792 335958680 294021400 16659.965385 153114.329929 1441.053854 71880 3.939482 72878750.665387
1910 793 0 0 -nan 0.000000 2147483647.000000 0 -nan 0.000000
1911 794 0 0 -nan 0.000000 2147483647.000000 0 -nan 0.000000
1912 795 189527680 147590400 15080.750840 15112.001147 1441.053854 36085 3.997229 26489293.762966
1913 796 335958680 294021400 16052.921972 37837.857198 591.738319 71880 3.801892 814971581.181176
1914 797 0 0 -nan 0.000000 2147483647.000000 0 -nan 0.000000
1915 798 44800 293605760 9955.416553 308365.764570 591.738319 71960 1.857143 349.110733
1916 799 38400 251662080 12635.907754 26926.320817 1441.053854 61680 2.000000 952.544948
1962 800 0 0 -nan 0.000000 2147483647.000000 0 -nan 0.000000
1963 801 335958680 294021400 14643.134110 24827.324765 1441.053854 71880 3.747913 47105569.445453
1964 802 0 0 -nan 0.000000 2147483647.000000 0 -nan 0.000000
1965 803 0 0 -nan 0.000000 2147483647.000000 0 -nan 0.000000
1966 804 0 0 -nan 0.000000 2147483647.000000 0 -nan 0.000000
1967 805 0 0 -nan 0.000000 2147483647.000000 0 -nan 0.000000
1968 806 335958680 294021400 19320.635390 1858809.040649 1441.053854 71880 3.998609 59657978.632223
1969 807 0 0 -nan 0.000000 2147483647.000000 0 -nan 0.000000
1970 808 483542680 441605400 17269.403125 36175.001676 1441.053854 107915 3.915582 83841204.023183
1971 809 335958680 294021400 17120.012466 36901.610679 1441.053854 71880 3.845576 67792067.429752
1972 810 335958680 294021400 15506.420034 26086.940655 1441.053854 71880 3.994574 57400574.105964
1973 811 335958680 294021400 17864.496620 43232.691950 1441.053854 71880 3.739983 65918097.738765
1974 812 0 0 -nan 0.000000 2147483647.000000 0 -nan 0.000000
1975 813 0 0 -nan 0.000000 2147483647.000000 0 -nan 0.000000
1976 814 0 0 -nan 0.000000 2147483647.000000 0 -nan 0.000000
1977 815 0 0 -nan 0.000000 2147483647.000000 0 -nan 0.000000
1978 816 0 0 -nan 0.000000 2147483647.000000 0 -nan 0.000000
1979 817 0 0 -nan 0.000000 2147483647.000000 0 -nan 0.000000
1980 818 0 0 -nan 0.000000 2147483647.000000 0 -nan 0.000000
1981 819 335958680 294021400 15756.996634 27083.456254 1441.053854 71880 3.974958 45471831.830498
1982 820 0 0 -nan 0.000000 2147483647.000000 0 -nan 0.000000
1983 821 189527680 147590400 15080.706558 15112.001147 1441.053854 36085 3.997229 25315940.025366
1984 822 0 0 -nan 0.000000 2147483647.000000 0 -nan 0.000000
1985 823 0 0 -nan 0.000000 2147483647.000000 0 -nan 0.000000
1986 824 0 0 -nan 0.000000 2147483647.000000 0 -nan 0.000000
1987 825 0 0 -nan 0.000000 2147483647.000000 0 -nan 0.000000
1988 826 0 0 -nan 0.000000 2147483647.000000 0 -nan 0.000000
1989 827 0 0 -nan 0.000000 2147483647.000000 0 -nan 0.000000
1990 828 0 0 -nan 0.000000 2147483647.000000 0 -nan 0.000000
1991 829 0 0 -nan 0.000000 2147483647.000000 0 -nan 0.000000
1992 830 12800 83887360 9144.579873 9488.273783 1441.053854 20560 2.000000 0.000000
1993 831 38400 251662080 11078.149636 26831.698052 1441.053854 61680 2.000000 349.736337
2039 832 0 0 -nan 0.000000 2147483647.000000 0 -nan 0.000000
2040 833 0 0 -nan 0.000000 2147483647.000000 0 -nan 0.000000
2041 834 0 0 -nan 0.000000 2147483647.000000 0 -nan 0.000000
2042 835 0 0 -nan 0.000000 2147483647.000000 0 -nan 0.000000
2043 836 0 0 -nan 0.000000 2147483647.000000 0 -nan 0.000000
2044 837 483542680 441605400 16053.707772 381939.439108 1441.053854 107915 3.832090 74684779.597073
2045 838 0 0 -nan 0.000000 2147483647.000000 0 -nan 0.000000
2046 839 0 0 -nan 0.000000 2147483647.000000 0 -nan 0.000000
2047 840 335958680 294021400 17295.931937 111743.757153 1441.053854 71880 3.465776 72792833.470772
2048 841 335958680 294021400 16386.746304 24851.653741 1441.053854 71880 3.966889 70779239.626506
2049 842 189527680 147590400 13529.640760 13558.783141 1441.053854 36085 2.998614 26711666.479329
2050 843 0 0 -nan 0.000000 2147483647.000000 0 -nan 0.000000
2051 844 483542680 441605400 17365.614215 199344.135894 1441.053854 107915 3.975444 89397384.728715
2052 845 335958680 294021400 16310.398213 43929.005016 1441.053854 71880 3.465776 57692642.118871
2053 846 335958680 294021400 18417.338217 139353.480111 1441.053854 71880 3.967168 70517946.515339
2054 847 0 0 -nan 0.000000 2147483647.000000 0 -nan 0.000000
2055 848 335958680 294021400 16959.093198 24851.653741 1441.053854 71880 3.614636 57387600.107342
2056 849 0 0 -nan 0.000000 2147483647.000000 0 -nan 0.000000
2057 850 0 0 -nan 0.000000 2147483647.000000 0 -nan 0.000000
2058 851 335958680 294021400 14228.489829 480819.863635 1441.053854 71880 3.426405 66419792.302952
2059 852 483542680 441605400 15282.760761 159459.836503 1441.053854 107915 3.471946 65971955.730645
2060 853 0 0 -nan 0.000000 2147483647.000000 0 -nan 0.000000
2061 854 335958680 294021400 19309.528211 1864874.206776 1441.053854 71880 3.904424 61178893.017524
2062 855 0 0 -nan 0.000000 2147483647.000000 0 -nan 0.000000
2063 856 335958680 294021400 19488.248314 159459.836503 1441.053854 71880 3.998609 72255566.224306
2064 857 483542680 441605400 15817.252407 751159.921339 1441.053854 107915 3.560719 77589065.148879
2065 858 0 0 -nan 0.000000 2147483647.000000 0 -nan 0.000000
2066 859 335958680 294021400 16313.369753 144123.306776 1441.053854 71880 3.810518 55019346.939649
2067 860 335958680 294021400 19352.534171 2602012.006159 591.738319 71880 3.856845 66645246.762505
2068 861 0 0 -nan 0.000000 2147483647.000000 0 -nan 0.000000
2069 862 51200 335549440 9696.284761 308364.213318 591.738319 82240 1.875000 921.831077
2070 863 44800 293605760 11384.252735 21137.433890 1441.053854 71960 2.000000 922.885495
2116 864 0 0 -nan 0.000000 2147483647.000000 0 -nan 0.000000
2117 865 0 0 -nan 0.000000 2147483647.000000 0 -nan 0.000000
2118 866 335958680 294021400 15363.171449 27310.844993 1441.053854 71880 3.998609 46856914.641330
2119 867 0 0 -nan 0.000000 2147483647.000000 0 -nan 0.000000
2120 868 0 0 -nan 0.000000 2147483647.000000 0 -nan 0.000000
2121 869 0 0 -nan 0.000000 2147483647.000000 0 -nan 0.000000
2122 870 0 0 -nan 0.000000 2147483647.000000 0 -nan 0.000000
2123 871 483542680 441605400 15473.645908 159459.836476 1441.053854 107915 3.779827 68980285.750826
2124 872 0 0 -nan 0.000000 2147483647.000000 0 -nan 0.000000
2125 873 0 0 -nan 0.000000 2147483647.000000 0 -nan 0.000000
2126 874 335958680 294021400 15701.778688 1132824.167559 1441.053854 71880 3.183779 45168885.381182
2127 875 0 0 -nan 0.000000 2147483647.000000 0 -nan 0.000000
2128 876 0 0 -nan 0.000000 2147483647.000000 0 -nan 0.000000
2129 877 335958680 294021400 13727.037077 72067.342766 1441.053854 71880 3.371870 47120415.760985
2130 878 0 0 -nan 0.000000 2147483647.000000 0 -nan 0.000000
2131 879 0 0 -nan 0.000000 2147483647.000000 0 -nan 0.000000
2132 880 0 0 -nan 0.000000 2147483647.000000 0 -nan 0.000000
2133 881 0 0 -nan 0.000000 2147483647.000000 0 -nan 0.000000
2134 882 0 0 -nan 0.000000 2147483647.000000 0 -nan 0.000000
2135 883 0 0 -nan 0.000000 2147483647.000000 0 -nan 0.000000
2136 884 0 0 -nan 0.000000 2147483647.000000 0 -nan 0.000000
2137 885 335958680 294021400 14376.232662 18113.799243 1441.053854 71880 3.591124 46233719.658043
2138 886 0 0 -nan 0.000000 2147483647.000000 0 -nan 0.000000
2139 887 0 0 -nan 0.000000 2147483647.000000 0 -nan 0.000000
2140 888 0 0 -nan 0.000000 2147483647.000000 0 -nan 0.000000
2141 889 335958680 294021400 14300.533231 26729.084636 1441.053854 71880 3.434474 51753271.073043
2142 890 335958680 294021400 15417.238951 147454.220182 1441.053854 71880 3.175849 59574030.039382
2143 891 0 0 -nan 0.000000 2147483647.000000 0 -nan 0.000000
2144 892 0 0 -nan 0.000000 2147483647.000000 0 -nan 0.000000
2145 893 189527680 147590400 15230.355762 83964.001600 591.738319 36085 3.995843 20591648.129791
2146 894 25600 167774720 8253.265501 240755.131385 591.738319 41120 1.750000 0.000000
2147 895 25600 167774720 9518.515400 13585.601534 1441.053854 41120 2.000000 161.211931
2193 896 189527680 147590400 15080.776980 15112.001147 1441.053854 36085 3.997229 27632567.469820
2194 897 335958680 294021400 15514.427594 25775.795171 1441.053854 71880 3.747913 65566347.685869
2195 898 335958680 294021400 15581.375872 24851.653741 1441.053854 71880 3.935726 55160355.047276
2196 899 0 0 -nan 0.000000 2147483647.000000 0 -nan 0.000000
2197 900 0 0 -nan 0.000000 2147483647.000000 0 -nan 0.000000
2198 901 0 0 -nan 0.000000 2147483647.000000 0 -nan 0.000000
2199 902 0 0 -nan 0.000000 2147483647.000000 0 -nan 0.000000
2200 903 0 0 -nan 0.000000 2147483647.000000 0 -nan 0.000000
2201 904 0 0 -nan 0.000000 2147483647.000000 0 -nan 0.000000
2202 905 335958680 294021400 15438.825776 131123.504542 1441.053854 71880 2.964385 44204300.827444
2203 906 0 0 -nan 0.000000 2147483647.000000 0 -nan 0.000000
2204 907 0 0 -nan 0.000000 2147483647.000000 0 -nan 0.000000
2205 908 483542680 441605400 17310.173717 669364.852801 1441.053854 107915 3.779827 85925152.297626
2206 909 0 0 -nan 0.000000 2147483647.000000 0 -nan 0.000000
2207 910 335958680 294021400 17237.331973 143983.158655 1441.053854 71880 3.367557 47104242.651633
2208 911 335958680 294021400 17180.947707 30123.433957 1441.053854 71880 3.669449 71125794.367773
2209 912 0 0 -nan 0.000000 2147483647.000000 0 -nan 0.000000
2210 913 335958680 294021400 16830.018577 139353.480111 1441.053854 71880 3.841820 50377579.777789
2211 914 0 0 -nan 0.000000 2147483647.000000 0 -nan 0.000000
2212 915 0 0 -nan 0.000000 2147483647.000000 0 -nan 0.000000
2213 916 335958680 294021400 15202.603617 24893.435793 1441.053854 71880 3.998609 52558568.362867
2214 917 0 0 -nan 0.000000 2147483647.000000 0 -nan 0.000000
2215 918 0 0 -nan 0.000000 2147483647.000000 0 -nan 0.000000
2216 919 0 0 -nan 0.000000 2147483647.000000 0 -nan 0.000000
2217 920 483542680 441605400 14917.428255 24851.653741 1441.053854 107915 3.638929 95260816.043559
2218 921 0 0 -nan 0.000000 2147483647.000000 0 -nan 0.000000
2219 922 189527680 147590400 15080.771545 15112.001147 1441.053854 36085 3.997229 36138614.928907
2220 923 335958680 294021400 16835.331039 29924.234760 1441.053854 71880 3.841820 82932589.602747
2221 924 0 0 -nan 0.000000 2147483647.000000 0 -nan 0.000000
2222 925 0 0 -nan 0.000000 2147483647.000000 0 -nan 0.000000
2223 926 38400 251662080 10445.303486 24824.802365 1441.053854 61680 2.000000 348.589972
2224 927 38400 251662080 10863.990223 21499.842934 1441.053854 61680 2.000000 349.354131
2270 928 0 0 -nan 0.000000 2147483647.000000 0 -nan 0.000000
2271 929 0 0 -nan 0.000000 2147483647.000000 0 -nan 0.000000
2272 930 335958680 294021400 13928.854930 15112.001147 1441.053854 71880 3.371731 44989941.405262
2273 931 0 0 -nan 0.000000 2147483647.000000 0 -nan 0.000000
2274 932 0 0 -nan 0.000000 2147483647.000000 0 -nan 0.000000
2275 933 0 0 -nan 0.000000 2147483647.000000 0 -nan 0.000000
2276 934 0 0 -nan 0.000000 2147483647.000000 0 -nan 0.000000
2277 935 0 0 -nan 0.000000 2147483647.000000 0 -nan 0.000000
2278 936 0 0 -nan 0.000000 2147483647.000000 0 -nan 0.000000
2279 937 0 0 -nan 0.000000 2147483647.000000 0 -nan 0.000000
2280 938 0 0 -nan 0.000000 2147483647.000000 0 -nan 0.000000
2281 939 0 0 -nan 0.000000 2147483647.000000 0 -nan 0.000000
2282 940 0 0 -nan 0.000000 2147483647.000000 0 -nan 0.000000
2283 941 0 0 -nan 0.000000 2147483647.000000 0 -nan 0.000000
2284 942 0 0 -nan 0.000000 2147483647.000000 0 -nan 0.000000
2285 943 0 0 -nan 0.000000 2147483647.000000 0 -nan 0.000000
2286 944 0 0 -nan 0.000000 2147483647.000000 0 -nan 0.000000
2287 945 0 0 -nan 0.000000 2147483647.000000 0 -nan 0.000000
2288 946 0 0 -nan 0.000000 2147483647.000000 0 -nan 0.000000
2289 947 0 0 -nan 0.000000 2147483647.000000 0 -nan 0.000000
2290 948 0 0 -nan 0.000000 2147483647.000000 0 -nan 0.000000
2291 949 0 0 -nan 0.000000 2147483647.000000 0 -nan 0.000000
2292 950 335958680 294021400 15112.270188 73328.183522 1441.053854 71880 3.998609 46747978.690412
2293 951 0 0 -nan 0.000000 2147483647.000000 0 -nan 0.000000
2294 952 189527680 147590400 15080.706674 15112.001147 1441.053854 36085 3.997229 25777358.064976
2295 953 0 0 -nan 0.000000 2147483647.000000 0 -nan 0.000000
2296 954 0 0 -nan 0.000000 2147483647.000000 0 -nan 0.000000
2297 955 0 0 -nan 0.000000 2147483647.000000 0 -nan 0.000000
2298 956 0 0 -nan 0.000000 2147483647.000000 0 -nan 0.000000
2299 957 335958680 294021400 14911.052292 15336.552440 591.738319 71880 3.950751 40167576.004810
2300 958 19200 125831040 6939.327969 235569.501955 591.738319 30840 1.666667 0.000000
2301 959 6400 41943680 9153.756872 9293.306879 1441.053854 10280 2.000000 0.000000
2347 960 0 0 -nan 0.000000 2147483647.000000 0 -nan 0.000000
2348 961 0 0 -nan 0.000000 2147483647.000000 0 -nan 0.000000
2349 962 0 0 -nan 0.000000 2147483647.000000 0 -nan 0.000000
2350 963 0 0 -nan 0.000000 2147483647.000000 0 -nan 0.000000
2351 964 0 0 -nan 0.000000 2147483647.000000 0 -nan 0.000000
2352 965 0 0 -nan 0.000000 2147483647.000000 0 -nan 0.000000
2353 966 0 0 -nan 0.000000 2147483647.000000 0 -nan 0.000000
2354 967 0 0 -nan 0.000000 2147483647.000000 0 -nan 0.000000
2355 968 0 0 -nan 0.000000 2147483647.000000 0 -nan 0.000000
2356 969 0 0 -nan 0.000000 2147483647.000000 0 -nan 0.000000
2357 970 0 0 -nan 0.000000 2147483647.000000 0 -nan 0.000000
2358 971 0 0 -nan 0.000000 2147483647.000000 0 -nan 0.000000
2359 972 0 0 -nan 0.000000 2147483647.000000 0 -nan 0.000000
2360 973 0 0 -nan 0.000000 2147483647.000000 0 -nan 0.000000
2361 974 0 0 -nan 0.000000 2147483647.000000 0 -nan 0.000000
2362 975 0 0 -nan 0.000000 2147483647.000000 0 -nan 0.000000
2363 976 0 0 -nan 0.000000 2147483647.000000 0 -nan 0.000000
2364 977 0 0 -nan 0.000000 2147483647.000000 0 -nan 0.000000
2365 978 0 0 -nan 0.000000 2147483647.000000 0 -nan 0.000000
2366 979 0 0 -nan 0.000000 2147483647.000000 0 -nan 0.000000
2367 980 0 0 -nan 0.000000 2147483647.000000 0 -nan 0.000000
2368 981 0 0 -nan 0.000000 2147483647.000000 0 -nan 0.000000
2369 982 0 0 -nan 0.000000 2147483647.000000 0 -nan 0.000000
2370 983 0 0 -nan 0.000000 2147483647.000000 0 -nan 0.000000
2371 984 0 0 -nan 0.000000 2147483647.000000 0 -nan 0.000000
2372 985 0 0 -nan 0.000000 2147483647.000000 0 -nan 0.000000
2373 986 0 0 -nan 0.000000 2147483647.000000 0 -nan 0.000000
2374 987 0 0 -nan 0.000000 2147483647.000000 0 -nan 0.000000
2375 988 0 0 -nan 0.000000 2147483647.000000 0 -nan 0.000000
2376 989 0 0 -nan 0.000000 2147483647.000000 0 -nan 0.000000
2377 990 0 0 -nan 0.000000 2147483647.000000 0 -nan 0.000000
2378 991 0 0 -nan 0.000000 2147483647.000000 0 -nan 0.000000
2424 992 0 0 -nan 0.000000 2147483647.000000 0 -nan 0.000000
2425 993 0 0 -nan 0.000000 2147483647.000000 0 -nan 0.000000
2426 994 0 0 -nan 0.000000 2147483647.000000 0 -nan 0.000000
2427 995 0 0 -nan 0.000000 2147483647.000000 0 -nan 0.000000
2428 996 0 0 -nan 0.000000 2147483647.000000 0 -nan 0.000000
2429 997 0 0 -nan 0.000000 2147483647.000000 0 -nan 0.000000
2430 998 0 0 -nan 0.000000 2147483647.000000 0 -nan 0.000000
2431 999 0 0 -nan 0.000000 2147483647.000000 0 -nan 0.000000
2432 1000 0 0 -nan 0.000000 2147483647.000000 0 -nan 0.000000
2433 1001 0 0 -nan 0.000000 2147483647.000000 0 -nan 0.000000
2434 1002 0 0 -nan 0.000000 2147483647.000000 0 -nan 0.000000
2435 1003 0 0 -nan 0.000000 2147483647.000000 0 -nan 0.000000
2436 1004 0 0 -nan 0.000000 2147483647.000000 0 -nan 0.000000
2437 1005 0 0 -nan 0.000000 2147483647.000000 0 -nan 0.000000
2438 1006 0 0 -nan 0.000000 2147483647.000000 0 -nan 0.000000
2439 1007 0 0 -nan 0.000000 2147483647.000000 0 -nan 0.000000
2440 1008 0 0 -nan 0.000000 2147483647.000000 0 -nan 0.000000
2441 1009 0 0 -nan 0.000000 2147483647.000000 0 -nan 0.000000
2442 1010 0 0 -nan 0.000000 2147483647.000000 0 -nan 0.000000
2443 1011 0 0 -nan 0.000000 2147483647.000000 0 -nan 0.000000
2444 1012 0 0 -nan 0.000000 2147483647.000000 0 -nan 0.000000
2445 1013 0 0 -nan 0.000000 2147483647.000000 0 -nan 0.000000
2446 1014 0 0 -nan 0.000000 2147483647.000000 0 -nan 0.000000
2447 1015 0 0 -nan 0.000000 2147483647.000000 0 -nan 0.000000
2448 1016 0 0 -nan 0.000000 2147483647.000000 0 -nan 0.000000
2449 1017 0 0 -nan 0.000000 2147483647.000000 0 -nan 0.000000
2450 1018 0 0 -nan 0.000000 2147483647.000000 0 -nan 0.000000
2451 1019 0 0 -nan 0.000000 2147483647.000000 0 -nan 0.000000
2452 1020 0 0 -nan 0.000000 2147483647.000000 0 -nan 0.000000
2453 1021 0 0 -nan 0.000000 2147483647.000000 0 -nan 0.000000
2454 1022 0 0 -nan 0.000000 2147483647.000000 0 -nan 0.000000
2455 1023 0 0 -nan 0.000000 2147483647.000000 0 -nan 0.000000
2501 1024 0 0 -nan 0.000000 2147483647.000000 0 -nan 0.000000
2502 1025 0 0 -nan 0.000000 2147483647.000000 0 -nan 0.000000
2503 1026 0 0 -nan 0.000000 2147483647.000000 0 -nan 0.000000
2504 1027 0 0 -nan 0.000000 2147483647.000000 0 -nan 0.000000
2505 1028 0 0 -nan 0.000000 2147483647.000000 0 -nan 0.000000
2506 1029 0 0 -nan 0.000000 2147483647.000000 0 -nan 0.000000
2507 1030 0 0 -nan 0.000000 2147483647.000000 0 -nan 0.000000
2508 1031 0 0 -nan 0.000000 2147483647.000000 0 -nan 0.000000
2509 1032 0 0 -nan 0.000000 2147483647.000000 0 -nan 0.000000
2510 1033 0 0 -nan 0.000000 2147483647.000000 0 -nan 0.000000
2511 1034 0 0 -nan 0.000000 2147483647.000000 0 -nan 0.000000
2512 1035 0 0 -nan 0.000000 2147483647.000000 0 -nan 0.000000
2513 1036 0 0 -nan 0.000000 2147483647.000000 0 -nan 0.000000
2514 1037 0 0 -nan 0.000000 2147483647.000000 0 -nan 0.000000
2515 1038 0 0 -nan 0.000000 2147483647.000000 0 -nan 0.000000
2516 1039 0 0 -nan 0.000000 2147483647.000000 0 -nan 0.000000
2517 1040 0 0 -nan 0.000000 2147483647.000000 0 -nan 0.000000
2518 1041 0 0 -nan 0.000000 2147483647.000000 0 -nan 0.000000
2519 1042 0 0 -nan 0.000000 2147483647.000000 0 -nan 0.000000
2520 1043 0 0 -nan 0.000000 2147483647.000000 0 -nan 0.000000
2521 1044 0 0 -nan 0.000000 2147483647.000000 0 -nan 0.000000
2522 1045 0 0 -nan 0.000000 2147483647.000000 0 -nan 0.000000
2523 1046 0 0 -nan 0.000000 2147483647.000000 0 -nan 0.000000
2524 1047 0 0 -nan 0.000000 2147483647.000000 0 -nan 0.000000
2525 1048 0 0 -nan 0.000000 2147483647.000000 0 -nan 0.000000
2526 1049 0 0 -nan 0.000000 2147483647.000000 0 -nan 0.000000
2527 1050 0 0 -nan 0.000000 2147483647.000000 0 -nan 0.000000
2528 1051 0 0 -nan 0.000000 2147483647.000000 0 -nan 0.000000
2529 1052 0 0 -nan 0.000000 2147483647.000000 0 -nan 0.000000
2530 1053 0 0 -nan 0.000000 2147483647.000000 0 -nan 0.000000
2531 1054 0 0 -nan 0.000000 2147483647.000000 0 -nan 0.000000
2532 1055 0 0 -nan 0.000000 2147483647.000000 0 -nan 0.000000
