# Format <LP ID> <Terminal ID> <Job ID> <Local Rank> <Total sends> <Total Recvs> <Bytes sent> <Bytes recvd> <Send time> <Comm. time> <Compute time> <Avg msg time> <Max Msg Time>
6 0 0 259 80 80 294015000 294015000 229240143.654176 986244193.228286 645000000.000000 2865501.795677 1631244193.228286
7 1 0 113 80 80 294015000 294015000 223097403.031126 984387716.167569 645000000.000000 2788717.537889 1629387716.167569
8 2 -1 -1 0 0 0 0 0.000000 0.000000 0.000000 -nan 0.000000
9 3 -1 -1 0 0 0 0 0.000000 0.000000 0.000000 -nan 0.000000
10 4 -1 -1 0 0 0 0 0.000000 0.000000 0.000000 -nan 0.000000
11 5 0 33 85 85 441599000 441599000 332500294.481542 1006338606.186342 645000000.000000 3911768.170371 1651338606.186342
12 6 -1 -1 0 0 0 0 0.000000 0.000000 0.000000 -nan 0.000000
13 7 -1 -1 0 0 0 0 0.000000 0.000000 0.000000 -nan 0.000000
14 8 -1 -1 0 0 0 0 0.000000 0.000000 0.000000 -nan 0.000000
15 9 0 130 80 80 294015000 294015000 220615152.986839 983406640.518518 645000000.000000 2757689.412335 1628406640.518518
16 10 -1 -1 0 0 0 0 0.000000 0.000000 0.000000 -nan 0.000000
17 11 -1 -1 0 0 0 0 0.000000 0.000000 0.000000 -nan 0.000000
18 12 0 264 80 80 294015000 294015000 224595119.339488 985118502.102633 645000000.000000 2807438.991744 1630118502.102633
19 13 -1 -1 0 0 0 0 0.000000 0.000000 0.000000 -nan 0.000000
20 14 -1 -1 0 0 0 0 0.000000 0.000000 0.000000 -nan 0.000000
21 15 -1 -1 0 0 0 0 0.000000 0.000000 0.000000 -nan 0.000000
22 16 0 174 80 80 294015000 294015000 224744570.941443 986005701.554871 645000000.000000 2809307.136768 1631005701.554871
23 17 0 167 80 80 294015000 294015000 228969872.118015 985248629.593872 645000000.000000 2862123.401475 1630248629.593872
24 18 -1 -1 0 0 0 0 0.000000 0.000000 0.000000 -nan 0.000000
25 19 -1 -1 0 0 0 0 0.000000 0.000000 0.000000 -nan 0.000000
26 20 0 182 80 80 294015000 294015000 222470799.266467 984648596.244609 645000000.000000 2780884.990831 1629648596.244609
27 21 -1 -1 0 0 0 0 0.000000 0.000000 0.000000 -nan 0.000000
28 22 -1 -1 0 0 0 0 0.000000 0.000000 0.000000 -nan 0.000000
29 23 -1 -1 0 0 0 0 0.000000 0.000000 0.000000 -nan 0.000000
30 24 -1 -1 0 0 0 0 0.000000 0.000000 0.000000 -nan 0.000000
31 25 0 26 5 5 147584000 147584000 110450004.369264 1006798930.722795 645000000.000000 22090000.873853 1651798930.722795
32 26 0 50 5 5 147584000 147584000 110450004.144586 1010033109.227764 645000000.000000 22090000.828917 1655033109.227764
33 27 0 44 5 5 147584000 147584000 113383157.356588 1008457385.736267 645000000.000000 22676631.471318 1653457385.736267
34 28 0 175 80 80 294015000 294015000 232142352.674893 985997106.123049 645000000.000000 2901779.408436 1630997106.123049
35 29 0 158 80 80 294015000 294015000 238829419.842705 986290792.083381 645000000.000000 2985367.748034 1631290792.083381
83 30 -1 -1 0 0 0 0 0.000000 0.000000 0.000000 -nan 0.000000
84 31 -1 -1 0 0 0 0 0.000000 0.000000 0.000000 -nan 0.000000
85 32 0 100 80 80 294015000 294015000 220684097.011215 984798260.444446 645000000.000000 2758551.212640 1629798260.444446
86 33 0 127 80 80 294015000 294015000 221901694.126256 984543253.697421 645000000.000000 2773771.176578 1629543253.697421
87 34 -1 -1 0 0 0 0 0.000000 0.000000 0.000000 -nan 0.000000
88 35 0 187 80 80 294015000 294015000 227329392.480059 984274846.431147 645000000.000000 2841617.406001 1629274846.431147
89 36 -1 -1 0 0 0 0 0.000000 0.000000 0.000000 -nan 0.000000
90 37 -1 -1 0 0 0 0 0.000000 0.000000 0.000000 -nan 0.000000
91 38 -1 -1 0 0 0 0 0.000000 0.000000 0.000000 -nan 0.000000
92 39 -1 -1 0 0 0 0 0.000000 0.000000 0.000000 -nan 0.000000
93 40 -1 -1 0 0 0 0 0.000000 0.000000 0.000000 -nan 0.000000
94 41 -1 -1 0 0 0 0 0.000000 0.000000 0.000000 -nan 0.000000
95 42 -1 -1 0 0 0 0 0.000000 0.000000 0.000000 -nan 0.000000
96 43 0 147 80 80 294015000 294015000 235589722.905125 986313310.117679 645000000.000000 2944871.536314 1631313310.117679
97 44 -1 -1 0 0 0 0 0.000000 0.000000 0.000000 -nan 0.000000
98 45 -1 -1 0 0 0 0 0.000000 0.000000 0.000000 -nan 0.000000
99 46 -1 -1 0 0 0 0 0.000000 0.000000 0.000000 -nan 0.000000
100 47 -1 -1 0 0 0 0 0.000000 0.000000 0.000000 -nan 0.000000
101 48 -1 -1 0 0 0 0 0.000000 0.000000 0.000000 -nan 0.000000
102 49 -1 -1 0 0 0 0 0.000000 0.000000 0.000000 -nan 0.000000
103 50 -1 -1 0 0 0 0 0.000000 0.000000 0.000000 -nan 0.000000
104 51 -1 -1 0 0 0 0 0.000000 0.000000 0.000000 -nan 0.000000
105 52 -1 -1 0 0 0 0 0.000000 0.000000 0.000000 -nan 0.000000
106 53 0 62 5 5 147584000 147584000 110457771.310262 1009061926.877668 645000000.000000 22091554.262052 1654061926.877668
107 54 -1 -1 0 0 0 0 0.000000 0.000000 0.000000 -nan 0.000000
108 55 -1 -1 0 0 0 0 0.000000 0.000000 0.000000 -nan 0.000000
109 56 -1 -1 0 0 0 0 0.000000 0.000000 0.000000 -nan 0.000000
110 57 0 82 5 5 147584000 147584000 110457771.223520 1007295837.964914 645000000.000000 22091554.244704 1652295837.964914
111 58 -1 -1 0 0 0 0 0.000000 0.000000 0.000000 -nan 0.000000
112 59 -1 -1 0 0 0 0 0.000000 0.000000 0.000000 -nan 0.000000
160 60 0 10 5 5 147584000 147584000 110457771.254826 1012523289.289296 645000000.000000 22091554.250965 1657523289.289296
161 61 -1 -1 0 0 0 0 0.000000 0.000000 0.000000 -nan 0.000000
162 62 -1 -1 0 0 0 0 0.000000 0.000000 0.000000 -nan 0.000000
163 63 -1 -1 0 0 0 0 0.000000 0.000000 0.000000 -nan 0.000000
164 64 -1 -1 0 0 0 0 0.000000 0.000000 0.000000 -nan 0.000000
165 65 0 71 85 85 441599000 441599000 339467877.134581 1009550089.974404 645000000.000000 3993739.730995 1654550089.974404
166 66 0 202 80 80 294015000 294015000 242636740.377539 987441940.067503 645000000.000000 3032959.254719 1632441940.067503
167 67 -1 -1 0 0 0 0 0.000000 0.000000 0.000000 -nan 0.000000
168 68 0 247 80 80 294015000 294015000 229186162.138710 987413319.765098 645000000.000000 2864827.026734 1632413319.765098
169 69 -1 -1 0 0 0 0 0.000000 0.000000 0.000000 -nan 0.000000
170 70 -1 -1 0 0 0 0 0.000000 0.000000 0.000000 -nan 0.000000
171 71 -1 -1 0 0 0 0 0.000000 0.000000 0.000000 -nan 0.000000
172 72 -1 -1 0 0 0 0 0.000000 0.000000 0.000000 -nan 0.000000
173 73 -1 -1 0 0 0 0 0.000000 0.000000 0.000000 -nan 0.000000
174 74 0 224 80 80 294015000 294015000 234781425.309716 986292760.665658 645000000.000000 2934767.816371 1631292760.665658
175 75 -1 -1 0 0 0 0 0.000000 0.000000 0.000000 -nan 0.000000
176 76 0 157 80 80 294015000 294015000 223030450.043186 986319725.821078 645000000.000000 2787880.625540 1631319725.821078
177 77 0 165 80 80 294015000 294015000 238096230.083198 986902455.519140 645000000.000000 2976202.876040 1631902455.519140
178 78 -1 -1 0 0 0 0 0.000000 0.000000 0.000000 -nan 0.000000
179 79 0 190 80 80 294015000 294015000 231241089.638571 986280963.026769 645000000.000000 2890513.620482 1631280963.026769
180 80 -1 -1 0 0 0 0 0.000000 0.000000 0.000000 -nan 0.000000
181 81 -1 -1 0 0 0 0 0.000000 0.000000 0.000000 -nan 0.000000
182 82 -1 -1 0 0 0 0 0.000000 0.000000 0.000000 -nan 0.000000
183 83 -1 -1 0 0 0 0 0.000000 0.000000 0.000000 -nan 0.000000
184 84 -1 -1 0 0 0 0 0.000000 0.000000 0.000000 -nan 0.000000
185 85 -1 -1 0 0 0 0 0.000000 0.000000 0.000000 -nan 0.000000
186 86 -1 -1 0 0 0 0 0.000000 0.000000 0.000000 -nan 0.000000
187 87 0 57 85 85 441599000 441599000 331486186.296577 1006468499.870501 645000000.000000 3899837.485842 1651468499.870501
188 88 0 274 80 80 294015000 294015000 231111601.970851 985319421.679968 645000000.000000 2888895.024636 1630319421.679968
189 89 -1 -1 0 0 0 0 0.000000 0.000000 0.000000 -nan 0.000000
237 90 -1 -1 0 0 0 0 0.000000 0.000000 0.000000 -nan 0.000000
238 91 -1 -1 0 0 0 0 0.000000 0.000000 0.000000 -nan 0.000000
239 92 0 243 80 80 294015000 294015000 224037993.933239 984324820.909168 645000000.000000 2800474.924165 1629324820.909168
240 93 0 195 80 80 294015000 294015000 231451086.899546 987534592.900889 645000000.000000 2893138.586244 1632534592.900889
241 94 -1 -1 0 0 0 0 0.000000 0.000000 0.000000 -nan 0.000000
242 95 0 171 80 80 294015000 294015000 241677270.657841 987256703.073594 645000000.000000 3020965.883223 1632256703.073594
243 96 -1 -1 0 0 0 0 0.000000 0.000000 0.000000 -nan 0.000000
244 97 -1 -1 0 0 0 0 0.000000 0.000000 0.000000 -nan 0.000000
245 98 -1 -1 0 0 0 0 0.000000 0.000000 0.000000 -nan 0.000000
246 99 -1 -1 0 0 0 0 0.000000 0.000000 0.000000 -nan 0.000000
247 100 -1 -1 0 0 0 0 0.000000 0.000000 0.000000 -nan 0.000000
248 101 -1 -1 0 0 0 0 0.000000 0.000000 0.000000 -nan 0.000000
249 102 0 25 85 85 441599000 441599000 332242491.460196 1006800453.648290 645000000.000000 3908735.193649 1651800453.648290
250 103 -1 -1 0 0 0 0 0.000000 0.000000 0.000000 -nan 0.000000
251 104 -1 -1 0 0 0 0 0.000000 0.000000 0.000000 -nan 0.000000
252 105 -1 -1 0 0 0 0 0.000000 0.000000 0.000000 -nan 0.000000
253 106 -1 -1 0 0 0 0 0.000000 0.000000 0.000000 -nan 0.000000
254 107 -1 -1 0 0 0 0 0.000000 0.000000 0.000000 -nan 0.000000
255 108 -1 -1 0 0 0 0 0.000000 0.000000 0.000000 -nan 0.000000
256 109 -1 -1 0 0 0 0 0.000000 0.000000 0.000000 -nan 0.000000
257 110 0 97 80 80 294015000 294015000 220998988.812436 984504975.515545 645000000.000000 2762487.360155 1629504975.515545
258 111 -1 -1 0 0 0 0 0.000000 0.000000 0.000000 -nan 0.000000
259 112 -1 -1 0 0 0 0 0.000000 0.000000 0.000000 -nan 0.000000
260 113 -1 -1 0 0 0 0 0.000000 0.000000 0.000000 -nan 0.000000
261 114 -1 -1 0 0 0 0 0.000000 0.000000 0.000000 -nan 0.000000
262 115 0 189 80 80 294015000 294015000 230582720.880951 985469526.216063 645000000.000000 2882284.011012 1630469526.216063
263 116 -1 -1 0 0 0 0 0.000000 0.000000 0.000000 -nan 0.000000
264 117 -1 -1 0 0 0 0 0.000000 0.000000 0.000000 -nan 0.000000
265 118 -1 -1 0 0 0 0 0.000000 0.000000 0.000000 -nan 0.000000
266 119 -1 -1 0 0 0 0 0.000000 0.000000 0.000000 -nan 0.000000
314 120 -1 -1 0 0 0 0 0.000000 0.000000 0.000000 -nan 0.000000
315 121 -1 -1 0 0 0 0 0.000000 0.000000 0.000000 -nan 0.000000
316 122 -1 -1 0 0 0 0 0.000000 0.000000 0.000000 -nan 0.000000
317 123 -1 -1 0 0 0 0 0.000000 0.000000 0.000000 -nan 0.000000
318 124 -1 -1 0 0 0 0 0.000000 0.000000 0.000000 -nan 0.000000
319 125 -1 -1 0 0 0 0 0.000000 0.000000 0.000000 -nan 0.000000
320 126 -1 -1 0 0 0 0 0.000000 0.000000 0.000000 -nan 0.000000
321 127 0 150 80 80 294015000 294015000 225956806.366281 984505357.189058 645000000.000000 2824460.079579 1629505357.189058
322 128 0 85 85 85 441599000 441599000 345396387.623604 1008388656.881784 645000000.000000 4063486.913219 1653388656.881784
323 129 0 140 80 80 294015000 294015000 225813901.331491 984819199.007262 645000000.000000 2822673.766644 1629819199.007262
324 130 -1 -1 0 0 0 0 0.000000 0.000000 0.000000 -nan 0.000000
325 131 -1 -1 0 0 0 0 0.000000 0.000000 0.000000 -nan 0.000000
326 132 0 35 85 85 441599000 441599000 337560686.801166 1006324277.592186 645000000.000000 3971302.197661 1651324277.592186
327 133 -1 -1 0 0 0 0 0.000000 0.000000 0.000000 -nan 0.000000
328 134 -1 -1 0 0 0 0 0.000000 0.000000 0.000000 -nan 0.000000
329 135 -1 -1 0 0 0 0 0.000000 0.000000 0.000000 -nan 0.000000
330 136 -1 -1 0 0 0 0 0.000000 0.000000 0.000000 -nan 0.000000
331 137 0 160 80 80 294015000 294015000 221585042.306074 987196907.258551 645000000.000000 2769813.028826 1632196907.258551
332 138 -1 -1 0 0 0 0 0.000000 0.000000 0.000000 -nan 0.000000
333 139 -1 -1 0 0 0 0 0.000000 0.000000 0.000000 -nan 0.000000
334 140 -1 -1 0 0 0 0 0.000000 0.000000 0.000000 -nan 0.000000
335 141 -1 -1 0 0 0 0 0.000000 0.000000 0.000000 -nan 0.000000
336 142 0 172 80 80 294015000 294015000 227926281.480782 986300647.397349 645000000.000000 2849078.518510 1631300647.397349
337 143 -1 -1 0 0 0 0 0.000000 0.000000 0.000000 -nan 0.000000
338 144 0 76 5 5 147584000 147584000 110457771.020641 1009645056.813162 645000000.000000 22091554.204128 1654645056.813162
339 145 -1 -1 0 0 0 0 0.000000 0.000000 0.000000 -nan 0.000000
340 146 -1 -1 0 0 0 0 0.000000 0.000000 0.000000 -nan 0.000000
341 147 -1 -1 0 0 0 0 0.000000 0.000000 0.000000 -nan 0.000000
342 148 0 18 5 5 147584000 147584000 110457770.596631 1008317669.680044 645000000.000000 22091554.119326 1653317669.680044
343 149 -1 -1 0 0 0 0 0.000000 0.000000 0.000000 -nan 0.000000
391 150 0 155 80 80 294015000 294015000 221235558.521157 985821596.520278 645000000.000000 2765444.481514 1630821596.520278
392 151 -1 -1 0 0 0 0 0.000000 0.000000 0.000000 -nan 0.000000
393 152 -1 -1 0 0 0 0 0.000000 0.000000 0.000000 -nan 0.000000
394 153 -1 -1 0 0 0 0 0.000000 0.000000 0.000000 -nan 0.000000
395 154 0 228 80 80 294015000 294015000 222979656.374796 985389118.704306 645000000.000000 2787245.704685 1630389118.704306
396 155 -1 -1 0 0 0 0 0.000000 0.000000 0.000000 -nan 0.000000
397 156 -1 -1 0 0 0 0 0.000000 0.000000 0.000000 -nan 0.000000
398 157 0 229 80 80 294015000 294015000 201257442.392488 985389962.580813 645000000.000000 2515718.029906 1630389962.580813
399 158 -1 -1 0 0 0 0 0.000000 0.000000 0.000000 -nan 0.000000
400 159 -1 -1 0 0 0 0 0.000000 0.000000 0.000000 -nan 0.000000
401 160 -1 -1 0 0 0 0 0.000000 0.000000 0.000000 -nan 0.000000
402 161 -1 -1 0 0 0 0 0.000000 0.000000 0.000000 -nan 0.000000
403 162 0 170 80 80 294015000 294015000 230170065.675552 987271032.456827 645000000.000000 2877125.820944 1632271032.456827
404 163 0 253 80 80 294015000 294015000 228600177.384986 987025841.871134 645000000.000000 2857502.217312 1632025841.871134
405 164 -1 -1 0 0 0 0 0.000000 0.000000 0.000000 -nan 0.000000
406 165 -1 -1 0 0 0 0 0.000000 0.000000 0.000000 -nan 0.000000
407 166 -1 -1 0 0 0 0 0.000000 0.000000 0.000000 -nan 0.000000
408 167 -1 -1 0 0 0 0 0.000000 0.000000 0.000000 -nan 0.000000
409 168 0 163 80 80 294015000 294015000 243850813.777676 987630463.713105 645000000.000000 3048135.172221 1632630463.713105
410 169 -1 -1 0 0 0 0 0.000000 0.000000 0.000000 -nan 0.000000
411 170 0 110 80 80 294015000 294015000 240445587.833082 987777256.066984 645000000.000000 3005569.847914 1632777256.066984
412 171 -1 -1 0 0 0 0 0.000000 0.000000 0.000000 -nan 0.000000
413 172 -1 -1 0 0 0 0 0.000000 0.000000 0.000000 -nan 0.000000
414 173 -1 -1 0 0 0 0 0.000000 0.000000 0.000000 -nan 0.000000
415 174 0 125 80 80 294015000 294015000 221380572.013926 984566091.943835 645000000.000000 2767257.150174 1629566091.943835
416 175 0 194 80 80 294015000 294015000 248391646.628535 987521816.402813 645000000.000000 3104895.582857 1632521816.402813
417 176 -1 -1 0 0 0 0 0.000000 0.000000 0.000000 -nan 0.000000
418 177 -1 -1 0 0 0 0 0.000000 0.000000 0.000000 -nan 0.000000
419 178 -1 -1 0 0 0 0 0.000000 0.000000 0.000000 -nan 0.000000
420 179 -1 -1 0 0 0 0 0.000000 0.000000 0.000000 -nan 0.000000
468 180 0 23 85 85 441599000 441599000 340295406.319545 1008319605.535488 645000000.000000 4003475.368465 1653319605.535488
469 181 0 98 80 80 294015000 294015000 224283501.384079 984518644.214096 645000000.000000 2803543.767301 1629518644.214096
470 182 0 20 5 5 147584000 147584000 111468281.640348 1008317943.933130 645000000.000000 22293656.328070 1653317943.933130
471 183 0 132 80 80 294015000 294015000 228658237.030028 987214764.477331 645000000.000000 2858227.962875 1632214764.477331
472 184 -1 -1 0 0 0 0 0.000000 0.000000 0.000000 -nan 0.000000
473 185 -1 -1 0 0 0 0 0.000000 0.000000 0.000000 -nan 0.000000
474 186 0 143 80 80 294015000 294015000 230725833.770224 984783722.528473 645000000.000000 2884072.922128 1629783722.528473
475 187 0 67 85 85 441599000 441599000 334313486.158832 1007910614.903368 645000000.000000 3933099.837163 1652910614.903368
476 188 -1 -1 0 0 0 0 0.000000 0.000000 0.000000 -nan 0.000000
477 189 -1 -1 0 0 0 0 0.000000 0.000000 0.000000 -nan 0.000000
478 190 -1 -1 0 0 0 0 0.000000 0.000000 0.000000 -nan 0.000000
479 191 -1 -1 0 0 0 0 0.000000 0.000000 0.000000 -nan 0.000000
480 192 -1 -1 0 0 0 0 0.000000 0.000000 0.000000 -nan 0.000000
481 193 0 197 80 80 294015000 294015000 229748421.431126 984974251.429272 645000000.000000 2871855.267889 1629974251.429272
482 194 -1 -1 0 0 0 0 0.000000 0.000000 0.000000 -nan 0.000000
483 195 -1 -1 0 0 0 0 0.000000 0.000000 0.000000 -nan 0.000000
484 196 -1 -1 0 0 0 0 0.000000 0.000000 0.000000 -nan 0.000000
485 197 -1 -1 0 0 0 0 0.000000 0.000000 0.000000 -nan 0.000000
486 198 0 164 80 80 294015000 294015000 228562878.000287 986916785.017610 645000000.000000 2857035.975004 1631916785.017610
487 199 -1 -1 0 0 0 0 0.000000 0.000000 0.000000 -nan 0.000000
488 200 -1 -1 0 0 0 0 0.000000 0.000000 0.000000 -nan 0.000000
489 201 0 12 5 5 147584000 147584000 110457770.887980 1012710134.564792 645000000.000000 22091554.177596 1657710134.564792
490 202 -1 -1 0 0 0 0 0.000000 0.000000 0.000000 -nan 0.000000
491 203 0 251 80 80 294015000 294015000 225214677.580985 985409277.102923 645000000.000000 2815183.469762 1630409277.102923
492 204 0 126 80 80 294015000 294015000 229980617.022619 984532168.827626 645000000.000000 2874757.712783 1629532168.827626
493 205 -1 -1 0 0 0 0 0.000000 0.000000 0.000000 -nan 0.000000
494 206 -1 -1 0 0 0 0 0.000000 0.000000 0.000000 -nan 0.000000
495 207 -1 -1 0 0 0 0 0.000000 0.000000 0.000000 -nan 0.000000
496 208 0 122 80 80 294015000 294015000 233467549.157562 986042753.791650 645000000.000000 2918344.364470 1631042753.791650
497 209 0 256 80 80 294015000 294015000 222501299.822619 987950073.610749 645000000.000000 2781266.247783 1632950073.610749
545 210 0 31 85 85 441599000 441599000 352352526.513089 1009586280.281284 645000000.000000 4145323.841330 1654586280.281284
546 211 -1 -1 0 0 0 0 0.000000 0.000000 0.000000 -nan 0.000000
547 212 0 28 5 5 147584000 147584000 110450005.140256 1009621465.859488 645000000.000000 22090001.028051 1654621465.859488
548 213 -1 -1 0 0 0 0 0.000000 0.000000 0.000000 -nan 0.000000
549 214 0 77 85 85 441599000 441599000 350874429.173169 1009630697.024029 645000000.000000 4127934.460861 1654630697.024029
550 215 0 90 80 80 294015000 294015000 239204931.627182 987515239.452759 645000000.000000 2990061.645340 1632515239.452759
551 216 -1 -1 0 0 0 0 0.000000 0.000000 0.000000 -nan 0.000000
552 217 -1 -1 0 0 0 0 0.000000 0.000000 0.000000 -nan 0.000000
553 218 -1 -1 0 0 0 0 0.000000 0.000000 0.000000 -nan 0.000000
554 219 -1 -1 0 0 0 0 0.000000 0.000000 0.000000 -nan 0.000000
555 220 -1 -1 0 0 0 0 0.000000 0.000000 0.000000 -nan 0.000000
556 221 0 284 80 80 294015000 294015000 230315967.071750 984732733.658769 645000000.000000 2878949.588397 1629732733.658769
557 222 -1 -1 0 0 0 0 0.000000 0.000000 0.000000 -nan 0.000000
558 223 -1 -1 0 0 0 0 0.000000 0.000000 0.000000 -nan 0.000000
559 224 0 214 80 80 294015000 294015000 221634522.991370 984408506.764584 645000000.000000 2770431.537392 1629408506.764584
560 225 -1 -1 0 0 0 0 0.000000 0.000000 0.000000 -nan 0.000000
561 226 0 267 80 80 294015000 294015000 244577067.690094 987618757.166638 645000000.000000 3057213.346126 1632618757.166638
562 227 0 54 5 5 147584000 147584000 111610554.638840 1007726364.496713 645000000.000000 22322110.927768 1652726364.496713
563 228 -1 -1 0 0 0 0 0.000000 0.000000 0.000000 -nan 0.000000
564 229 0 135 80 80 294015000 294015000 233334233.490342 987210704.740399 645000000.000000 2916677.918629 1632210704.740399
565 230 -1 -1 0 0 0 0 0.000000 0.000000 0.000000 -nan 0.000000
566 231 -1 -1 0 0 0 0 0.000000 0.000000 0.000000 -nan 0.000000
567 232 0 296 80 80 294015000 294015000 232256334.654131 986067215.391151 645000000.000000 2903204.183177 1631067215.391151
568 233 -1 -1 0 0 0 0 0.000000 0.000000 0.000000 -nan 0.000000
569 234 -1 -1 0 0 0 0 0.000000 0.000000 0.000000 -nan 0.000000
570 235 -1 -1 0 0 0 0 0.000000 0.000000 0.000000 -nan 0.000000
571 236 -1 -1 0 0 0 0 0.000000 0.000000 0.000000 -nan 0.000000
572 237 0 37 85 85 441599000 441599000 331771087.151636 1006350383.867391 645000000.000000 3903189.260607 1651350383.867391
573 238 0 111 80 80 294015000 294015000 242397791.820683 987766171.534495 645000000.000000 3029972.397759 1632766171.534495
574 239 -1 -1 0 0 0 0 0.000000 0.000000 0.000000 -nan 0.000000
622 240 -1 -1 0 0 0 0 0.000000 0.000000 0.000000 -nan 0.000000
623 241 0 230 80 80 294015000 294015000 266416159.045643 990060407.547483 645000000.000000 3330201.988071 1635060407.547483
624 242 -1 -1 0 0 0 0 0.000000 0.000000 0.000000 -nan 0.000000
625 243 -1 -1 0 0 0 0 0.000000 0.000000 0.000000 -nan 0.000000
626 244 0 128 80 80 294015000 294015000 223676565.765342 983392037.806060 645000000.000000 2795957.072067 1628392037.806060
627 245 0 22 5 5 147584000 147584000 110450005.566283 1008330720.056865 645000000.000000 22090001.113257 1653330720.056865
628 246 -1 -1 0 0 0 0 0.000000 0.000000 0.000000 -nan 0.000000
629 247 0 13 85 85 441599000 441599000 375442784.718814 1012695774.597539 645000000.000000 4416973.937868 1657695774.597539
630 248 -1 -1 0 0 0 0 0.000000 0.000000 0.000000 -nan 0.000000
631 249 -1 -1 0 0 0 0 0.000000 0.000000 0.000000 -nan 0.000000
632 250 0 287 80 80 294015000 294015000 249478509.531612 989329522.721040 645000000.000000 3118481.369145 1634329522.721040
633 251 -1 -1 0 0 0 0 0.000000 0.000000 0.000000 -nan 0.000000
634 252 -1 -1 0 0 0 0 0.000000 0.000000 0.000000 -nan 0.000000
635 253 0 11 85 85 441599000 441599000 335664054.861570 1012508929.637535 645000000.000000 3948988.880724 1657508929.637535
636 254 -1 -1 0 0 0 0 0.000000 0.000000 0.000000 -nan 0.000000
637 255 0 144 80 80 294015000 294015000 223467793.994435 984561566.485016 645000000.000000 2793347.424930 1629561566.485016
638 256 -1 -1 0 0 0 0 0.000000 0.000000 0.000000 -nan 0.000000
639 257 0 2 5 5 147584000 147584000 110457771.185404 1010393413.995589 645000000.000000 22091554.237081 1655393413.995589
640 258 -1 -1 0 0 0 0 0.000000 0.000000 0.000000 -nan 0.000000
641 259 0 121 80 80 294015000 294015000 236091639.079708 986029353.129412 645000000.000000 2951145.488496 1631029353.129412
642 260 -1 -1 0 0 0 0 0.000000 0.000000 0.000000 -nan 0.000000
643 261 -1 -1 0 0 0 0 0.000000 0.000000 0.000000 -nan 0.000000
644 262 0 134 80 80 294015000 294015000 242321478.242520 987196375.433333 645000000.000000 3029018.478031 1632196375.433333
645 263 0 192 80 80 294015000 294015000 244109742.585234 987468763.153084 645000000.000000 3051371.782315 1632468763.153084
646 264 -1 -1 0 0 0 0 0.000000 0.000000 0.000000 -nan 0.000000
647 265 -1 -1 0 0 0 0 0.000000 0.000000 0.000000 -nan 0.000000
648 266 0 161 80 80 294015000 294015000 242626336.493629 987182577.612419 645000000.000000 3032829.206170 1632182577.612419
649 267 -1 -1 0 0 0 0 0.000000 0.000000 0.000000 -nan 0.000000
650 268 0 108 80 80 294015000 294015000 236379362.332727 989724288.162874 645000000.000000 2954742.029159 1634724288.162874
651 269 -1 -1 0 0 0 0 0.000000 0.000000 0.000000 -nan 0.000000
699 270 0 292 80 80 294015000 294015000 227368759.045025 984450720.643646 645000000.000000 2842109.488063 1629450720.643646
700 271 0 246 80 80 294015000 294015000 242754004.362769 987398991.066741 645000000.000000 3034425.054535 1632398991.066741
701 272 0 279 80 80 294015000 294015000 236871033.692666 986101961.356624 645000000.000000 2960887.921158 1631101961.356624
702 273 0 79 85 85 441599000 441599000 351198899.895751 1009645026.198482 645000000.000000 4131751.763479 1654645026.198482
703 274 -1 -1 0 0 0 0 0.000000 0.000000 0.000000 -nan 0.000000
704 275 -1 -1 0 0 0 0 0.000000 0.000000 0.000000 -nan 0.000000
705 276 -1 -1 0 0 0 0 0.000000 0.000000 0.000000 -nan 0.000000
706 277 -1 -1 0 0 0 0 0.000000 0.000000 0.000000 -nan 0.000000
707 278 0 255 80 80 294015000 294015000 227101033.273970 984691427.628005 645000000.000000 2838762.915925 1629691427.628005
708 279 -1 -1 0 0 0 0 0.000000 0.000000 0.000000 -nan 0.000000
709 280 -1 -1 0 0 0 0 0.000000 0.000000 0.000000 -nan 0.000000
710 281 -1 -1 0 0 0 0 0.000000 0.000000 0.000000 -nan 0.000000
711 282 -1 -1 0 0 0 0 0.000000 0.000000 0.000000 -nan 0.000000
712 283 0 104 80 80 294015000 294015000 218339580.932801 983598998.419855 645000000.000000 2729244.761660 1628598998.419855
713 284 -1 -1 0 0 0 0 0.000000 0.000000 0.000000 -nan 0.000000
714 285 -1 -1 0 0 0 0 0.000000 0.000000 0.000000 -nan 0.000000
715 286 -1 -1 0 0 0 0 0.000000 0.000000 0.000000 -nan 0.000000
716 287 0 177 80 80 294015000 294015000 225828241.391767 986085268.941950 645000000.000000 2822853.017397 1631085268.941950
717 288 0 8 5 5 147584000 147584000 123253862.855105 1013827570.033120 645000000.000000 24650772.571021 1658827570.033120
718 289 0 4 5 5 147584000 147584000 130130984.152590 1009662797.780216 645000000.000000 26026196.830518 1654662797.780216
719 290 -1 -1 0 0 0 0 0.000000 0.000000 0.000000 -nan 0.000000
720 291 -1 -1 0 0 0 0 0.000000 0.000000 0.000000 -nan 0.000000
721 292 0 105 80 80 294015000 294015000 218464152.059670 983590401.903374 645000000.000000 2730801.900746 1628590401.903374
722 293 -1 -1 0 0 0 0 0.000000 0.000000 0.000000 -nan 0.000000
723 294 0 102 80 80 294015000 294015000 231151696.597618 986791543.276610 645000000.000000 2889396.207470 1631791543.276610
724 295 -1 -1 0 0 0 0 0.000000 0.000000 0.000000 -nan 0.000000
725 296 0 115 80 80 294015000 294015000 236875099.745274 986412969.578211 645000000.000000 2960938.746816 1631412969.578211
726 297 -1 -1 0 0 0 0 0.000000 0.000000 0.000000 -nan 0.000000
727 298 -1 -1 0 0 0 0 0.000000 0.000000 0.000000 -nan 0.000000
728 299 0 60 5 5 147584000 147584000 110823324.205555 1009076256.032753 645000000.000000 22164664.841111 1654076256.032753
776 300 -1 -1 0 0 0 0 0.000000 0.000000 0.000000 -nan 0.000000
777 301 -1 -1 0 0 0 0 0.000000 0.000000 0.000000 -nan 0.000000
778 302 0 138 80 80 294015000 294015000 222448952.450975 984930265.700351 645000000.000000 2780611.905637 1629930265.700351
779 303 -1 -1 0 0 0 0 0.000000 0.000000 0.000000 -nan 0.000000
780 304 0 178 80 80 294015000 294015000 249621961.381108 988401010.099773 645000000.000000 3120274.517264 1633401010.099773
781 305 -1 -1 0 0 0 0 0.000000 0.000000 0.000000 -nan 0.000000
782 306 -1 -1 0 0 0 0 0.000000 0.000000 0.000000 -nan 0.000000
783 307 -1 -1 0 0 0 0 0.000000 0.000000 0.000000 -nan 0.000000
784 308 -1 -1 0 0 0 0 0.000000 0.000000 0.000000 -nan 0.000000
785 309 -1 -1 0 0 0 0 0.000000 0.000000 0.000000 -nan 0.000000
786 310 -1 -1 0 0 0 0 0.000000 0.000000 0.000000 -nan 0.000000
787 311 0 99 80 80 294015000 294015000 222958005.945822 984529728.239334 645000000.000000 2786975.074323 1629529728.239334
788 312 -1 -1 0 0 0 0 0.000000 0.000000 0.000000 -nan 0.000000
789 313 -1 -1 0 0 0 0 0.000000 0.000000 0.000000 -nan 0.000000
790 314 -1 -1 0 0 0 0 0.000000 0.000000 0.000000 -nan 0.000000
791 315 -1 -1 0 0 0 0 0.000000 0.000000 0.000000 -nan 0.000000
792 316 -1 -1 0 0 0 0 0.000000 0.000000 0.000000 -nan 0.000000
793 317 -1 -1 0 0 0 0 0.000000 0.000000 0.000000 -nan 0.000000
794 318 -1 -1 0 0 0 0 0.000000 0.000000 0.000000 -nan 0.000000
795 319 0 216 80 80 294015000 294015000 249650030.353862 987775947.849815 645000000.000000 3120625.379423 1632775947.849815
796 320 0 232 80 80 294015000 294015000 251031040.231964 988993671.580897 645000000.000000 3137888.002900 1633993671.580897
797 321 -1 -1 0 0 0 0 0.000000 0.000000 0.000000 -nan 0.000000
798 322 0 89 80 80 294015000 294015000 247982743.793393 988740888.000879 645000000.000000 3099784.297417 1633740888.000879
799 323 -1 -1 0 0 0 0 0.000000 0.000000 0.000000 -nan 0.000000
800 324 -1 -1 0 0 0 0 0.000000 0.000000 0.000000 -nan 0.000000
801 325 -1 -1 0 0 0 0 0.000000 0.000000 0.000000 -nan 0.000000
802 326 0 166 80 80 294015000 294015000 228792952.366249 985234300.162706 645000000.000000 2859911.904578 1630234300.162706
803 327 -1 -1 0 0 0 0 0.000000 0.000000 0.000000 -nan 0.000000
804 328 0 141 80 80 294015000 294015000 227041348.608143 984804869.687954 645000000.000000 2838016.857602 1629804869.687954
805 329 -1 -1 0 0 0 0 0.000000 0.000000 0.000000 -nan 0.000000
853 330 -1 -1 0 0 0 0 0.000000 0.000000 0.000000 -nan 0.000000
854 331 -1 -1 0 0 0 0 0.000000 0.000000 0.000000 -nan 0.000000
855 332 -1 -1 0 0 0 0 0.000000 0.000000 0.000000 -nan 0.000000
856 333 -1 -1 0 0 0 0 0.000000 0.000000 0.000000 -nan 0.000000
857 334 -1 -1 0 0 0 0 0.000000 0.000000 0.000000 -nan 0.000000
858 335 -1 -1 0 0 0 0 0.000000 0.000000 0.000000 -nan 0.000000
859 336 -1 -1 0 0 0 0 0.000000 0.000000 0.000000 -nan 0.000000
860 337 -1 -1 0 0 0 0 0.000000 0.000000 0.000000 -nan 0.000000
861 338 -1 -1 0 0 0 0 0.000000 0.000000 0.000000 -nan 0.000000
862 339 0 95 80 80 294015000 294015000 222775977.278018 983760978.430839 645000000.000000 2784699.715975 1628760978.430839
863 340 -1 -1 0 0 0 0 0.000000 0.000000 0.000000 -nan 0.000000
864 341 0 21 85 85 441599000 441599000 341702943.773165 1008303583.790859 645000000.000000 4020034.632625 1653303583.790859
865 342 0 91 80 80 294015000 294015000 238802756.035792 987533180.081531 645000000.000000 2985034.450447 1632533180.081531
866 343 -1 -1 0 0 0 0 0.000000 0.000000 0.000000 -nan 0.000000
867 344 0 262 80 80 294015000 294015000 230376562.506942 984336478.943218 645000000.000000 2879707.031337 1629336478.943218
868 345 -1 -1 0 0 0 0 0.000000 0.000000 0.000000 -nan 0.000000
869 346 -1 -1 0 0 0 0 0.000000 0.000000 0.000000 -nan 0.000000
870 347 -1 -1 0 0 0 0 0.000000 0.000000 0.000000 -nan 0.000000
871 348 -1 -1 0 0 0 0 0.000000 0.000000 0.000000 -nan 0.000000
872 349 0 139 80 80 294015000 294015000 224312425.184615 984941349.738383 645000000.000000 2803905.314808 1629941349.738383
873 350 -1 -1 0 0 0 0 0.000000 0.000000 0.000000 -nan 0.000000
874 351 -1 -1 0 0 0 0 0.000000 0.000000 0.000000 -nan 0.000000
875 352 -1 -1 0 0 0 0 0.000000 0.000000 0.000000 -nan 0.000000
876 353 -1 -1 0 0 0 0 0.000000 0.000000 0.000000 -nan 0.000000
877 354 -1 -1 0 0 0 0 0.000000 0.000000 0.000000 -nan 0.000000
878 355 0 72 5 5 147584000 147584000 110457771.416518 1009486916.624398 645000000.000000 22091554.283304 1654486916.624398
879 356 -1 -1 0 0 0 0 0.000000 0.000000 0.000000 -nan 0.000000
880 357 -1 -1 0 0 0 0 0.000000 0.000000 0.000000 -nan 0.000000
881 358 -1 -1 0 0 0 0 0.000000 0.000000 0.000000 -nan 0.000000
882 359 -1 -1 0 0 0 0 0.000000 0.000000 0.000000 -nan 0.000000
930 360 -1 -1 0 0 0 0 0.000000 0.000000 0.000000 -nan 0.000000
931 361 -1 -1 0 0 0 0 0.000000 0.000000 0.000000 -nan 0.000000
932 362 0 294 80 80 294015000 294015000 220584572.782818 984434563.239170 645000000.000000 2757307.159785 1629434563.239170
933 363 -1 -1 0 0 0 0 0.000000 0.000000 0.000000 -nan 0.000000
934 364 0 207 80 80 294015000 294015000 221097759.747950 986155305.732401 645000000.000000 2763721.996849 1631155305.732401
935 365 -1 -1 0 0 0 0 0.000000 0.000000 0.000000 -nan 0.000000
936 366 -1 -1 0 0 0 0 0.000000 0.000000 0.000000 -nan 0.000000
937 367 0 96 80 80 294015000 294015000 227836830.769764 984490646.599005 645000000.000000 2847960.384622 1629490646.599005
938 368 -1 -1 0 0 0 0 0.000000 0.000000 0.000000 -nan 0.000000
939 369 -1 -1 0 0 0 0 0.000000 0.000000 0.000000 -nan 0.000000
940 370 -1 -1 0 0 0 0 0.000000 0.000000 0.000000 -nan 0.000000
941 371 0 234 80 80 294015000 294015000 226487302.691740 985041384.952419 645000000.000000 2831091.283647 1630041384.952419
942 372 0 34 5 5 147584000 147584000 110457771.841453 1006338637.659108 645000000.000000 22091554.368291 1651338637.659108
943 373 -1 -1 0 0 0 0 0.000000 0.000000 0.000000 -nan 0.000000
944 374 0 136 80 80 294015000 294015000 231004324.425693 984915475.342160 645000000.000000 2887554.055321 1629915475.342160
945 375 -1 -1 0 0 0 0 0.000000 0.000000 0.000000 -nan 0.000000
946 376 -1 -1 0 0 0 0 0.000000 0.000000 0.000000 -nan 0.000000
947 377 0 297 80 80 294015000 294015000 229129883.499164 986052886.081208 645000000.000000 2864123.543740 1631052886.081208
948 378 -1 -1 0 0 0 0 0.000000 0.000000 0.000000 -nan 0.000000
949 379 0 273 80 80 294015000 294015000 235856827.732719 986294588.513340 645000000.000000 2948210.346659 1631294588.513340
950 380 0 248 80 80 294015000 294015000 221528258.262076 985405757.380361 645000000.000000 2769103.228276 1630405757.380361
951 381 -1 -1 0 0 0 0 0.000000 0.000000 0.000000 -nan 0.000000
952 382 0 159 80 80 294015000 294015000 223702421.122431 986303568.213291 645000000.000000 2796280.264030 1631303568.213291
953 383 -1 -1 0 0 0 0 0.000000 0.000000 0.000000 -nan 0.000000
954 384 -1 -1 0 0 0 0 0.000000 0.000000 0.000000 -nan 0.000000
955 385 -1 -1 0 0 0 0 0.000000 0.000000 0.000000 -nan 0.000000
956 386 -1 -1 0 0 0 0 0.000000 0.000000 0.000000 -nan 0.000000
957 387 -1 -1 0 0 0 0 0.000000 0.000000 0.000000 -nan 0.000000
958 388 -1 -1 0 0 0 0 0.000000 0.000000 0.000000 -nan 0.000000
959 389 0 200 80 80 294015000 294015000 225847673.403765 984502903.266926 645000000.000000 2823095.917547 1629502903.266926
1007 390 0 94 80 80 294015000 294015000 222145224.571337 983746648.722907 645000000.000000 2776815.307142 1628746648.722907
1008 391 -1 -1 0 0 0 0 0.000000 0.000000 0.000000 -nan 0.000000
1009 392 -1 -1 0 0 0 0 0.000000 0.000000 0.000000 -nan 0.000000
1010 393 0 225 80 80 294015000 294015000 232275773.002048 986278431.536720 645000000.000000 2903447.162526 1631278431.536720
1011 394 -1 -1 0 0 0 0 0.000000 0.000000 0.000000 -nan 0.000000
1012 395 -1 -1 0 0 0 0 0.000000 0.000000 0.000000 -nan 0.000000
1013 396 -1 -1 0 0 0 0 0.000000 0.000000 0.000000 -nan 0.000000
1014 397 -1 -1 0 0 0 0 0.000000 0.000000 0.000000 -nan 0.000000
1015 398 -1 -1 0 0 0 0 0.000000 0.000000 0.000000 -nan 0.000000
1016 399 -1 -1 0 0 0 0 0.000000 0.000000 0.000000 -nan 0.000000
1017 400 -1 -1 0 0 0 0 0.000000 0.000000 0.000000 -nan 0.000000
1018 401 0 106 80 80 294015000 294015000 223247506.184533 983893943.315218 645000000.000000 2790593.827307 1628893943.315218
1019 402 -1 -1 0 0 0 0 0.000000 0.000000 0.000000 -nan 0.000000
1020 403 -1 -1 0 0 0 0 0.000000 0.000000 0.000000 -nan 0.000000
1021 404 -1 -1 0 0 0 0 0.000000 0.000000 0.000000 -nan 0.000000
1022 405 -1 -1 0 0 0 0 0.000000 0.000000 0.000000 -nan 0.000000
1023 406 -1 -1 0 0 0 0 0.000000 0.000000 0.000000 -nan 0.000000
1024 407 -1 -1 0 0 0 0 0.000000 0.000000 0.000000 -nan 0.000000
1025 408 -1 -1 0 0 0 0 0.000000 0.000000 0.000000 -nan 0.000000
1026 409 0 38 5 5 147584000 147584000 110457771.048346 1006350413.612347 645000000.000000 22091554.209669 1651350413.612347
1027 410 0 131 80 80 294015000 294015000 220629984.843120 983420970.672721 645000000.000000 2757874.810539 1628420970.672721
1028 411 -1 -1 0 0 0 0 0.000000 0.000000 0.000000 -nan 0.000000
1029 412 -1 -1 0 0 0 0 0.000000 0.000000 0.000000 -nan 0.000000
1030 413 0 275 80 80 294015000 294015000 224423842.628151 985341800.475135 645000000.000000 2805298.032852 1630341800.475135
1031 414 0 269 80 80 294015000 294015000 223517856.884962 983381931.165078 645000000.000000 2793973.211062 1628381931.165078
1032 415 -1 -1 0 0 0 0 0.000000 0.000000 0.000000 -nan 0.000000
1033 416 -1 -1 0 0 0 0 0.000000 0.000000 0.000000 -nan 0.000000
1034 417 -1 -1 0 0 0 0 0.000000 0.000000 0.000000 -nan 0.000000
1035 418 -1 -1 0 0 0 0 0.000000 0.000000 0.000000 -nan 0.000000
1036 419 0 184 80 80 294015000 294015000 221191957.650851 984303780.083330 645000000.000000 2764899.470636 1629303780.083330
1084 420 0 137 80 80 294015000 294015000 224877670.003506 984929805.199334 645000000.000000 2810970.875044 1629929805.199334
1085 421 -1 -1 0 0 0 0 0.000000 0.000000 0.000000 -nan 0.000000
1086 422 0 3 85 85 441599000 441599000 340509798.004869 1010379054.239437 645000000.000000 4005997.623587 1655379054.239437
1087 423 0 258 80 80 294015000 294015000 230280966.589620 986258522.870092 645000000.000000 2878512.082370 1631258522.870092
1088 424 -1 -1 0 0 0 0 0.000000 0.000000 0.000000 -nan 0.000000
1089 425 0 291 80 80 294015000 294015000 232042920.247354 988461693.723676 645000000.000000 2900536.503092 1633461693.723676
1090 426 0 55 85 85 441599000 441599000 336754637.887617 1007712004.482291 645000000.000000 3961819.269266 1652712004.482291
1091 427 -1 -1 0 0 0 0 0.000000 0.000000 0.000000 -nan 0.000000
1092 428 -1 -1 0 0 0 0 0.000000 0.000000 0.000000 -nan 0.000000
1093 429 0 245 80 80 294015000 294015000 236613786.530434 988710391.298398 645000000.000000 2957672.331630 1633710391.298398
1094 430 -1 -1 0 0 0 0 0.000000 0.000000 0.000000 -nan 0.000000
1095 431 -1 -1 0 0 0 0 0.000000 0.000000 0.000000 -nan 0.000000
1096 432 -1 -1 0 0 0 0 0.000000 0.000000 0.000000 -nan 0.000000
1097 433 0 83 85 85 441599000 441599000 333491306.863505 1007281477.608720 645000000.000000 3923427.139571 1652281477.608720
1098 434 -1 -1 0 0 0 0 0.000000 0.000000 0.000000 -nan 0.000000
1099 435 0 69 85 85 441599000 441599000 348383322.303140 1009535760.524002 645000000.000000 4098627.321213 1654535760.524002
1100 436 -1 -1 0 0 0 0 0.000000 0.000000 0.000000 -nan 0.000000
1101 437 -1 -1 0 0 0 0 0.000000 0.000000 0.000000 -nan 0.000000
1102 438 -1 -1 0 0 0 0 0.000000 0.000000 0.000000 -nan 0.000000
1103 439 -1 -1 0 0 0 0 0.000000 0.000000 0.000000 -nan 0.000000
1104 440 -1 -1 0 0 0 0 0.000000 0.000000 0.000000 -nan 0.000000
1105 441 0 0 5 5 147584000 147584000 111306303.233746 1010379084.209780 645000000.000000 22261260.646749 1655379084.209780
1106 442 0 217 80 80 294015000 294015000 249019221.822258 987799243.701983 645000000.000000 3112740.272778 1632799243.701983
1107 443 0 142 80 80 294015000 294015000 222474850.884168 984794807.072662 645000000.000000 2780935.636052 1629794807.072662
1108 444 -1 -1 0 0 0 0 0.000000 0.000000 0.000000 -nan 0.000000
1109 445 -1 -1 0 0 0 0 0.000000 0.000000 0.000000 -nan 0.000000
1110 446 0 118 80 80 294015000 294015000 225836291.516387 986028324.428056 645000000.000000 2822953.643955 1631028324.428056
1111 447 -1 -1 0 0 0 0 0.000000 0.000000 0.000000 -nan 0.000000
1112 448 0 288 80 80 294015000 294015000 247010594.969747 989084313.710429 645000000.000000 3087632.437122 1634084313.710429
1113 449 0 179 80 80 294015000 294015000 222927074.130148 988413785.968874 645000000.000000 2786588.426627 1633413785.968874
1161 450 0 42 5 5 147584000 147584000 110450005.116942 1007441492.514836 645000000.000000 22090001.023388 1652441492.514836
1162 451 0 186 80 80 294015000 294015000 224986699.461130 984289176.206853 645000000.000000 2812333.743264 1629289176.206853
1163 452 0 109 80 80 294015000 294015000 243635999.919122 989747584.696511 645000000.000000 3045449.998989 1634747584.696511
1164 453 0 238 80 80 294015000 294015000 228479876.107283 985224838.837498 645000000.000000 2855998.451341 1630224838.837498
1165 454 -1 -1 0 0 0 0 0.000000 0.000000 0.000000 -nan 0.000000
1166 455 -1 -1 0 0 0 0 0.000000 0.000000 0.000000 -nan 0.000000
1167 456 0 119 80 80 294015000 294015000 223080375.458024 986013994.918049 645000000.000000 2788504.693225 1631013994.918049
1168 457 -1 -1 0 0 0 0 0.000000 0.000000 0.000000 -nan 0.000000
1169 458 0 295 80 80 294015000 294015000 225731187.380526 984421786.641636 645000000.000000 2821639.842257 1629421786.641636
1170 459 -1 -1 0 0 0 0 0.000000 0.000000 0.000000 -nan 0.000000
1171 460 0 240 80 80 294015000 294015000 223166310.131037 984319362.124650 645000000.000000 2789578.876638 1629319362.124650
1172 461 -1 -1 0 0 0 0 0.000000 0.000000 0.000000 -nan 0.000000
1173 462 -1 -1 0 0 0 0 0.000000 0.000000 0.000000 -nan 0.000000
1174 463 -1 -1 0 0 0 0 0.000000 0.000000 0.000000 -nan 0.000000
1175 464 0 242 80 80 294015000 294015000 224108344.750058 984310491.282157 645000000.000000 2801354.309376 1629310491.282157
1176 465 0 114 80 80 294015000 294015000 248741633.789982 986387085.763713 645000000.000000 3109270.422375 1631387085.763713
1177 466 -1 -1 0 0 0 0 0.000000 0.000000 0.000000 -nan 0.000000
1178 467 -1 -1 0 0 0 0 0.000000 0.000000 0.000000 -nan 0.000000
1179 468 0 208 80 80 294015000 294015000 224026963.346031 983730184.304986 645000000.000000 2800337.041825 1628730184.304986
1180 469 -1 -1 0 0 0 0 0.000000 0.000000 0.000000 -nan 0.000000
1181 470 -1 -1 0 0 0 0 0.000000 0.000000 0.000000 -nan 0.000000
1182 471 -1 -1 0 0 0 0 0.000000 0.000000 0.000000 -nan 0.000000
1183 472 -1 -1 0 0 0 0 0.000000 0.000000 0.000000 -nan 0.000000
1184 473 0 180 80 80 294015000 294015000 227148442.868459 984633992.255450 645000000.000000 2839355.535856 1629633992.255450
1185 474 -1 -1 0 0 0 0 0.000000 0.000000 0.000000 -nan 0.000000
1186 475 0 265 80 80 294015000 294015000 222519589.732645 985129587.001600 645000000.000000 2781494.871658 1630129587.001600
1187 476 -1 -1 0 0 0 0 0.000000 0.000000 0.000000 -nan 0.000000
1188 477 -1 -1 0 0 0 0 0.000000 0.000000 0.000000 -nan 0.000000
1189 478 0 231 80 80 294015000 294015000 238403379.843301 990074737.380131 645000000.000000 2980042.248041 1635074737.380131
1190 479 -1 -1 0 0 0 0 0.000000 0.000000 0.000000 -nan 0.000000
1238 480 -1 -1 0 0 0 0 0.000000 0.000000 0.000000 -nan 0.000000
1239 481 -1 -1 0 0 0 0 0.000000 0.000000 0.000000 -nan 0.000000
1240 482 0 43 85 85 441599000 441599000 331473827.701087 1007428685.154956 645000000.000000 3899692.090601 1652428685.154956
1241 483 -1 -1 0 0 0 0 0.000000 0.000000 0.000000 -nan 0.000000
1242 484 0 252 80 80 294015000 294015000 238617440.020068 987002545.615374 645000000.000000 2982718.000251 1632002545.615374
1243 485 -1 -1 0 0 0 0 0.000000 0.000000 0.000000 -nan 0.000000
1244 486 -1 -1 0 0 0 0 0.000000 0.000000 0.000000 -nan 0.000000
1245 487 -1 -1 0 0 0 0 0.000000 0.000000 0.000000 -nan 0.000000
1246 488 -1 -1 0 0 0 0 0.000000 0.000000 0.000000 -nan 0.000000
1247 489 -1 -1 0 0 0 0 0.000000 0.000000 0.000000 -nan 0.000000
1248 490 -1 -1 0 0 0 0 0.000000 0.000000 0.000000 -nan 0.000000
1249 491 0 235 80 80 294015000 294015000 222786325.058701 985055714.999641 645000000.000000 2784829.063234 1630055714.999641
1250 492 -1 -1 0 0 0 0 0.000000 0.000000 0.000000 -nan 0.000000
1251 493 0 162 80 80 294015000 294015000 242305271.368788 987644792.520195 645000000.000000 3028815.892110 1632644792.520195
1252 494 0 103 80 80 294015000 294015000 238178923.034389 986777213.930099 645000000.000000 2977236.537930 1631777213.930099
1253 495 -1 -1 0 0 0 0 0.000000 0.000000 0.000000 -nan 0.000000
1254 496 0 181 80 80 294015000 294015000 221112296.669657 984648321.841500 645000000.000000 2763903.708371 1629648321.841500
1255 497 0 233 80 80 294015000 294015000 226691039.572658 989008001.308650 645000000.000000 2833637.994658 1634008001.308650
1256 498 0 30 5 5 147584000 147584000 110457771.413905 1009600640.479391 645000000.000000 22091554.282781 1654600640.479391
1257 499 -1 -1 0 0 0 0 0.000000 0.000000 0.000000 -nan 0.000000
1258 500 -1 -1 0 0 0 0 0.000000 0.000000 0.000000 -nan 0.000000
1259 501 -1 -1 0 0 0 0 0.000000 0.000000 0.000000 -nan 0.000000
1260 502 -1 -1 0 0 0 0 0.000000 0.000000 0.000000 -nan 0.000000
1261 503 -1 -1 0 0 0 0 0.000000 0.000000 0.000000 -nan 0.000000
1262 504 0 236 80 80 294015000 294015000 232049462.062851 985211741.102212 645000000.000000 2900618.275786 1630211741.102212
1263 505 0 146 80 80 294015000 294015000 226733760.104371 986324393.921958 645000000.000000 2834172.001305 1631324393.921958
1264 506 -1 -1 0 0 0 0 0.000000 0.000000 0.000000 -nan 0.000000
1265 507 0 227 80 80 294015000 294015000 231771340.518230 984960511.898825 645000000.000000 2897141.756478 1629960511.898825
1266 508 -1 -1 0 0 0 0 0.000000 0.000000 0.000000 -nan 0.000000
1267 509 -1 -1 0 0 0 0 0.000000 0.000000 0.000000 -nan 0.000000
1315 510 -1 -1 0 0 0 0 0.000000 0.000000 0.000000 -nan 0.000000
1316 511 0 7 85 85 441599000 441599000 347436793.396022 1008306416.918496 645000000.000000 4087491.687012 1653306416.918496
1317 512 -1 -1 0 0 0 0 0.000000 0.000000 0.000000 -nan 0.000000
1318 513 0 117 80 80 294015000 294015000 242226313.790514 987738728.976874 645000000.000000 3027828.922381 1632738728.976874
1319 514 -1 -1 0 0 0 0 0.000000 0.000000 0.000000 -nan 0.000000
1320 515 -1 -1 0 0 0 0 0.000000 0.000000 0.000000 -nan 0.000000
1321 516 -1 -1 0 0 0 0 0.000000 0.000000 0.000000 -nan 0.000000
1322 517 -1 -1 0 0 0 0 0.000000 0.000000 0.000000 -nan 0.000000
1323 518 -1 -1 0 0 0 0 0.000000 0.000000 0.000000 -nan 0.000000
1324 519 0 290 80 80 294015000 294015000 247184927.604514 988447364.240942 645000000.000000 3089811.595056 1633447364.240942
1325 520 -1 -1 0 0 0 0 0.000000 0.000000 0.000000 -nan 0.000000
1326 521 -1 -1 0 0 0 0 0.000000 0.000000 0.000000 -nan 0.000000
1327 522 0 59 85 85 441599000 441599000 338889097.204198 1006454170.108699 645000000.000000 3986930.555344 1651454170.108699
1328 523 -1 -1 0 0 0 0 0.000000 0.000000 0.000000 -nan 0.000000
1329 524 0 93 80 80 294015000 294015000 228935799.043501 985734215.531640 645000000.000000 2861697.488044 1630734215.531640
1330 525 -1 -1 0 0 0 0 0.000000 0.000000 0.000000 -nan 0.000000
1331 526 -1 -1 0 0 0 0 0.000000 0.000000 0.000000 -nan 0.000000
1332 527 -1 -1 0 0 0 0 0.000000 0.000000 0.000000 -nan 0.000000
1333 528 -1 -1 0 0 0 0 0.000000 0.000000 0.000000 -nan 0.000000
1334 529 -1 -1 0 0 0 0 0.000000 0.000000 0.000000 -nan 0.000000
1335 530 -1 -1 0 0 0 0 0.000000 0.000000 0.000000 -nan 0.000000
1336 531 -1 -1 0 0 0 0 0.000000 0.000000 0.000000 -nan 0.000000
1337 532 0 206 80 80 294015000 294015000 231077760.893181 986142528.885716 645000000.000000 2888472.011165 1631142528.885716
1338 533 0 272 80 80 294015000 294015000 226828694.471123 986308918.355040 645000000.000000 2835358.680889 1631308918.355040
1339 534 -1 -1 0 0 0 0 0.000000 0.000000 0.000000 -nan 0.000000
1340 535 -1 -1 0 0 0 0 0.000000 0.000000 0.000000 -nan 0.000000
1341 536 -1 -1 0 0 0 0 0.000000 0.000000 0.000000 -nan 0.000000
1342 537 -1 -1 0 0 0 0 0.000000 0.000000 0.000000 -nan 0.000000
1343 538 -1 -1 0 0 0 0 0.000000 0.000000 0.000000 -nan 0.000000
1344 539 -1 -1 0 0 0 0 0.000000 0.000000 0.000000 -nan 0.000000
1392 540 -1 -1 0 0 0 0 0.000000 0.000000 0.000000 -nan 0.000000
1393 541 0 129 80 80 294015000 294015000 221687073.783719 983406366.838384 645000000.000000 2771088.422296 1628406366.838384
1394 542 -1 -1 0 0 0 0 0.000000 0.000000 0.000000 -nan 0.000000
1395 543 0 226 80 80 294015000 294015000 227007222.574458 984974841.046877 645000000.000000 2837590.282181 1629974841.046877
1396 544 -1 -1 0 0 0 0 0.000000 0.000000 0.000000 -nan 0.000000
1397 545 -1 -1 0 0 0 0 0.000000 0.000000 0.000000 -nan 0.000000
1398 546 -1 -1 0 0 0 0 0.000000 0.000000 0.000000 -nan 0.000000
1399 547 0 285 80 80 294015000 294015000 220815033.843682 984743817.608067 645000000.000000 2760187.923046 1629743817.608067
1400 548 -1 -1 0 0 0 0 0.000000 0.000000 0.000000 -nan 0.000000
1401 549 -1 -1 0 0 0 0 0.000000 0.000000 0.000000 -nan 0.000000
1402 550 0 188 80 80 294015000 294015000 231464903.572805 985483855.510624 645000000.000000 2893311.294660 1630483855.510624
1403 551 0 153 80 80 294015000 294015000 235577728.451417 985806658.520453 645000000.000000 2944721.605643 1630806658.520453
1404 552 -1 -1 0 0 0 0 0.000000 0.000000 0.000000 -nan 0.000000
1405 553 -1 -1 0 0 0 0 0.000000 0.000000 0.000000 -nan 0.000000
1406 554 0 73 85 85 441599000 441599000 347996900.499638 1009472556.528277 645000000.000000 4094081.182349 1654472556.528277
1407 555 -1 -1 0 0 0 0 0.000000 0.000000 0.000000 -nan 0.000000
1408 556 -1 -1 0 0 0 0 0.000000 0.000000 0.000000 -nan 0.000000
1409 557 0 88 80 80 294015000 294015000 228016118.559927 988757079.258398 645000000.000000 2850201.481999 1633757079.258398
1410 558 0 86 5 5 147584000 147584000 110458243.993460 1008428901.357958 645000000.000000 22091648.798692 1653428901.357958
1411 559 -1 -1 0 0 0 0 0.000000 0.000000 0.000000 -nan 0.000000
1412 560 -1 -1 0 0 0 0 0.000000 0.000000 0.000000 -nan 0.000000
1413 561 -1 -1 0 0 0 0 0.000000 0.000000 0.000000 -nan 0.000000
1414 562 -1 -1 0 0 0 0 0.000000 0.000000 0.000000 -nan 0.000000
1415 563 -1 -1 0 0 0 0 0.000000 0.000000 0.000000 -nan 0.000000
1416 564 -1 -1 0 0 0 0 0.000000 0.000000 0.000000 -nan 0.000000
1417 565 -1 -1 0 0 0 0 0.000000 0.000000 0.000000 -nan 0.000000
1418 566 -1 -1 0 0 0 0 0.000000 0.000000 0.000000 -nan 0.000000
1419 567 0 64 5 5 147584000 147584000 110450005.634284 1007909092.490907 645000000.000000 22090001.126857 1652909092.490907
1420 568 -1 -1 0 0 0 0 0.000000 0.000000 0.000000 -nan 0.000000
1421 569 -1 -1 0 0 0 0 0.000000 0.000000 0.000000 -nan 0.000000
1469 570 0 53 85 85 441599000 441599000 357253493.005231 1012886315.992679 645000000.000000 4202982.270650 1657886315.992679
1470 571 -1 -1 0 0 0 0 0.000000 0.000000 0.000000 -nan 0.000000
1471 572 -1 -1 0 0 0 0 0.000000 0.000000 0.000000 -nan 0.000000
1472 573 -1 -1 0 0 0 0 0.000000 0.000000 0.000000 -nan 0.000000
1473 574 -1 -1 0 0 0 0 0.000000 0.000000 0.000000 -nan 0.000000
1474 575 0 260 80 80 294015000 294015000 221444229.022530 984351083.004531 645000000.000000 2768052.862782 1629351083.004531
1475 576 -1 -1 0 0 0 0 0.000000 0.000000 0.000000 -nan 0.000000
1476 577 0 39 85 85 441599000 441599000 331127161.616095 1006336053.928071 645000000.000000 3895613.666072 1651336053.928071
1477 578 -1 -1 0 0 0 0 0.000000 0.000000 0.000000 -nan 0.000000
1478 579 -1 -1 0 0 0 0 0.000000 0.000000 0.000000 -nan 0.000000
1479 580 -1 -1 0 0 0 0 0.000000 0.000000 0.000000 -nan 0.000000
1480 581 -1 -1 0 0 0 0 0.000000 0.000000 0.000000 -nan 0.000000
1481 582 0 196 80 80 294015000 294015000 221693091.374928 984985335.652872 645000000.000000 2771163.642187 1629985335.652872
1482 583 -1 -1 0 0 0 0 0.000000 0.000000 0.000000 -nan 0.000000
1483 584 0 68 5 5 147584000 147584000 110457770.641576 1009550120.717392 645000000.000000 22091554.128315 1654550120.717392
1484 585 -1 -1 0 0 0 0 0.000000 0.000000 0.000000 -nan 0.000000
1485 586 -1 -1 0 0 0 0 0.000000 0.000000 0.000000 -nan 0.000000
1486 587 0 45 85 85 441599000 441599000 342473900.760858 1008443025.707534 645000000.000000 4029104.714834 1653443025.707534
1487 588 -1 -1 0 0 0 0 0.000000 0.000000 0.000000 -nan 0.000000
1488 589 -1 -1 0 0 0 0 0.000000 0.000000 0.000000 -nan 0.000000
1489 590 -1 -1 0 0 0 0 0.000000 0.000000 0.000000 -nan 0.000000
1490 591 -1 -1 0 0 0 0 0.000000 0.000000 0.000000 -nan 0.000000
1491 592 0 6 5 5 147584000 147584000 110450005.720660 1008317532.022353 645000000.000000 22090001.144132 1653317532.022353
1492 593 -1 -1 0 0 0 0 0.000000 0.000000 0.000000 -nan 0.000000
1493 594 0 241 80 80 294015000 294015000 224677993.181391 984333690.937385 645000000.000000 2808474.914767 1629333690.937385
1494 595 -1 -1 0 0 0 0 0.000000 0.000000 0.000000 -nan 0.000000
1495 596 -1 -1 0 0 0 0 0.000000 0.000000 0.000000 -nan 0.000000
1496 597 -1 -1 0 0 0 0 0.000000 0.000000 0.000000 -nan 0.000000
1497 598 -1 -1 0 0 0 0 0.000000 0.000000 0.000000 -nan 0.000000
1498 599 0 276 80 80 294015000 294015000 224741455.491004 986137387.666409 645000000.000000 2809268.193638 1631137387.666409
1546 600 -1 -1 0 0 0 0 0.000000 0.000000 0.000000 -nan 0.000000
1547 601 -1 -1 0 0 0 0 0.000000 0.000000 0.000000 -nan 0.000000
1548 602 0 87 85 85 441599000 441599000 337070287.714281 1008414541.339497 645000000.000000 3965532.796639 1653414541.339497
1549 603 -1 -1 0 0 0 0 0.000000 0.000000 0.000000 -nan 0.000000
1550 604 -1 -1 0 0 0 0 0.000000 0.000000 0.000000 -nan 0.000000
1551 605 -1 -1 0 0 0 0 0.000000 0.000000 0.000000 -nan 0.000000
1552 606 -1 -1 0 0 0 0 0.000000 0.000000 0.000000 -nan 0.000000
1553 607 0 46 5 5 147584000 147584000 107378228.992774 1007855806.873965 645000000.000000 21475645.798555 1652855806.873965
1554 608 -1 -1 0 0 0 0 0.000000 0.000000 0.000000 -nan 0.000000
1555 609 -1 -1 0 0 0 0 0.000000 0.000000 0.000000 -nan 0.000000
1556 610 -1 -1 0 0 0 0 0.000000 0.000000 0.000000 -nan 0.000000
1557 611 -1 -1 0 0 0 0 0.000000 0.000000 0.000000 -nan 0.000000
1558 612 0 92 80 80 294015000 294015000 233471019.169030 985719886.328382 645000000.000000 2918387.739613 1630719886.328382
1559 613 0 47 85 85 441599000 441599000 338529678.080693 1007847181.046372 645000000.000000 3982702.095067 1652847181.046372
1560 614 0 133 80 80 294015000 294015000 223489098.684074 987229094.071441 645000000.000000 2793613.733551 1632229094.071441
1561 615 -1 -1 0 0 0 0 0.000000 0.000000 0.000000 -nan 0.000000
1562 616 0 169 80 80 294015000 294015000 237805462.418056 989237779.258690 645000000.000000 2972568.280226 1634237779.258690
1563 617 -1 -1 0 0 0 0 0.000000 0.000000 0.000000 -nan 0.000000
1564 618 -1 -1 0 0 0 0 0.000000 0.000000 0.000000 -nan 0.000000
1565 619 0 107 80 80 294015000 294015000 224877871.719407 983879614.181776 645000000.000000 2810973.396493 1628879614.181776
1566 620 -1 -1 0 0 0 0 0.000000 0.000000 0.000000 -nan 0.000000
1567 621 0 263 80 80 294015000 294015000 224240819.234417 984349255.139359 645000000.000000 2803010.240430 1629349255.139359
1568 622 -1 -1 0 0 0 0 0.000000 0.000000 0.000000 -nan 0.000000
1569 623 -1 -1 0 0 0 0 0.000000 0.000000 0.000000 -nan 0.000000
1570 624 0 223 80 80 294015000 294015000 237985707.131932 989784885.152887 645000000.000000 2974821.339149 1634784885.152887
1571 625 -1 -1 0 0 0 0 0.000000 0.000000 0.000000 -nan 0.000000
1572 626 -1 -1 0 0 0 0 0.000000 0.000000 0.000000 -nan 0.000000
1573 627 -1 -1 0 0 0 0 0.000000 0.000000 0.000000 -nan 0.000000
1574 628 -1 -1 0 0 0 0 0.000000 0.000000 0.000000 -nan 0.000000
1575 629 -1 -1 0 0 0 0 0.000000 0.000000 0.000000 -nan 0.000000
1623 630 0 193 80 80 294015000 294015000 233892342.686112 987483092.709538 645000000.000000 2923654.283576 1632483092.709538
1624 631 0 152 80 80 294015000 294015000 221029125.039989 985820987.881831 645000000.000000 2762864.063000 1630820987.881831
1625 632 -1 -1 0 0 0 0 0.000000 0.000000 0.000000 -nan 0.000000
1626 633 -1 -1 0 0 0 0 0.000000 0.000000 0.000000 -nan 0.000000
1627 634 -1 -1 0 0 0 0 0.000000 0.000000 0.000000 -nan 0.000000
1628 635 -1 -1 0 0 0 0 0.000000 0.000000 0.000000 -nan 0.000000
1629 636 -1 -1 0 0 0 0 0.000000 0.000000 0.000000 -nan 0.000000
1630 637 0 203 80 80 294015000 294015000 225947650.554441 987456269.812833 645000000.000000 2824345.631931 1632456269.812833
1631 638 -1 -1 0 0 0 0 0.000000 0.000000 0.000000 -nan 0.000000
1632 639 -1 -1 0 0 0 0 0.000000 0.000000 0.000000 -nan 0.000000
1633 640 -1 -1 0 0 0 0 0.000000 0.000000 0.000000 -nan 0.000000
1634 641 0 278 80 80 294015000 294015000 220869726.923815 986116290.528667 645000000.000000 2760871.586548 1631116290.528667
1635 642 -1 -1 0 0 0 0 0.000000 0.000000 0.000000 -nan 0.000000
1636 643 -1 -1 0 0 0 0 0.000000 0.000000 0.000000 -nan 0.000000
1637 644 -1 -1 0 0 0 0 0.000000 0.000000 0.000000 -nan 0.000000
1638 645 -1 -1 0 0 0 0 0.000000 0.000000 0.000000 -nan 0.000000
1639 646 0 191 80 80 294015000 294015000 239246160.093467 986268186.927922 645000000.000000 2990577.001168 1631268186.927922
1640 647 0 24 5 5 147584000 147584000 110457771.473673 1006814813.719952 645000000.000000 22091554.294735 1651814813.719952
1641 648 -1 -1 0 0 0 0 0.000000 0.000000 0.000000 -nan 0.000000
1642 649 -1 -1 0 0 0 0 0.000000 0.000000 0.000000 -nan 0.000000
1643 650 -1 -1 0 0 0 0 0.000000 0.000000 0.000000 -nan 0.000000
1644 651 -1 -1 0 0 0 0 0.000000 0.000000 0.000000 -nan 0.000000
1645 652 0 66 5 5 147584000 147584000 110457770.608283 1007924975.108400 645000000.000000 22091554.121657 1652924975.108400
1646 653 -1 -1 0 0 0 0 0.000000 0.000000 0.000000 -nan 0.000000
1647 654 -1 -1 0 0 0 0 0.000000 0.000000 0.000000 -nan 0.000000
1648 655 -1 -1 0 0 0 0 0.000000 0.000000 0.000000 -nan 0.000000
1649 656 0 36 5 5 147584000 147584000 110457770.920358 1006364743.769542 645000000.000000 22091554.184072 1651364743.769542
1650 657 -1 -1 0 0 0 0 0.000000 0.000000 0.000000 -nan 0.000000
1651 658 -1 -1 0 0 0 0 0.000000 0.000000 0.000000 -nan 0.000000
1652 659 -1 -1 0 0 0 0 0.000000 0.000000 0.000000 -nan 0.000000
1700 660 0 213 80 80 294015000 294015000 227305697.149655 984410473.490657 645000000.000000 2841321.214371 1629410473.490657
1701 661 0 52 5 5 147584000 147584000 110450004.882248 1012897430.983248 645000000.000000 22090000.976450 1657897430.983248
1702 662 -1 -1 0 0 0 0 0.000000 0.000000 0.000000 -nan 0.000000
1703 663 -1 -1 0 0 0 0 0.000000 0.000000 0.000000 -nan 0.000000
1704 664 0 58 5 5 147584000 147584000 112617282.677144 1006468529.960338 645000000.000000 22523456.535429 1651468529.960338
1705 665 -1 -1 0 0 0 0 0.000000 0.000000 0.000000 -nan 0.000000
1706 666 0 1 85 85 441599000 441599000 349689603.827631 1010364724.447837 645000000.000000 4113995.339149 1655364724.447837
1707 667 -1 -1 0 0 0 0 0.000000 0.000000 0.000000 -nan 0.000000
1708 668 -1 -1 0 0 0 0 0.000000 0.000000 0.000000 -nan 0.000000
1709 669 -1 -1 0 0 0 0 0.000000 0.000000 0.000000 -nan 0.000000
1710 670 0 286 80 80 294015000 294015000 252703407.003321 989352819.154480 645000000.000000 3158792.587542 1634352819.154480
1711 671 -1 -1 0 0 0 0 0.000000 0.000000 0.000000 -nan 0.000000
1712 672 0 80 5 5 147584000 147584000 110457771.369515 1007310166.883353 645000000.000000 22091554.273903 1652310166.883353
1713 673 0 9 85 85 441599000 441599000 374662615.419336 1013813209.951319 645000000.000000 4407795.475522 1658813209.951319
1714 674 -1 -1 0 0 0 0 0.000000 0.000000 0.000000 -nan 0.000000
1715 675 0 198 80 80 294015000 294015000 223080935.082246 984970731.616207 645000000.000000 2788511.688528 1629970731.616207
1716 676 -1 -1 0 0 0 0 0.000000 0.000000 0.000000 -nan 0.000000
1717 677 -1 -1 0 0 0 0 0.000000 0.000000 0.000000 -nan 0.000000
1718 678 -1 -1 0 0 0 0 0.000000 0.000000 0.000000 -nan 0.000000
1719 679 -1 -1 0 0 0 0 0.000000 0.000000 0.000000 -nan 0.000000
1720 680 -1 -1 0 0 0 0 0.000000 0.000000 0.000000 -nan 0.000000
1721 681 0 298 80 80 294015000 294015000 228692043.322477 986043443.475048 645000000.000000 2858650.541531 1631043443.475048
1722 682 0 249 80 80 294015000 294015000 235720526.992662 985394672.709796 645000000.000000 2946506.587408 1630394672.709796
1723 683 -1 -1 0 0 0 0 0.000000 0.000000 0.000000 -nan 0.000000
1724 684 0 239 80 80 294015000 294015000 228204086.952632 985237615.198912 645000000.000000 2852551.086908 1630237615.198912
1725 685 -1 -1 0 0 0 0 0.000000 0.000000 0.000000 -nan 0.000000
1726 686 -1 -1 0 0 0 0 0.000000 0.000000 0.000000 -nan 0.000000
1727 687 -1 -1 0 0 0 0 0.000000 0.000000 0.000000 -nan 0.000000
1728 688 -1 -1 0 0 0 0 0.000000 0.000000 0.000000 -nan 0.000000
1729 689 0 15 85 85 441599000 441599000 371460543.379269 1012681445.220245 645000000.000000 4370124.039756 1657681445.220245
1777 690 0 212 80 80 294015000 294015000 221922487.569252 984421557.276774 645000000.000000 2774031.094616 1629421557.276774
1778 691 0 220 80 80 294015000 294015000 238245898.521041 985167079.409014 645000000.000000 2978073.731513 1630167079.409014
1779 692 -1 -1 0 0 0 0 0.000000 0.000000 0.000000 -nan 0.000000
1780 693 -1 -1 0 0 0 0 0.000000 0.000000 0.000000 -nan 0.000000
1781 694 -1 -1 0 0 0 0 0.000000 0.000000 0.000000 -nan 0.000000
1782 695 -1 -1 0 0 0 0 0.000000 0.000000 0.000000 -nan 0.000000
1783 696 -1 -1 0 0 0 0 0.000000 0.000000 0.000000 -nan 0.000000
1784 697 0 266 80 80 294015000 294015000 235345494.851669 987633086.996197 645000000.000000 2941818.685646 1632633086.996197
1785 698 0 61 85 85 441599000 441599000 336110920.175568 1009061896.060383 645000000.000000 3954246.119713 1654061896.060383
1786 699 -1 -1 0 0 0 0 0.000000 0.000000 0.000000 -nan 0.000000
1787 700 0 293 80 80 294015000 294015000 220941961.380034 984436391.150198 645000000.000000 2761774.517250 1629436391.150198
1788 701 -1 -1 0 0 0 0 0.000000 0.000000 0.000000 -nan 0.000000
1789 702 -1 -1 0 0 0 0 0.000000 0.000000 0.000000 -nan 0.000000
1790 703 0 81 85 85 441599000 441599000 337779105.022740 1007295807.176070 645000000.000000 3973871.823797 1652295807.176070
1791 704 -1 -1 0 0 0 0 0.000000 0.000000 0.000000 -nan 0.000000
1792 705 -1 -1 0 0 0 0 0.000000 0.000000 0.000000 -nan 0.000000
1793 706 -1 -1 0 0 0 0 0.000000 0.000000 0.000000 -nan 0.000000
1794 707 -1 -1 0 0 0 0 0.000000 0.000000 0.000000 -nan 0.000000
1795 708 -1 -1 0 0 0 0 0.000000 0.000000 0.000000 -nan 0.000000
1796 709 0 29 85 85 441599000 441599000 332517051.215545 1009610350.657885 645000000.000000 3911965.308418 1654610350.657885
1797 710 -1 -1 0 0 0 0 0.000000 0.000000 0.000000 -nan 0.000000
1798 711 0 261 80 80 294015000 294015000 222412335.000061 984365412.020046 645000000.000000 2780154.187501 1629365412.020046
1799 712 -1 -1 0 0 0 0 0.000000 0.000000 0.000000 -nan 0.000000
1800 713 0 74 5 5 147584000 147584000 110457771.423998 1009468891.821151 645000000.000000 22091554.284800 1654468891.821151
1801 714 0 281 80 80 294015000 294015000 228978851.560515 986631536.729445 645000000.000000 2862235.644506 1631631536.729445
1802 715 0 185 80 80 294015000 294015000 224134578.350723 984289451.126876 645000000.000000 2801682.229384 1629289451.126876
1803 716 -1 -1 0 0 0 0 0.000000 0.000000 0.000000 -nan 0.000000
1804 717 -1 -1 0 0 0 0 0.000000 0.000000 0.000000 -nan 0.000000
1805 718 -1 -1 0 0 0 0 0.000000 0.000000 0.000000 -nan 0.000000
1806 719 0 40 5 5 147584000 147584000 110458497.975956 1007428716.828156 645000000.000000 22091699.595191 1652428716.828156
1854 720 0 168 80 80 294015000 294015000 255875489.753133 989217729.189075 645000000.000000 3198443.621914 1634217729.189075
1855 721 0 222 80 80 294015000 294015000 260017687.179792 989770555.516059 645000000.000000 3250221.089747 1634770555.516059
1856 722 0 5 85 85 441599000 441599000 351800313.622904 1009636792.175838 645000000.000000 4138827.219093 1654636792.175838
1857 723 0 148 80 80 294015000 294015000 229188347.595774 986579954.141793 645000000.000000 2864854.344947 1631579954.141793
1858 724 0 56 5 5 147584000 147584000 110457771.612968 1006482859.572003 645000000.000000 22091554.322594 1651482859.572003
1859 725 -1 -1 0 0 0 0 0.000000 0.000000 0.000000 -nan 0.000000
1860 726 0 211 80 80 294015000 294015000 222818721.765907 983757613.490804 645000000.000000 2785234.022074 1628757613.490804
1861 727 -1 -1 0 0 0 0 0.000000 0.000000 0.000000 -nan 0.000000
1862 728 -1 -1 0 0 0 0 0.000000 0.000000 0.000000 -nan 0.000000
1863 729 -1 -1 0 0 0 0 0.000000 0.000000 0.000000 -nan 0.000000
1864 730 -1 -1 0 0 0 0 0.000000 0.000000 0.000000 -nan 0.000000
1865 731 -1 -1 0 0 0 0 0.000000 0.000000 0.000000 -nan 0.000000
1866 732 -1 -1 0 0 0 0 0.000000 0.000000 0.000000 -nan 0.000000
1867 733 -1 -1 0 0 0 0 0.000000 0.000000 0.000000 -nan 0.000000
1868 734 -1 -1 0 0 0 0 0.000000 0.000000 0.000000 -nan 0.000000
1869 735 -1 -1 0 0 0 0 0.000000 0.000000 0.000000 -nan 0.000000
1870 736 0 219 80 80 294015000 294015000 249750430.722276 988668139.887379 645000000.000000 3121880.384028 1633668139.887379
1871 737 0 41 85 85 441599000 441599000 346258466.992864 1007414357.084926 645000000.000000 4073629.023445 1652414357.084926
1872 738 0 204 80 80 294015000 294015000 256183071.497534 989257503.979143 645000000.000000 3202288.393719 1634257503.979143
1873 739 -1 -1 0 0 0 0 0.000000 0.000000 0.000000 -nan 0.000000
1874 740 -1 -1 0 0 0 0 0.000000 0.000000 0.000000 -nan 0.000000
1875 741 -1 -1 0 0 0 0 0.000000 0.000000 0.000000 -nan 0.000000
1876 742 -1 -1 0 0 0 0 0.000000 0.000000 0.000000 -nan 0.000000
1877 743 0 173 80 80 294015000 294015000 235200515.656981 986286317.826290 645000000.000000 2940006.445712 1631286317.826290
1878 744 0 257 80 80 294015000 294015000 246874011.051167 987935744.075109 645000000.000000 3085925.138140 1632935744.075109
1879 745 -1 -1 0 0 0 0 0.000000 0.000000 0.000000 -nan 0.000000
1880 746 -1 -1 0 0 0 0 0.000000 0.000000 0.000000 -nan 0.000000
1881 747 0 14 5 5 147584000 147584000 110457771.583546 1012695805.381083 645000000.000000 22091554.316709 1657695805.381083
1882 748 0 156 80 80 294015000 294015000 232640134.597528 986305396.322405 645000000.000000 2908001.682469 1631305396.322405
1883 749 -1 -1 0 0 0 0 0.000000 0.000000 0.000000 -nan 0.000000
1931 750 -1 -1 0 0 0 0 0.000000 0.000000 0.000000 -nan 0.000000
1932 751 0 268 80 80 294015000 294015000 223135925.239812 983396260.460996 645000000.000000 2789199.065498 1628396260.460996
1933 752 -1 -1 0 0 0 0 0.000000 0.000000 0.000000 -nan 0.000000
1934 753 -1 -1 0 0 0 0 0.000000 0.000000 0.000000 -nan 0.000000
1935 754 -1 -1 0 0 0 0 0.000000 0.000000 0.000000 -nan 0.000000
1936 755 -1 -1 0 0 0 0 0.000000 0.000000 0.000000 -nan 0.000000
1937 756 0 218 80 80 294015000 294015000 236321901.800846 988685523.797629 645000000.000000 2954023.772511 1633685523.797629
1938 757 -1 -1 0 0 0 0 0.000000 0.000000 0.000000 -nan 0.000000
1939 758 0 17 85 85 441599000 441599000 347153758.969353 1008288979.821366 645000000.000000 4084161.870228 1653288979.821366
1940 759 0 299 80 80 294015000 294015000 240680531.973787 986029114.446579 645000000.000000 3008506.649672 1631029114.446579
1941 760 0 112 80 80 294015000 294015000 228377699.006509 984373386.665814 645000000.000000 2854721.237581 1629373386.665814
1942 761 0 176 80 80 294015000 294015000 236837138.443137 986070939.959979 645000000.000000 2960464.230539 1631070939.959979
1943 762 -1 -1 0 0 0 0 0.000000 0.000000 0.000000 -nan 0.000000
1944 763 -1 -1 0 0 0 0 0.000000 0.000000 0.000000 -nan 0.000000
1945 764 -1 -1 0 0 0 0 0.000000 0.000000 0.000000 -nan 0.000000
1946 765 -1 -1 0 0 0 0 0.000000 0.000000 0.000000 -nan 0.000000
1947 766 -1 -1 0 0 0 0 0.000000 0.000000 0.000000 -nan 0.000000
1948 767 -1 -1 0 0 0 0 0.000000 0.000000 0.000000 -nan 0.000000
1949 768 -1 -1 0 0 0 0 0.000000 0.000000 0.000000 -nan 0.000000
1950 769 0 209 80 80 294015000 294015000 221221135.061852 983744513.823975 645000000.000000 2765264.188273 1628744513.823975
1951 770 -1 -1 0 0 0 0 0.000000 0.000000 0.000000 -nan 0.000000
1952 771 0 32 5 5 147584000 147584000 110457771.069691 1006352966.323663 645000000.000000 22091554.213938 1651352966.323663
1953 772 -1 -1 0 0 0 0 0.000000 0.000000 0.000000 -nan 0.000000
1954 773 -1 -1 0 0 0 0 0.000000 0.000000 0.000000 -nan 0.000000
1955 774 -1 -1 0 0 0 0 0.000000 0.000000 0.000000 -nan 0.000000
1956 775 -1 -1 0 0 0 0 0.000000 0.000000 0.000000 -nan 0.000000
1957 776 -1 -1 0 0 0 0 0.000000 0.000000 0.000000 -nan 0.000000
1958 777 -1 -1 0 0 0 0 0.000000 0.000000 0.000000 -nan 0.000000
1959 778 -1 -1 0 0 0 0 0.000000 0.000000 0.000000 -nan 0.000000
1960 779 -1 -1 0 0 0 0 0.000000 0.000000 0.000000 -nan 0.000000
2008 780 -1 -1 0 0 0 0 0.000000 0.000000 0.000000 -nan 0.000000
2009 781 -1 -1 0 0 0 0 0.000000 0.000000 0.000000 -nan 0.000000
2010 782 -1 -1 0 0 0 0 0.000000 0.000000 0.000000 -nan 0.000000
2011 783 -1 -1 0 0 0 0 0.000000 0.000000 0.000000 -nan 0.000000
2012 784 -1 -1 0 0 0 0 0.000000 0.000000 0.000000 -nan 0.000000
2013 785 0 19 85 85 441599000 441599000 340470593.545828 1008303309.870785 645000000.000000 4005536.394657 1653303309.870785
2014 786 -1 -1 0 0 0 0 0.000000 0.000000 0.000000 -nan 0.000000
2015 787 -1 -1 0 0 0 0 0.000000 0.000000 0.000000 -nan 0.000000
2016 788 0 244 80 80 294015000 294015000 247121612.246562 988697614.770505 645000000.000000 3089020.153082 1633697614.770505
2017 789 0 277 80 80 294015000 294015000 245304853.986444 986123058.392184 645000000.000000 3066310.674831 1631123058.392184
2018 790 0 70 5 5 147584000 147584000 110450004.107384 1009562896.271867 645000000.000000 22090000.821477 1654562896.271867
2019 791 -1 -1 0 0 0 0 0.000000 0.000000 0.000000 -nan 0.000000
2020 792 0 63 85 85 441599000 441599000 353055850.004402 1009047566.826946 645000000.000000 4153598.235346 1654047566.826946
2021 793 0 145 80 80 294015000 294015000 224723464.701562 984550481.995409 645000000.000000 2809043.308770 1629550481.995409
2022 794 0 280 80 80 294015000 294015000 241491643.475746 986610714.881412 645000000.000000 3018645.543447 1631610714.881412
2023 795 -1 -1 0 0 0 0 0.000000 0.000000 0.000000 -nan 0.000000
2024 796 0 271 80 80 294015000 294015000 228264207.832709 984925000.981566 645000000.000000 2853302.597909 1629925000.981566
2025 797 -1 -1 0 0 0 0 0.000000 0.000000 0.000000 -nan 0.000000
2026 798 -1 -1 0 0 0 0 0.000000 0.000000 0.000000 -nan 0.000000
2027 799 0 149 80 80 294015000 294015000 240890034.614822 986567178.024715 645000000.000000 3011125.432685 1631567178.024715
2028 800 0 27 85 85 441599000 441599000 330292632.190765 1006786123.892108 645000000.000000 3885795.672833 1651786123.892108
2029 801 -1 -1 0 0 0 0 0.000000 0.000000 0.000000 -nan 0.000000
2030 802 0 205 80 80 294015000 294015000 235772579.086643 989271833.335757 645000000.000000 2947157.238583 1634271833.335757
2031 803 -1 -1 0 0 0 0 0.000000 0.000000 0.000000 -nan 0.000000
2032 804 0 283 80 80 294015000 294015000 246281620.364118 987176248.668034 645000000.000000 3078520.254551 1632176248.668034
2033 805 0 65 85 85 441599000 441599000 341324046.931772 1007897977.988158 645000000.000000 4015577.022727 1652897977.988158
2034 806 -1 -1 0 0 0 0 0.000000 0.000000 0.000000 -nan 0.000000
2035 807 0 237 80 80 294015000 294015000 229123698.787538 985226069.901787 645000000.000000 2864046.234844 1630226069.901787
2036 808 0 289 80 80 294015000 294015000 247410582.877826 989098642.513662 645000000.000000 3092632.285973 1634098642.513662
2037 809 -1 -1 0 0 0 0 0.000000 0.000000 0.000000 -nan 0.000000
2085 810 -1 -1 0 0 0 0 0.000000 0.000000 0.000000 -nan 0.000000
2086 811 -1 -1 0 0 0 0 0.000000 0.000000 0.000000 -nan 0.000000
2087 812 0 151 80 80 294015000 294015000 222473040.294389 984519686.849128 645000000.000000 2780913.003680 1629519686.849128
2088 813 -1 -1 0 0 0 0 0.000000 0.000000 0.000000 -nan 0.000000
2089 814 -1 -1 0 0 0 0 0.000000 0.000000 0.000000 -nan 0.000000
2090 815 -1 -1 0 0 0 0 0.000000 0.000000 0.000000 -nan 0.000000
2091 816 -1 -1 0 0 0 0 0.000000 0.000000 0.000000 -nan 0.000000
2092 817 0 49 85 85 441599000 441599000 334388264.149168 1010034632.052796 645000000.000000 3933979.578226 1655034632.052796
2093 818 -1 -1 0 0 0 0 0.000000 0.000000 0.000000 -nan 0.000000
2094 819 -1 -1 0 0 0 0 0.000000 0.000000 0.000000 -nan 0.000000
2095 820 0 124 80 80 294015000 294015000 220604939.275431 984555007.267766 645000000.000000 2757561.740943 1629555007.267766
2096 821 -1 -1 0 0 0 0 0.000000 0.000000 0.000000 -nan 0.000000
2097 822 -1 -1 0 0 0 0 0.000000 0.000000 0.000000 -nan 0.000000
2098 823 0 250 80 80 294015000 294015000 222773300.638744 985420361.937907 645000000.000000 2784666.257984 1630420361.937907
2099 824 -1 -1 0 0 0 0 0.000000 0.000000 0.000000 -nan 0.000000
2100 825 -1 -1 0 0 0 0 0.000000 0.000000 0.000000 -nan 0.000000
2101 826 -1 -1 0 0 0 0 0.000000 0.000000 0.000000 -nan 0.000000
2102 827 -1 -1 0 0 0 0 0.000000 0.000000 0.000000 -nan 0.000000
2103 828 -1 -1 0 0 0 0 0.000000 0.000000 0.000000 -nan 0.000000
2104 829 -1 -1 0 0 0 0 0.000000 0.000000 0.000000 -nan 0.000000
2105 830 -1 -1 0 0 0 0 0.000000 0.000000 0.000000 -nan 0.000000
2106 831 0 210 80 80 294015000 294015000 221444720.432629 983743284.066373 645000000.000000 2768059.005408 1628743284.066373
2107 832 -1 -1 0 0 0 0 0.000000 0.000000 0.000000 -nan 0.000000
2108 833 -1 -1 0 0 0 0 0.000000 0.000000 0.000000 -nan 0.000000
2109 834 -1 -1 0 0 0 0 0.000000 0.000000 0.000000 -nan 0.000000
2110 835 0 201 80 80 294015000 294015000 225545081.417226 984517232.562232 645000000.000000 2819313.517715 1629517232.562232
2111 836 0 199 80 80 294015000 294015000 233132321.786126 984959647.312836 645000000.000000 2914154.022327 1629959647.312836
2112 837 -1 -1 0 0 0 0 0.000000 0.000000 0.000000 -nan 0.000000
2113 838 -1 -1 0 0 0 0 0.000000 0.000000 0.000000 -nan 0.000000
2114 839 0 84 5 5 147584000 147584000 110457771.189599 1008403017.063956 645000000.000000 22091554.237920 1653403017.063956
2162 840 0 78 5 5 147584000 147584000 111371655.055627 1009659386.052577 645000000.000000 22274331.011125 1654659386.052577
2163 841 0 270 80 80 294015000 294015000 237343884.845642 984904951.225317 645000000.000000 2966798.560571 1629904951.225317
2164 842 0 101 80 80 294015000 294015000 226613838.993473 984783931.163038 645000000.000000 2832672.987418 1629783931.163038
2165 843 -1 -1 0 0 0 0 0.000000 0.000000 0.000000 -nan 0.000000
2166 844 -1 -1 0 0 0 0 0.000000 0.000000 0.000000 -nan 0.000000
2167 845 -1 -1 0 0 0 0 0.000000 0.000000 0.000000 -nan 0.000000
2168 846 -1 -1 0 0 0 0 0.000000 0.000000 0.000000 -nan 0.000000
2169 847 -1 -1 0 0 0 0 0.000000 0.000000 0.000000 -nan 0.000000
2170 848 -1 -1 0 0 0 0 0.000000 0.000000 0.000000 -nan 0.000000
2171 849 0 120 80 80 294015000 294015000 219879657.678857 986040437.434658 645000000.000000 2748495.720986 1631040437.434658
2172 850 -1 -1 0 0 0 0 0.000000 0.000000 0.000000 -nan 0.000000
2173 851 -1 -1 0 0 0 0 0.000000 0.000000 0.000000 -nan 0.000000
2174 852 0 75 85 85 441599000 441599000 350150277.247069 1009454531.706015 645000000.000000 4119415.026436 1654454531.706015
2175 853 -1 -1 0 0 0 0 0.000000 0.000000 0.000000 -nan 0.000000
2176 854 0 123 80 80 294015000 294015000 220747725.100373 986057083.100085 645000000.000000 2759346.563755 1631057083.100085
2177 855 0 116 80 80 294015000 294015000 244909989.416601 987753058.238696 645000000.000000 3061374.867708 1632753058.238696
2178 856 -1 -1 0 0 0 0 0.000000 0.000000 0.000000 -nan 0.000000
2179 857 0 254 80 80 294015000 294015000 226023282.112094 984705757.386876 645000000.000000 2825291.026401 1629705757.386876
2180 858 -1 -1 0 0 0 0 0.000000 0.000000 0.000000 -nan 0.000000
2181 859 -1 -1 0 0 0 0 0.000000 0.000000 0.000000 -nan 0.000000
2182 860 0 215 80 80 294015000 294015000 228294377.730742 984394176.888737 645000000.000000 2853679.721634 1629394176.888737
2183 861 -1 -1 0 0 0 0 0.000000 0.000000 0.000000 -nan 0.000000
2184 862 -1 -1 0 0 0 0 0.000000 0.000000 0.000000 -nan 0.000000
2185 863 -1 -1 0 0 0 0 0.000000 0.000000 0.000000 -nan 0.000000
2186 864 0 51 85 85 441599000 441599000 359224457.547396 1010020302.369356 645000000.000000 4226170.088793 1655020302.369356
2187 865 -1 -1 0 0 0 0 0.000000 0.000000 0.000000 -nan 0.000000
2188 866 0 16 5 5 147584000 147584000 119625765.002727 1008303339.867252 645000000.000000 23925153.000545 1653303339.867252
2189 867 0 282 80 80 294015000 294015000 244664562.317283 987158138.314859 645000000.000000 3058307.028966 1632158138.314859
2190 868 -1 -1 0 0 0 0 0.000000 0.000000 0.000000 -nan 0.000000
2191 869 -1 -1 0 0 0 0 0.000000 0.000000 0.000000 -nan 0.000000
2239 870 -1 -1 0 0 0 0 0.000000 0.000000 0.000000 -nan 0.000000
2240 871 -1 -1 0 0 0 0 0.000000 0.000000 0.000000 -nan 0.000000
2241 872 0 183 80 80 294015000 294015000 220635508.765750 984661372.591218 645000000.000000 2757943.859572 1629661372.591218
2242 873 -1 -1 0 0 0 0 0.000000 0.000000 0.000000 -nan 0.000000
2243 874 -1 -1 0 0 0 0 0.000000 0.000000 0.000000 -nan 0.000000
2244 875 -1 -1 0 0 0 0 0.000000 0.000000 0.000000 -nan 0.000000
2245 876 -1 -1 0 0 0 0 0.000000 0.000000 0.000000 -nan 0.000000
2246 877 -1 -1 0 0 0 0 0.000000 0.000000 0.000000 -nan 0.000000
2247 878 -1 -1 0 0 0 0 0.000000 0.000000 0.000000 -nan 0.000000
2248 879 -1 -1 0 0 0 0 0.000000 0.000000 0.000000 -nan 0.000000
2249 880 -1 -1 0 0 0 0 0.000000 0.000000 0.000000 -nan 0.000000
2250 881 -1 -1 0 0 0 0 0.000000 0.000000 0.000000 -nan 0.000000
2251 882 -1 -1 0 0 0 0 0.000000 0.000000 0.000000 -nan 0.000000
2252 883 -1 -1 0 0 0 0 0.000000 0.000000 0.000000 -nan 0.000000
2253 884 -1 -1 0 0 0 0 0.000000 0.000000 0.000000 -nan 0.000000
2254 885 -1 -1 0 0 0 0 0.000000 0.000000 0.000000 -nan 0.000000
2255 886 -1 -1 0 0 0 0 0.000000 0.000000 0.000000 -nan 0.000000
2256 887 -1 -1 0 0 0 0 0.000000 0.000000 0.000000 -nan 0.000000
2257 888 -1 -1 0 0 0 0 0.000000 0.000000 0.000000 -nan 0.000000
2258 889 -1 -1 0 0 0 0 0.000000 0.000000 0.000000 -nan 0.000000
2259 890 -1 -1 0 0 0 0 0.000000 0.000000 0.000000 -nan 0.000000
2260 891 -1 -1 0 0 0 0 0.000000 0.000000 0.000000 -nan 0.000000
2261 892 0 154 80 80 294015000 294015000 222049439.085301 985835925.995844 645000000.000000 2775617.988566 1630835925.995844
2262 893 -1 -1 0 0 0 0 0.000000 0.000000 0.000000 -nan 0.000000
2263 894 0 48 5 5 147584000 147584000 110457771.542909 1010048992.197484 645000000.000000 22091554.308582 1655048992.197484
2264 895 -1 -1 0 0 0 0 0.000000 0.000000 0.000000 -nan 0.000000
2265 896 -1 -1 0 0 0 0 0.000000 0.000000 0.000000 -nan 0.000000
2266 897 -1 -1 0 0 0 0 0.000000 0.000000 0.000000 -nan 0.000000
2267 898 -1 -1 0 0 0 0 0.000000 0.000000 0.000000 -nan 0.000000
2268 899 0 221 80 80 294015000 294015000 220648232.881792 985181408.934004 645000000.000000 2758102.911022 1630181408.934004
2316 900 -1 -1 0 0 0 0 0.000000 0.000000 0.000000 -nan 0.000000
2317 901 -1 -1 0 0 0 0 0.000000 0.000000 0.000000 -nan 0.000000
2318 902 -1 -1 0 0 0 0 0.000000 0.000000 0.000000 -nan 0.000000
2319 903 -1 -1 0 0 0 0 0.000000 0.000000 0.000000 -nan 0.000000
2320 904 -1 -1 0 0 0 0 0.000000 0.000000 0.000000 -nan 0.000000
2321 905 -1 -1 0 0 0 0 0.000000 0.000000 0.000000 -nan 0.000000
2322 906 -1 -1 0 0 0 0 0.000000 0.000000 0.000000 -nan 0.000000
2323 907 -1 -1 0 0 0 0 0.000000 0.000000 0.000000 -nan 0.000000
2324 908 -1 -1 0 0 0 0 0.000000 0.000000 0.000000 -nan 0.000000
2325 909 -1 -1 0 0 0 0 0.000000 0.000000 0.000000 -nan 0.000000
2326 910 -1 -1 0 0 0 0 0.000000 0.000000 0.000000 -nan 0.000000
2327 911 -1 -1 0 0 0 0 0.000000 0.000000 0.000000 -nan 0.000000
2328 912 -1 -1 0 0 0 0 0.000000 0.000000 0.000000 -nan 0.000000
2329 913 -1 -1 0 0 0 0 0.000000 0.000000 0.000000 -nan 0.000000
2330 914 -1 -1 0 0 0 0 0.000000 0.000000 0.000000 -nan 0.000000
2331 915 -1 -1 0 0 0 0 0.000000 0.000000 0.000000 -nan 0.000000
2332 916 -1 -1 0 0 0 0 0.000000 0.000000 0.000000 -nan 0.000000
2333 917 -1 -1 0 0 0 0 0.000000 0.000000 0.000000 -nan 0.000000
2334 918 -1 -1 0 0 0 0 0.000000 0.000000 0.000000 -nan 0.000000
2335 919 -1 -1 0 0 0 0 0.000000 0.000000 0.000000 -nan 0.000000
2336 920 -1 -1 0 0 0 0 0.000000 0.000000 0.000000 -nan 0.000000
2337 921 -1 -1 0 0 0 0 0.000000 0.000000 0.000000 -nan 0.000000
2338 922 -1 -1 0 0 0 0 0.000000 0.000000 0.000000 -nan 0.000000
2339 923 -1 -1 0 0 0 0 0.000000 0.000000 0.000000 -nan 0.000000
2340 924 -1 -1 0 0 0 0 0.000000 0.000000 0.000000 -nan 0.000000
2341 925 -1 -1 0 0 0 0 0.000000 0.000000 0.000000 -nan 0.000000
2342 926 -1 -1 0 0 0 0 0.000000 0.000000 0.000000 -nan 0.000000
2343 927 -1 -1 0 0 0 0 0.000000 0.000000 0.000000 -nan 0.000000
2344 928 -1 -1 0 0 0 0 0.000000 0.000000 0.000000 -nan 0.000000
2345 929 -1 -1 0 0 0 0 0.000000 0.000000 0.000000 -nan 0.000000
2393 930 -1 -1 0 0 0 0 0.000000 0.000000 0.000000 -nan 0.000000
2394 931 -1 -1 0 0 0 0 0.000000 0.000000 0.000000 -nan 0.000000
2395 932 -1 -1 0 0 0 0 0.000000 0.000000 0.000000 -nan 0.000000
2396 933 -1 -1 0 0 0 0 0.000000 0.000000 0.000000 -nan 0.000000
2397 934 -1 -1 0 0 0 0 0.000000 0.000000 0.000000 -nan 0.000000
2398 935 -1 -1 0 0 0 0 0.000000 0.000000 0.000000 -nan 0.000000
2399 936 -1 -1 0 0 0 0 0.000000 0.000000 0.000000 -nan 0.000000
2400 937 -1 -1 0 0 0 0 0.000000 0.000000 0.000000 -nan 0.000000
2401 938 -1 -1 0 0 0 0 0.000000 0.000000 0.000000 -nan 0.000000
2402 939 -1 -1 0 0 0 0 0.000000 0.000000 0.000000 -nan 0.000000
2403 940 -1 -1 0 0 0 0 0.000000 0.000000 0.000000 -nan 0.000000
2404 941 -1 -1 0 0 0 0 0.000000 0.000000 0.000000 -nan 0.000000
2405 942 -1 -1 0 0 0 0 0.000000 0.000000 0.000000 -nan 0.000000
2406 943 -1 -1 0 0 0 0 0.000000 0.000000 0.000000 -nan 0.000000
2407 944 -1 -1 0 0 0 0 0.000000 0.000000 0.000000 -nan 0.000000
2408 945 -1 -1 0 0 0 0 0.000000 0.000000 0.000000 -nan 0.000000
2409 946 -1 -1 0 0 0 0 0.000000 0.000000 0.000000 -nan 0.000000
2410 947 -1 -1 0 0 0 0 0.000000 0.000000 0.000000 -nan 0.000000
2411 948 -1 -1 0 0 0 0 0.000000 0.000000 0.000000 -nan 0.000000
2412 949 -1 -1 0 0 0 0 0.000000 0.000000 0.000000 -nan 0.000000
2413 950 -1 -1 0 0 0 0 0.000000 0.000000 0.000000 -nan 0.000000
2414 951 -1 -1 0 0 0 0 0.000000 0.000000 0.000000 -nan 0.000000
2415 952 -1 -1 0 0 0 0 0.000000 0.000000 0.000000 -nan 0.000000
2416 953 -1 -1 0 0 0 0 0.000000 0.000000 0.000000 -nan 0.000000
2417 954 -1 -1 0 0 0 0 0.000000 0.000000 0.000000 -nan 0.000000
2418 955 -1 -1 0 0 0 0 0.000000 0.000000 0.000000 -nan 0.000000
2419 956 -1 -1 0 0 0 0 0.000000 0.000000 0.000000 -nan 0.000000
2420 957 -1 -1 0 0 0 0 0.000000 0.000000 0.000000 -nan 0.000000
2421 958 -1 -1 0 0 0 0 0.000000 0.000000 0.000000 -nan 0.000000
2422 959 -1 -1 0 0 0 0 0.000000 0.000000 0.000000 -nan 0.000000
2470 960 -1 -1 0 0 0 0 0.000000 0.000000 0.000000 -nan 0.000000
2471 961 -1 -1 0 0 0 0 0.000000 0.000000 0.000000 -nan 0.000000
2472 962 -1 -1 0 0 0 0 0.000000 0.000000 0.000000 -nan 0.000000
2473 963 -1 -1 0 0 0 0 0.000000 0.000000 0.000000 -nan 0.000000
2474 964 -1 -1 0 0 0 0 0.000000 0.000000 0.000000 -nan 0.000000
2475 965 -1 -1 0 0 0 0 0.000000 0.000000 0.000000 -nan 0.000000
2476 966 -1 -1 0 0 0 0 0.000000 0.000000 0.000000 -nan 0.000000
2477 967 -1 -1 0 0 0 0 0.000000 0.000000 0.000000 -nan 0.000000
2478 968 -1 -1 0 0 0 0 0.000000 0.000000 0.000000 -nan 0.000000
2479 969 -1 -1 0 0 0 0 0.000000 0.000000 0.000000 -nan 0.000000
2480 970 -1 -1 0 0 0 0 0.000000 0.000000 0.000000 -nan 0.000000
2481 971 -1 -1 0 0 0 0 0.000000 0.000000 0.000000 -nan 0.000000
2482 972 -1 -1 0 0 0 0 0.000000 0.000000 0.000000 -nan 0.000000
2483 973 -1 -1 0 0 0 0 0.000000 0.000000 0.000000 -nan 0.000000
2484 974 -1 -1 0 0 0 0 0.000000 0.000000 0.000000 -nan 0.000000
2485 975 -1 -1 0 0 0 0 0.000000 0.000000 0.000000 -nan 0.000000
2486 976 -1 -1 0 0 0 0 0.000000 0.000000 0.000000 -nan 0.000000
2487 977 -1 -1 0 0 0 0 0.000000 0.000000 0.000000 -nan 0.000000
2488 978 -1 -1 0 0 0 0 0.000000 0.000000 0.000000 -nan 0.000000
2489 979 -1 -1 0 0 0 0 0.000000 0.000000 0.000000 -nan 0.000000
2490 980 -1 -1 0 0 0 0 0.000000 0.000000 0.000000 -nan 0.000000
2491 981 -1 -1 0 0 0 0 0.000000 0.000000 0.000000 -nan 0.000000
2492 982 -1 -1 0 0 0 0 0.000000 0.000000 0.000000 -nan 0.000000
2493 983 -1 -1 0 0 0 0 0.000000 0.000000 0.000000 -nan 0.000000
2494 984 -1 -1 0 0 0 0 0.000000 0.000000 0.000000 -nan 0.000000
2495 985 -1 -1 0 0 0 0 0.000000 0.000000 0.000000 -nan 0.000000
2496 986 -1 -1 0 0 0 0 0.000000 0.000000 0.000000 -nan 0.000000
2497 987 -1 -1 0 0 0 0 0.000000 0.000000 0.000000 -nan 0.000000
2498 988 -1 -1 0 0 0 0 0.000000 0.000000 0.000000 -nan 0.000000
2499 989 -1 -1 0 0 0 0 0.000000 0.000000 0.000000 -nan 0.000000