# format: <LP> <max used general> <max used token...>
4 18446737609709551616 100000000 20000000
5 18446737609709551616 160000000 32000000
81 18446737609709551616 80000000 16000000
82 18446737609709551616 40000000 8000000
158 18446737609709551616 100000000 20000000
159 18446737609709551616 100000000 20000000
235 18446737609709551616 80000000 16000000
236 18446737609709551616 40000000 8000000
312 18446737609709551616 80000000 16000000
313 18446737609709551616 80000000 16000000
389 18446737609709551616 100000000 20000000
390 18446737609709551616 80000000 16000000
466 18446737609709551616 140000000 28000000
467 18446737609709551616 120000000 24000000
543 18446737609709551616 120000000 24000000
544 18446737609709551616 120000000 24000000
620 18446737609709551616 120000000 24000000
621 18446737609709551616 140000000 28000000
697 18446737609709551616 120000000 24000000
698 18446737609709551616 140000000 28000000
774 18446737609709551616 60000000 12000000
775 18446737609709551616 100000000 20000000
851 18446737609709551616 80000000 16000000
852 18446737609709551616 40000000 8000000
928 18446737609709551616 120000000 24000000
929 18446737609709551616 100000000 20000000
1005 18446737609709551616 60000000 12000000
1006 18446737609709551616 100000000 20000000
1082 18446737609709551616 140000000 28000000
1083 18446737609709551616 140000000 28000000
1159 18446737609709551616 160000000 32000000
1160 18446737609709551616 100000000 20000000
1236 18446737609709551616 100000000 20000000
1237 18446737609709551616 120000000 24000000
1313 18446737609709551616 100000000 20000000
1314 18446737609709551616 40000000 8000000
1390 18446737609709551616 120000000 24000000
1391 18446737609709551616 60000000 12000000
1467 18446737609709551616 100000000 20000000
1468 18446737609709551616 80000000 16000000
1544 18446737609709551616 100000000 20000000
1545 18446737609709551616 80000000 16000000
1621 18446737609709551616 80000000 16000000
1622 18446737609709551616 80000000 16000000
1698 18446737609709551616 140000000 28000000
1699 18446737609709551616 100000000 20000000
1775 18446737609709551616 120000000 24000000
1776 18446737609709551616 120000000 24000000
1852 18446737609709551616 120000000 24000000
1853 18446737609709551616 140000000 28000000
1929 18446737609709551616 120000000 24000000
1930 18446737609709551616 40000000 8000000
2006 18446737609709551616 140000000 28000000
2007 18446737609709551616 160000000 32000000
2083 18446737609709551616 80000000 16000000
2084 18446737609709551616 80000000 16000000
2160 18446737609709551616 120000000 24000000
2161 18446737609709551616 120000000 24000000
2237 18446737609709551616 20000000 4000000
2238 18446737609709551616 60000000 12000000
2314 18446737609709551616 0 0
2315 18446737609709551616 0 0
2391 18446737609709551616 0 0
2392 18446737609709551616 0 0
2468 18446737609709551616 0 0
2469 18446737609709551616 0 0
