# Format: <server id> <LP id> bytes <read> <written> time <written>
0 0 0 1209715196 74291346510.028702 
1 1 0 1168877650 74385944191.692062 
2 77 0 1501105488 117633368961.061676 
3 78 0 1083886076 61398741555.263641 
4 154 0 1209715196 71989221153.909256 
5 155 0 1043048530 45825675911.606812 
6 231 0 667772158 16536340203.687294 
7 232 0 1250552742 74606374563.051453 
8 308 0 834438824 29175749103.149525 
9 309 0 1167772156 68911267469.539001 
10 385 0 876381864 35535279537.530289 
11 386 0 1167772156 61523721931.779976 
12 462 0 626934612 16607903246.091309 
13 463 0 1084991570 55997212091.644585 
14 539 0 751658238 21054738452.695229 
15 540 0 1084991570 54444604761.318054 
16 616 0 1084991570 57326580365.118210 
17 617 0 626934612 15830153050.495966 
18 693 0 918324904 41707395914.672218 
19 694 0 960267944 42331481335.944832 
20 770 0 1125829116 63559088074.370346 
21 771 0 1043048530 42304619005.997704 
22 847 0 501105492 7061247680.155829 
23 848 0 1417219408 91910371294.058563 
24 924 0 751658238 24302655777.806927 
25 925 0 1376381862 95064947999.765213 
26 1001 0 1459162448 109608957819.166656 
27 1002 0 1043048530 47073005400.669708 
28 1078 0 793601278 26827027705.161911 
29 1079 0 793601278 25916619197.433388 
30 1155 0 835544318 33923122603.199989 
31 1156 0 1043048530 45874250081.756485 
32 1232 0 1043048530 54267220438.821167 
33 1233 0 1584991568 120770223361.633102 
34 1309 0 876381864 34981887791.834473 
35 1310 0 750552744 20011288364.654491 
36 1386 0 751658238 24425676617.885040 
37 1387 0 625829118 13488794061.824869 
38 1463 0 1043048530 50412543054.129150 
39 1464 0 1167772156 58349798213.015129 
40 1540 0 876381864 30190237401.199726 
41 1541 0 1167772156 66218115181.920189 
42 1617 0 834438824 32213854995.660847 
43 1618 0 1501105488 110219287659.018845 
44 1694 0 626934612 13889863004.640287 
45 1695 0 1543048528 127484803219.240875 
46 1771 0 918324904 36890806479.819977 
47 1772 0 1084991570 46047039646.792847 
48 1848 0 751658238 23158445666.973259 
49 1849 0 960267944 43071893412.318687 
50 1925 0 1084991570 62764863492.796158 
51 1926 0 1583886074 127546987269.997055 
52 2002 0 1293601276 91856287950.456177 
53 2003 0 1168877650 71164610477.199463 
54 2079 0 667772158 17017657320.964432 
55 2080 0 1167772156 72324627762.404251 
56 2156 0 1418324902 108100869815.741989 
57 2157 0 1084991570 51573679330.771355 
58 2233 0 1041943036 51919266405.114647 
59 2234 0 1459162448 114014658654.888184 
60 2310 0 0 0.000000 
61 2311 0 0 0.000000 
62 2387 0 0 0.000000 
63 2388 0 0 0.000000 
64 2464 0 0 0.000000 
65 2465 0 0 0.000000 
