# Format <LP id> <Workload type> <client id> <Bytes written> <Bytes read> <Synthetic data Received> <Time to write bytes > <Total elapsed time>
6 conceptual-cosmo 0 41943040 0 0 358691347.470198 1665963681.799585
7 conceptual-cosmo 1 41943040 0 0 344731269.820453 1665961415.478425
8  2 0 0 0 0.000000 1665161263.155371
9  3 0 0 0 0.000000 1665972517.135728
10  4 0 0 0 0.000000 1665971925.327283
11 conceptual-cosmo 5 41943040 0 0 293695153.547602 1665974865.601005
12  6 0 0 0 0.000000 1665970117.023138
13  7 0 0 0 0.000000 1665971940.298570
14  8 0 0 0 0.000000 1665966605.636582
15 conceptual-cosmo 9 41943040 0 0 350962242.305520 1665974867.020164
16  10 0 0 0 0.000000 1665974867.102469
17  11 0 0 0 0.000000 1665972515.716570
18 conceptual-cosmo 12 41943040 0 0 349161019.222366 1665972517.100978
19  13 0 0 0 0.000000 1665965758.788278
20  14 0 0 0 0.000000 1665966028.799424
21  15 0 0 0 0.000000 1665972515.716570
22 conceptual-cosmo 16 41943040 0 0 458160134.106163 1665963681.799585
23 conceptual-cosmo 17 41943040 0 0 492230469.103827 1665961415.478425
24  18 0 0 0 0.000000 1665161263.155371
25  19 0 0 0 0.000000 1665972517.135728
26 conceptual-cosmo 20 41943040 0 0 418895311.132325 1665971925.327283
27  21 0 0 0 0.000000 1665974865.601005
28  22 0 0 0 0.000000 1665970117.023138
29  23 0 0 0 0.000000 1665971940.298570
30  24 0 0 0 0.000000 1665966605.636582
31 conceptual-cosmo 25 41943040 0 0 479992796.693831 1665974867.020164
32 conceptual-cosmo 26 41943040 0 0 470093034.040249 1665974867.102469
33 conceptual-cosmo 27 41943040 0 0 472188103.704409 1665972515.716570
34 conceptual-cosmo 28 41943040 0 0 377909568.544003 1665972517.100978
35 conceptual-cosmo 29 41943040 0 0 491637697.227427 1665965758.788278
83  30 0 0 0 0.000000 1665965758.788278
84  31 0 0 0 0.000000 1665966028.799424
85 conceptual-cosmo 32 41943040 0 0 267357213.204323 1665972515.716570
86 conceptual-cosmo 33 41943040 0 0 256571812.454052 1665963681.799585
87  34 0 0 0 0.000000 1665961415.478425
88 conceptual-cosmo 35 41943040 0 0 261877039.008138 1665161263.155371
89  36 0 0 0 0.000000 1665972517.135728
90  37 0 0 0 0.000000 1665971925.327283
91  38 0 0 0 0.000000 1665974865.601005
92  39 0 0 0 0.000000 1665970117.023138
93  40 0 0 0 0.000000 1665971940.298570
94  41 0 0 0 0.000000 1665966605.636582
95  42 0 0 0 0.000000 1665974867.020164
96 conceptual-cosmo 43 41943040 0 0 258002340.351370 1665974867.102469
97  44 0 0 0 0.000000 1665972515.716570
98  45 0 0 0 0.000000 1665972517.100978
99  46 0 0 0 0.000000 1665965758.788278
100  47 0 0 0 0.000000 1665966028.799424
101  48 0 0 0 0.000000 1665972515.716570
102  49 0 0 0 0.000000 1665963681.799585
103  50 0 0 0 0.000000 1665961415.478425
104  51 0 0 0 0.000000 1665161263.155371
105  52 0 0 0 0.000000 1665972517.135728
106 conceptual-cosmo 53 41943040 0 0 70193425.925970 1665971925.327283
107  54 0 0 0 0.000000 1665974865.601005
108  55 0 0 0 0.000000 1665970117.023138
109  56 0 0 0 0.000000 1665971940.298570
110 conceptual-cosmo 57 41943040 0 0 68914064.995701 1665966605.636582
111  58 0 0 0 0.000000 1665974867.020164
112  59 0 0 0 0.000000 1665974867.102469
160 conceptual-cosmo 60 41943040 0 0 257537614.267361 1665974867.102469
161  61 0 0 0 0.000000 1665972515.716570
162  62 0 0 0 0.000000 1665972517.100978
163  63 0 0 0 0.000000 1665965758.788278
164  64 0 0 0 0.000000 1665966028.799424
165 conceptual-cosmo 65 41943040 0 0 268105346.869935 1665972515.716570
166 conceptual-cosmo 66 41943040 0 0 195139275.475169 1665963681.799585
167  67 0 0 0 0.000000 1665961415.478425
168 conceptual-cosmo 68 41943040 0 0 271297558.128923 1665161263.155371
169  69 0 0 0 0.000000 1665972517.135728
170  70 0 0 0 0.000000 1665971925.327283
171  71 0 0 0 0.000000 1665974865.601005
172  72 0 0 0 0.000000 1665970117.023138
173  73 0 0 0 0.000000 1665971940.298570
174 conceptual-cosmo 74 41943040 0 0 266864778.708625 1665966605.636582
175  75 0 0 0 0.000000 1665974867.020164
176 conceptual-cosmo 76 41943040 0 0 257276425.474808 1665974867.102469
177 conceptual-cosmo 77 41943040 0 0 266251575.142908 1665972515.716570
178  78 0 0 0 0.000000 1665972517.100978
179 conceptual-cosmo 79 41943040 0 0 231796542.327414 1665965758.788278
180  80 0 0 0 0.000000 1665966028.799424
181  81 0 0 0 0.000000 1665972515.716570
182  82 0 0 0 0.000000 1665963681.799585
183  83 0 0 0 0.000000 1665961415.478425
184  84 0 0 0 0.000000 1665161263.155371
185  85 0 0 0 0.000000 1665972517.135728
186  86 0 0 0 0.000000 1665971925.327283
187 conceptual-cosmo 87 41943040 0 0 214048129.088053 1665974865.601005
188 conceptual-cosmo 88 41943040 0 0 208866501.250229 1665970117.023138
189  89 0 0 0 0.000000 1665971940.298570
237  90 0 0 0 0.000000 1665971940.298570
238  91 0 0 0 0.000000 1665966605.636582
239 conceptual-cosmo 92 41943040 0 0 231093213.137475 1665974867.020164
240 conceptual-cosmo 93 41943040 0 0 210510799.313071 1665974867.102469
241  94 0 0 0 0.000000 1665972515.716570
242 conceptual-cosmo 95 41943040 0 0 209943845.810572 1665972517.100978
243  96 0 0 0 0.000000 1665965758.788278
244  97 0 0 0 0.000000 1665966028.799424
245  98 0 0 0 0.000000 1665972515.716570
246  99 0 0 0 0.000000 1665963681.799585
247  100 0 0 0 0.000000 1665961415.478425
248  101 0 0 0 0.000000 1665161263.155371
249 conceptual-cosmo 102 41943040 0 0 173617750.367655 1665972517.135728
250  103 0 0 0 0.000000 1665971925.327283
251  104 0 0 0 0.000000 1665974865.601005
252  105 0 0 0 0.000000 1665970117.023138
253  106 0 0 0 0.000000 1665971940.298570
254  107 0 0 0 0.000000 1665966605.636582
255  108 0 0 0 0.000000 1665974867.020164
256  109 0 0 0 0.000000 1665974867.102469
257 conceptual-cosmo 110 41943040 0 0 70359860.924689 1665972515.716570
258  111 0 0 0 0.000000 1665972517.100978
259  112 0 0 0 0.000000 1665965758.788278
260  113 0 0 0 0.000000 1665966028.799424
261  114 0 0 0 0.000000 1665972515.716570
262 conceptual-cosmo 115 41943040 0 0 68913153.918038 1665963681.799585
263  116 0 0 0 0.000000 1665961415.478425
264  117 0 0 0 0.000000 1665161263.155371
265  118 0 0 0 0.000000 1665972517.135728
266  119 0 0 0 0.000000 1665971925.327283
314  120 0 0 0 0.000000 1665971925.327283
315  121 0 0 0 0.000000 1665974865.601005
316  122 0 0 0 0.000000 1665970117.023138
317  123 0 0 0 0.000000 1665971940.298570
318  124 0 0 0 0.000000 1665966605.636582
319  125 0 0 0 0.000000 1665974867.020164
320  126 0 0 0 0.000000 1665974867.102469
321 conceptual-cosmo 127 41943040 0 0 136348875.474885 1665972515.716570
322 conceptual-cosmo 128 41943040 0 0 152513425.964569 1665972517.100978
323 conceptual-cosmo 129 41943040 0 0 150864637.880435 1665965758.788278
324  130 0 0 0 0.000000 1665966028.799424
325  131 0 0 0 0.000000 1665972515.716570
326 conceptual-cosmo 132 41943040 0 0 145147978.285251 1665963681.799585
327  133 0 0 0 0.000000 1665961415.478425
328  134 0 0 0 0.000000 1665161263.155371
329  135 0 0 0 0.000000 1665972517.135728
330  136 0 0 0 0.000000 1665971925.327283
331 conceptual-cosmo 137 41943040 0 0 126888031.448423 1665974865.601005
332  138 0 0 0 0.000000 1665970117.023138
333  139 0 0 0 0.000000 1665971940.298570
334  140 0 0 0 0.000000 1665966605.636582
335  141 0 0 0 0.000000 1665974867.020164
336 conceptual-cosmo 142 41943040 0 0 125028417.862939 1665974867.102469
337  143 0 0 0 0.000000 1665972515.716570
338 conceptual-cosmo 144 41943040 0 0 124741658.974311 1665972517.100978
339  145 0 0 0 0.000000 1665965758.788278
340  146 0 0 0 0.000000 1665966028.799424
341  147 0 0 0 0.000000 1665972515.716570
342 conceptual-cosmo 148 41943040 0 0 90283382.535400 1665963681.799585
343  149 0 0 0 0.000000 1665961415.478425
391 conceptual-cosmo 150 41943040 0 0 392751871.737472 1665961415.478425
392  151 0 0 0 0.000000 1665161263.155371
393  152 0 0 0 0.000000 1665972517.135728
394  153 0 0 0 0.000000 1665971925.327283
395 conceptual-cosmo 154 41943040 0 0 397394618.392323 1665974865.601005
396  155 0 0 0 0.000000 1665970117.023138
397  156 0 0 0 0.000000 1665971940.298570
398 conceptual-cosmo 157 41943040 0 0 402564655.096874 1665966605.636582
399  158 0 0 0 0.000000 1665974867.020164
400  159 0 0 0 0.000000 1665974867.102469
401  160 0 0 0 0.000000 1665972515.716570
402  161 0 0 0 0.000000 1665972517.100978
403 conceptual-cosmo 162 41943040 0 0 388595432.521230 1665965758.788278
404 conceptual-cosmo 163 41943040 0 0 414584814.343589 1665966028.799424
405  164 0 0 0 0.000000 1665972515.716570
406  165 0 0 0 0.000000 1665963681.799585
407  166 0 0 0 0.000000 1665961415.478425
408  167 0 0 0 0.000000 1665161263.155371
409 conceptual-cosmo 168 41943040 0 0 310024333.843645 1665972517.135728
410  169 0 0 0 0.000000 1665971925.327283
411 conceptual-cosmo 170 41943040 0 0 297709977.114982 1665974865.601005
412  171 0 0 0 0.000000 1665970117.023138
413  172 0 0 0 0.000000 1665971940.298570
414  173 0 0 0 0.000000 1665966605.636582
415 conceptual-cosmo 174 41943040 0 0 306912581.539855 1665974867.020164
416 conceptual-cosmo 175 41943040 0 0 294130763.178327 1665974867.102469
417  176 0 0 0 0.000000 1665972515.716570
418  177 0 0 0 0.000000 1665972517.100978
419  178 0 0 0 0.000000 1665965758.788278
420  179 0 0 0 0.000000 1665966028.799424
468 conceptual-cosmo 180 41943040 0 0 412114491.995605 1665966028.799424
469 conceptual-cosmo 181 41943040 0 0 375325093.934894 1665972515.716570
470 conceptual-cosmo 182 41943040 0 0 422154492.842335 1665963681.799585
471 conceptual-cosmo 183 41943040 0 0 387267895.543819 1665961415.478425
472  184 0 0 0 0.000000 1665161263.155371
473  185 0 0 0 0.000000 1665972517.135728
474 conceptual-cosmo 186 41943040 0 0 397063616.851054 1665971925.327283
475 conceptual-cosmo 187 41943040 0 0 406795775.154783 1665974865.601005
476  188 0 0 0 0.000000 1665970117.023138
477  189 0 0 0 0.000000 1665971940.298570
478  190 0 0 0 0.000000 1665966605.636582
479  191 0 0 0 0.000000 1665974867.020164
480  192 0 0 0 0.000000 1665974867.102469
481 conceptual-cosmo 193 41943040 0 0 354463294.349155 1665972515.716570
482  194 0 0 0 0.000000 1665972517.100978
483  195 0 0 0 0.000000 1665965758.788278
484  196 0 0 0 0.000000 1665966028.799424
485  197 0 0 0 0.000000 1665972515.716570
486 conceptual-cosmo 198 41943040 0 0 341814678.487973 1665963681.799585
487  199 0 0 0 0.000000 1665961415.478425
488  200 0 0 0 0.000000 1665161263.155371
489 conceptual-cosmo 201 41943040 0 0 311942131.216356 1665972517.135728
490  202 0 0 0 0.000000 1665971925.327283
491 conceptual-cosmo 203 41943040 0 0 364822533.406884 1665974865.601005
492 conceptual-cosmo 204 41943040 0 0 342355056.858714 1665970117.023138
493  205 0 0 0 0.000000 1665971940.298570
494  206 0 0 0 0.000000 1665966605.636582
495  207 0 0 0 0.000000 1665974867.020164
496 conceptual-cosmo 208 41943040 0 0 336382631.279986 1665974867.102469
497 conceptual-cosmo 209 41943040 0 0 318853264.536593 1665972515.716570
545 conceptual-cosmo 210 41943040 0 0 426403043.852069 1665972515.716570
546  211 0 0 0 0.000000 1665972517.100978
547 conceptual-cosmo 212 41943040 0 0 443213546.575484 1665965758.788278
548  213 0 0 0 0.000000 1665966028.799424
549 conceptual-cosmo 214 41943040 0 0 443604398.647518 1665972515.716570
550 conceptual-cosmo 215 41943040 0 0 393971271.497468 1665963681.799585
551  216 0 0 0 0.000000 1665961415.478425
552  217 0 0 0 0.000000 1665161263.155371
553  218 0 0 0 0.000000 1665972517.135728
554  219 0 0 0 0.000000 1665971925.327283
555  220 0 0 0 0.000000 1665974865.601005
556 conceptual-cosmo 221 41943040 0 0 370239826.004510 1665970117.023138
557  222 0 0 0 0.000000 1665971940.298570
558  223 0 0 0 0.000000 1665966605.636582
559 conceptual-cosmo 224 41943040 0 0 369173603.339390 1665974867.020164
560  225 0 0 0 0.000000 1665974867.102469
561 conceptual-cosmo 226 41943040 0 0 374557664.504484 1665972515.716570
562 conceptual-cosmo 227 41943040 0 0 366236212.341167 1665972517.100978
563  228 0 0 0 0.000000 1665965758.788278
564 conceptual-cosmo 229 41943040 0 0 362014406.520021 1665966028.799424
565  230 0 0 0 0.000000 1665972515.716570
566  231 0 0 0 0.000000 1665963681.799585
567 conceptual-cosmo 232 41943040 0 0 380143485.246452 1665961415.478425
568  233 0 0 0 0.000000 1665161263.155371
569  234 0 0 0 0.000000 1665972517.135728
570  235 0 0 0 0.000000 1665971925.327283
571  236 0 0 0 0.000000 1665974865.601005
572 conceptual-cosmo 237 41943040 0 0 367755713.241075 1665970117.023138
573 conceptual-cosmo 238 41943040 0 0 325073765.452144 1665971940.298570
574  239 0 0 0 0.000000 1665966605.636582
622  240 0 0 0 0.000000 1665966605.636582
623 conceptual-cosmo 241 41943040 0 0 362491906.781429 1665974867.020164
624  242 0 0 0 0.000000 1665974867.102469
625  243 0 0 0 0.000000 1665972515.716570
626 conceptual-cosmo 244 41943040 0 0 306432589.004423 1665972517.100978
627 conceptual-cosmo 245 41943040 0 0 386136663.158354 1665965758.788278
628  246 0 0 0 0.000000 1665966028.799424
629 conceptual-cosmo 247 41943040 0 0 387405366.700520 1665972515.716570
630  248 0 0 0 0.000000 1665963681.799585
631  249 0 0 0 0.000000 1665961415.478425
632 conceptual-cosmo 250 41943040 0 0 329782634.369826 1665161263.155371
633  251 0 0 0 0.000000 1665972517.135728
634  252 0 0 0 0.000000 1665971925.327283
635 conceptual-cosmo 253 41943040 0 0 387651632.518002 1665974865.601005
636  254 0 0 0 0.000000 1665970117.023138
637 conceptual-cosmo 255 41943040 0 0 484421372.309557 1665971940.298570
638  256 0 0 0 0.000000 1665966605.636582
639 conceptual-cosmo 257 41943040 0 0 437508614.896436 1665974867.020164
640  258 0 0 0 0.000000 1665974867.102469
641 conceptual-cosmo 259 41943040 0 0 484555146.502852 1665972515.716570
642  260 0 0 0 0.000000 1665972517.100978
643  261 0 0 0 0.000000 1665965758.788278
644 conceptual-cosmo 262 41943040 0 0 451247483.292463 1665966028.799424
645 conceptual-cosmo 263 41943040 0 0 457351148.784810 1665972515.716570
646  264 0 0 0 0.000000 1665963681.799585
647  265 0 0 0 0.000000 1665961415.478425
648 conceptual-cosmo 266 41943040 0 0 460656451.513458 1665161263.155371
649  267 0 0 0 0.000000 1665972517.135728
650 conceptual-cosmo 268 41943040 0 0 390416553.119849 1665971925.327283
651  269 0 0 0 0.000000 1665974865.601005
699 conceptual-cosmo 270 41943040 0 0 415610209.251133 1665974865.601005
700 conceptual-cosmo 271 41943040 0 0 444589591.410237 1665970117.023138
701 conceptual-cosmo 272 41943040 0 0 456285643.103987 1665971940.298570
702 conceptual-cosmo 273 41943040 0 0 397587781.676227 1665966605.636582
703  274 0 0 0 0.000000 1665974867.020164
704  275 0 0 0 0.000000 1665974867.102469
705  276 0 0 0 0.000000 1665972515.716570
706  277 0 0 0 0.000000 1665972517.100978
707 conceptual-cosmo 278 41943040 0 0 395321416.694604 1665965758.788278
708  279 0 0 0 0.000000 1665966028.799424
709  280 0 0 0 0.000000 1665972515.716570
710  281 0 0 0 0.000000 1665963681.799585
711  282 0 0 0 0.000000 1665961415.478425
712 conceptual-cosmo 283 41943040 0 0 428965966.320563 1665161263.155371
713  284 0 0 0 0.000000 1665972517.135728
714  285 0 0 0 0.000000 1665971925.327283
715  286 0 0 0 0.000000 1665974865.601005
716 conceptual-cosmo 287 41943040 0 0 419633477.042082 1665970117.023138
717 conceptual-cosmo 288 41943040 0 0 416073311.621310 1665971940.298570
718 conceptual-cosmo 289 41943040 0 0 418839592.736914 1665966605.636582
719  290 0 0 0 0.000000 1665974867.020164
720  291 0 0 0 0.000000 1665974867.102469
721 conceptual-cosmo 292 41943040 0 0 402226918.725945 1665972515.716570
722  293 0 0 0 0.000000 1665972517.100978
723 conceptual-cosmo 294 41943040 0 0 395435363.164168 1665965758.788278
724  295 0 0 0 0.000000 1665966028.799424
725 conceptual-cosmo 296 41943040 0 0 456651165.523698 1665972515.716570
726  297 0 0 0 0.000000 1665963681.799585
727  298 0 0 0 0.000000 1665961415.478425
728 conceptual-cosmo 299 41943040 0 0 323197650.083958 1665161263.155371
776  300 0 0 0 0.000000 1665161263.155371
777  301 0 0 0 0.000000 1665972517.135728
778 conceptual-cosmo 302 41943040 0 0 169910850.606287 1665971925.327283
779  303 0 0 0 0.000000 1665974865.601005
780 conceptual-cosmo 304 41943040 0 0 175064919.791838 1665970117.023138
781  305 0 0 0 0.000000 1665971940.298570
782  306 0 0 0 0.000000 1665966605.636582
783  307 0 0 0 0.000000 1665974867.020164
784  308 0 0 0 0.000000 1665974867.102469
785  309 0 0 0 0.000000 1665972515.716570
786  310 0 0 0 0.000000 1665972517.100978
787 conceptual-cosmo 311 41943040 0 0 161915315.198869 1665965758.788278
788  312 0 0 0 0.000000 1665966028.799424
789  313 0 0 0 0.000000 1665972515.716570
790  314 0 0 0 0.000000 1665963681.799585
791  315 0 0 0 0.000000 1665961415.478425
792  316 0 0 0 0.000000 1665161263.155371
793  317 0 0 0 0.000000 1665972517.135728
794  318 0 0 0 0.000000 1665971925.327283
795 conceptual-cosmo 319 41943040 0 0 361361512.262363 1665974865.601005
796 conceptual-cosmo 320 41943040 0 0 371467292.374346 1665970117.023138
797  321 0 0 0 0.000000 1665971940.298570
798 conceptual-cosmo 322 41943040 0 0 363095746.166158 1665966605.636582
799  323 0 0 0 0.000000 1665974867.020164
800  324 0 0 0 0.000000 1665974867.102469
801  325 0 0 0 0.000000 1665972515.716570
802 conceptual-cosmo 326 41943040 0 0 334729097.739114 1665972517.100978
803  327 0 0 0 0.000000 1665965758.788278
804 conceptual-cosmo 328 41943040 0 0 291170628.058748 1665966028.799424
805  329 0 0 0 0.000000 1665972515.716570
853  330 0 0 0 0.000000 1665972515.716570
854  331 0 0 0 0.000000 1665963681.799585
855  332 0 0 0 0.000000 1665961415.478425
856  333 0 0 0 0.000000 1665161263.155371
857  334 0 0 0 0.000000 1665972517.135728
858  335 0 0 0 0.000000 1665971925.327283
859  336 0 0 0 0.000000 1665974865.601005
860  337 0 0 0 0.000000 1665970117.023138
861  338 0 0 0 0.000000 1665971940.298570
862 conceptual-cosmo 339 41943040 0 0 164966466.069479 1665966605.636582
863  340 0 0 0 0.000000 1665974867.020164
864 conceptual-cosmo 341 41943040 0 0 118798716.992075 1665974867.102469
865 conceptual-cosmo 342 41943040 0 0 162291344.414438 1665972515.716570
866  343 0 0 0 0.000000 1665972517.100978
867 conceptual-cosmo 344 41943040 0 0 137824834.891024 1665965758.788278
868  345 0 0 0 0.000000 1665966028.799424
869  346 0 0 0 0.000000 1665972515.716570
870  347 0 0 0 0.000000 1665963681.799585
871  348 0 0 0 0.000000 1665961415.478425
872 conceptual-cosmo 349 41943040 0 0 40334174.370315 1665161263.155371
873  350 0 0 0 0.000000 1665972517.135728
874  351 0 0 0 0.000000 1665971925.327283
875  352 0 0 0 0.000000 1665974865.601005
876  353 0 0 0 0.000000 1665970117.023138
877  354 0 0 0 0.000000 1665971940.298570
878 conceptual-cosmo 355 41943040 0 0 42919817.546362 1665966605.636582
879  356 0 0 0 0.000000 1665974867.020164
880  357 0 0 0 0.000000 1665974867.102469
881  358 0 0 0 0.000000 1665972515.716570
882  359 0 0 0 0.000000 1665972517.100978
930  360 0 0 0 0.000000 1665972517.100978
931  361 0 0 0 0.000000 1665965758.788278
932 conceptual-cosmo 362 41943040 0 0 426491833.834248 1665966028.799424
933  363 0 0 0 0.000000 1665972515.716570
934 conceptual-cosmo 364 41943040 0 0 438531773.280239 1665963681.799585
935  365 0 0 0 0.000000 1665961415.478425
936  366 0 0 0 0.000000 1665161263.155371
937 conceptual-cosmo 367 41943040 0 0 419387039.876178 1665972517.135728
938  368 0 0 0 0.000000 1665971925.327283
939  369 0 0 0 0.000000 1665974865.601005
940  370 0 0 0 0.000000 1665970117.023138
941 conceptual-cosmo 371 41943040 0 0 392107481.466685 1665971940.298570
942 conceptual-cosmo 372 41943040 0 0 385353134.336832 1665966605.636582
943  373 0 0 0 0.000000 1665974867.020164
944 conceptual-cosmo 374 41943040 0 0 429530224.046780 1665974867.102469
945  375 0 0 0 0.000000 1665972515.716570
946  376 0 0 0 0.000000 1665972517.100978
947 conceptual-cosmo 377 41943040 0 0 357814655.996100 1665965758.788278
948  378 0 0 0 0.000000 1665966028.799424
949 conceptual-cosmo 379 41943040 0 0 362288451.271375 1665972515.716570
950 conceptual-cosmo 380 41943040 0 0 355979557.719227 1665963681.799585
951  381 0 0 0 0.000000 1665961415.478425
952 conceptual-cosmo 382 41943040 0 0 359046276.604851 1665161263.155371
953  383 0 0 0 0.000000 1665972517.135728
954  384 0 0 0 0.000000 1665971925.327283
955  385 0 0 0 0.000000 1665974865.601005
956  386 0 0 0 0.000000 1665970117.023138
957  387 0 0 0 0.000000 1665971940.298570
958  388 0 0 0 0.000000 1665966605.636582
959 conceptual-cosmo 389 41943040 0 0 259797989.039598 1665974867.020164
1007 conceptual-cosmo 390 41943040 0 0 185556362.268212 1665974867.020164
1008  391 0 0 0 0.000000 1665974867.102469
1009  392 0 0 0 0.000000 1665972515.716570
1010 conceptual-cosmo 393 41943040 0 0 186916743.120992 1665972517.100978
1011  394 0 0 0 0.000000 1665965758.788278
1012  395 0 0 0 0.000000 1665966028.799424
1013  396 0 0 0 0.000000 1665972515.716570
1014  397 0 0 0 0.000000 1665963681.799585
1015  398 0 0 0 0.000000 1665961415.478425
1016  399 0 0 0 0.000000 1665161263.155371
1017  400 0 0 0 0.000000 1665972517.135728
1018 conceptual-cosmo 401 41943040 0 0 171642184.837397 1665971925.327283
1019  402 0 0 0 0.000000 1665974865.601005
1020  403 0 0 0 0.000000 1665970117.023138
1021  404 0 0 0 0.000000 1665971940.298570
1022  405 0 0 0 0.000000 1665966605.636582
1023  406 0 0 0 0.000000 1665974867.020164
1024  407 0 0 0 0.000000 1665974867.102469
1025  408 0 0 0 0.000000 1665972515.716570
1026 conceptual-cosmo 409 41943040 0 0 256803400.199573 1665972517.100978
1027 conceptual-cosmo 410 41943040 0 0 292005474.713084 1665965758.788278
1028  411 0 0 0 0.000000 1665966028.799424
1029  412 0 0 0 0.000000 1665972515.716570
1030 conceptual-cosmo 413 41943040 0 0 306097726.276000 1665963681.799585
1031 conceptual-cosmo 414 41943040 0 0 296430293.327578 1665961415.478425
1032  415 0 0 0 0.000000 1665161263.155371
1033  416 0 0 0 0.000000 1665972517.135728
1034  417 0 0 0 0.000000 1665971925.327283
1035  418 0 0 0 0.000000 1665974865.601005
1036 conceptual-cosmo 419 41943040 0 0 240922827.952981 1665970117.023138
1084 conceptual-cosmo 420 41943040 0 0 443807927.708501 1665970117.023138
1085  421 0 0 0 0.000000 1665971940.298570
1086 conceptual-cosmo 422 41943040 0 0 467841591.206171 1665966605.636582
1087 conceptual-cosmo 423 41943040 0 0 436213679.795106 1665974867.020164
1088  424 0 0 0 0.000000 1665974867.102469
1089 conceptual-cosmo 425 41943040 0 0 407664493.772638 1665972515.716570
1090 conceptual-cosmo 426 41943040 0 0 452047150.729711 1665972517.100978
1091  427 0 0 0 0.000000 1665965758.788278
1092  428 0 0 0 0.000000 1665966028.799424
1093 conceptual-cosmo 429 41943040 0 0 415242440.664174 1665972515.716570
1094  430 0 0 0 0.000000 1665963681.799585
1095  431 0 0 0 0.000000 1665961415.478425
1096  432 0 0 0 0.000000 1665161263.155371
1097 conceptual-cosmo 433 41943040 0 0 470118463.834534 1665972517.135728
1098  434 0 0 0 0.000000 1665971925.327283
1099 conceptual-cosmo 435 41943040 0 0 409977631.704250 1665974865.601005
1100  436 0 0 0 0.000000 1665970117.023138
1101  437 0 0 0 0.000000 1665971940.298570
1102  438 0 0 0 0.000000 1665966605.636582
1103  439 0 0 0 0.000000 1665974867.020164
1104  440 0 0 0 0.000000 1665974867.102469
1105 conceptual-cosmo 441 41943040 0 0 419282254.364467 1665972515.716570
1106 conceptual-cosmo 442 41943040 0 0 427527249.799051 1665972517.100978
1107 conceptual-cosmo 443 41943040 0 0 406664737.198353 1665965758.788278
1108  444 0 0 0 0.000000 1665966028.799424
1109  445 0 0 0 0.000000 1665972515.716570
1110 conceptual-cosmo 446 41943040 0 0 426963397.437896 1665963681.799585
1111  447 0 0 0 0.000000 1665961415.478425
1112 conceptual-cosmo 448 41943040 0 0 421155146.928296 1665161263.155371
1113 conceptual-cosmo 449 41943040 0 0 357796766.954587 1665972517.135728
1161 conceptual-cosmo 450 41943040 0 0 639715407.098778 1665972517.135728
1162 conceptual-cosmo 451 41943040 0 0 671031288.161855 1665971925.327283
1163 conceptual-cosmo 452 41943040 0 0 673368608.870666 1665974865.601005
1164 conceptual-cosmo 453 41943040 0 0 647478945.771007 1665970117.023138
1165  454 0 0 0 0.000000 1665971940.298570
1166  455 0 0 0 0.000000 1665966605.636582
1167 conceptual-cosmo 456 41943040 0 0 608111407.079071 1665974867.020164
1168  457 0 0 0 0.000000 1665974867.102469
1169 conceptual-cosmo 458 41943040 0 0 643660974.415215 1665972515.716570
1170  459 0 0 0 0.000000 1665972517.100978
1171 conceptual-cosmo 460 41943040 0 0 663884262.255637 1665965758.788278
1172  461 0 0 0 0.000000 1665966028.799424
1173  462 0 0 0 0.000000 1665972515.716570
1174  463 0 0 0 0.000000 1665963681.799585
1175 conceptual-cosmo 464 41943040 0 0 654867824.032035 1665961415.478425
1176 conceptual-cosmo 465 41943040 0 0 368071264.991534 1665161263.155371
1177  466 0 0 0 0.000000 1665972517.135728
1178  467 0 0 0 0.000000 1665971925.327283
1179 conceptual-cosmo 468 41943040 0 0 337723581.834588 1665974865.601005
1180  469 0 0 0 0.000000 1665970117.023138
1181  470 0 0 0 0.000000 1665971940.298570
1182  471 0 0 0 0.000000 1665966605.636582
1183  472 0 0 0 0.000000 1665974867.020164
1184 conceptual-cosmo 473 41943040 0 0 350656315.144533 1665974867.102469
1185  474 0 0 0 0.000000 1665972515.716570
1186 conceptual-cosmo 475 41943040 0 0 341905923.738004 1665972517.100978
1187  476 0 0 0 0.000000 1665965758.788278
1188  477 0 0 0 0.000000 1665966028.799424
1189 conceptual-cosmo 478 41943040 0 0 295210950.905500 1665972515.716570
1190  479 0 0 0 0.000000 1665963681.799585
1238  480 0 0 0 0.000000 1665963681.799585
1239  481 0 0 0 0.000000 1665961415.478425
1240 conceptual-cosmo 482 41943040 0 0 264001133.098452 1665161263.155371
1241  483 0 0 0 0.000000 1665972517.135728
1242 conceptual-cosmo 484 41943040 0 0 304638376.914952 1665971925.327283
1243  485 0 0 0 0.000000 1665974865.601005
1244  486 0 0 0 0.000000 1665970117.023138
1245  487 0 0 0 0.000000 1665971940.298570
1246  488 0 0 0 0.000000 1665966605.636582
1247  489 0 0 0 0.000000 1665974867.020164
1248  490 0 0 0 0.000000 1665974867.102469
1249 conceptual-cosmo 491 41943040 0 0 330363656.115827 1665972515.716570
1250  492 0 0 0 0.000000 1665972517.100978
1251 conceptual-cosmo 493 41943040 0 0 311277738.442404 1665965758.788278
1252 conceptual-cosmo 494 41943040 0 0 330678925.035982 1665966028.799424
1253  495 0 0 0 0.000000 1665972515.716570
1254 conceptual-cosmo 496 41943040 0 0 407719794.903393 1665963681.799585
1255 conceptual-cosmo 497 41943040 0 0 404491659.260120 1665961415.478425
1256 conceptual-cosmo 498 41943040 0 0 356897806.593413 1665161263.155371
1257  499 0 0 0 0.000000 1665972517.135728
1258  500 0 0 0 0.000000 1665971925.327283
1259  501 0 0 0 0.000000 1665974865.601005
1260  502 0 0 0 0.000000 1665970117.023138
1261  503 0 0 0 0.000000 1665971940.298570
1262 conceptual-cosmo 504 41943040 0 0 402716376.829407 1665966605.636582
1263 conceptual-cosmo 505 41943040 0 0 387404419.438153 1665974867.020164
1264  506 0 0 0 0.000000 1665974867.102469
1265 conceptual-cosmo 507 41943040 0 0 381066689.485725 1665972515.716570
1266  508 0 0 0 0.000000 1665972517.100978
1267  509 0 0 0 0.000000 1665965758.788278
1315  510 0 0 0 0.000000 1665965758.788278
1316 conceptual-cosmo 511 41943040 0 0 262214623.078804 1665966028.799424
1317  512 0 0 0 0.000000 1665972515.716570
1318 conceptual-cosmo 513 41943040 0 0 271702759.120775 1665963681.799585
1319  514 0 0 0 0.000000 1665961415.478425
1320  515 0 0 0 0.000000 1665161263.155371
1321  516 0 0 0 0.000000 1665972517.135728
1322  517 0 0 0 0.000000 1665971925.327283
1323  518 0 0 0 0.000000 1665974865.601005
1324 conceptual-cosmo 519 41943040 0 0 257167085.034108 1665970117.023138
1325  520 0 0 0 0.000000 1665971940.298570
1326  521 0 0 0 0.000000 1665966605.636582
1327 conceptual-cosmo 522 41943040 0 0 256807347.416479 1665974867.020164
1328  523 0 0 0 0.000000 1665974867.102469
1329 conceptual-cosmo 524 41943040 0 0 252361728.770115 1665972515.716570
1330  525 0 0 0 0.000000 1665972517.100978
1331  526 0 0 0 0.000000 1665965758.788278
1332  527 0 0 0 0.000000 1665966028.799424
1333  528 0 0 0 0.000000 1665972515.716570
1334  529 0 0 0 0.000000 1665963681.799585
1335  530 0 0 0 0.000000 1665961415.478425
1336  531 0 0 0 0.000000 1665161263.155371
1337 conceptual-cosmo 532 41943040 0 0 101989120.785288 1665972517.135728
1338 conceptual-cosmo 533 41943040 0 0 102486925.432929 1665971925.327283
1339  534 0 0 0 0.000000 1665974865.601005
1340  535 0 0 0 0.000000 1665970117.023138
1341  536 0 0 0 0.000000 1665971940.298570
1342  537 0 0 0 0.000000 1665966605.636582
1343  538 0 0 0 0.000000 1665974867.020164
1344  539 0 0 0 0.000000 1665974867.102469
1392  540 0 0 0 0.000000 1665974867.102469
1393 conceptual-cosmo 541 41943040 0 0 443989574.500313 1665972515.716570
1394  542 0 0 0 0.000000 1665972517.100978
1395 conceptual-cosmo 543 41943040 0 0 460310123.238172 1665965758.788278
1396  544 0 0 0 0.000000 1665966028.799424
1397  545 0 0 0 0.000000 1665972515.716570
1398  546 0 0 0 0.000000 1665963681.799585
1399 conceptual-cosmo 547 41943040 0 0 405636737.743872 1665961415.478425
1400  548 0 0 0 0.000000 1665161263.155371
1401  549 0 0 0 0.000000 1665972517.135728
1402 conceptual-cosmo 550 41943040 0 0 424932473.417096 1665971925.327283
1403 conceptual-cosmo 551 41943040 0 0 437793880.081710 1665974865.601005
1404  552 0 0 0 0.000000 1665970117.023138
1405  553 0 0 0 0.000000 1665971940.298570
1406 conceptual-cosmo 554 41943040 0 0 393639383.162305 1665966605.636582
1407  555 0 0 0 0.000000 1665974867.020164
1408  556 0 0 0 0.000000 1665974867.102469
1409 conceptual-cosmo 557 41943040 0 0 72002699.707235 1665972515.716570
1410 conceptual-cosmo 558 41943040 0 0 95411642.281111 1665972517.100978
1411  559 0 0 0 0.000000 1665965758.788278
1412  560 0 0 0 0.000000 1665966028.799424
1413  561 0 0 0 0.000000 1665972515.716570
1414  562 0 0 0 0.000000 1665963681.799585
1415  563 0 0 0 0.000000 1665961415.478425
1416  564 0 0 0 0.000000 1665161263.155371
1417  565 0 0 0 0.000000 1665972517.135728
1418  566 0 0 0 0.000000 1665971925.327283
1419 conceptual-cosmo 567 41943040 0 0 93150529.391942 1665974865.601005
1420  568 0 0 0 0.000000 1665970117.023138
1421  569 0 0 0 0.000000 1665971940.298570
1469 conceptual-cosmo 570 41943040 0 0 216689480.874128 1665971940.298570
1470  571 0 0 0 0.000000 1665966605.636582
1471  572 0 0 0 0.000000 1665974867.020164
1472  573 0 0 0 0.000000 1665974867.102469
1473  574 0 0 0 0.000000 1665972515.716570
1474 conceptual-cosmo 575 41943040 0 0 158222128.769950 1665972517.100978
1475  576 0 0 0 0.000000 1665965758.788278
1476 conceptual-cosmo 577 41943040 0 0 228352604.034509 1665966028.799424
1477  578 0 0 0 0.000000 1665972515.716570
1478  579 0 0 0 0.000000 1665963681.799585
1479  580 0 0 0 0.000000 1665961415.478425
1480  581 0 0 0 0.000000 1665161263.155371
1481 conceptual-cosmo 582 41943040 0 0 172202702.178993 1665972517.135728
1482  583 0 0 0 0.000000 1665971925.327283
1483 conceptual-cosmo 584 41943040 0 0 239717166.806861 1665974865.601005
1484  585 0 0 0 0.000000 1665970117.023138
1485  586 0 0 0 0.000000 1665971940.298570
1486 conceptual-cosmo 587 41943040 0 0 126792656.961917 1665966605.636582
1487  588 0 0 0 0.000000 1665974867.020164
1488  589 0 0 0 0.000000 1665974867.102469
1489  590 0 0 0 0.000000 1665972515.716570
1490  591 0 0 0 0.000000 1665972517.100978
1491 conceptual-cosmo 592 41943040 0 0 137235263.061821 1665965758.788278
1492  593 0 0 0 0.000000 1665966028.799424
1493 conceptual-cosmo 594 41943040 0 0 118057149.858076 1665972515.716570
1494  595 0 0 0 0.000000 1665963681.799585
1495  596 0 0 0 0.000000 1665961415.478425
1496  597 0 0 0 0.000000 1665161263.155371
1497  598 0 0 0 0.000000 1665972517.135728
1498 conceptual-cosmo 599 41943040 0 0 75901786.570361 1665971925.327283
1546  600 0 0 0 0.000000 1665971925.327283
1547  601 0 0 0 0.000000 1665974865.601005
1548 conceptual-cosmo 602 41943040 0 0 178051517.040119 1665970117.023138
1549  603 0 0 0 0.000000 1665971940.298570
1550  604 0 0 0 0.000000 1665966605.636582
1551  605 0 0 0 0.000000 1665974867.020164
1552  606 0 0 0 0.000000 1665974867.102469
1553 conceptual-cosmo 607 41943040 0 0 228983352.312936 1665972515.716570
1554  608 0 0 0 0.000000 1665972517.100978
1555  609 0 0 0 0.000000 1665965758.788278
1556  610 0 0 0 0.000000 1665966028.799424
1557  611 0 0 0 0.000000 1665972515.716570
1558 conceptual-cosmo 612 41943040 0 0 152362176.828261 1665963681.799585
1559 conceptual-cosmo 613 41943040 0 0 226432838.268198 1665961415.478425
1560 conceptual-cosmo 614 41943040 0 0 158653600.780486 1665161263.155371
1561  615 0 0 0 0.000000 1665972517.135728
1562 conceptual-cosmo 616 41943040 0 0 293113299.588923 1665971925.327283
1563  617 0 0 0 0.000000 1665974865.601005
1564  618 0 0 0 0.000000 1665970117.023138
1565 conceptual-cosmo 619 41943040 0 0 295068836.213794 1665971940.298570
1566  620 0 0 0 0.000000 1665966605.636582
1567 conceptual-cosmo 621 41943040 0 0 238280797.893317 1665974867.020164
1568  622 0 0 0 0.000000 1665974867.102469
1569  623 0 0 0 0.000000 1665972515.716570
1570 conceptual-cosmo 624 41943040 0 0 283502506.085227 1665972517.100978
1571  625 0 0 0 0.000000 1665965758.788278
1572  626 0 0 0 0.000000 1665966028.799424
1573  627 0 0 0 0.000000 1665972515.716570
1574  628 0 0 0 0.000000 1665963681.799585
1575  629 0 0 0 0.000000 1665961415.478425
1623 conceptual-cosmo 630 41943040 0 0 274059387.131439 1665961415.478425
1624 conceptual-cosmo 631 41943040 0 0 272795773.052483 1665161263.155371
1625  632 0 0 0 0.000000 1665972517.135728
1626  633 0 0 0 0.000000 1665971925.327283
1627  634 0 0 0 0.000000 1665974865.601005
1628  635 0 0 0 0.000000 1665970117.023138
1629  636 0 0 0 0.000000 1665971940.298570
1630 conceptual-cosmo 637 41943040 0 0 253973804.530683 1665966605.636582
1631  638 0 0 0 0.000000 1665974867.020164
1632  639 0 0 0 0.000000 1665974867.102469
1633  640 0 0 0 0.000000 1665972515.716570
1634 conceptual-cosmo 641 41943040 0 0 280255935.810100 1665972517.100978
1635  642 0 0 0 0.000000 1665965758.788278
1636  643 0 0 0 0.000000 1665966028.799424
1637  644 0 0 0 0.000000 1665972515.716570
1638  645 0 0 0 0.000000 1665963681.799585
1639 conceptual-cosmo 646 41943040 0 0 93502132.109848 1665961415.478425
1640 conceptual-cosmo 647 41943040 0 0 176589874.600745 1665161263.155371
1641  648 0 0 0 0.000000 1665972517.135728
1642  649 0 0 0 0.000000 1665971925.327283
1643  650 0 0 0 0.000000 1665974865.601005
1644  651 0 0 0 0.000000 1665970117.023138
1645 conceptual-cosmo 652 41943040 0 0 164031219.478460 1665971940.298570
1646  653 0 0 0 0.000000 1665966605.636582
1647  654 0 0 0 0.000000 1665974867.020164
1648  655 0 0 0 0.000000 1665974867.102469
1649 conceptual-cosmo 656 41943040 0 0 151587738.971905 1665972515.716570
1650  657 0 0 0 0.000000 1665972517.100978
1651  658 0 0 0 0.000000 1665965758.788278
1652  659 0 0 0 0.000000 1665966028.799424
1700 conceptual-cosmo 660 41943040 0 0 208653622.521909 1665966028.799424
1701 conceptual-cosmo 661 41943040 0 0 438985674.533837 1665972515.716570
1702  662 0 0 0 0.000000 1665963681.799585
1703  663 0 0 0 0.000000 1665961415.478425
1704 conceptual-cosmo 664 41943040 0 0 427406971.735997 1665161263.155371
1705  665 0 0 0 0.000000 1665972517.135728
1706 conceptual-cosmo 666 41943040 0 0 441642961.886196 1665971925.327283
1707  667 0 0 0 0.000000 1665974865.601005
1708  668 0 0 0 0.000000 1665970117.023138
1709  669 0 0 0 0.000000 1665971940.298570
1710 conceptual-cosmo 670 41943040 0 0 168586817.189638 1665966605.636582
1711  671 0 0 0 0.000000 1665974867.020164
1712 conceptual-cosmo 672 41943040 0 0 442636673.075676 1665974867.102469
1713 conceptual-cosmo 673 41943040 0 0 430394000.275043 1665972515.716570
1714  674 0 0 0 0.000000 1665972517.100978
1715 conceptual-cosmo 675 41943040 0 0 276151561.249003 1665965758.788278
1716  676 0 0 0 0.000000 1665966028.799424
1717  677 0 0 0 0.000000 1665972515.716570
1718  678 0 0 0 0.000000 1665963681.799585
1719  679 0 0 0 0.000000 1665961415.478425
1720  680 0 0 0 0.000000 1665161263.155371
1721 conceptual-cosmo 681 41943040 0 0 279092776.503765 1665972517.135728
1722 conceptual-cosmo 682 41943040 0 0 302373528.589372 1665971925.327283
1723  683 0 0 0 0.000000 1665974865.601005
1724 conceptual-cosmo 684 41943040 0 0 295740751.907018 1665970117.023138
1725  685 0 0 0 0.000000 1665971940.298570
1726  686 0 0 0 0.000000 1665966605.636582
1727  687 0 0 0 0.000000 1665974867.020164
1728  688 0 0 0 0.000000 1665974867.102469
1729 conceptual-cosmo 689 41943040 0 0 195997130.980436 1665972515.716570
1777 conceptual-cosmo 690 41943040 0 0 458232920.979440 1665972515.716570
1778 conceptual-cosmo 691 41943040 0 0 432127594.760953 1665972517.100978
1779  692 0 0 0 0.000000 1665965758.788278
1780  693 0 0 0 0.000000 1665966028.799424
1781  694 0 0 0 0.000000 1665972515.716570
1782  695 0 0 0 0.000000 1665963681.799585
1783  696 0 0 0 0.000000 1665961415.478425
1784 conceptual-cosmo 697 41943040 0 0 400353910.417374 1665161263.155371
1785 conceptual-cosmo 698 41943040 0 0 406487380.903984 1665972517.135728
1786  699 0 0 0 0.000000 1665971925.327283
1787 conceptual-cosmo 700 41943040 0 0 427130789.568767 1665974865.601005
1788  701 0 0 0 0.000000 1665970117.023138
1789  702 0 0 0 0.000000 1665971940.298570
1790 conceptual-cosmo 703 41943040 0 0 404721837.238826 1665966605.636582
1791  704 0 0 0 0.000000 1665974867.020164
1792  705 0 0 0 0.000000 1665974867.102469
1793  706 0 0 0 0.000000 1665972515.716570
1794  707 0 0 0 0.000000 1665972517.100978
1795  708 0 0 0 0.000000 1665965758.788278
1796 conceptual-cosmo 709 41943040 0 0 279505052.570320 1665966028.799424
1797  710 0 0 0 0.000000 1665972515.716570
1798 conceptual-cosmo 711 41943040 0 0 218310696.976277 1665963681.799585
1799  712 0 0 0 0.000000 1665961415.478425
1800 conceptual-cosmo 713 41943040 0 0 293315885.080781 1665161263.155371
1801 conceptual-cosmo 714 41943040 0 0 282707842.440516 1665972517.135728
1802 conceptual-cosmo 715 41943040 0 0 277184043.926456 1665971925.327283
1803  716 0 0 0 0.000000 1665974865.601005
1804  717 0 0 0 0.000000 1665970117.023138
1805  718 0 0 0 0.000000 1665971940.298570
1806 conceptual-cosmo 719 41943040 0 0 213204057.400121 1665966605.636582
1854 conceptual-cosmo 720 41943040 0 0 407133386.446443 1665966605.636582
1855 conceptual-cosmo 721 41943040 0 0 389929046.375172 1665974867.020164
1856 conceptual-cosmo 722 41943040 0 0 373400739.534809 1665974867.102469
1857 conceptual-cosmo 723 41943040 0 0 417034676.138978 1665972515.716570
1858 conceptual-cosmo 724 41943040 0 0 365414305.251045 1665972517.100978
1859  725 0 0 0 0.000000 1665965758.788278
1860 conceptual-cosmo 726 41943040 0 0 369000089.024517 1665966028.799424
1861  727 0 0 0 0.000000 1665972515.716570
1862  728 0 0 0 0.000000 1665963681.799585
1863  729 0 0 0 0.000000 1665961415.478425
1864  730 0 0 0 0.000000 1665161263.155371
1865  731 0 0 0 0.000000 1665972517.135728
1866  732 0 0 0 0.000000 1665971925.327283
1867  733 0 0 0 0.000000 1665974865.601005
1868  734 0 0 0 0.000000 1665970117.023138
1869  735 0 0 0 0.000000 1665971940.298570
1870 conceptual-cosmo 736 41943040 0 0 413377190.946844 1665966605.636582
1871 conceptual-cosmo 737 41943040 0 0 404784076.720907 1665974867.020164
1872 conceptual-cosmo 738 41943040 0 0 441579789.817745 1665974867.102469
1873  739 0 0 0 0.000000 1665972515.716570
1874  740 0 0 0 0.000000 1665972517.100978
1875  741 0 0 0 0.000000 1665965758.788278
1876  742 0 0 0 0.000000 1665966028.799424
1877 conceptual-cosmo 743 41943040 0 0 404882754.543402 1665972515.716570
1878 conceptual-cosmo 744 41943040 0 0 442367954.652489 1665963681.799585
1879  745 0 0 0 0.000000 1665961415.478425
1880  746 0 0 0 0.000000 1665161263.155371
1881 conceptual-cosmo 747 41943040 0 0 402930728.096213 1665972517.135728
1882 conceptual-cosmo 748 41943040 0 0 316825372.550647 1665971925.327283
1883  749 0 0 0 0.000000 1665974865.601005
1931  750 0 0 0 0.000000 1665974865.601005
1932 conceptual-cosmo 751 41943040 0 0 389354808.701806 1665970117.023138
1933  752 0 0 0 0.000000 1665971940.298570
1934  753 0 0 0 0.000000 1665966605.636582
1935  754 0 0 0 0.000000 1665974867.020164
1936  755 0 0 0 0.000000 1665974867.102469
1937 conceptual-cosmo 756 41943040 0 0 393575814.854148 1665972515.716570
1938  757 0 0 0 0.000000 1665972517.100978
1939 conceptual-cosmo 758 41943040 0 0 368783210.866232 1665965758.788278
1940 conceptual-cosmo 759 41943040 0 0 390863135.375573 1665966028.799424
1941 conceptual-cosmo 760 41943040 0 0 406877882.113796 1665972515.716570
1942 conceptual-cosmo 761 41943040 0 0 403083456.013326 1665963681.799585
1943  762 0 0 0 0.000000 1665961415.478425
1944  763 0 0 0 0.000000 1665161263.155371
1945  764 0 0 0 0.000000 1665972517.135728
1946  765 0 0 0 0.000000 1665971925.327283
1947  766 0 0 0 0.000000 1665974865.601005
1948  767 0 0 0 0.000000 1665970117.023138
1949  768 0 0 0 0.000000 1665971940.298570
1950 conceptual-cosmo 769 41943040 0 0 40334337.543144 1665966605.636582
1951  770 0 0 0 0.000000 1665974867.020164
1952 conceptual-cosmo 771 41943040 0 0 42919190.177522 1665974867.102469
1953  772 0 0 0 0.000000 1665972515.716570
1954  773 0 0 0 0.000000 1665972517.100978
1955  774 0 0 0 0.000000 1665965758.788278
1956  775 0 0 0 0.000000 1665966028.799424
1957  776 0 0 0 0.000000 1665972515.716570
1958  777 0 0 0 0.000000 1665963681.799585
1959  778 0 0 0 0.000000 1665961415.478425
1960  779 0 0 0 0.000000 1665161263.155371
2008  780 0 0 0 0.000000 1665161263.155371
2009  781 0 0 0 0.000000 1665972517.135728
2010  782 0 0 0 0.000000 1665971925.327283
2011  783 0 0 0 0.000000 1665974865.601005
2012  784 0 0 0 0.000000 1665970117.023138
2013 conceptual-cosmo 785 41943040 0 0 327480961.613174 1665971940.298570
2014  786 0 0 0 0.000000 1665966605.636582
2015  787 0 0 0 0.000000 1665974867.020164
2016 conceptual-cosmo 788 41943040 0 0 421605450.987856 1665974867.102469
2017 conceptual-cosmo 789 41943040 0 0 389203390.084334 1665972515.716570
2018 conceptual-cosmo 790 41943040 0 0 385480787.460441 1665972517.100978
2019  791 0 0 0 0.000000 1665965758.788278
2020 conceptual-cosmo 792 41943040 0 0 376878425.018745 1665966028.799424
2021 conceptual-cosmo 793 41943040 0 0 392027444.389132 1665972515.716570
2022 conceptual-cosmo 794 41943040 0 0 396804078.804000 1665963681.799585
2023  795 0 0 0 0.000000 1665961415.478425
2024 conceptual-cosmo 796 41943040 0 0 524049217.685151 1665161263.155371
2025  797 0 0 0 0.000000 1665972517.135728
2026  798 0 0 0 0.000000 1665971925.327283
2027 conceptual-cosmo 799 41943040 0 0 566676508.453076 1665974865.601005
2028 conceptual-cosmo 800 41943040 0 0 543373094.238852 1665970117.023138
2029  801 0 0 0 0.000000 1665971940.298570
2030 conceptual-cosmo 802 41943040 0 0 591869473.750584 1665966605.636582
2031  803 0 0 0 0.000000 1665974867.020164
2032 conceptual-cosmo 804 41943040 0 0 550329736.152733 1665974867.102469
2033 conceptual-cosmo 805 41943040 0 0 551663905.475520 1665972515.716570
2034  806 0 0 0 0.000000 1665972517.100978
2035 conceptual-cosmo 807 41943040 0 0 561268262.226701 1665965758.788278
2036 conceptual-cosmo 808 41943040 0 0 430096692.085723 1665966028.799424
2037  809 0 0 0 0.000000 1665972515.716570
2085  810 0 0 0 0.000000 1665972515.716570
2086  811 0 0 0 0.000000 1665963681.799585
2087 conceptual-cosmo 812 41943040 0 0 230822655.021054 1665961415.478425
2088  813 0 0 0 0.000000 1665161263.155371
2089  814 0 0 0 0.000000 1665972517.135728
2090  815 0 0 0 0.000000 1665971925.327283
2091  816 0 0 0 0.000000 1665974865.601005
2092 conceptual-cosmo 817 41943040 0 0 178541476.037799 1665970117.023138
2093  818 0 0 0 0.000000 1665971940.298570
2094  819 0 0 0 0.000000 1665966605.636582
2095 conceptual-cosmo 820 41943040 0 0 212755465.587788 1665974867.020164
2096  821 0 0 0 0.000000 1665974867.102469
2097  822 0 0 0 0.000000 1665972515.716570
2098 conceptual-cosmo 823 41943040 0 0 237567909.660897 1665972517.100978
2099  824 0 0 0 0.000000 1665965758.788278
2100  825 0 0 0 0.000000 1665966028.799424
2101  826 0 0 0 0.000000 1665972515.716570
2102  827 0 0 0 0.000000 1665963681.799585
2103  828 0 0 0 0.000000 1665961415.478425
2104  829 0 0 0 0.000000 1665161263.155371
2105  830 0 0 0 0.000000 1665972517.135728
2106 conceptual-cosmo 831 41943040 0 0 229859719.103443 1665971925.327283
2107  832 0 0 0 0.000000 1665974865.601005
2108  833 0 0 0 0.000000 1665970117.023138
2109  834 0 0 0 0.000000 1665971940.298570
2110 conceptual-cosmo 835 41943040 0 0 239574968.861327 1665966605.636582
2111 conceptual-cosmo 836 41943040 0 0 220980523.485405 1665974867.020164
2112  837 0 0 0 0.000000 1665974867.102469
2113  838 0 0 0 0.000000 1665972515.716570
2114 conceptual-cosmo 839 41943040 0 0 148247600.317703 1665972517.100978
2162 conceptual-cosmo 840 41943040 0 0 358622501.238385 1665972517.100978
2163 conceptual-cosmo 841 41943040 0 0 348329918.061444 1665965758.788278
2164 conceptual-cosmo 842 41943040 0 0 336730834.933700 1665966028.799424
2165  843 0 0 0 0.000000 1665972515.716570
2166  844 0 0 0 0.000000 1665963681.799585
2167  845 0 0 0 0.000000 1665961415.478425
2168  846 0 0 0 0.000000 1665161263.155371
2169  847 0 0 0 0.000000 1665972517.135728
2170  848 0 0 0 0.000000 1665971925.327283
2171 conceptual-cosmo 849 41943040 0 0 331419818.914077 1665974865.601005
2172  850 0 0 0 0.000000 1665970117.023138
2173  851 0 0 0 0.000000 1665971940.298570
2174 conceptual-cosmo 852 41943040 0 0 353961372.766766 1665966605.636582
2175  853 0 0 0 0.000000 1665974867.020164
2176 conceptual-cosmo 854 41943040 0 0 366300781.522560 1665974867.102469
2177 conceptual-cosmo 855 41943040 0 0 401286467.002598 1665972515.716570
2178  856 0 0 0 0.000000 1665972517.100978
2179 conceptual-cosmo 857 41943040 0 0 405448672.236207 1665965758.788278
2180  858 0 0 0 0.000000 1665966028.799424
2181  859 0 0 0 0.000000 1665972515.716570
2182 conceptual-cosmo 860 41943040 0 0 365260579.078422 1665963681.799585
2183  861 0 0 0 0.000000 1665961415.478425
2184  862 0 0 0 0.000000 1665161263.155371
2185  863 0 0 0 0.000000 1665972517.135728
2186 conceptual-cosmo 864 41943040 0 0 403003444.852253 1665971925.327283
2187  865 0 0 0 0.000000 1665974865.601005
2188 conceptual-cosmo 866 41943040 0 0 412374941.165848 1665970117.023138
2189 conceptual-cosmo 867 41943040 0 0 434501820.466061 1665971940.298570
2190  868 0 0 0 0.000000 1665966605.636582
2191  869 0 0 0 0.000000 1665974867.020164
2239  870 0 0 0 0.000000 1665974867.020164
2240  871 0 0 0 0.000000 1665974867.102469
2241 conceptual-cosmo 872 41943040 0 0 18836889.239368 1665972515.716570
2242  873 0 0 0 0.000000 1665972517.100978
2243  874 0 0 0 0.000000 1665965758.788278
2244  875 0 0 0 0.000000 1665966028.799424
2245  876 0 0 0 0.000000 1665972515.716570
2246  877 0 0 0 0.000000 1665963681.799585
2247  878 0 0 0 0.000000 1665961415.478425
2248  879 0 0 0 0.000000 1665161263.155371
2249  880 0 0 0 0.000000 1665972517.135728
2250  881 0 0 0 0.000000 1665971925.327283
2251  882 0 0 0 0.000000 1665974865.601005
2252  883 0 0 0 0.000000 1665970117.023138
2253  884 0 0 0 0.000000 1665971940.298570
2254  885 0 0 0 0.000000 1665966605.636582
2255  886 0 0 0 0.000000 1665974867.020164
2256  887 0 0 0 0.000000 1665974867.102469
2257  888 0 0 0 0.000000 1665972515.716570
2258  889 0 0 0 0.000000 1665972517.100978
2259  890 0 0 0 0.000000 1665965758.788278
2260  891 0 0 0 0.000000 1665966028.799424
2261 conceptual-cosmo 892 41943040 0 0 108436986.374397 1665972515.716570
2262  893 0 0 0 0.000000 1665963681.799585
2263 conceptual-cosmo 894 41943040 0 0 75952431.235763 1665961415.478425
2264  895 0 0 0 0.000000 1665161263.155371
2265  896 0 0 0 0.000000 1665972517.135728
2266  897 0 0 0 0.000000 1665971925.327283
2267  898 0 0 0 0.000000 1665974865.601005
2268 conceptual-cosmo 899 41943040 0 0 84417058.155798 1665970117.023138
2316  900 0 0 0 0.000000 1665970117.023138
2317  901 0 0 0 0.000000 1665971940.298570
2318  902 0 0 0 0.000000 1665966605.636582
2319  903 0 0 0 0.000000 1665974867.020164
2320  904 0 0 0 0.000000 1665974867.102469
2321  905 0 0 0 0.000000 1665972515.716570
2322  906 0 0 0 0.000000 1665972517.100978
2323  907 0 0 0 0.000000 1665965758.788278
2324  908 0 0 0 0.000000 1665966028.799424
2325  909 0 0 0 0.000000 1665972515.716570
2326  910 0 0 0 0.000000 1665963681.799585
2327  911 0 0 0 0.000000 1665961415.478425
2328  912 0 0 0 0.000000 1665161263.155371
2329  913 0 0 0 0.000000 1665972517.135728
2330  914 0 0 0 0.000000 1665971925.327283
2331  915 0 0 0 0.000000 1665974865.601005
2332  916 0 0 0 0.000000 1665970117.023138
2333  917 0 0 0 0.000000 1665971940.298570
2334  918 0 0 0 0.000000 1665966605.636582
2335  919 0 0 0 0.000000 1665974867.020164
2336  920 0 0 0 0.000000 1665974867.102469
2337  921 0 0 0 0.000000 1665972515.716570
2338  922 0 0 0 0.000000 1665972517.100978
2339  923 0 0 0 0.000000 1665965758.788278
2340  924 0 0 0 0.000000 1665966028.799424
2341  925 0 0 0 0.000000 1665972515.716570
2342  926 0 0 0 0.000000 1665963681.799585
2343  927 0 0 0 0.000000 1665961415.478425
2344  928 0 0 0 0.000000 1665161263.155371
2345  929 0 0 0 0.000000 1665972517.135728
2393  930 0 0 0 0.000000 1665972517.135728
2394  931 0 0 0 0.000000 1665971925.327283
2395  932 0 0 0 0.000000 1665974865.601005
2396  933 0 0 0 0.000000 1665970117.023138
2397  934 0 0 0 0.000000 1665971940.298570
2398  935 0 0 0 0.000000 1665966605.636582
2399  936 0 0 0 0.000000 1665974867.020164
2400  937 0 0 0 0.000000 1665974867.102469
2401  938 0 0 0 0.000000 1665972515.716570
2402  939 0 0 0 0.000000 1665972517.100978
2403  940 0 0 0 0.000000 1665965758.788278
2404  941 0 0 0 0.000000 1665966028.799424
2405  942 0 0 0 0.000000 1665972515.716570
2406  943 0 0 0 0.000000 1665963681.799585
2407  944 0 0 0 0.000000 1665961415.478425
2408  945 0 0 0 0.000000 1665161263.155371
2409  946 0 0 0 0.000000 1665972517.135728
2410  947 0 0 0 0.000000 1665971925.327283
2411  948 0 0 0 0.000000 1665974865.601005
2412  949 0 0 0 0.000000 1665970117.023138
2413  950 0 0 0 0.000000 1665971940.298570
2414  951 0 0 0 0.000000 1665966605.636582
2415  952 0 0 0 0.000000 1665974867.020164
2416  953 0 0 0 0.000000 1665974867.102469
2417  954 0 0 0 0.000000 1665972515.716570
2418  955 0 0 0 0.000000 1665972517.100978
2419  956 0 0 0 0.000000 1665965758.788278
2420  957 0 0 0 0.000000 1665966028.799424
2421  958 0 0 0 0.000000 1665972515.716570
2422  959 0 0 0 0.000000 1665963681.799585
2470  960 0 0 0 0.000000 1665963681.799585
2471  961 0 0 0 0.000000 1665961415.478425
2472  962 0 0 0 0.000000 1665161263.155371
2473  963 0 0 0 0.000000 1665972517.135728
2474  964 0 0 0 0.000000 1665971925.327283
2475  965 0 0 0 0.000000 1665974865.601005
2476  966 0 0 0 0.000000 1665970117.023138
2477  967 0 0 0 0.000000 1665971940.298570
2478  968 0 0 0 0.000000 1665966605.636582
2479  969 0 0 0 0.000000 1665974867.020164
2480  970 0 0 0 0.000000 1665974867.102469
2481  971 0 0 0 0.000000 1665972515.716570
2482  972 0 0 0 0.000000 1665972517.100978
2483  973 0 0 0 0.000000 1665965758.788278
2484  974 0 0 0 0.000000 1665966028.799424
2485  975 0 0 0 0.000000 1665972515.716570
2486  976 0 0 0 0.000000 1665963681.799585
2487  977 0 0 0 0.000000 1665961415.478425
2488  978 0 0 0 0.000000 1665161263.155371
2489  979 0 0 0 0.000000 1665972517.135728
2490  980 0 0 0 0.000000 1665971925.327283
2491  981 0 0 0 0.000000 1665974865.601005
2492  982 0 0 0 0.000000 1665970117.023138
2493  983 0 0 0 0.000000 1665971940.298570
2494  984 0 0 0 0.000000 1665966605.636582
2495  985 0 0 0 0.000000 1665974867.020164
2496  986 0 0 0 0.000000 1665974867.102469
2497  987 0 0 0 0.000000 1665972515.716570
2498  988 0 0 0 0.000000 1665972517.100978
2499  989 0 0 0 0.000000 1665965758.788278