# Format: <server id> <LP id> bytes <read> <written> time <written>
0 0 0 209715200 5547145509.505993 
1 1 0 335544320 11822049826.733759 
2 77 0 167772160 3467152636.485300 
3 78 0 83886080 446190340.654268 
4 154 0 209715200 4200937474.434852 
5 155 0 209715200 3877768043.040177 
6 231 0 167772160 2737690260.517696 
7 232 0 83886080 446852992.182405 
8 308 0 167772160 1965805108.812512 
9 309 0 167772160 1537570235.377477 
10 385 0 209715200 6561495134.348547 
11 386 0 167772160 3966634960.905375 
12 462 0 293601280 8997881538.520866 
13 463 0 251658240 6542816085.441473 
14 539 0 251658240 8092486096.334078 
15 540 0 251658240 6928009101.875961 
16 616 0 251658240 7173163312.368234 
17 617 0 293601280 10438863701.852776 
18 693 0 251658240 8420539114.363090 
19 694 0 293601280 9398029082.774597 
20 770 0 125829120 1678060436.401129 
21 771 0 209715200 5402799074.308392 
22 847 0 167772160 1916170846.375808 
23 848 0 83886080 292788988.313896 
24 924 0 251658240 8341704135.994143 
25 925 0 209715200 5367674272.381086 
26 1001 0 125829120 1789135686.403001 
27 1002 0 209715200 4574384398.156072 
28 1078 0 293601280 10082787019.127880 
29 1079 0 293601280 9280440084.388685 
30 1155 0 335544320 16978053678.907480 
31 1156 0 209715200 5397846447.421287 
32 1232 0 209715200 5080684911.291302 
33 1233 0 251658240 7675851545.935497 
34 1309 0 209715200 4268022170.539643 
35 1310 0 83886080 678760645.608963 
36 1386 0 251658240 8533021337.989206 
37 1387 0 125829120 883896983.173483 
38 1463 0 209715200 3400325747.517812 
39 1464 0 167772160 1496549617.322875 
40 1540 0 209715200 3129566143.075103 
41 1541 0 167772160 3654654512.018047 
42 1617 0 167772160 3553742925.493697 
43 1618 0 167772160 1927363022.318114 
44 1694 0 293601280 8423376649.424219 
45 1695 0 209715200 4437105372.428460 
46 1771 0 251658240 8476863741.669789 
47 1772 0 251658240 5272550727.837965 
48 1848 0 251658240 7643630682.161664 
49 1849 0 293601280 9245312817.419321 
50 1925 0 251658240 7702432656.909416 
51 1926 0 83886080 292786465.634004 
52 2002 0 293601280 8873920474.331816 
53 2003 0 335544320 14136989855.723131 
54 2079 0 167772160 2753582579.136261 
55 2080 0 167772160 2841977709.234247 
56 2156 0 251658240 6860784186.284755 
57 2157 0 251658240 8016526477.706564 
58 2233 0 41943040 71198729.726930 
59 2234 0 125829120 887489796.941130 
60 2310 0 0 0.000000 
61 2311 0 0 0.000000 
62 2387 0 0 0.000000 
63 2388 0 0 0.000000 
64 2464 0 0 0.000000 
65 2465 0 0 0.000000 
