# Format <LP id> <Terminal ID> <Total Data Sent> <Total Data Received> <Avg packet latency> <Max packet Latency> <Min packet Latency> <# Packets finished> <Avg Hops> <Avg Busy Time (over rails)>
37 0 335958680 294021400 20738.296821 3097126.429867 1441.053854 71880 5.360963 148666599.398327
38 1 335958680 294021400 23189.683497 2565161.372748 1441.053854 71880 5.454674 229286904.157383
39 2 0 0 -nan 0.000000 2147483647.000000 0 -nan 0.000000
40 3 0 0 -nan 0.000000 2147483647.000000 0 -nan 0.000000
41 4 0 0 -nan 0.000000 2147483647.000000 0 -nan 0.000000
42 5 483542680 441605400 20160.960110 2639367.761869 1441.053854 107915 5.345216 98680651.913878
43 6 0 0 -nan 0.000000 2147483647.000000 0 -nan 0.000000
44 7 0 0 -nan 0.000000 2147483647.000000 0 -nan 0.000000
45 8 0 0 -nan 0.000000 2147483647.000000 0 -nan 0.000000
46 9 335958680 294021400 24080.251721 2654457.467528 1441.053854 71880 5.287855 196506781.244041
47 10 0 0 -nan 0.000000 2147483647.000000 0 -nan 0.000000
48 11 0 0 -nan 0.000000 2147483647.000000 0 -nan 0.000000
49 12 335958680 294021400 24356.367327 2593275.215732 1441.053854 71880 5.279911 221996617.205234
50 13 0 0 -nan 0.000000 2147483647.000000 0 -nan 0.000000
51 14 0 0 -nan 0.000000 2147483647.000000 0 -nan 0.000000
52 15 0 0 -nan 0.000000 2147483647.000000 0 -nan 0.000000
53 16 335958680 294021400 13851.985836 1652748.004101 1441.053854 71880 3.490804 85722952.578963
54 17 335958680 294021400 30905.732593 3036536.794981 1441.053854 71880 5.264983 103798357.225413
55 18 0 0 -nan 0.000000 2147483647.000000 0 -nan 0.000000
56 19 0 0 -nan 0.000000 2147483647.000000 0 -nan 0.000000
57 20 335958680 294021400 20978.606519 2629961.777971 1441.053854 71880 5.101252 100544576.743225
58 21 0 0 -nan 0.000000 2147483647.000000 0 -nan 0.000000
59 22 0 0 -nan 0.000000 2147483647.000000 0 -nan 0.000000
60 23 0 0 -nan 0.000000 2147483647.000000 0 -nan 0.000000
61 24 0 0 -nan 0.000000 2147483647.000000 0 -nan 0.000000
62 25 189527680 147590400 18873.830912 1384121.097486 1441.053854 36085 5.147790 84383485.981245
63 26 189527680 147590400 20229.615369 1220132.215343 1441.053854 36085 5.254510 7186466.477049
64 27 189527680 147590400 19130.062155 228993.821329 1441.053854 36085 5.548427 7200598.245700
65 28 335958680 294021400 14723.654172 1681164.788372 591.738319 71880 3.672927 973007034.627873
66 29 335958680 294021400 28570.737676 2671926.864977 591.738319 71880 5.142654 981270930.896747
67 30 51200 335549440 8961.756330 541391.538375 591.738319 82240 1.750000 349.192262
68 31 32000 209718400 9518.032235 21248.523678 1441.053854 51400 2.000000 174.873335
114 32 0 0 -nan 0.000000 2147483647.000000 0 -nan 0.000000
115 33 0 0 -nan 0.000000 2147483647.000000 0 -nan 0.000000
116 34 335958680 294021400 17566.930285 3538383.090400 1441.053854 71880 5.212563 78972134.995711
117 35 335958680 294021400 15159.367867 2488318.284328 1441.053854 71880 5.056692 196961836.497381
118 36 0 0 -nan 0.000000 2147483647.000000 0 -nan 0.000000
119 37 335958680 294021400 17453.897647 2484402.105385 1441.053854 71880 5.345465 73534897.638056
120 38 0 0 -nan 0.000000 2147483647.000000 0 -nan 0.000000
121 39 0 0 -nan 0.000000 2147483647.000000 0 -nan 0.000000
122 40 0 0 -nan 0.000000 2147483647.000000 0 -nan 0.000000
123 41 0 0 -nan 0.000000 2147483647.000000 0 -nan 0.000000
124 42 0 0 -nan 0.000000 2147483647.000000 0 -nan 0.000000
125 43 0 0 -nan 0.000000 2147483647.000000 0 -nan 0.000000
126 44 0 0 -nan 0.000000 2147483647.000000 0 -nan 0.000000
127 45 335958680 294021400 16231.955998 2524505.842906 1441.053854 71880 5.224986 54409038.604261
128 46 0 0 -nan 0.000000 2147483647.000000 0 -nan 0.000000
129 47 0 0 -nan 0.000000 2147483647.000000 0 -nan 0.000000
130 48 0 0 -nan 0.000000 2147483647.000000 0 -nan 0.000000
131 49 0 0 -nan 0.000000 2147483647.000000 0 -nan 0.000000
132 50 0 0 -nan 0.000000 2147483647.000000 0 -nan 0.000000
133 51 0 0 -nan 0.000000 2147483647.000000 0 -nan 0.000000
134 52 0 0 -nan 0.000000 2147483647.000000 0 -nan 0.000000
135 53 0 0 -nan 0.000000 2147483647.000000 0 -nan 0.000000
136 54 0 0 -nan 0.000000 2147483647.000000 0 -nan 0.000000
137 55 189527680 147590400 14213.230814 677345.631136 1441.053854 36085 5.358237 4733749.038998
138 56 0 0 -nan 0.000000 2147483647.000000 0 -nan 0.000000
139 57 0 0 -nan 0.000000 2147483647.000000 0 -nan 0.000000
140 58 0 0 -nan 0.000000 2147483647.000000 0 -nan 0.000000
141 59 189527680 147590400 12249.856543 718033.852549 1441.053854 36085 5.408397 4724835.010782
142 60 0 0 -nan 0.000000 2147483647.000000 0 -nan 0.000000
143 61 0 0 -nan 0.000000 2147483647.000000 0 -nan 0.000000
144 62 12800 83887360 9145.262988 9489.183695 1441.053854 20560 2.000000 0.000000
145 63 25600 167774720 9934.228588 15311.953971 1441.053854 41120 2.000000 160.988395
191 64 189527680 147590400 12720.486068 1226237.707492 1441.053854 36085 5.356270 4939840.747253
192 65 0 0 -nan 0.000000 2147483647.000000 0 -nan 0.000000
193 66 0 0 -nan 0.000000 2147483647.000000 0 -nan 0.000000
194 67 0 0 -nan 0.000000 2147483647.000000 0 -nan 0.000000
195 68 0 0 -nan 0.000000 2147483647.000000 0 -nan 0.000000
196 69 483542680 441605400 16291.811915 2621521.840905 1441.053854 107915 5.311912 107190086.107294
197 70 335958680 294021400 15514.285654 556304.556061 1441.053854 71880 5.442432 159258234.693941
198 71 0 0 -nan 0.000000 2147483647.000000 0 -nan 0.000000
199 72 335958680 294021400 23079.073562 2535252.844466 1441.053854 71880 5.385768 133223540.673658
200 73 0 0 -nan 0.000000 2147483647.000000 0 -nan 0.000000
201 74 0 0 -nan 0.000000 2147483647.000000 0 -nan 0.000000
202 75 0 0 -nan 0.000000 2147483647.000000 0 -nan 0.000000
203 76 0 0 -nan 0.000000 2147483647.000000 0 -nan 0.000000
204 77 0 0 -nan 0.000000 2147483647.000000 0 -nan 0.000000
205 78 335958680 294021400 17984.768826 2581256.941886 1441.053854 71880 5.425139 50541933.969861
206 79 0 0 -nan 0.000000 2147483647.000000 0 -nan 0.000000
207 80 335958680 294021400 17628.471301 2548283.160321 908.387995 71880 5.010406 244848117.830221
208 81 335958680 294021400 19105.717313 2610449.464273 908.387995 71880 5.071411 347111035.844413
209 82 0 0 -nan 0.000000 2147483647.000000 0 -nan 0.000000
210 83 335958680 294021400 13314.294582 848251.735023 1441.053854 71880 5.335504 151505548.553158
211 84 0 0 -nan 0.000000 2147483647.000000 0 -nan 0.000000
212 85 0 0 -nan 0.000000 2147483647.000000 0 -nan 0.000000
213 86 0 0 -nan 0.000000 2147483647.000000 0 -nan 0.000000
214 87 0 0 -nan 0.000000 2147483647.000000 0 -nan 0.000000
215 88 0 0 -nan 0.000000 2147483647.000000 0 -nan 0.000000
216 89 0 0 -nan 0.000000 2147483647.000000 0 -nan 0.000000
217 90 0 0 -nan 0.000000 2147483647.000000 0 -nan 0.000000
218 91 483542680 441605400 16808.177231 2417882.118124 1441.053854 107915 5.324237 198164692.909320
219 92 335958680 294021400 21735.913070 2522480.259614 591.738319 71880 5.174040 587883617.541122
220 93 0 0 -nan 0.000000 2147483647.000000 0 -nan 0.000000
221 94 32000 209718400 9317.331697 303527.992647 591.738319 51400 1.800000 161.001325
222 95 32000 209718400 9648.740683 21248.523678 1441.053854 51400 2.000000 173.677903
268 96 0 0 -nan 0.000000 2147483647.000000 0 -nan 0.000000
269 97 0 0 -nan 0.000000 2147483647.000000 0 -nan 0.000000
270 98 335958680 294021400 17192.461976 2581183.454966 1441.053854 71880 5.235114 123456468.992499
271 99 335958680 294021400 13596.417725 2600266.864576 1441.053854 71880 5.151266 40857308.956583
272 100 0 0 -nan 0.000000 2147483647.000000 0 -nan 0.000000
273 101 335958680 294021400 14141.168089 2597351.923829 1441.053854 71880 5.150403 87256819.911581
274 102 0 0 -nan 0.000000 2147483647.000000 0 -nan 0.000000
275 103 0 0 -nan 0.000000 2147483647.000000 0 -nan 0.000000
276 104 0 0 -nan 0.000000 2147483647.000000 0 -nan 0.000000
277 105 0 0 -nan 0.000000 2147483647.000000 0 -nan 0.000000
278 106 0 0 -nan 0.000000 2147483647.000000 0 -nan 0.000000
279 107 0 0 -nan 0.000000 2147483647.000000 0 -nan 0.000000
280 108 483542680 441605400 18197.934660 2510534.976994 1441.053854 107915 5.355993 128918070.171612
281 109 0 0 -nan 0.000000 2147483647.000000 0 -nan 0.000000
282 110 0 0 -nan 0.000000 2147483647.000000 0 -nan 0.000000
283 111 0 0 -nan 0.000000 2147483647.000000 0 -nan 0.000000
284 112 0 0 -nan 0.000000 2147483647.000000 0 -nan 0.000000
285 113 0 0 -nan 0.000000 2147483647.000000 0 -nan 0.000000
286 114 0 0 -nan 0.000000 2147483647.000000 0 -nan 0.000000
287 115 0 0 -nan 0.000000 2147483647.000000 0 -nan 0.000000
288 116 335958680 294021400 15464.118250 2612848.675212 1441.053854 71880 5.430189 34082259.325705
289 117 0 0 -nan 0.000000 2147483647.000000 0 -nan 0.000000
290 118 0 0 -nan 0.000000 2147483647.000000 0 -nan 0.000000
291 119 0 0 -nan 0.000000 2147483647.000000 0 -nan 0.000000
292 120 0 0 -nan 0.000000 2147483647.000000 0 -nan 0.000000
293 121 335958680 294021400 13200.604347 1181088.880359 1441.053854 71880 5.419658 65064418.023919
294 122 0 0 -nan 0.000000 2147483647.000000 0 -nan 0.000000
295 123 0 0 -nan 0.000000 2147483647.000000 0 -nan 0.000000
296 124 0 0 -nan 0.000000 2147483647.000000 0 -nan 0.000000
297 125 0 0 -nan 0.000000 2147483647.000000 0 -nan 0.000000
298 126 12800 83887360 9144.930285 9488.043763 1441.053854 20560 2.000000 0.000000
299 127 25600 167774720 9712.470018 15161.880861 1441.053854 41120 2.000000 161.769924
345 128 0 0 -nan 0.000000 2147483647.000000 0 -nan 0.000000
346 129 0 0 -nan 0.000000 2147483647.000000 0 -nan 0.000000
347 130 0 0 -nan 0.000000 2147483647.000000 0 -nan 0.000000
348 131 0 0 -nan 0.000000 2147483647.000000 0 -nan 0.000000
349 132 0 0 -nan 0.000000 2147483647.000000 0 -nan 0.000000
350 133 0 0 -nan 0.000000 2147483647.000000 0 -nan 0.000000
351 134 0 0 -nan 0.000000 2147483647.000000 0 -nan 0.000000
352 135 335958680 294021400 15164.446599 1659571.339704 1441.053854 71880 5.330259 59264936.679373
353 136 483542680 441605400 13495.164702 1245383.453094 1441.053854 107915 5.337377 187908308.074588
354 137 335958680 294021400 17674.476271 2567384.839556 1441.053854 71880 5.226029 146306358.863842
355 138 0 0 -nan 0.000000 2147483647.000000 0 -nan 0.000000
356 139 0 0 -nan 0.000000 2147483647.000000 0 -nan 0.000000
357 140 483542680 441605400 16398.922857 2544498.283518 1441.053854 107915 5.422277 186752256.132358
358 141 0 0 -nan 0.000000 2147483647.000000 0 -nan 0.000000
359 142 0 0 -nan 0.000000 2147483647.000000 0 -nan 0.000000
360 143 0 0 -nan 0.000000 2147483647.000000 0 -nan 0.000000
361 144 0 0 -nan 0.000000 2147483647.000000 0 -nan 0.000000
362 145 335958680 294021400 14915.101231 1349016.086793 1441.053854 71880 5.345145 59915608.610152
363 146 0 0 -nan 0.000000 2147483647.000000 0 -nan 0.000000
364 147 0 0 -nan 0.000000 2147483647.000000 0 -nan 0.000000
365 148 0 0 -nan 0.000000 2147483647.000000 0 -nan 0.000000
366 149 0 0 -nan 0.000000 2147483647.000000 0 -nan 0.000000
367 150 335958680 294021400 16024.901871 2461922.335685 1441.053854 71880 5.279243 77985243.390896
368 151 0 0 -nan 0.000000 2147483647.000000 0 -nan 0.000000
369 152 189527680 147590400 13571.483826 720869.140212 1441.053854 36085 5.218262 5424175.990635
370 153 0 0 -nan 0.000000 2147483647.000000 0 -nan 0.000000
371 154 0 0 -nan 0.000000 2147483647.000000 0 -nan 0.000000
372 155 0 0 -nan 0.000000 2147483647.000000 0 -nan 0.000000
373 156 189527680 147590400 25013.497000 1418758.168723 591.738319 36085 5.500513 0.000000
374 157 0 0 -nan 0.000000 2147483647.000000 0 -nan 0.000000
375 158 25600 167774720 7556.662743 238943.538096 591.738319 41120 1.750000 0.000000
376 159 25600 167774720 9283.996417 305488.152979 1441.053854 41120 2.000000 160.976037
422 160 335958680 294021400 14373.985689 1243176.597906 1441.053854 71880 5.420812 86618056.224272
423 161 0 0 -nan 0.000000 2147483647.000000 0 -nan 0.000000
424 162 0 0 -nan 0.000000 2147483647.000000 0 -nan 0.000000
425 163 0 0 -nan 0.000000 2147483647.000000 0 -nan 0.000000
426 164 335958680 294021400 9145.818844 1254900.003606 845.058060 71880 3.163286 513075181.723084
427 165 0 0 -nan 0.000000 2147483647.000000 0 -nan 0.000000
428 166 0 0 -nan 0.000000 2147483647.000000 0 -nan 0.000000
429 167 335958680 294021400 9471.556598 1263238.407934 845.058060 71880 3.191903 356838239.619500
430 168 0 0 -nan 0.000000 2147483647.000000 0 -nan 0.000000
431 169 0 0 -nan 0.000000 2147483647.000000 0 -nan 0.000000
432 170 0 0 -nan 0.000000 2147483647.000000 0 -nan 0.000000
433 171 0 0 -nan 0.000000 2147483647.000000 0 -nan 0.000000
434 172 335958680 294021400 14344.435896 1315833.749465 1441.053854 71880 5.209891 144129787.329229
435 173 335958680 294021400 16887.498019 2483171.433918 1441.053854 71880 5.399777 151115882.599803
436 174 0 0 -nan 0.000000 2147483647.000000 0 -nan 0.000000
437 175 0 0 -nan 0.000000 2147483647.000000 0 -nan 0.000000
438 176 0 0 -nan 0.000000 2147483647.000000 0 -nan 0.000000
439 177 0 0 -nan 0.000000 2147483647.000000 0 -nan 0.000000
440 178 335958680 294021400 14246.510054 2445110.384777 1441.053854 71880 5.396244 63445974.321540
441 179 0 0 -nan 0.000000 2147483647.000000 0 -nan 0.000000
442 180 335958680 294021400 15124.350497 1279017.738827 1441.053854 71880 4.900904 61532790.571015
443 181 0 0 -nan 0.000000 2147483647.000000 0 -nan 0.000000
444 182 0 0 -nan 0.000000 2147483647.000000 0 -nan 0.000000
445 183 0 0 -nan 0.000000 2147483647.000000 0 -nan 0.000000
446 184 335958680 294021400 14662.469361 1658845.234209 1441.053854 71880 5.117933 249520659.474620
447 185 335958680 294021400 13043.685382 1270325.680327 1441.053854 71880 4.957513 244363133.565486
448 186 0 0 -nan 0.000000 2147483647.000000 0 -nan 0.000000
449 187 0 0 -nan 0.000000 2147483647.000000 0 -nan 0.000000
450 188 0 0 -nan 0.000000 2147483647.000000 0 -nan 0.000000
451 189 0 0 -nan 0.000000 2147483647.000000 0 -nan 0.000000
452 190 25600 167774720 9723.812910 15379.630054 1441.053854 41120 2.000000 161.290855
453 191 32000 209718400 10307.921756 15329.584332 1441.053854 51400 2.000000 174.351445
499 192 483542680 441605400 19249.709030 2034428.259239 1441.053854 107915 5.193828 206770952.487821
500 193 335958680 294021400 15692.883361 2606997.000717 1441.053854 71880 5.309098 354252871.724119
501 194 189527680 147590400 12722.441411 1428142.769512 1441.053854 36085 5.574837 7726636.449920
502 195 335958680 294021400 18333.950746 1296529.544383 1441.053854 71880 5.187757 276734346.459566
503 196 0 0 -nan 0.000000 2147483647.000000 0 -nan 0.000000
504 197 0 0 -nan 0.000000 2147483647.000000 0 -nan 0.000000
505 198 335958680 294021400 28428.505981 3063907.166430 1441.053854 71880 5.139121 217061812.982583
506 199 483542680 441605400 15142.334633 2604639.591308 1441.053854 107915 5.416013 180445978.268713
507 200 0 0 -nan 0.000000 2147483647.000000 0 -nan 0.000000
508 201 0 0 -nan 0.000000 2147483647.000000 0 -nan 0.000000
509 202 0 0 -nan 0.000000 2147483647.000000 0 -nan 0.000000
510 203 0 0 -nan 0.000000 2147483647.000000 0 -nan 0.000000
511 204 0 0 -nan 0.000000 2147483647.000000 0 -nan 0.000000
512 205 335958680 294021400 19268.809306 1305433.777278 1441.053854 71880 5.344519 82631398.515065
513 206 0 0 -nan 0.000000 2147483647.000000 0 -nan 0.000000
514 207 0 0 -nan 0.000000 2147483647.000000 0 -nan 0.000000
515 208 0 0 -nan 0.000000 2147483647.000000 0 -nan 0.000000
516 209 0 0 -nan 0.000000 2147483647.000000 0 -nan 0.000000
517 210 335958680 294021400 17711.136320 750934.258201 1441.053854 71880 5.363244 104087926.230931
518 211 0 0 -nan 0.000000 2147483647.000000 0 -nan 0.000000
519 212 0 0 -nan 0.000000 2147483647.000000 0 -nan 0.000000
520 213 189527680 147590400 11922.338069 1428456.654734 1441.053854 36085 5.023084 5936923.506226
521 214 0 0 -nan 0.000000 2147483647.000000 0 -nan 0.000000
522 215 335958680 294021400 16288.853765 1238941.748775 1441.053854 71880 5.286770 160073469.991205
523 216 335958680 294021400 17658.041288 1313047.133235 1441.053854 71880 5.136881 50068491.304815
524 217 0 0 -nan 0.000000 2147483647.000000 0 -nan 0.000000
525 218 0 0 -nan 0.000000 2147483647.000000 0 -nan 0.000000
526 219 0 0 -nan 0.000000 2147483647.000000 0 -nan 0.000000
527 220 335958680 294021400 18442.881002 3064767.620192 591.738319 71880 5.231873 667570280.734579
528 221 335958680 294021400 22562.892279 2670196.941588 591.738319 71880 5.328589 1273050772.257761
529 222 38400 251662080 7725.715521 535473.935837 591.738319 61680 1.666667 160.764136
530 223 44800 293605760 10410.019659 179486.440982 1441.053854 71960 2.000000 923.239734
576 224 483542680 441605400 13158.358653 1308468.747864 1441.053854 107915 5.218366 104958398.442564
577 225 0 0 -nan 0.000000 2147483647.000000 0 -nan 0.000000
578 226 189527680 147590400 12442.275645 175527.655781 1441.053854 36085 5.255397 7177014.173912
579 227 0 0 -nan 0.000000 2147483647.000000 0 -nan 0.000000
580 228 483542680 441605400 13715.352948 2331197.610166 908.387995 107915 4.941908 264728120.840241
581 229 335958680 294021400 15861.207280 1311850.792239 908.387995 71880 5.104688 133077948.964203
582 230 0 0 -nan 0.000000 2147483647.000000 0 -nan 0.000000
583 231 0 0 -nan 0.000000 2147483647.000000 0 -nan 0.000000
584 232 0 0 -nan 0.000000 2147483647.000000 0 -nan 0.000000
585 233 0 0 -nan 0.000000 2147483647.000000 0 -nan 0.000000
586 234 0 0 -nan 0.000000 2147483647.000000 0 -nan 0.000000
587 235 335958680 294021400 22214.426349 1613195.763933 1441.053854 71880 5.259377 131570932.956909
588 236 0 0 -nan 0.000000 2147483647.000000 0 -nan 0.000000
589 237 0 0 -nan 0.000000 2147483647.000000 0 -nan 0.000000
590 238 335958680 294021400 16532.350165 1541064.898667 1441.053854 71880 5.378311 36187296.107179
591 239 0 0 -nan 0.000000 2147483647.000000 0 -nan 0.000000
592 240 335958680 294021400 19117.480850 1285872.897545 1441.053854 71880 5.365220 195953874.850240
593 241 189527680 147590400 11537.651933 1516689.827649 1441.053854 36085 5.416239 240190391.252834
594 242 0 0 -nan 0.000000 2147483647.000000 0 -nan 0.000000
595 243 335958680 294021400 15640.430737 1241095.910730 1441.053854 71880 5.099402 127642684.942991
596 244 0 0 -nan 0.000000 2147483647.000000 0 -nan 0.000000
597 245 0 0 -nan 0.000000 2147483647.000000 0 -nan 0.000000
598 246 335958680 294021400 17058.186794 2465224.361964 1441.053854 71880 5.393865 131356420.613062
599 247 0 0 -nan 0.000000 2147483647.000000 0 -nan 0.000000
600 248 0 0 -nan 0.000000 2147483647.000000 0 -nan 0.000000
601 249 0 0 -nan 0.000000 2147483647.000000 0 -nan 0.000000
602 250 0 0 -nan 0.000000 2147483647.000000 0 -nan 0.000000
603 251 483542680 441605400 13916.936091 1192537.990893 1441.053854 107915 5.336292 108444601.235281
604 252 335958680 294021400 19383.473982 2542480.593099 591.738319 71880 5.042001 1303458994.092219
605 253 0 0 -nan 0.000000 2147483647.000000 0 -nan 0.000000
606 254 38400 251662080 9381.816206 405336.446128 591.738319 61680 1.833333 174.779635
607 255 38400 251662080 10287.389823 21043.632712 1441.053854 61680 2.000000 348.985015
653 256 0 0 -nan 0.000000 2147483647.000000 0 -nan 0.000000
654 257 335958680 294021400 19388.924491 2793019.243878 1441.053854 71880 5.252685 141289874.299670
655 258 0 0 -nan 0.000000 2147483647.000000 0 -nan 0.000000
656 259 0 0 -nan 0.000000 2147483647.000000 0 -nan 0.000000
657 260 335958680 294021400 17448.855332 1080817.813319 1441.053854 71880 5.416375 126944896.410794
658 261 189527680 147590400 11523.365828 717635.978292 1441.053854 36085 4.748316 121901477.878217
659 262 0 0 -nan 0.000000 2147483647.000000 0 -nan 0.000000
660 263 483542680 441605400 15214.379500 1155203.150026 1441.053854 107915 5.296873 126244750.751609
661 264 0 0 -nan 0.000000 2147483647.000000 0 -nan 0.000000
662 265 0 0 -nan 0.000000 2147483647.000000 0 -nan 0.000000
663 266 335958680 294021400 17323.748769 1283695.702357 1441.053854 71880 5.367084 141411104.239752
664 267 0 0 -nan 0.000000 2147483647.000000 0 -nan 0.000000
665 268 0 0 -nan 0.000000 2147483647.000000 0 -nan 0.000000
666 269 483542680 441605400 17062.147627 1192742.156300 1441.053854 107915 5.387388 332920626.579155
667 270 0 0 -nan 0.000000 2147483647.000000 0 -nan 0.000000
668 271 335958680 294021400 18355.562738 2462122.687761 1441.053854 71880 5.062938 160151711.083275
669 272 0 0 -nan 0.000000 2147483647.000000 0 -nan 0.000000
670 273 189527680 147590400 11898.061731 677904.125429 1441.053854 36085 5.403824 6198537.162268
671 274 0 0 -nan 0.000000 2147483647.000000 0 -nan 0.000000
672 275 335958680 294021400 16718.929717 2359347.721973 1441.053854 71880 5.182791 163260304.775401
673 276 0 0 -nan 0.000000 2147483647.000000 0 -nan 0.000000
674 277 0 0 -nan 0.000000 2147483647.000000 0 -nan 0.000000
675 278 335958680 294021400 13931.264339 1042331.868756 1441.053854 71880 4.790011 201194042.002221
676 279 335958680 294021400 13000.510433 1246511.117607 1441.053854 71880 5.373776 169304721.078692
677 280 0 0 -nan 0.000000 2147483647.000000 0 -nan 0.000000
678 281 0 0 -nan 0.000000 2147483647.000000 0 -nan 0.000000
679 282 335958680 294021400 15391.441877 2574459.071254 1441.053854 71880 5.358542 215571398.251747
680 283 0 0 -nan 0.000000 2147483647.000000 0 -nan 0.000000
681 284 335958680 294021400 19871.059292 2921426.852244 591.738319 71880 5.213203 994159367.829260
682 285 0 0 -nan 0.000000 2147483647.000000 0 -nan 0.000000
683 286 44800 293605760 9525.325967 306220.990419 591.738319 71960 1.857143 348.432097
684 287 38400 251662080 10424.939584 629074.514029 1441.053854 61680 2.000000 348.267822
730 288 335958680 294021400 18817.982002 727787.252698 1441.053854 71880 5.185893 275445110.913782
731 289 335958680 294021400 17580.882328 1283886.636265 1441.053854 71880 5.387410 251585623.423695
732 290 335958680 294021400 14690.307242 1287997.806094 1441.053854 71880 5.429062 412077744.098745
733 291 483542680 441605400 14482.156299 1293069.359012 1441.053854 107915 5.100477 172505344.817934
734 292 0 0 -nan 0.000000 2147483647.000000 0 -nan 0.000000
735 293 0 0 -nan 0.000000 2147483647.000000 0 -nan 0.000000
736 294 0 0 -nan 0.000000 2147483647.000000 0 -nan 0.000000
737 295 0 0 -nan 0.000000 2147483647.000000 0 -nan 0.000000
738 296 335958680 294021400 17681.366997 2506349.695246 1441.053854 71880 5.359043 153996647.657994
739 297 0 0 -nan 0.000000 2147483647.000000 0 -nan 0.000000
740 298 0 0 -nan 0.000000 2147483647.000000 0 -nan 0.000000
741 299 0 0 -nan 0.000000 2147483647.000000 0 -nan 0.000000
742 300 0 0 -nan 0.000000 2147483647.000000 0 -nan 0.000000
743 301 335958680 294021400 13794.801097 1766257.749815 1441.053854 71880 3.709572 231156268.446403
744 302 0 0 -nan 0.000000 2147483647.000000 0 -nan 0.000000
745 303 0 0 -nan 0.000000 2147483647.000000 0 -nan 0.000000
746 304 0 0 -nan 0.000000 2147483647.000000 0 -nan 0.000000
747 305 335958680 294021400 19755.258538 2374105.794243 1441.053854 71880 5.352365 229189089.033732
748 306 189527680 147590400 23291.595337 1493293.466245 1441.053854 36085 5.616350 124942287.866846
749 307 189527680 147590400 19192.567825 675337.888405 1441.053854 36085 5.529306 7518739.728381
750 308 0 0 -nan 0.000000 2147483647.000000 0 -nan 0.000000
751 309 0 0 -nan 0.000000 2147483647.000000 0 -nan 0.000000
752 310 335958680 294021400 14920.101763 1552829.122344 1441.053854 71880 3.700195 149006857.754393
753 311 0 0 -nan 0.000000 2147483647.000000 0 -nan 0.000000
754 312 335958680 294021400 17126.836481 2436082.171479 1441.053854 71880 5.387535 79888892.536874
755 313 0 0 -nan 0.000000 2147483647.000000 0 -nan 0.000000
756 314 335958680 294021400 18838.869334 2324287.342755 1441.053854 71880 5.274165 242993650.389391
757 315 0 0 -nan 0.000000 2147483647.000000 0 -nan 0.000000
758 316 0 0 -nan 0.000000 2147483647.000000 0 -nan 0.000000
759 317 189527680 147590400 25532.194883 1084205.205935 591.738319 36085 5.412859 0.000000
760 318 44800 293605760 9444.065303 308561.564988 591.738319 71960 1.857143 349.522667
761 319 38400 251662080 10619.417517 372594.285618 1441.053854 61680 2.000000 347.830097
807 320 0 0 -nan 0.000000 2147483647.000000 0 -nan 0.000000
808 321 0 0 -nan 0.000000 2147483647.000000 0 -nan 0.000000
809 322 335958680 294021400 14079.100834 568554.600065 1441.053854 71880 4.827365 57767515.952017
810 323 0 0 -nan 0.000000 2147483647.000000 0 -nan 0.000000
811 324 335958680 294021400 16877.962270 2622425.872395 1441.053854 71880 5.182053 274234729.783808
812 325 0 0 -nan 0.000000 2147483647.000000 0 -nan 0.000000
813 326 0 0 -nan 0.000000 2147483647.000000 0 -nan 0.000000
814 327 0 0 -nan 0.000000 2147483647.000000 0 -nan 0.000000
815 328 0 0 -nan 0.000000 2147483647.000000 0 -nan 0.000000
816 329 0 0 -nan 0.000000 2147483647.000000 0 -nan 0.000000
817 330 0 0 -nan 0.000000 2147483647.000000 0 -nan 0.000000
818 331 335958680 294021400 16959.006363 2587764.711420 1441.053854 71880 5.055774 158463356.438762
819 332 0 0 -nan 0.000000 2147483647.000000 0 -nan 0.000000
820 333 0 0 -nan 0.000000 2147483647.000000 0 -nan 0.000000
821 334 0 0 -nan 0.000000 2147483647.000000 0 -nan 0.000000
822 335 0 0 -nan 0.000000 2147483647.000000 0 -nan 0.000000
823 336 0 0 -nan 0.000000 2147483647.000000 0 -nan 0.000000
824 337 0 0 -nan 0.000000 2147483647.000000 0 -nan 0.000000
825 338 0 0 -nan 0.000000 2147483647.000000 0 -nan 0.000000
826 339 335958680 294021400 16645.106062 2603886.235101 1441.053854 71880 5.291041 85939130.531964
827 340 335958680 294021400 16402.354943 2484486.509770 1441.053854 71880 5.129035 134919404.799416
828 341 0 0 -nan 0.000000 2147483647.000000 0 -nan 0.000000
829 342 335958680 294021400 14244.693001 1237487.749645 1441.053854 71880 5.255871 154120110.235994
830 343 0 0 -nan 0.000000 2147483647.000000 0 -nan 0.000000
831 344 0 0 -nan 0.000000 2147483647.000000 0 -nan 0.000000
832 345 0 0 -nan 0.000000 2147483647.000000 0 -nan 0.000000
833 346 335958680 294021400 15090.318600 3097885.821811 1441.053854 71880 5.378812 118279734.512984
834 347 0 0 -nan 0.000000 2147483647.000000 0 -nan 0.000000
835 348 335958680 294021400 15353.972214 2577116.822980 591.738319 71880 5.303214 889904194.209421
836 349 0 0 -nan 0.000000 2147483647.000000 0 -nan 0.000000
837 350 32000 209718400 8974.428404 302644.339130 591.738319 51400 1.800000 161.015453
838 351 19200 125831040 9056.812540 155541.210205 1441.053854 30840 2.000000 0.000000
884 352 0 0 -nan 0.000000 2147483647.000000 0 -nan 0.000000
885 353 0 0 -nan 0.000000 2147483647.000000 0 -nan 0.000000
886 354 0 0 -nan 0.000000 2147483647.000000 0 -nan 0.000000
887 355 0 0 -nan 0.000000 2147483647.000000 0 -nan 0.000000
888 356 0 0 -nan 0.000000 2147483647.000000 0 -nan 0.000000
889 357 0 0 -nan 0.000000 2147483647.000000 0 -nan 0.000000
890 358 0 0 -nan 0.000000 2147483647.000000 0 -nan 0.000000
891 359 0 0 -nan 0.000000 2147483647.000000 0 -nan 0.000000
892 360 0 0 -nan 0.000000 2147483647.000000 0 -nan 0.000000
893 361 335958680 294021400 16723.499143 2623929.940759 1441.053854 71880 5.110726 224716564.110199
894 362 0 0 -nan 0.000000 2147483647.000000 0 -nan 0.000000
895 363 483542680 441605400 13284.000719 2536313.590777 1441.053854 107915 5.423574 99855468.545840
896 364 335958680 294021400 14003.799728 1525826.818130 1441.053854 71880 5.177629 51948337.956087
897 365 0 0 -nan 0.000000 2147483647.000000 0 -nan 0.000000
898 366 335958680 294021400 14409.181999 666163.527018 1441.053854 71880 5.212869 77073548.541052
899 367 0 0 -nan 0.000000 2147483647.000000 0 -nan 0.000000
900 368 0 0 -nan 0.000000 2147483647.000000 0 -nan 0.000000
901 369 0 0 -nan 0.000000 2147483647.000000 0 -nan 0.000000
902 370 0 0 -nan 0.000000 2147483647.000000 0 -nan 0.000000
903 371 335958680 294021400 16605.023231 2604967.623945 1441.053854 71880 4.784071 45178404.213303
904 372 0 0 -nan 0.000000 2147483647.000000 0 -nan 0.000000
905 373 0 0 -nan 0.000000 2147483647.000000 0 -nan 0.000000
906 374 0 0 -nan 0.000000 2147483647.000000 0 -nan 0.000000
907 375 0 0 -nan 0.000000 2147483647.000000 0 -nan 0.000000
908 376 0 0 -nan 0.000000 2147483647.000000 0 -nan 0.000000
909 377 189527680 147590400 13132.419351 712125.585635 1441.053854 36085 5.547901 4724680.505875
910 378 0 0 -nan 0.000000 2147483647.000000 0 -nan 0.000000
911 379 0 0 -nan 0.000000 2147483647.000000 0 -nan 0.000000
912 380 0 0 -nan 0.000000 2147483647.000000 0 -nan 0.000000
913 381 0 0 -nan 0.000000 2147483647.000000 0 -nan 0.000000
914 382 12800 83887360 9145.010229 9488.637961 1441.053854 20560 2.000000 0.000000
915 383 25600 167774720 9873.730309 16783.090700 1441.053854 41120 2.000000 161.607727
961 384 0 0 -nan 0.000000 2147483647.000000 0 -nan 0.000000
962 385 0 0 -nan 0.000000 2147483647.000000 0 -nan 0.000000
963 386 335958680 294021400 17493.485325 2543435.915835 1441.053854 71880 4.934363 69766336.038951
964 387 0 0 -nan 0.000000 2147483647.000000 0 -nan 0.000000
965 388 335958680 294021400 15754.376003 1980701.923962 1441.053854 71880 5.346480 126612464.460847
966 389 0 0 -nan 0.000000 2147483647.000000 0 -nan 0.000000
967 390 0 0 -nan 0.000000 2147483647.000000 0 -nan 0.000000
968 391 335958680 294021400 13906.440688 3616404.023681 1441.053854 71880 5.430607 131610715.159532
969 392 0 0 -nan 0.000000 2147483647.000000 0 -nan 0.000000
970 393 0 0 -nan 0.000000 2147483647.000000 0 -nan 0.000000
971 394 0 0 -nan 0.000000 2147483647.000000 0 -nan 0.000000
972 395 335958680 294021400 18215.076808 2484696.658081 1441.053854 71880 5.247287 81460652.765153
973 396 189527680 147590400 11344.200655 554154.948679 1441.053854 36085 5.435500 262412309.368005
974 397 0 0 -nan 0.000000 2147483647.000000 0 -nan 0.000000
975 398 335958680 294021400 16519.870496 2564123.405745 1441.053854 71880 5.011046 70431175.840661
976 399 0 0 -nan 0.000000 2147483647.000000 0 -nan 0.000000
977 400 0 0 -nan 0.000000 2147483647.000000 0 -nan 0.000000
978 401 335958680 294021400 15802.183223 1333310.895902 1441.053854 71880 5.434349 203893344.663967
979 402 0 0 -nan 0.000000 2147483647.000000 0 -nan 0.000000
980 403 335958680 294021400 14784.223674 1955551.786743 1441.053854 71880 5.192140 253530190.856484
981 404 335958680 294021400 16390.424679 1308187.406414 1441.053854 71880 5.131803 150508270.075638
982 405 0 0 -nan 0.000000 2147483647.000000 0 -nan 0.000000
983 406 335958680 294021400 16244.691381 2555253.294649 1441.053854 71880 5.243364 150428879.095001
984 407 0 0 -nan 0.000000 2147483647.000000 0 -nan 0.000000
985 408 0 0 -nan 0.000000 2147483647.000000 0 -nan 0.000000
986 409 0 0 -nan 0.000000 2147483647.000000 0 -nan 0.000000
987 410 0 0 -nan 0.000000 2147483647.000000 0 -nan 0.000000
988 411 0 0 -nan 0.000000 2147483647.000000 0 -nan 0.000000
989 412 0 0 -nan 0.000000 2147483647.000000 0 -nan 0.000000
990 413 335958680 294021400 15620.468385 1278159.866370 591.738319 71880 5.387660 1275159948.083048
991 414 32000 209718400 9287.910207 2231801.805263 591.738319 51400 1.800000 160.561337
992 415 38400 251662080 10387.022876 2254635.709323 1441.053854 61680 2.000000 348.885973
1038 416 335958680 294021400 14553.760384 1272688.952439 1441.053854 71880 5.127309 65018196.131258
1039 417 0 0 -nan 0.000000 2147483647.000000 0 -nan 0.000000
1040 418 0 0 -nan 0.000000 2147483647.000000 0 -nan 0.000000
1041 419 335958680 294021400 14841.838532 1299743.200373 1441.053854 71880 5.295200 87070812.770187
1042 420 0 0 -nan 0.000000 2147483647.000000 0 -nan 0.000000
1043 421 0 0 -nan 0.000000 2147483647.000000 0 -nan 0.000000
1044 422 0 0 -nan 0.000000 2147483647.000000 0 -nan 0.000000
1045 423 0 0 -nan 0.000000 2147483647.000000 0 -nan 0.000000
1046 424 0 0 -nan 0.000000 2147483647.000000 0 -nan 0.000000
1047 425 0 0 -nan 0.000000 2147483647.000000 0 -nan 0.000000
1048 426 0 0 -nan 0.000000 2147483647.000000 0 -nan 0.000000
1049 427 335958680 294021400 14391.775215 784688.262014 1441.053854 71880 5.423233 216191536.627008
1050 428 0 0 -nan 0.000000 2147483647.000000 0 -nan 0.000000
1051 429 0 0 -nan 0.000000 2147483647.000000 0 -nan 0.000000
1052 430 0 0 -nan 0.000000 2147483647.000000 0 -nan 0.000000
1053 431 0 0 -nan 0.000000 2147483647.000000 0 -nan 0.000000
1054 432 0 0 -nan 0.000000 2147483647.000000 0 -nan 0.000000
1055 433 0 0 -nan 0.000000 2147483647.000000 0 -nan 0.000000
1056 434 0 0 -nan 0.000000 2147483647.000000 0 -nan 0.000000
1057 435 189527680 147590400 11227.544562 718800.509045 1441.053854 36085 5.463517 5197146.560208
1058 436 335958680 294021400 16961.253529 1341881.163221 1441.053854 71880 5.355648 69774668.982524
1059 437 0 0 -nan 0.000000 2147483647.000000 0 -nan 0.000000
1060 438 0 0 -nan 0.000000 2147483647.000000 0 -nan 0.000000
1061 439 335958680 294021400 15101.912025 1294935.147389 1441.053854 71880 5.112479 66730933.424936
1062 440 335958680 294021400 14234.476444 2475977.835892 1441.053854 71880 5.197398 70134327.264284
1063 441 0 0 -nan 0.000000 2147483647.000000 0 -nan 0.000000
1064 442 0 0 -nan 0.000000 2147483647.000000 0 -nan 0.000000
1065 443 0 0 -nan 0.000000 2147483647.000000 0 -nan 0.000000
1066 444 0 0 -nan 0.000000 2147483647.000000 0 -nan 0.000000
1067 445 335958680 294021400 14521.540847 1154093.503329 591.738319 71880 5.121230 1272471314.873661
1068 446 32000 209718400 8797.530323 421908.634628 591.738319 51400 1.800000 160.713961
1069 447 19200 125831040 9597.224385 179302.635409 1441.053854 30840 2.000000 0.000000
1115 448 335958680 294021400 19489.602314 2617681.295461 1441.053854 71880 5.111533 331838999.849047
1116 449 0 0 -nan 0.000000 2147483647.000000 0 -nan 0.000000
1117 450 483542680 441605400 15697.401559 1417446.512248 1441.053854 107915 5.330297 202983683.863196
1118 451 335958680 294021400 19941.807137 2573887.496034 1441.053854 71880 5.325223 296926751.776730
1119 452 0 0 -nan 0.000000 2147483647.000000 0 -nan 0.000000
1120 453 335958680 294021400 18049.001112 1979255.532570 1441.053854 71880 5.324360 202374480.325316
1121 454 483542680 441605400 16121.066760 1337400.007947 1441.053854 107915 5.419997 172606924.309628
1122 455 0 0 -nan 0.000000 2147483647.000000 0 -nan 0.000000
1123 456 0 0 -nan 0.000000 2147483647.000000 0 -nan 0.000000
1124 457 335958680 294021400 18197.833160 2463308.182507 1441.053854 71880 5.171717 268859588.401902
1125 458 0 0 -nan 0.000000 2147483647.000000 0 -nan 0.000000
1126 459 0 0 -nan 0.000000 2147483647.000000 0 -nan 0.000000
1127 460 0 0 -nan 0.000000 2147483647.000000 0 -nan 0.000000
1128 461 483542680 441605400 14413.585858 1274144.555189 1441.053854 107915 5.423583 111271697.731899
1129 462 0 0 -nan 0.000000 2147483647.000000 0 -nan 0.000000
1130 463 483542680 441605400 14030.455001 1331086.586348 1441.053854 107915 5.327980 141389950.182897
1131 464 0 0 -nan 0.000000 2147483647.000000 0 -nan 0.000000
1132 465 0 0 -nan 0.000000 2147483647.000000 0 -nan 0.000000
1133 466 0 0 -nan 0.000000 2147483647.000000 0 -nan 0.000000
1134 467 0 0 -nan 0.000000 2147483647.000000 0 -nan 0.000000
1135 468 0 0 -nan 0.000000 2147483647.000000 0 -nan 0.000000
1136 469 189527680 147590400 12019.525914 192316.416015 1441.053854 36085 5.470001 6773525.827259
1137 470 335958680 294021400 21194.977231 2451760.422610 1441.053854 71880 5.455899 72561633.071091
1138 471 335958680 294021400 19117.584844 2586811.746626 1441.053854 71880 4.998094 243545191.045362
1139 472 0 0 -nan 0.000000 2147483647.000000 0 -nan 0.000000
1140 473 0 0 -nan 0.000000 2147483647.000000 0 -nan 0.000000
1141 474 335958680 294021400 20453.833869 2566697.882861 1441.053854 71880 5.104883 66107785.615665
1142 475 0 0 -nan 0.000000 2147483647.000000 0 -nan 0.000000
1143 476 335958680 294021400 21011.688223 2465002.887370 591.738319 71880 5.366082 1001245653.874809
1144 477 335958680 294021400 21567.679336 2608239.740164 591.738319 71880 5.347176 709274741.387297
1145 478 44800 293605760 8827.923874 538821.442939 591.738319 71960 1.714286 174.430722
1146 479 44800 293605760 10215.188188 878284.053104 1441.053854 71960 2.000000 965.519334
1192 480 189527680 147590400 8825.636764 15735.599414 1441.053854 36085 4.673271 66662597.024216
1193 481 335958680 294021400 19581.074901 1822196.973800 1441.053854 71880 5.271522 236334413.192486
1194 482 335958680 294021400 18064.059119 1814233.391494 1441.053854 71880 5.388620 210813187.547383
1195 483 335958680 294021400 16619.963551 1379713.926082 1441.053854 71880 4.626516 116164862.475483
1196 484 0 0 -nan 0.000000 2147483647.000000 0 -nan 0.000000
1197 485 0 0 -nan 0.000000 2147483647.000000 0 -nan 0.000000
1198 486 335958680 294021400 19988.880898 2592609.094030 1441.053854 71880 5.011032 91839988.894464
1199 487 0 0 -nan 0.000000 2147483647.000000 0 -nan 0.000000
1200 488 335958680 294021400 19683.866982 2625088.507492 1441.053854 71880 5.091361 94338735.281775
1201 489 0 0 -nan 0.000000 2147483647.000000 0 -nan 0.000000
1202 490 335958680 294021400 15617.758262 1314342.421020 1441.053854 71880 4.487688 50389164.870389
1203 491 0 0 -nan 0.000000 2147483647.000000 0 -nan 0.000000
1204 492 0 0 -nan 0.000000 2147483647.000000 0 -nan 0.000000
1205 493 0 0 -nan 0.000000 2147483647.000000 0 -nan 0.000000
1206 494 335958680 294021400 14403.138270 1258628.248545 850.878826 71880 4.102782 47532777.382033
1207 495 335958680 294021400 23640.224420 2481406.618121 850.878826 71880 5.381622 171063106.566122
1208 496 0 0 -nan 0.000000 2147483647.000000 0 -nan 0.000000
1209 497 0 0 -nan 0.000000 2147483647.000000 0 -nan 0.000000
1210 498 335958680 294021400 18242.366538 2477120.287960 1441.053854 71880 5.324708 58714530.900755
1211 499 0 0 -nan 0.000000 2147483647.000000 0 -nan 0.000000
1212 500 0 0 -nan 0.000000 2147483647.000000 0 -nan 0.000000
1213 501 0 0 -nan 0.000000 2147483647.000000 0 -nan 0.000000
1214 502 0 0 -nan 0.000000 2147483647.000000 0 -nan 0.000000
1215 503 335958680 294021400 17966.393630 2670932.733275 1441.053854 71880 5.023943 194160678.864579
1216 504 0 0 -nan 0.000000 2147483647.000000 0 -nan 0.000000
1217 505 335958680 294021400 18261.058014 2663115.005208 1441.053854 71880 5.213509 162434172.615205
1218 506 0 0 -nan 0.000000 2147483647.000000 0 -nan 0.000000
1219 507 0 0 -nan 0.000000 2147483647.000000 0 -nan 0.000000
1220 508 335958680 294021400 17855.596348 2744006.895411 591.738319 71880 5.243517 850099146.870983
1221 509 0 0 -nan 0.000000 2147483647.000000 0 -nan 0.000000
1222 510 32000 209718400 8882.545574 929788.772187 591.738319 51400 1.800000 161.362034
1223 511 51200 335549440 11606.426490 998252.733178 1441.053854 82240 2.000000 892.662710
1269 512 0 0 -nan 0.000000 2147483647.000000 0 -nan 0.000000
1270 513 0 0 -nan 0.000000 2147483647.000000 0 -nan 0.000000
1271 514 483542680 441605400 16700.639055 2467935.782909 1441.053854 107915 4.981421 70779467.919753
1272 515 0 0 -nan 0.000000 2147483647.000000 0 -nan 0.000000
1273 516 335958680 294021400 17182.988459 2526087.993619 1441.053854 71880 5.334057 60888985.919974
1274 517 0 0 -nan 0.000000 2147483647.000000 0 -nan 0.000000
1275 518 0 0 -nan 0.000000 2147483647.000000 0 -nan 0.000000
1276 519 0 0 -nan 0.000000 2147483647.000000 0 -nan 0.000000
1277 520 0 0 -nan 0.000000 2147483647.000000 0 -nan 0.000000
1278 521 0 0 -nan 0.000000 2147483647.000000 0 -nan 0.000000
1279 522 0 0 -nan 0.000000 2147483647.000000 0 -nan 0.000000
1280 523 335958680 294021400 16132.380570 2588025.665428 1441.053854 71880 4.255718 45782797.643617
1281 524 0 0 -nan 0.000000 2147483647.000000 0 -nan 0.000000
1282 525 335958680 294021400 17299.528448 2580157.117881 1441.053854 71880 5.339176 76644498.710086
1283 526 335958680 294021400 17280.602063 2466848.451014 1441.053854 71880 5.465554 76264575.544708
1284 527 0 0 -nan 0.000000 2147483647.000000 0 -nan 0.000000
1285 528 335958680 294021400 21161.577768 2554094.936758 1441.053854 71880 5.051363 187190042.130615
1286 529 335958680 294021400 16831.470118 2575714.449427 1441.053854 71880 4.540651 128689589.779076
1287 530 189527680 147590400 11062.845983 718440.406902 1441.053854 36085 5.472856 6329109.931181
1288 531 0 0 -nan 0.000000 2147483647.000000 0 -nan 0.000000
1289 532 0 0 -nan 0.000000 2147483647.000000 0 -nan 0.000000
1290 533 0 0 -nan 0.000000 2147483647.000000 0 -nan 0.000000
1291 534 0 0 -nan 0.000000 2147483647.000000 0 -nan 0.000000
1292 535 0 0 -nan 0.000000 2147483647.000000 0 -nan 0.000000
1293 536 335958680 294021400 17719.290676 2746973.971255 1441.053854 71880 4.892905 94194832.509980
1294 537 335958680 294021400 19362.310441 1705523.786768 1441.053854 71880 5.095771 102050275.862107
1295 538 0 0 -nan 0.000000 2147483647.000000 0 -nan 0.000000
1296 539 335958680 294021400 16108.962249 1767747.394703 1441.053854 71880 4.827449 80762497.075649
1297 540 0 0 -nan 0.000000 2147483647.000000 0 -nan 0.000000
1298 541 0 0 -nan 0.000000 2147483647.000000 0 -nan 0.000000
1299 542 38400 251662080 10629.979063 21113.789052 1441.053854 61680 2.000000 952.703908
1300 543 32000 209718400 9846.710120 21248.523678 1441.053854 51400 2.000000 174.382276
1346 544 0 0 -nan 0.000000 2147483647.000000 0 -nan 0.000000
1347 545 483542680 441605400 12665.996553 2478950.695619 1441.053854 107915 5.034305 84711331.305106
1348 546 0 0 -nan 0.000000 2147483647.000000 0 -nan 0.000000
1349 547 335958680 294021400 15014.909974 2974594.482669 1441.053854 71880 5.194393 174951934.663228
1350 548 0 0 -nan 0.000000 2147483647.000000 0 -nan 0.000000
1351 549 0 0 -nan 0.000000 2147483647.000000 0 -nan 0.000000
1352 550 0 0 -nan 0.000000 2147483647.000000 0 -nan 0.000000
1353 551 0 0 -nan 0.000000 2147483647.000000 0 -nan 0.000000
1354 552 0 0 -nan 0.000000 2147483647.000000 0 -nan 0.000000
1355 553 335958680 294021400 16482.747785 2597120.406117 1441.053854 71880 5.224235 82400267.394568
1356 554 0 0 -nan 0.000000 2147483647.000000 0 -nan 0.000000
1357 555 0 0 -nan 0.000000 2147483647.000000 0 -nan 0.000000
1358 556 483542680 441605400 13767.298189 1644556.732455 1441.053854 107915 5.383895 179798712.949202
1359 557 0 0 -nan 0.000000 2147483647.000000 0 -nan 0.000000
1360 558 335958680 294021400 13653.657753 1166705.276387 1441.053854 71880 5.285448 90177438.213953
1361 559 0 0 -nan 0.000000 2147483647.000000 0 -nan 0.000000
1362 560 0 0 -nan 0.000000 2147483647.000000 0 -nan 0.000000
1363 561 0 0 -nan 0.000000 2147483647.000000 0 -nan 0.000000
1364 562 0 0 -nan 0.000000 2147483647.000000 0 -nan 0.000000
1365 563 0 0 -nan 0.000000 2147483647.000000 0 -nan 0.000000
1366 564 0 0 -nan 0.000000 2147483647.000000 0 -nan 0.000000
1367 565 0 0 -nan 0.000000 2147483647.000000 0 -nan 0.000000
1368 566 335958680 294021400 15141.644611 2572068.541827 1441.053854 71880 5.147983 61282845.515050
1369 567 335958680 294021400 16243.420867 2372600.550553 1441.053854 71880 5.386811 56558210.916966
1370 568 0 0 -nan 0.000000 2147483647.000000 0 -nan 0.000000
1371 569 0 0 -nan 0.000000 2147483647.000000 0 -nan 0.000000
1372 570 0 0 -nan 0.000000 2147483647.000000 0 -nan 0.000000
1373 571 0 0 -nan 0.000000 2147483647.000000 0 -nan 0.000000
1374 572 0 0 -nan 0.000000 2147483647.000000 0 -nan 0.000000
1375 573 0 0 -nan 0.000000 2147483647.000000 0 -nan 0.000000
1376 574 12800 83887360 10772.041429 15106.178901 1441.053854 20560 2.000000 0.000000
1377 575 32000 209718400 9580.823505 15323.822854 1441.053854 51400 2.000000 174.638819
1423 576 0 0 -nan 0.000000 2147483647.000000 0 -nan 0.000000
1424 577 335958680 294021400 14833.881605 1797256.097025 1441.053854 71880 5.297343 192416236.394025
1425 578 0 0 -nan 0.000000 2147483647.000000 0 -nan 0.000000
1426 579 335958680 294021400 14672.171423 2411961.136853 1441.053854 71880 5.022760 170752072.904611
1427 580 0 0 -nan 0.000000 2147483647.000000 0 -nan 0.000000
1428 581 0 0 -nan 0.000000 2147483647.000000 0 -nan 0.000000
1429 582 0 0 -nan 0.000000 2147483647.000000 0 -nan 0.000000
1430 583 335958680 294021400 17872.158578 1296139.993269 1441.053854 71880 5.151586 276343848.452686
1431 584 0 0 -nan 0.000000 2147483647.000000 0 -nan 0.000000
1432 585 0 0 -nan 0.000000 2147483647.000000 0 -nan 0.000000
1433 586 335958680 294021400 13595.612560 1241531.863519 1441.053854 71880 5.400195 185335303.784634
1434 587 335958680 294021400 15292.664633 1237752.732033 1441.053854 71880 5.354201 265759551.582284
1435 588 0 0 -nan 0.000000 2147483647.000000 0 -nan 0.000000
1436 589 0 0 -nan 0.000000 2147483647.000000 0 -nan 0.000000
1437 590 483542680 441605400 13059.867337 2448580.385388 1441.053854 107915 5.268322 94946056.626498
1438 591 0 0 -nan 0.000000 2147483647.000000 0 -nan 0.000000
1439 592 0 0 -nan 0.000000 2147483647.000000 0 -nan 0.000000
1440 593 335958680 294021400 17111.302098 2605311.098439 1441.053854 71880 5.198525 60475194.005696
1441 594 189527680 147590400 9845.110919 146150.562188 1441.053854 36085 5.033144 5419259.346986
1442 595 0 0 -nan 0.000000 2147483647.000000 0 -nan 0.000000
1443 596 0 0 -nan 0.000000 2147483647.000000 0 -nan 0.000000
1444 597 0 0 -nan 0.000000 2147483647.000000 0 -nan 0.000000
1445 598 0 0 -nan 0.000000 2147483647.000000 0 -nan 0.000000
1446 599 0 0 -nan 0.000000 2147483647.000000 0 -nan 0.000000
1447 600 0 0 -nan 0.000000 2147483647.000000 0 -nan 0.000000
1448 601 0 0 -nan 0.000000 2147483647.000000 0 -nan 0.000000
1449 602 0 0 -nan 0.000000 2147483647.000000 0 -nan 0.000000
1450 603 189527680 147590400 13445.117975 1383693.023272 1441.053854 36085 5.108244 4733749.038999
1451 604 0 0 -nan 0.000000 2147483647.000000 0 -nan 0.000000
1452 605 0 0 -nan 0.000000 2147483647.000000 0 -nan 0.000000
1453 606 19200 125831040 9508.328268 15106.178901 1441.053854 30840 2.000000 0.000000
1454 607 38400 251662080 10133.419567 336258.163715 1441.053854 61680 2.000000 348.832041
1500 608 483542680 441605400 14156.096802 2581160.564935 1441.053854 107915 5.125636 152595748.943305
1501 609 0 0 -nan 0.000000 2147483647.000000 0 -nan 0.000000
1502 610 0 0 -nan 0.000000 2147483647.000000 0 -nan 0.000000
1503 611 0 0 -nan 0.000000 2147483647.000000 0 -nan 0.000000
1504 612 0 0 -nan 0.000000 2147483647.000000 0 -nan 0.000000
1505 613 335958680 294021400 16638.014455 1293005.204463 1441.053854 71880 5.413356 148342181.000827
1506 614 0 0 -nan 0.000000 2147483647.000000 0 -nan 0.000000
1507 615 483542680 441605400 13005.016429 1257835.655542 1441.053854 107915 5.288292 377991441.799757
1508 616 0 0 -nan 0.000000 2147483647.000000 0 -nan 0.000000
1509 617 0 0 -nan 0.000000 2147483647.000000 0 -nan 0.000000
1510 618 0 0 -nan 0.000000 2147483647.000000 0 -nan 0.000000
1511 619 0 0 -nan 0.000000 2147483647.000000 0 -nan 0.000000
1512 620 335958680 294021400 16250.793043 2567796.355326 1441.053854 71880 5.064023 213885605.803590
1513 621 0 0 -nan 0.000000 2147483647.000000 0 -nan 0.000000
1514 622 189527680 147590400 12807.917511 723263.807734 1441.053854 36085 5.435500 126655203.109479
1515 623 0 0 -nan 0.000000 2147483647.000000 0 -nan 0.000000
1516 624 0 0 -nan 0.000000 2147483647.000000 0 -nan 0.000000
1517 625 483542680 441605400 12398.114980 1322416.671574 1441.053854 107915 5.242997 179202566.714109
1518 626 0 0 -nan 0.000000 2147483647.000000 0 -nan 0.000000
1519 627 0 0 -nan 0.000000 2147483647.000000 0 -nan 0.000000
1520 628 0 0 -nan 0.000000 2147483647.000000 0 -nan 0.000000
1521 629 0 0 -nan 0.000000 2147483647.000000 0 -nan 0.000000
1522 630 189527680 147590400 10351.702618 187735.394945 1441.053854 36085 4.741693 5197668.474455
1523 631 0 0 -nan 0.000000 2147483647.000000 0 -nan 0.000000
1524 632 335958680 294021400 18420.886856 2572953.447034 1441.053854 71880 5.332582 83807285.428370
1525 633 0 0 -nan 0.000000 2147483647.000000 0 -nan 0.000000
1526 634 0 0 -nan 0.000000 2147483647.000000 0 -nan 0.000000
1527 635 0 0 -nan 0.000000 2147483647.000000 0 -nan 0.000000
1528 636 0 0 -nan 0.000000 2147483647.000000 0 -nan 0.000000
1529 637 335958680 294021400 17319.943648 2591447.162789 591.738319 71880 5.271230 674798339.442631
1530 638 25600 167774720 7711.246379 238941.877227 591.738319 41120 1.750000 0.000000
1531 639 32000 209718400 9606.991425 307183.189791 1441.053854 51400 2.000000 174.425422
1577 640 0 0 -nan 0.000000 2147483647.000000 0 -nan 0.000000
1578 641 0 0 -nan 0.000000 2147483647.000000 0 -nan 0.000000
1579 642 483542680 441605400 14560.136749 2577563.418249 1441.053854 107915 5.259584 120052877.386226
1580 643 0 0 -nan 0.000000 2147483647.000000 0 -nan 0.000000
1581 644 0 0 -nan 0.000000 2147483647.000000 0 -nan 0.000000
1582 645 0 0 -nan 0.000000 2147483647.000000 0 -nan 0.000000
1583 646 0 0 -nan 0.000000 2147483647.000000 0 -nan 0.000000
1584 647 189527680 147590400 9275.529067 9293.306879 1441.053854 36085 2.000000 22268042.502517
1585 648 0 0 -nan 0.000000 2147483647.000000 0 -nan 0.000000
1586 649 0 0 -nan 0.000000 2147483647.000000 0 -nan 0.000000
1587 650 0 0 -nan 0.000000 2147483647.000000 0 -nan 0.000000
1588 651 0 0 -nan 0.000000 2147483647.000000 0 -nan 0.000000
1589 652 335958680 294021400 19538.813055 2323762.462643 1441.053854 71880 5.255287 138375009.897573
1590 653 483542680 441605400 13296.813391 1343959.063507 1441.053854 107915 3.947144 98350901.180095
1591 654 335958680 294021400 18205.554759 3691892.478124 1441.053854 71880 5.379633 77077240.689493
1592 655 0 0 -nan 0.000000 2147483647.000000 0 -nan 0.000000
1593 656 335958680 294021400 17162.364463 2020726.336869 1441.053854 71880 5.377212 279722088.247647
1594 657 0 0 -nan 0.000000 2147483647.000000 0 -nan 0.000000
1595 658 0 0 -nan 0.000000 2147483647.000000 0 -nan 0.000000
1596 659 335958680 294021400 18729.468945 2553475.494648 1441.053854 71880 5.423136 186131477.969611
1597 660 0 0 -nan 0.000000 2147483647.000000 0 -nan 0.000000
1598 661 335958680 294021400 15161.021286 1278471.837024 1441.053854 71880 5.275946 54086767.823337
1599 662 0 0 -nan 0.000000 2147483647.000000 0 -nan 0.000000
1600 663 0 0 -nan 0.000000 2147483647.000000 0 -nan 0.000000
1601 664 335958680 294021400 17927.471554 3651484.938933 1441.053854 71880 5.389608 55771521.221556
1602 665 0 0 -nan 0.000000 2147483647.000000 0 -nan 0.000000
1603 666 0 0 -nan 0.000000 2147483647.000000 0 -nan 0.000000
1604 667 0 0 -nan 0.000000 2147483647.000000 0 -nan 0.000000
1605 668 0 0 -nan 0.000000 2147483647.000000 0 -nan 0.000000
1606 669 0 0 -nan 0.000000 2147483647.000000 0 -nan 0.000000
1607 670 25600 167774720 9907.307836 15457.260228 1441.053854 41120 2.000000 161.448521
1608 671 32000 209718400 10029.098516 20974.752885 1441.053854 51400 2.000000 174.195128
1654 672 335958680 294021400 13403.299384 920395.416350 1441.053854 71880 5.346536 79196927.765142
1655 673 335958680 294021400 14076.794336 1273735.211568 1441.053854 71880 5.157944 79881046.993752
1656 674 0 0 -nan 0.000000 2147483647.000000 0 -nan 0.000000
1657 675 0 0 -nan 0.000000 2147483647.000000 0 -nan 0.000000
1658 676 0 0 -nan 0.000000 2147483647.000000 0 -nan 0.000000
1659 677 0 0 -nan 0.000000 2147483647.000000 0 -nan 0.000000
1660 678 0 0 -nan 0.000000 2147483647.000000 0 -nan 0.000000
1661 679 335958680 294021400 13166.437539 1312537.581420 1441.053854 71880 5.164622 148989378.226980
1662 680 0 0 -nan 0.000000 2147483647.000000 0 -nan 0.000000
1663 681 0 0 -nan 0.000000 2147483647.000000 0 -nan 0.000000
1664 682 0 0 -nan 0.000000 2147483647.000000 0 -nan 0.000000
1665 683 335958680 294021400 14796.474012 2462812.133884 1441.053854 71880 5.225348 109215377.568218
1666 684 0 0 -nan 0.000000 2147483647.000000 0 -nan 0.000000
1667 685 0 0 -nan 0.000000 2147483647.000000 0 -nan 0.000000
1668 686 0 0 -nan 0.000000 2147483647.000000 0 -nan 0.000000
1669 687 0 0 -nan 0.000000 2147483647.000000 0 -nan 0.000000
1670 688 335958680 294021400 12188.104479 716583.657280 1441.053854 71880 5.178242 66283832.198991
1671 689 189527680 147590400 12810.886111 1425638.166732 1441.053854 36085 5.416572 5423494.995875
1672 690 0 0 -nan 0.000000 2147483647.000000 0 -nan 0.000000
1673 691 0 0 -nan 0.000000 2147483647.000000 0 -nan 0.000000
1674 692 0 0 -nan 0.000000 2147483647.000000 0 -nan 0.000000
1675 693 0 0 -nan 0.000000 2147483647.000000 0 -nan 0.000000
1676 694 189527680 147590400 11123.755277 715115.894768 1441.053854 36085 5.479922 4724291.895436
1677 695 0 0 -nan 0.000000 2147483647.000000 0 -nan 0.000000
1678 696 0 0 -nan 0.000000 2147483647.000000 0 -nan 0.000000
1679 697 0 0 -nan 0.000000 2147483647.000000 0 -nan 0.000000
1680 698 189527680 147590400 11015.996725 720158.226013 1441.053854 36085 5.419953 4733749.038999
1681 699 0 0 -nan 0.000000 2147483647.000000 0 -nan 0.000000
1682 700 0 0 -nan 0.000000 2147483647.000000 0 -nan 0.000000
1683 701 0 0 -nan 0.000000 2147483647.000000 0 -nan 0.000000
1684 702 25600 167774720 9420.128342 15161.880861 1441.053854 41120 2.000000 161.148187
1685 703 25600 167774720 9866.791451 15161.880861 1441.053854 41120 2.000000 161.274775
1731 704 335958680 294021400 15278.971845 1302747.517413 1441.053854 71880 4.985114 90547366.537988
1732 705 189527680 147590400 14773.922682 718575.262857 1441.053854 36085 5.144714 86739498.022911
1733 706 0 0 -nan 0.000000 2147483647.000000 0 -nan 0.000000
1734 707 0 0 -nan 0.000000 2147483647.000000 0 -nan 0.000000
1735 708 189527680 147590400 10945.777716 1177341.154366 1441.053854 36085 5.472468 6223467.712070
1736 709 0 0 -nan 0.000000 2147483647.000000 0 -nan 0.000000
1737 710 483542680 441605400 13975.438048 2594743.378552 1441.053854 107915 5.048334 102461972.040385
1738 711 0 0 -nan 0.000000 2147483647.000000 0 -nan 0.000000
1739 712 0 0 -nan 0.000000 2147483647.000000 0 -nan 0.000000
1740 713 0 0 -nan 0.000000 2147483647.000000 0 -nan 0.000000
1741 714 335958680 294021400 16439.204732 1610519.385872 1441.053854 71880 5.458069 48216357.312575
1742 715 0 0 -nan 0.000000 2147483647.000000 0 -nan 0.000000
1743 716 189527680 147590400 11292.230844 965838.914971 1441.053854 36085 4.842982 280591787.245421
1744 717 483542680 441605400 13200.120921 1262257.790717 1441.053854 107915 5.052328 167994934.985393
1745 718 0 0 -nan 0.000000 2147483647.000000 0 -nan 0.000000
1746 719 335958680 294021400 16718.357357 1764125.097227 1441.053854 71880 5.119560 79830535.738623
1747 720 0 0 -nan 0.000000 2147483647.000000 0 -nan 0.000000
1748 721 0 0 -nan 0.000000 2147483647.000000 0 -nan 0.000000
1749 722 0 0 -nan 0.000000 2147483647.000000 0 -nan 0.000000
1750 723 0 0 -nan 0.000000 2147483647.000000 0 -nan 0.000000
1751 724 0 0 -nan 0.000000 2147483647.000000 0 -nan 0.000000
1752 725 335958680 294021400 16529.331417 2951471.265234 1441.053854 71880 5.195743 144024812.402205
1753 726 335958680 294021400 17654.277081 2549019.047990 1441.053854 71880 5.275306 226045354.874601
1754 727 0 0 -nan 0.000000 2147483647.000000 0 -nan 0.000000
1755 728 335958680 294021400 16744.544374 2414256.572695 1441.053854 71880 5.288008 44554837.817708
1756 729 0 0 -nan 0.000000 2147483647.000000 0 -nan 0.000000
1757 730 0 0 -nan 0.000000 2147483647.000000 0 -nan 0.000000
1758 731 0 0 -nan 0.000000 2147483647.000000 0 -nan 0.000000
1759 732 0 0 -nan 0.000000 2147483647.000000 0 -nan 0.000000
1760 733 483542680 441605400 14736.769184 1282262.019431 591.738319 107915 5.197415 1020902676.905577
1761 734 32000 209718400 8855.629472 302630.738717 591.738319 51400 1.800000 161.239221
1762 735 44800 293605760 10374.142535 500003.899553 1441.053854 71960 2.000000 922.639751
1808 736 335958680 294021400 16206.094002 1875406.674250 1441.053854 71880 4.811102 104991854.842970
1809 737 335958680 294021400 16280.125653 2330093.349013 1441.053854 71880 5.205607 192526624.544992
1810 738 0 0 -nan 0.000000 2147483647.000000 0 -nan 0.000000
1811 739 0 0 -nan 0.000000 2147483647.000000 0 -nan 0.000000
1812 740 0 0 -nan 0.000000 2147483647.000000 0 -nan 0.000000
1813 741 0 0 -nan 0.000000 2147483647.000000 0 -nan 0.000000
1814 742 0 0 -nan 0.000000 2147483647.000000 0 -nan 0.000000
1815 743 335958680 294021400 18638.844584 2626599.799052 1441.053854 71880 5.434766 152429157.973521
1816 744 483542680 441605400 13978.603717 2459175.886442 1441.053854 107915 5.226956 127104033.245400
1817 745 0 0 -nan 0.000000 2147483647.000000 0 -nan 0.000000
1818 746 335958680 294021400 15338.571937 2329653.934326 1441.053854 71880 5.300362 102985431.136271
1819 747 0 0 -nan 0.000000 2147483647.000000 0 -nan 0.000000
1820 748 0 0 -nan 0.000000 2147483647.000000 0 -nan 0.000000
1821 749 483542680 441605400 14575.349703 2608547.040065 1441.053854 107915 5.128851 125890401.055391
1822 750 0 0 -nan 0.000000 2147483647.000000 0 -nan 0.000000
1823 751 0 0 -nan 0.000000 2147483647.000000 0 -nan 0.000000
1824 752 0 0 -nan 0.000000 2147483647.000000 0 -nan 0.000000
1825 753 0 0 -nan 0.000000 2147483647.000000 0 -nan 0.000000
1826 754 0 0 -nan 0.000000 2147483647.000000 0 -nan 0.000000
1827 755 483542680 441605400 13748.713801 1270460.024161 1441.053854 107915 5.263735 107360178.202330
1828 756 0 0 -nan 0.000000 2147483647.000000 0 -nan 0.000000
1829 757 335958680 294021400 16406.964086 1257327.881125 1441.053854 71880 5.290512 97790008.484865
1830 758 0 0 -nan 0.000000 2147483647.000000 0 -nan 0.000000
1831 759 189527680 147590400 17051.905045 1292868.616718 1441.053854 36085 5.470251 6046358.409054
1832 760 335958680 294021400 15592.845921 2746944.204008 1441.053854 71880 5.183194 165548427.315998
1833 761 335958680 294021400 17851.663897 2556071.201868 1441.053854 71880 5.397120 43383059.152915
1834 762 0 0 -nan 0.000000 2147483647.000000 0 -nan 0.000000
1835 763 0 0 -nan 0.000000 2147483647.000000 0 -nan 0.000000
1836 764 0 0 -nan 0.000000 2147483647.000000 0 -nan 0.000000
1837 765 189527680 147590400 19419.433232 727107.100672 591.738319 36085 4.752141 0.000000
1838 766 38400 251662080 8823.224648 302838.947146 591.738319 61680 1.833333 174.152433
1839 767 38400 251662080 10327.638761 161846.986779 1441.053854 61680 2.000000 349.126273
1885 768 335958680 294021400 19424.616498 1244345.914832 1441.053854 71880 5.394129 393344377.199932
1886 769 335958680 294021400 18822.751659 1198111.319871 1441.053854 71880 5.272677 194449648.251245
1887 770 483542680 441605400 17309.200720 865417.963459 1441.053854 107915 5.353871 184729855.297598
1888 771 335958680 294021400 19869.066057 2460296.274095 1441.053854 71880 5.038272 152673992.294174
1889 772 189527680 147590400 14540.640209 4840025.527683 1441.053854 36085 5.370819 6022786.734908
1890 773 0 0 -nan 0.000000 2147483647.000000 0 -nan 0.000000
1891 774 335958680 294021400 16536.266558 1313281.342604 1441.053854 71880 4.946772 232906026.017535
1892 775 0 0 -nan 0.000000 2147483647.000000 0 -nan 0.000000
1893 776 0 0 -nan 0.000000 2147483647.000000 0 -nan 0.000000
1894 777 0 0 -nan 0.000000 2147483647.000000 0 -nan 0.000000
1895 778 0 0 -nan 0.000000 2147483647.000000 0 -nan 0.000000
1896 779 0 0 -nan 0.000000 2147483647.000000 0 -nan 0.000000
1897 780 0 0 -nan 0.000000 2147483647.000000 0 -nan 0.000000
1898 781 0 0 -nan 0.000000 2147483647.000000 0 -nan 0.000000
1899 782 0 0 -nan 0.000000 2147483647.000000 0 -nan 0.000000
1900 783 0 0 -nan 0.000000 2147483647.000000 0 -nan 0.000000
1901 784 335958680 294021400 16444.261069 1858981.754301 1441.053854 71880 4.878798 110796764.951642
1902 785 483542680 441605400 16025.005442 2486786.710657 1441.053854 107915 5.217625 96592402.007525
1903 786 335958680 294021400 19619.968924 2460117.515189 1441.053854 71880 5.086491 161680891.653963
1904 787 0 0 -nan 0.000000 2147483647.000000 0 -nan 0.000000
1905 788 0 0 -nan 0.000000 2147483647.000000 0 -nan 0.000000
1906 789 0 0 -nan 0.000000 2147483647.000000 0 -nan 0.000000
1907 790 0 0 -nan 0.000000 2147483647.000000 0 -nan 0.000000
1908 791 335958680 294021400 18738.733644 2576872.126060 1441.053854 71880 5.456316 82497458.740822
1909 792 335958680 294021400 18855.288379 2572083.516960 1441.053854 71880 5.407721 212988689.337250
1910 793 0 0 -nan 0.000000 2147483647.000000 0 -nan 0.000000
1911 794 0 0 -nan 0.000000 2147483647.000000 0 -nan 0.000000
1912 795 189527680 147590400 12570.051160 1592465.834591 1441.053854 36085 5.029153 5897645.633417
1913 796 335958680 294021400 18388.109251 2388100.656071 591.738319 71880 5.302142 966556897.738819
1914 797 0 0 -nan 0.000000 2147483647.000000 0 -nan 0.000000
1915 798 44800 293605760 9376.126906 415007.182794 591.738319 71960 1.857143 349.110733
1916 799 38400 251662080 11423.029168 26926.320817 1441.053854 61680 2.000000 952.544948
1962 800 0 0 -nan 0.000000 2147483647.000000 0 -nan 0.000000
1963 801 335958680 294021400 18666.964868 2552825.565857 1441.053854 71880 5.283278 151593335.322661
1964 802 0 0 -nan 0.000000 2147483647.000000 0 -nan 0.000000
1965 803 0 0 -nan 0.000000 2147483647.000000 0 -nan 0.000000
1966 804 0 0 -nan 0.000000 2147483647.000000 0 -nan 0.000000
1967 805 0 0 -nan 0.000000 2147483647.000000 0 -nan 0.000000
1968 806 335958680 294021400 18038.640331 2445092.396493 1441.053854 71880 5.088926 142143402.392036
1969 807 0 0 -nan 0.000000 2147483647.000000 0 -nan 0.000000
1970 808 483542680 441605400 14918.130097 1778567.893041 1441.053854 107915 5.121466 132725418.719962
1971 809 335958680 294021400 16162.894067 831867.590349 1441.053854 71880 5.150487 251299925.245993
1972 810 335958680 294021400 18336.279353 2627058.133708 1441.053854 71880 5.406720 188740892.871005
1973 811 335958680 294021400 18105.963855 2483415.813419 1441.053854 71880 5.356219 188099900.265331
1974 812 0 0 -nan 0.000000 2147483647.000000 0 -nan 0.000000
1975 813 0 0 -nan 0.000000 2147483647.000000 0 -nan 0.000000
1976 814 0 0 -nan 0.000000 2147483647.000000 0 -nan 0.000000
1977 815 0 0 -nan 0.000000 2147483647.000000 0 -nan 0.000000
1978 816 0 0 -nan 0.000000 2147483647.000000 0 -nan 0.000000
1979 817 0 0 -nan 0.000000 2147483647.000000 0 -nan 0.000000
1980 818 0 0 -nan 0.000000 2147483647.000000 0 -nan 0.000000
1981 819 335958680 294021400 17996.759146 2512651.299939 1441.053854 71880 5.115679 39452933.549058
1982 820 0 0 -nan 0.000000 2147483647.000000 0 -nan 0.000000
1983 821 189527680 147590400 17238.728475 5243167.817094 1441.053854 36085 5.408231 4724291.895435
1984 822 0 0 -nan 0.000000 2147483647.000000 0 -nan 0.000000
1985 823 0 0 -nan 0.000000 2147483647.000000 0 -nan 0.000000
1986 824 0 0 -nan 0.000000 2147483647.000000 0 -nan 0.000000
1987 825 0 0 -nan 0.000000 2147483647.000000 0 -nan 0.000000
1988 826 0 0 -nan 0.000000 2147483647.000000 0 -nan 0.000000
1989 827 0 0 -nan 0.000000 2147483647.000000 0 -nan 0.000000
1990 828 0 0 -nan 0.000000 2147483647.000000 0 -nan 0.000000
1991 829 0 0 -nan 0.000000 2147483647.000000 0 -nan 0.000000
1992 830 12800 83887360 9144.587961 9488.273783 1441.053854 20560 2.000000 0.000000
1993 831 38400 251662080 10549.274061 26831.698052 1441.053854 61680 2.000000 349.736337
2039 832 0 0 -nan 0.000000 2147483647.000000 0 -nan 0.000000
2040 833 0 0 -nan 0.000000 2147483647.000000 0 -nan 0.000000
2041 834 0 0 -nan 0.000000 2147483647.000000 0 -nan 0.000000
2042 835 0 0 -nan 0.000000 2147483647.000000 0 -nan 0.000000
2043 836 0 0 -nan 0.000000 2147483647.000000 0 -nan 0.000000
2044 837 483542680 441605400 14051.234272 2490524.102099 1441.053854 107915 4.984145 150070645.468299
2045 838 0 0 -nan 0.000000 2147483647.000000 0 -nan 0.000000
2046 839 0 0 -nan 0.000000 2147483647.000000 0 -nan 0.000000
2047 840 335958680 294021400 19758.596737 2590165.447924 1441.053854 71880 5.284850 240487385.352280
2048 841 335958680 294021400 17015.772201 790096.327672 1441.053854 71880 5.451516 198412906.980666
2049 842 189527680 147590400 18764.314094 4887202.743162 1441.053854 36085 5.152030 6498888.139920
2050 843 0 0 -nan 0.000000 2147483647.000000 0 -nan 0.000000
2051 844 483542680 441605400 15683.722605 1239925.280847 1441.053854 107915 5.419617 231284408.996844
2052 845 335958680 294021400 19828.806172 1365390.903260 1441.053854 71880 5.341778 275502384.644062
2053 846 335958680 294021400 18032.205650 1111439.911139 1441.053854 71880 5.253214 209672405.860419
2054 847 0 0 -nan 0.000000 2147483647.000000 0 -nan 0.000000
2055 848 335958680 294021400 17712.757140 2128421.390338 1441.053854 71880 5.170367 197417805.646806
2056 849 0 0 -nan 0.000000 2147483647.000000 0 -nan 0.000000
2057 850 0 0 -nan 0.000000 2147483647.000000 0 -nan 0.000000
2058 851 335958680 294021400 16040.286964 2470766.731398 1441.053854 71880 4.797607 89330108.511623
2059 852 483542680 441605400 16613.395770 1297185.466801 1441.053854 107915 5.083065 150602434.069164
2060 853 0 0 -nan 0.000000 2147483647.000000 0 -nan 0.000000
2061 854 335958680 294021400 22341.263925 2454600.427205 1441.053854 71880 5.118294 133185625.560941
2062 855 0 0 -nan 0.000000 2147483647.000000 0 -nan 0.000000
2063 856 335958680 294021400 21425.193721 2332834.902665 1441.053854 71880 5.180050 348334617.405565
2064 857 483542680 441605400 16340.858642 2582118.622603 1441.053854 107915 5.394208 134995929.829344
2065 858 0 0 -nan 0.000000 2147483647.000000 0 -nan 0.000000
2066 859 335958680 294021400 19669.766998 2251643.163801 1441.053854 71880 5.351057 362299919.936329
2067 860 335958680 294021400 21378.394496 2608749.068101 591.738319 71880 5.244574 1009123806.728199
2068 861 0 0 -nan 0.000000 2147483647.000000 0 -nan 0.000000
2069 862 51200 335549440 10397.238947 1348231.055846 591.738319 82240 1.875000 921.831077
2070 863 44800 293605760 10594.577563 441005.964725 1441.053854 71960 2.000000 922.885495
2116 864 0 0 -nan 0.000000 2147483647.000000 0 -nan 0.000000
2117 865 0 0 -nan 0.000000 2147483647.000000 0 -nan 0.000000
2118 866 335958680 294021400 15678.397717 2577209.082567 1441.053854 71880 5.168336 114199622.864130
2119 867 0 0 -nan 0.000000 2147483647.000000 0 -nan 0.000000
2120 868 0 0 -nan 0.000000 2147483647.000000 0 -nan 0.000000
2121 869 0 0 -nan 0.000000 2147483647.000000 0 -nan 0.000000
2122 870 0 0 -nan 0.000000 2147483647.000000 0 -nan 0.000000
2123 871 483542680 441605400 12134.500356 2333746.540381 1441.053854 107915 5.014233 98466600.506389
2124 872 0 0 -nan 0.000000 2147483647.000000 0 -nan 0.000000
2125 873 0 0 -nan 0.000000 2147483647.000000 0 -nan 0.000000
2126 874 335958680 294021400 14789.345868 1261836.264370 1441.053854 71880 5.287980 74960659.821336
2127 875 0 0 -nan 0.000000 2147483647.000000 0 -nan 0.000000
2128 876 0 0 -nan 0.000000 2147483647.000000 0 -nan 0.000000
2129 877 335958680 294021400 16116.906780 2595130.521310 1441.053854 71880 5.169477 131534169.239047
2130 878 0 0 -nan 0.000000 2147483647.000000 0 -nan 0.000000
2131 879 0 0 -nan 0.000000 2147483647.000000 0 -nan 0.000000
2132 880 0 0 -nan 0.000000 2147483647.000000 0 -nan 0.000000
2133 881 0 0 -nan 0.000000 2147483647.000000 0 -nan 0.000000
2134 882 0 0 -nan 0.000000 2147483647.000000 0 -nan 0.000000
2135 883 0 0 -nan 0.000000 2147483647.000000 0 -nan 0.000000
2136 884 0 0 -nan 0.000000 2147483647.000000 0 -nan 0.000000
2137 885 335958680 294021400 21434.901820 1821597.610088 1441.053854 71880 5.199096 56998147.431234
2138 886 0 0 -nan 0.000000 2147483647.000000 0 -nan 0.000000
2139 887 0 0 -nan 0.000000 2147483647.000000 0 -nan 0.000000
2140 888 0 0 -nan 0.000000 2147483647.000000 0 -nan 0.000000
2141 889 335958680 294021400 17520.244185 2561698.852927 1441.053854 71880 5.279494 195063562.832758
2142 890 335958680 294021400 14834.989505 1371382.382761 1441.053854 71880 5.306984 212054278.218481
2143 891 0 0 -nan 0.000000 2147483647.000000 0 -nan 0.000000
2144 892 0 0 -nan 0.000000 2147483647.000000 0 -nan 0.000000
2145 893 189527680 147590400 16770.772965 718814.889525 591.738319 36085 5.419676 0.000000
2146 894 25600 167774720 8167.510446 240755.131385 591.738319 41120 1.750000 0.000000
2147 895 25600 167774720 9518.247182 515742.611319 1441.053854 41120 2.000000 161.211931
2193 896 189527680 147590400 10321.335173 30951.829209 1441.053854 36085 5.586310 228032976.866663
2194 897 335958680 294021400 17607.569359 1982849.069358 1441.053854 71880 5.005954 270463468.759657
2195 898 335958680 294021400 14810.927279 679935.537769 1441.053854 71880 5.350598 318907373.842501
2196 899 0 0 -nan 0.000000 2147483647.000000 0 -nan 0.000000
2197 900 0 0 -nan 0.000000 2147483647.000000 0 -nan 0.000000
2198 901 0 0 -nan 0.000000 2147483647.000000 0 -nan 0.000000
2199 902 0 0 -nan 0.000000 2147483647.000000 0 -nan 0.000000
2200 903 0 0 -nan 0.000000 2147483647.000000 0 -nan 0.000000
2201 904 0 0 -nan 0.000000 2147483647.000000 0 -nan 0.000000
2202 905 335958680 294021400 16573.365687 1263076.268647 1441.053854 71880 4.744087 51484977.191696
2203 906 0 0 -nan 0.000000 2147483647.000000 0 -nan 0.000000
2204 907 0 0 -nan 0.000000 2147483647.000000 0 -nan 0.000000
2205 908 483542680 441605400 15415.331889 877285.625417 1441.053854 107915 5.459918 301565423.003748
2206 909 0 0 -nan 0.000000 2147483647.000000 0 -nan 0.000000
2207 910 335958680 294021400 16749.445002 1944460.349729 1441.053854 71880 5.290957 166099764.454254
2208 911 335958680 294021400 16779.948309 1259149.866955 1441.053854 71880 5.031483 177527289.101841
2209 912 0 0 -nan 0.000000 2147483647.000000 0 -nan 0.000000
2210 913 335958680 294021400 17676.160420 2350383.334213 1441.053854 71880 5.429327 58523136.251816
2211 914 0 0 -nan 0.000000 2147483647.000000 0 -nan 0.000000
2212 915 0 0 -nan 0.000000 2147483647.000000 0 -nan 0.000000
2213 916 335958680 294021400 16431.798640 1275603.986098 1441.053854 71880 5.486255 154721290.587699
2214 917 0 0 -nan 0.000000 2147483647.000000 0 -nan 0.000000
2215 918 0 0 -nan 0.000000 2147483647.000000 0 -nan 0.000000
2216 919 0 0 -nan 0.000000 2147483647.000000 0 -nan 0.000000
2217 920 483542680 441605400 13298.000417 1180807.088171 1441.053854 107915 5.090562 207991833.174842
2218 921 0 0 -nan 0.000000 2147483647.000000 0 -nan 0.000000
2219 922 189527680 147590400 11407.369653 48975.781909 1441.053854 36085 5.302951 113421530.993008
2220 923 335958680 294021400 15571.943823 2454577.960215 1441.053854 71880 5.039636 160534016.146951
2221 924 0 0 -nan 0.000000 2147483647.000000 0 -nan 0.000000
2222 925 0 0 -nan 0.000000 2147483647.000000 0 -nan 0.000000
2223 926 38400 251662080 10643.977846 916261.681016 1441.053854 61680 2.000000 348.589972
2224 927 38400 251662080 10410.478431 130824.924271 1441.053854 61680 2.000000 349.354131
2270 928 0 0 -nan 0.000000 2147483647.000000 0 -nan 0.000000
2271 929 0 0 -nan 0.000000 2147483647.000000 0 -nan 0.000000
2272 930 335958680 294021400 18314.220590 2549297.587280 1441.053854 71880 5.211784 66528039.125048
2273 931 0 0 -nan 0.000000 2147483647.000000 0 -nan 0.000000
2274 932 0 0 -nan 0.000000 2147483647.000000 0 -nan 0.000000
2275 933 0 0 -nan 0.000000 2147483647.000000 0 -nan 0.000000
2276 934 0 0 -nan 0.000000 2147483647.000000 0 -nan 0.000000
2277 935 0 0 -nan 0.000000 2147483647.000000 0 -nan 0.000000
2278 936 0 0 -nan 0.000000 2147483647.000000 0 -nan 0.000000
2279 937 0 0 -nan 0.000000 2147483647.000000 0 -nan 0.000000
2280 938 0 0 -nan 0.000000 2147483647.000000 0 -nan 0.000000
2281 939 0 0 -nan 0.000000 2147483647.000000 0 -nan 0.000000
2282 940 0 0 -nan 0.000000 2147483647.000000 0 -nan 0.000000
2283 941 0 0 -nan 0.000000 2147483647.000000 0 -nan 0.000000
2284 942 0 0 -nan 0.000000 2147483647.000000 0 -nan 0.000000
2285 943 0 0 -nan 0.000000 2147483647.000000 0 -nan 0.000000
2286 944 0 0 -nan 0.000000 2147483647.000000 0 -nan 0.000000
2287 945 0 0 -nan 0.000000 2147483647.000000 0 -nan 0.000000
2288 946 0 0 -nan 0.000000 2147483647.000000 0 -nan 0.000000
2289 947 0 0 -nan 0.000000 2147483647.000000 0 -nan 0.000000
2290 948 0 0 -nan 0.000000 2147483647.000000 0 -nan 0.000000
2291 949 0 0 -nan 0.000000 2147483647.000000 0 -nan 0.000000
2292 950 335958680 294021400 14761.903948 2512793.831591 1441.053854 71880 5.400431 84821620.514235
2293 951 0 0 -nan 0.000000 2147483647.000000 0 -nan 0.000000
2294 952 189527680 147590400 9994.362773 1426010.007031 1441.053854 36085 5.026133 5185709.935045
2295 953 0 0 -nan 0.000000 2147483647.000000 0 -nan 0.000000
2296 954 0 0 -nan 0.000000 2147483647.000000 0 -nan 0.000000
2297 955 0 0 -nan 0.000000 2147483647.000000 0 -nan 0.000000
2298 956 0 0 -nan 0.000000 2147483647.000000 0 -nan 0.000000
2299 957 335958680 294021400 14208.165086 1233085.472130 591.738319 71880 5.396397 1294217349.391657
2300 958 19200 125831040 7010.623950 235569.501955 591.738319 30840 1.666667 0.000000
2301 959 6400 41943680 9153.875595 9293.306879 1441.053854 10280 2.000000 0.000000
2347 960 0 0 -nan 0.000000 2147483647.000000 0 -nan 0.000000
2348 961 0 0 -nan 0.000000 2147483647.000000 0 -nan 0.000000
2349 962 0 0 -nan 0.000000 2147483647.000000 0 -nan 0.000000
2350 963 0 0 -nan 0.000000 2147483647.000000 0 -nan 0.000000
2351 964 0 0 -nan 0.000000 2147483647.000000 0 -nan 0.000000
2352 965 0 0 -nan 0.000000 2147483647.000000 0 -nan 0.000000
2353 966 0 0 -nan 0.000000 2147483647.000000 0 -nan 0.000000
2354 967 0 0 -nan 0.000000 2147483647.000000 0 -nan 0.000000
2355 968 0 0 -nan 0.000000 2147483647.000000 0 -nan 0.000000
2356 969 0 0 -nan 0.000000 2147483647.000000 0 -nan 0.000000
2357 970 0 0 -nan 0.000000 2147483647.000000 0 -nan 0.000000
2358 971 0 0 -nan 0.000000 2147483647.000000 0 -nan 0.000000
2359 972 0 0 -nan 0.000000 2147483647.000000 0 -nan 0.000000
2360 973 0 0 -nan 0.000000 2147483647.000000 0 -nan 0.000000
2361 974 0 0 -nan 0.000000 2147483647.000000 0 -nan 0.000000
2362 975 0 0 -nan 0.000000 2147483647.000000 0 -nan 0.000000
2363 976 0 0 -nan 0.000000 2147483647.000000 0 -nan 0.000000
2364 977 0 0 -nan 0.000000 2147483647.000000 0 -nan 0.000000
2365 978 0 0 -nan 0.000000 2147483647.000000 0 -nan 0.000000
2366 979 0 0 -nan 0.000000 2147483647.000000 0 -nan 0.000000
2367 980 0 0 -nan 0.000000 2147483647.000000 0 -nan 0.000000
2368 981 0 0 -nan 0.000000 2147483647.000000 0 -nan 0.000000
2369 982 0 0 -nan 0.000000 2147483647.000000 0 -nan 0.000000
2370 983 0 0 -nan 0.000000 2147483647.000000 0 -nan 0.000000
2371 984 0 0 -nan 0.000000 2147483647.000000 0 -nan 0.000000
2372 985 0 0 -nan 0.000000 2147483647.000000 0 -nan 0.000000
2373 986 0 0 -nan 0.000000 2147483647.000000 0 -nan 0.000000
2374 987 0 0 -nan 0.000000 2147483647.000000 0 -nan 0.000000
2375 988 0 0 -nan 0.000000 2147483647.000000 0 -nan 0.000000
2376 989 0 0 -nan 0.000000 2147483647.000000 0 -nan 0.000000
2377 990 0 0 -nan 0.000000 2147483647.000000 0 -nan 0.000000
2378 991 0 0 -nan 0.000000 2147483647.000000 0 -nan 0.000000
2424 992 0 0 -nan 0.000000 2147483647.000000 0 -nan 0.000000
2425 993 0 0 -nan 0.000000 2147483647.000000 0 -nan 0.000000
2426 994 0 0 -nan 0.000000 2147483647.000000 0 -nan 0.000000
2427 995 0 0 -nan 0.000000 2147483647.000000 0 -nan 0.000000
2428 996 0 0 -nan 0.000000 2147483647.000000 0 -nan 0.000000
2429 997 0 0 -nan 0.000000 2147483647.000000 0 -nan 0.000000
2430 998 0 0 -nan 0.000000 2147483647.000000 0 -nan 0.000000
2431 999 0 0 -nan 0.000000 2147483647.000000 0 -nan 0.000000
2432 1000 0 0 -nan 0.000000 2147483647.000000 0 -nan 0.000000
2433 1001 0 0 -nan 0.000000 2147483647.000000 0 -nan 0.000000
2434 1002 0 0 -nan 0.000000 2147483647.000000 0 -nan 0.000000
2435 1003 0 0 -nan 0.000000 2147483647.000000 0 -nan 0.000000
2436 1004 0 0 -nan 0.000000 2147483647.000000 0 -nan 0.000000
2437 1005 0 0 -nan 0.000000 2147483647.000000 0 -nan 0.000000
2438 1006 0 0 -nan 0.000000 2147483647.000000 0 -nan 0.000000
2439 1007 0 0 -nan 0.000000 2147483647.000000 0 -nan 0.000000
2440 1008 0 0 -nan 0.000000 2147483647.000000 0 -nan 0.000000
2441 1009 0 0 -nan 0.000000 2147483647.000000 0 -nan 0.000000
2442 1010 0 0 -nan 0.000000 2147483647.000000 0 -nan 0.000000
2443 1011 0 0 -nan 0.000000 2147483647.000000 0 -nan 0.000000
2444 1012 0 0 -nan 0.000000 2147483647.000000 0 -nan 0.000000
2445 1013 0 0 -nan 0.000000 2147483647.000000 0 -nan 0.000000
2446 1014 0 0 -nan 0.000000 2147483647.000000 0 -nan 0.000000
2447 1015 0 0 -nan 0.000000 2147483647.000000 0 -nan 0.000000
2448 1016 0 0 -nan 0.000000 2147483647.000000 0 -nan 0.000000
2449 1017 0 0 -nan 0.000000 2147483647.000000 0 -nan 0.000000
2450 1018 0 0 -nan 0.000000 2147483647.000000 0 -nan 0.000000
2451 1019 0 0 -nan 0.000000 2147483647.000000 0 -nan 0.000000
2452 1020 0 0 -nan 0.000000 2147483647.000000 0 -nan 0.000000
2453 1021 0 0 -nan 0.000000 2147483647.000000 0 -nan 0.000000
2454 1022 0 0 -nan 0.000000 2147483647.000000 0 -nan 0.000000
2455 1023 0 0 -nan 0.000000 2147483647.000000 0 -nan 0.000000
2501 1024 0 0 -nan 0.000000 2147483647.000000 0 -nan 0.000000
2502 1025 0 0 -nan 0.000000 2147483647.000000 0 -nan 0.000000
2503 1026 0 0 -nan 0.000000 2147483647.000000 0 -nan 0.000000
2504 1027 0 0 -nan 0.000000 2147483647.000000 0 -nan 0.000000
2505 1028 0 0 -nan 0.000000 2147483647.000000 0 -nan 0.000000
2506 1029 0 0 -nan 0.000000 2147483647.000000 0 -nan 0.000000
2507 1030 0 0 -nan 0.000000 2147483647.000000 0 -nan 0.000000
2508 1031 0 0 -nan 0.000000 2147483647.000000 0 -nan 0.000000
2509 1032 0 0 -nan 0.000000 2147483647.000000 0 -nan 0.000000
2510 1033 0 0 -nan 0.000000 2147483647.000000 0 -nan 0.000000
2511 1034 0 0 -nan 0.000000 2147483647.000000 0 -nan 0.000000
2512 1035 0 0 -nan 0.000000 2147483647.000000 0 -nan 0.000000
2513 1036 0 0 -nan 0.000000 2147483647.000000 0 -nan 0.000000
2514 1037 0 0 -nan 0.000000 2147483647.000000 0 -nan 0.000000
2515 1038 0 0 -nan 0.000000 2147483647.000000 0 -nan 0.000000
2516 1039 0 0 -nan 0.000000 2147483647.000000 0 -nan 0.000000
2517 1040 0 0 -nan 0.000000 2147483647.000000 0 -nan 0.000000
2518 1041 0 0 -nan 0.000000 2147483647.000000 0 -nan 0.000000
2519 1042 0 0 -nan 0.000000 2147483647.000000 0 -nan 0.000000
2520 1043 0 0 -nan 0.000000 2147483647.000000 0 -nan 0.000000
2521 1044 0 0 -nan 0.000000 2147483647.000000 0 -nan 0.000000
2522 1045 0 0 -nan 0.000000 2147483647.000000 0 -nan 0.000000
2523 1046 0 0 -nan 0.000000 2147483647.000000 0 -nan 0.000000
2524 1047 0 0 -nan 0.000000 2147483647.000000 0 -nan 0.000000
2525 1048 0 0 -nan 0.000000 2147483647.000000 0 -nan 0.000000
2526 1049 0 0 -nan 0.000000 2147483647.000000 0 -nan 0.000000
2527 1050 0 0 -nan 0.000000 2147483647.000000 0 -nan 0.000000
2528 1051 0 0 -nan 0.000000 2147483647.000000 0 -nan 0.000000
2529 1052 0 0 -nan 0.000000 2147483647.000000 0 -nan 0.000000
2530 1053 0 0 -nan 0.000000 2147483647.000000 0 -nan 0.000000
2531 1054 0 0 -nan 0.000000 2147483647.000000 0 -nan 0.000000
2532 1055 0 0 -nan 0.000000 2147483647.000000 0 -nan 0.000000
