# Format <LP ID> <Terminal ID> <Job ID> <Local Rank> <Total sends> <Total Recvs> <Bytes sent> <Bytes recvd> <Send time> <Comm. time> <Compute time> <Avg msg time> <Max Msg Time>
6 0 0 259 80 80 294015000 294015000 200337476.327594 1001410169.995880 645000000.000000 2504218.454095 1646410169.995880
7 1 0 113 80 80 294015000 294015000 197731462.098357 1000917023.058813 645000000.000000 2471643.276229 1645917023.058813
8 2 -1 -1 0 0 0 0 0.000000 0.000000 0.000000 -nan 0.000000
9 3 -1 -1 0 0 0 0 0.000000 0.000000 0.000000 -nan 0.000000
10 4 -1 -1 0 0 0 0 0.000000 0.000000 0.000000 -nan 0.000000
11 5 0 33 85 85 441599000 441599000 293508547.457324 1020158826.057726 645000000.000000 3453041.734792 1665158826.057726
12 6 -1 -1 0 0 0 0 0.000000 0.000000 0.000000 -nan 0.000000
13 7 -1 -1 0 0 0 0 0.000000 0.000000 0.000000 -nan 0.000000
14 8 -1 -1 0 0 0 0 0.000000 0.000000 0.000000 -nan 0.000000
15 9 0 130 80 80 294015000 294015000 188248244.292796 1000067368.678827 645000000.000000 2353103.053660 1645067368.678827
16 10 -1 -1 0 0 0 0 0.000000 0.000000 0.000000 -nan 0.000000
17 11 -1 -1 0 0 0 0 0.000000 0.000000 0.000000 -nan 0.000000
18 12 0 264 80 80 294015000 294015000 200172318.205343 1001014529.859700 645000000.000000 2502153.977567 1646014529.859700
19 13 -1 -1 0 0 0 0 0.000000 0.000000 0.000000 -nan 0.000000
20 14 -1 -1 0 0 0 0 0.000000 0.000000 0.000000 -nan 0.000000
21 15 -1 -1 0 0 0 0 0.000000 0.000000 0.000000 -nan 0.000000
22 16 0 174 80 80 294015000 294015000 207785275.841425 999996461.891709 645000000.000000 2597315.948018 1644996461.891709
23 17 0 167 80 80 294015000 294015000 195022683.183898 1000072841.048209 645000000.000000 2437783.539799 1645072841.048209
24 18 -1 -1 0 0 0 0 0.000000 0.000000 0.000000 -nan 0.000000
25 19 -1 -1 0 0 0 0 0.000000 0.000000 0.000000 -nan 0.000000
26 20 0 182 80 80 294015000 294015000 198145246.740716 1000291938.387122 645000000.000000 2476815.584259 1645291938.387122
27 21 -1 -1 0 0 0 0 0.000000 0.000000 0.000000 -nan 0.000000
28 22 -1 -1 0 0 0 0 0.000000 0.000000 0.000000 -nan 0.000000
29 23 -1 -1 0 0 0 0 0.000000 0.000000 0.000000 -nan 0.000000
30 24 -1 -1 0 0 0 0 0.000000 0.000000 0.000000 -nan 0.000000
31 25 0 26 5 5 147584000 147584000 89869551.205915 1017636937.372594 645000000.000000 17973910.241183 1662636937.372594
32 26 0 50 5 5 147584000 147584000 89830055.373759 1017873278.692016 645000000.000000 17966011.074752 1662873278.692016
33 27 0 44 5 5 147584000 147584000 89828676.542660 1017590196.760257 645000000.000000 17965735.308532 1662590196.760257
34 28 0 175 80 80 294015000 294015000 207101928.493769 999991249.110372 645000000.000000 2588774.106172 1644991249.110372
35 29 0 158 80 80 294015000 294015000 194189958.830492 1000073722.647906 645000000.000000 2427374.485381 1645073722.647906
83 30 -1 -1 0 0 0 0 0.000000 0.000000 0.000000 -nan 0.000000
84 31 -1 -1 0 0 0 0 0.000000 0.000000 0.000000 -nan 0.000000
85 32 0 100 80 80 294015000 294015000 185846096.591585 1000035365.410557 645000000.000000 2323076.207395 1645035365.410557
86 33 0 127 80 80 294015000 294015000 187934720.999731 1000048982.750584 645000000.000000 2349184.012497 1645048982.750584
87 34 -1 -1 0 0 0 0 0.000000 0.000000 0.000000 -nan 0.000000
88 35 0 187 80 80 294015000 294015000 187334373.686440 1001528766.016697 645000000.000000 2341679.671081 1646528766.016697
89 36 -1 -1 0 0 0 0 0.000000 0.000000 0.000000 -nan 0.000000
90 37 -1 -1 0 0 0 0 0.000000 0.000000 0.000000 -nan 0.000000
91 38 -1 -1 0 0 0 0 0.000000 0.000000 0.000000 -nan 0.000000
92 39 -1 -1 0 0 0 0 0.000000 0.000000 0.000000 -nan 0.000000
93 40 -1 -1 0 0 0 0 0.000000 0.000000 0.000000 -nan 0.000000
94 41 -1 -1 0 0 0 0 0.000000 0.000000 0.000000 -nan 0.000000
95 42 -1 -1 0 0 0 0 0.000000 0.000000 0.000000 -nan 0.000000
96 43 0 147 80 80 294015000 294015000 193652140.407052 1000050150.911264 645000000.000000 2420651.755088 1645050150.911264
97 44 -1 -1 0 0 0 0 0.000000 0.000000 0.000000 -nan 0.000000
98 45 -1 -1 0 0 0 0 0.000000 0.000000 0.000000 -nan 0.000000
99 46 -1 -1 0 0 0 0 0.000000 0.000000 0.000000 -nan 0.000000
100 47 -1 -1 0 0 0 0 0.000000 0.000000 0.000000 -nan 0.000000
101 48 -1 -1 0 0 0 0 0.000000 0.000000 0.000000 -nan 0.000000
102 49 -1 -1 0 0 0 0 0.000000 0.000000 0.000000 -nan 0.000000
103 50 -1 -1 0 0 0 0 0.000000 0.000000 0.000000 -nan 0.000000
104 51 -1 -1 0 0 0 0 0.000000 0.000000 0.000000 -nan 0.000000
105 52 -1 -1 0 0 0 0 0.000000 0.000000 0.000000 -nan 0.000000
106 53 0 62 5 5 147584000 147584000 89830173.012606 1017798553.305227 645000000.000000 17966034.602521 1662798553.305227
107 54 -1 -1 0 0 0 0 0.000000 0.000000 0.000000 -nan 0.000000
108 55 -1 -1 0 0 0 0 0.000000 0.000000 0.000000 -nan 0.000000
109 56 -1 -1 0 0 0 0 0.000000 0.000000 0.000000 -nan 0.000000
110 57 0 82 5 5 147584000 147584000 89827996.598288 1017848650.815800 645000000.000000 17965599.319658 1662848650.815800
111 58 -1 -1 0 0 0 0 0.000000 0.000000 0.000000 -nan 0.000000
112 59 -1 -1 0 0 0 0 0.000000 0.000000 0.000000 -nan 0.000000
160 60 0 10 5 5 147584000 147584000 89829406.810203 1017495453.902795 645000000.000000 17965881.362041 1662495453.902795
161 61 -1 -1 0 0 0 0 0.000000 0.000000 0.000000 -nan 0.000000
162 62 -1 -1 0 0 0 0 0.000000 0.000000 0.000000 -nan 0.000000
163 63 -1 -1 0 0 0 0 0.000000 0.000000 0.000000 -nan 0.000000
164 64 -1 -1 0 0 0 0 0.000000 0.000000 0.000000 -nan 0.000000
165 65 0 71 85 85 441599000 441599000 292296119.512606 1018088982.444103 645000000.000000 3438777.876619 1663088982.444103
166 66 0 202 80 80 294015000 294015000 192466256.062978 998907943.313437 645000000.000000 2405828.200787 1643907943.313437
167 67 -1 -1 0 0 0 0 0.000000 0.000000 0.000000 -nan 0.000000
168 68 0 247 80 80 294015000 294015000 193604277.260374 1000139376.468467 645000000.000000 2420053.465755 1645139376.468467
169 69 -1 -1 0 0 0 0 0.000000 0.000000 0.000000 -nan 0.000000
170 70 -1 -1 0 0 0 0 0.000000 0.000000 0.000000 -nan 0.000000
171 71 -1 -1 0 0 0 0 0.000000 0.000000 0.000000 -nan 0.000000
172 72 -1 -1 0 0 0 0 0.000000 0.000000 0.000000 -nan 0.000000
173 73 -1 -1 0 0 0 0 0.000000 0.000000 0.000000 -nan 0.000000
174 74 0 224 80 80 294015000 294015000 191771550.224398 1000906267.401795 645000000.000000 2397144.377805 1645906267.401795
175 75 -1 -1 0 0 0 0 0.000000 0.000000 0.000000 -nan 0.000000
176 76 0 157 80 80 294015000 294015000 192445426.754827 1000047062.701586 645000000.000000 2405567.834435 1645047062.701586
177 77 0 165 80 80 294015000 294015000 188928276.023075 1000564068.614163 645000000.000000 2361603.450288 1645564068.614163
178 78 -1 -1 0 0 0 0 0.000000 0.000000 0.000000 -nan 0.000000
179 79 0 190 80 80 294015000 294015000 192674208.891429 997512713.962730 645000000.000000 2408427.611143 1642512713.962730
180 80 -1 -1 0 0 0 0 0.000000 0.000000 0.000000 -nan 0.000000
181 81 -1 -1 0 0 0 0 0.000000 0.000000 0.000000 -nan 0.000000
182 82 -1 -1 0 0 0 0 0.000000 0.000000 0.000000 -nan 0.000000
183 83 -1 -1 0 0 0 0 0.000000 0.000000 0.000000 -nan 0.000000
184 84 -1 -1 0 0 0 0 0.000000 0.000000 0.000000 -nan 0.000000
185 85 -1 -1 0 0 0 0 0.000000 0.000000 0.000000 -nan 0.000000
186 86 -1 -1 0 0 0 0 0.000000 0.000000 0.000000 -nan 0.000000
187 87 0 57 85 85 441599000 441599000 290726319.204818 1018138557.557619 645000000.000000 3420309.637704 1663138557.557619
188 88 0 274 80 80 294015000 294015000 192544581.600314 1000834224.115836 645000000.000000 2406807.270004 1645834224.115836
189 89 -1 -1 0 0 0 0 0.000000 0.000000 0.000000 -nan 0.000000
237 90 -1 -1 0 0 0 0 0.000000 0.000000 0.000000 -nan 0.000000
238 91 -1 -1 0 0 0 0 0.000000 0.000000 0.000000 -nan 0.000000
239 92 0 243 80 80 294015000 294015000 187611442.650673 1000846928.462230 645000000.000000 2345143.033133 1645846928.462230
240 93 0 195 80 80 294015000 294015000 186109916.726056 1000026574.886720 645000000.000000 2326373.959076 1645026574.886720
241 94 -1 -1 0 0 0 0 0.000000 0.000000 0.000000 -nan 0.000000
242 95 0 171 80 80 294015000 294015000 188662060.047179 1000047438.639141 645000000.000000 2358275.750590 1645047438.639141
243 96 -1 -1 0 0 0 0 0.000000 0.000000 0.000000 -nan 0.000000
244 97 -1 -1 0 0 0 0 0.000000 0.000000 0.000000 -nan 0.000000
245 98 -1 -1 0 0 0 0 0.000000 0.000000 0.000000 -nan 0.000000
246 99 -1 -1 0 0 0 0 0.000000 0.000000 0.000000 -nan 0.000000
247 100 -1 -1 0 0 0 0 0.000000 0.000000 0.000000 -nan 0.000000
248 101 -1 -1 0 0 0 0 0.000000 0.000000 0.000000 -nan 0.000000
249 102 0 25 85 85 441599000 441599000 278724207.825377 1018023234.767947 645000000.000000 3279108.327357 1663023234.767947
250 103 -1 -1 0 0 0 0 0.000000 0.000000 0.000000 -nan 0.000000
251 104 -1 -1 0 0 0 0 0.000000 0.000000 0.000000 -nan 0.000000
252 105 -1 -1 0 0 0 0 0.000000 0.000000 0.000000 -nan 0.000000
253 106 -1 -1 0 0 0 0 0.000000 0.000000 0.000000 -nan 0.000000
254 107 -1 -1 0 0 0 0 0.000000 0.000000 0.000000 -nan 0.000000
255 108 -1 -1 0 0 0 0 0.000000 0.000000 0.000000 -nan 0.000000
256 109 -1 -1 0 0 0 0 0.000000 0.000000 0.000000 -nan 0.000000
257 110 0 97 80 80 294015000 294015000 185819577.295791 1000040353.136035 645000000.000000 2322744.716197 1645040353.136035
258 111 -1 -1 0 0 0 0 0.000000 0.000000 0.000000 -nan 0.000000
259 112 -1 -1 0 0 0 0 0.000000 0.000000 0.000000 -nan 0.000000
260 113 -1 -1 0 0 0 0 0.000000 0.000000 0.000000 -nan 0.000000
261 114 -1 -1 0 0 0 0 0.000000 0.000000 0.000000 -nan 0.000000
262 115 0 189 80 80 294015000 294015000 184574508.019181 997854243.430129 645000000.000000 2307181.350240 1642854243.430129
263 116 -1 -1 0 0 0 0 0.000000 0.000000 0.000000 -nan 0.000000
264 117 -1 -1 0 0 0 0 0.000000 0.000000 0.000000 -nan 0.000000
265 118 -1 -1 0 0 0 0 0.000000 0.000000 0.000000 -nan 0.000000
266 119 -1 -1 0 0 0 0 0.000000 0.000000 0.000000 -nan 0.000000
314 120 -1 -1 0 0 0 0 0.000000 0.000000 0.000000 -nan 0.000000
315 121 -1 -1 0 0 0 0 0.000000 0.000000 0.000000 -nan 0.000000
316 122 -1 -1 0 0 0 0 0.000000 0.000000 0.000000 -nan 0.000000
317 123 -1 -1 0 0 0 0 0.000000 0.000000 0.000000 -nan 0.000000
318 124 -1 -1 0 0 0 0 0.000000 0.000000 0.000000 -nan 0.000000
319 125 -1 -1 0 0 0 0 0.000000 0.000000 0.000000 -nan 0.000000
320 126 -1 -1 0 0 0 0 0.000000 0.000000 0.000000 -nan 0.000000
321 127 0 150 80 80 294015000 294015000 196893004.859709 999312380.416959 645000000.000000 2461162.560746 1644312380.416959
322 128 0 85 85 85 441599000 441599000 286263720.886162 1017670461.575289 645000000.000000 3367808.481014 1662670461.575289
323 129 0 140 80 80 294015000 294015000 197455034.519431 1000866492.879678 645000000.000000 2468187.931493 1645866492.879678
324 130 -1 -1 0 0 0 0 0.000000 0.000000 0.000000 -nan 0.000000
325 131 -1 -1 0 0 0 0 0.000000 0.000000 0.000000 -nan 0.000000
326 132 0 35 85 85 441599000 441599000 292050659.076328 1018429069.906151 645000000.000000 3435890.106780 1663429069.906151
327 133 -1 -1 0 0 0 0 0.000000 0.000000 0.000000 -nan 0.000000
328 134 -1 -1 0 0 0 0 0.000000 0.000000 0.000000 -nan 0.000000
329 135 -1 -1 0 0 0 0 0.000000 0.000000 0.000000 -nan 0.000000
330 136 -1 -1 0 0 0 0 0.000000 0.000000 0.000000 -nan 0.000000
331 137 0 160 80 80 294015000 294015000 197914690.432552 998811961.312818 645000000.000000 2473933.630407 1643811961.312818
332 138 -1 -1 0 0 0 0 0.000000 0.000000 0.000000 -nan 0.000000
333 139 -1 -1 0 0 0 0 0.000000 0.000000 0.000000 -nan 0.000000
334 140 -1 -1 0 0 0 0 0.000000 0.000000 0.000000 -nan 0.000000
335 141 -1 -1 0 0 0 0 0.000000 0.000000 0.000000 -nan 0.000000
336 142 0 172 80 80 294015000 294015000 194468385.033269 1000450943.445830 645000000.000000 2430854.812916 1645450943.445830
337 143 -1 -1 0 0 0 0 0.000000 0.000000 0.000000 -nan 0.000000
338 144 0 76 5 5 147584000 147584000 89827809.242331 1017997306.027562 645000000.000000 17965561.848466 1662997306.027562
339 145 -1 -1 0 0 0 0 0.000000 0.000000 0.000000 -nan 0.000000
340 146 -1 -1 0 0 0 0 0.000000 0.000000 0.000000 -nan 0.000000
341 147 -1 -1 0 0 0 0 0.000000 0.000000 0.000000 -nan 0.000000
342 148 0 18 5 5 147584000 147584000 89828862.366017 1018359160.589504 645000000.000000 17965772.473203 1663359160.589504
343 149 -1 -1 0 0 0 0 0.000000 0.000000 0.000000 -nan 0.000000
391 150 0 155 80 80 294015000 294015000 198620262.000075 999896278.701858 645000000.000000 2482753.275001 1644896278.701858
392 151 -1 -1 0 0 0 0 0.000000 0.000000 0.000000 -nan 0.000000
393 152 -1 -1 0 0 0 0 0.000000 0.000000 0.000000 -nan 0.000000
394 153 -1 -1 0 0 0 0 0.000000 0.000000 0.000000 -nan 0.000000
395 154 0 228 80 80 294015000 294015000 189917962.089731 998589093.540115 645000000.000000 2373974.526122 1643589093.540115
396 155 -1 -1 0 0 0 0 0.000000 0.000000 0.000000 -nan 0.000000
397 156 -1 -1 0 0 0 0 0.000000 0.000000 0.000000 -nan 0.000000
398 157 0 229 80 80 294015000 294015000 188220235.820543 998589937.416622 645000000.000000 2352752.947757 1643589937.416622
399 158 -1 -1 0 0 0 0 0.000000 0.000000 0.000000 -nan 0.000000
400 159 -1 -1 0 0 0 0 0.000000 0.000000 0.000000 -nan 0.000000
401 160 -1 -1 0 0 0 0 0.000000 0.000000 0.000000 -nan 0.000000
402 161 -1 -1 0 0 0 0 0.000000 0.000000 0.000000 -nan 0.000000
403 162 0 170 80 80 294015000 294015000 196755856.983569 998932174.614538 645000000.000000 2459448.212295 1643932174.614538
404 163 0 253 80 80 294015000 294015000 196826294.970504 1000040718.349954 645000000.000000 2460328.687131 1645040718.349954
405 164 -1 -1 0 0 0 0 0.000000 0.000000 0.000000 -nan 0.000000
406 165 -1 -1 0 0 0 0 0.000000 0.000000 0.000000 -nan 0.000000
407 166 -1 -1 0 0 0 0 0.000000 0.000000 0.000000 -nan 0.000000
408 167 -1 -1 0 0 0 0 0.000000 0.000000 0.000000 -nan 0.000000
409 168 0 163 80 80 294015000 294015000 193326171.962792 1000030753.875240 645000000.000000 2416577.149535 1645030753.875240
410 169 -1 -1 0 0 0 0 0.000000 0.000000 0.000000 -nan 0.000000
411 170 0 110 80 80 294015000 294015000 199823662.982374 999309547.050135 645000000.000000 2497795.787280 1644309547.050135
412 171 -1 -1 0 0 0 0 0.000000 0.000000 0.000000 -nan 0.000000
413 172 -1 -1 0 0 0 0 0.000000 0.000000 0.000000 -nan 0.000000
414 173 -1 -1 0 0 0 0 0.000000 0.000000 0.000000 -nan 0.000000
415 174 0 125 80 80 294015000 294015000 189367942.598385 998841724.658460 645000000.000000 2367099.282480 1643841724.658460
416 175 0 194 80 80 294015000 294015000 193845527.390698 998436217.066824 645000000.000000 2423069.092384 1643436217.066824
417 176 -1 -1 0 0 0 0 0.000000 0.000000 0.000000 -nan 0.000000
418 177 -1 -1 0 0 0 0 0.000000 0.000000 0.000000 -nan 0.000000
419 178 -1 -1 0 0 0 0 0.000000 0.000000 0.000000 -nan 0.000000
420 179 -1 -1 0 0 0 0 0.000000 0.000000 0.000000 -nan 0.000000
468 180 0 23 85 85 441599000 441599000 288728972.932798 1017489679.207940 645000000.000000 3396811.446268 1662489679.207940
469 181 0 98 80 80 294015000 294015000 201234711.551766 1000514550.997523 645000000.000000 2515433.894397 1645514550.997523
470 182 0 20 5 5 147584000 147584000 89828594.862777 1018019798.544521 645000000.000000 17965718.972555 1663019798.544521
471 183 0 132 80 80 294015000 294015000 201895859.464592 1000474035.806352 645000000.000000 2523698.243307 1645474035.806352
472 184 -1 -1 0 0 0 0 0.000000 0.000000 0.000000 -nan 0.000000
473 185 -1 -1 0 0 0 0 0.000000 0.000000 0.000000 -nan 0.000000
474 186 0 143 80 80 294015000 294015000 204505491.482956 1000777603.845840 645000000.000000 2556318.643537 1645777603.845840
475 187 0 67 85 85 441599000 441599000 286221710.453394 1018111408.113278 645000000.000000 3367314.240628 1663111408.113278
476 188 -1 -1 0 0 0 0 0.000000 0.000000 0.000000 -nan 0.000000
477 189 -1 -1 0 0 0 0 0.000000 0.000000 0.000000 -nan 0.000000
478 190 -1 -1 0 0 0 0 0.000000 0.000000 0.000000 -nan 0.000000
479 191 -1 -1 0 0 0 0 0.000000 0.000000 0.000000 -nan 0.000000
480 192 -1 -1 0 0 0 0 0.000000 0.000000 0.000000 -nan 0.000000
481 193 0 197 80 80 294015000 294015000 197660287.968484 1000762782.701241 645000000.000000 2470753.599606 1645762782.701241
482 194 -1 -1 0 0 0 0 0.000000 0.000000 0.000000 -nan 0.000000
483 195 -1 -1 0 0 0 0 0.000000 0.000000 0.000000 -nan 0.000000
484 196 -1 -1 0 0 0 0 0.000000 0.000000 0.000000 -nan 0.000000
485 197 -1 -1 0 0 0 0 0.000000 0.000000 0.000000 -nan 0.000000
486 198 0 164 80 80 294015000 294015000 199354249.814677 1000430887.207918 645000000.000000 2491928.122683 1645430887.207918
487 199 -1 -1 0 0 0 0 0.000000 0.000000 0.000000 -nan 0.000000
488 200 -1 -1 0 0 0 0 0.000000 0.000000 0.000000 -nan 0.000000
489 201 0 12 5 5 147584000 147584000 89826064.186677 1017493009.715107 645000000.000000 17965212.837335 1662493009.715107
490 202 -1 -1 0 0 0 0 0.000000 0.000000 0.000000 -nan 0.000000
491 203 0 251 80 80 294015000 294015000 200433193.111032 1000720552.428468 645000000.000000 2505414.913888 1645720552.428468
492 204 0 126 80 80 294015000 294015000 195421300.689857 999377410.149223 645000000.000000 2442766.258623 1644377410.149223
493 205 -1 -1 0 0 0 0 0.000000 0.000000 0.000000 -nan 0.000000
494 206 -1 -1 0 0 0 0 0.000000 0.000000 0.000000 -nan 0.000000
495 207 -1 -1 0 0 0 0 0.000000 0.000000 0.000000 -nan 0.000000
496 208 0 122 80 80 294015000 294015000 192873565.539840 1000085774.137667 645000000.000000 2410919.569248 1645085774.137667
497 209 0 256 80 80 294015000 294015000 202338785.734058 1000826007.979124 645000000.000000 2529234.821676 1645826007.979124
545 210 0 31 85 85 441599000 441599000 285273912.236062 1017264805.138282 645000000.000000 3356163.673365 1662264805.138282
546 211 -1 -1 0 0 0 0 0.000000 0.000000 0.000000 -nan 0.000000
547 212 0 28 5 5 147584000 147584000 89847288.116306 1017517593.496846 645000000.000000 17969457.623261 1662517593.496846
548 213 -1 -1 0 0 0 0 0.000000 0.000000 0.000000 -nan 0.000000
549 214 0 77 85 85 441599000 441599000 285664331.238100 1017986833.399689 645000000.000000 3360756.838095 1662986833.399689
550 215 0 90 80 80 294015000 294015000 192825891.142005 999363675.196929 645000000.000000 2410323.639275 1644363675.196929
551 216 -1 -1 0 0 0 0 0.000000 0.000000 0.000000 -nan 0.000000
552 217 -1 -1 0 0 0 0 0.000000 0.000000 0.000000 -nan 0.000000
553 218 -1 -1 0 0 0 0 0.000000 0.000000 0.000000 -nan 0.000000
554 219 -1 -1 0 0 0 0 0.000000 0.000000 0.000000 -nan 0.000000
555 220 -1 -1 0 0 0 0 0.000000 0.000000 0.000000 -nan 0.000000
556 221 0 284 80 80 294015000 294015000 192041193.361928 998851128.881172 645000000.000000 2400514.917024 1643851128.881172
557 222 -1 -1 0 0 0 0 0.000000 0.000000 0.000000 -nan 0.000000
558 223 -1 -1 0 0 0 0 0.000000 0.000000 0.000000 -nan 0.000000
559 224 0 214 80 80 294015000 294015000 191413975.133671 998716257.741109 645000000.000000 2392674.689171 1643716257.741109
560 225 -1 -1 0 0 0 0 0.000000 0.000000 0.000000 -nan 0.000000
561 226 0 267 80 80 294015000 294015000 193775719.249052 999264796.859749 645000000.000000 2422196.490613 1644264796.859749
562 227 0 54 5 5 147584000 147584000 89841234.490375 1018815831.865878 645000000.000000 17968246.898075 1663815831.865878
563 228 -1 -1 0 0 0 0 0.000000 0.000000 0.000000 -nan 0.000000
564 229 0 135 80 80 294015000 294015000 190440469.169085 998833362.444991 645000000.000000 2380505.864614 1643833362.444991
565 230 -1 -1 0 0 0 0 0.000000 0.000000 0.000000 -nan 0.000000
566 231 -1 -1 0 0 0 0 0.000000 0.000000 0.000000 -nan 0.000000
567 232 0 296 80 80 294015000 294015000 190514899.667962 999710200.186953 645000000.000000 2381436.245850 1644710200.186953
568 233 -1 -1 0 0 0 0 0.000000 0.000000 0.000000 -nan 0.000000
569 234 -1 -1 0 0 0 0 0.000000 0.000000 0.000000 -nan 0.000000
570 235 -1 -1 0 0 0 0 0.000000 0.000000 0.000000 -nan 0.000000
571 236 -1 -1 0 0 0 0 0.000000 0.000000 0.000000 -nan 0.000000
572 237 0 37 85 85 441599000 441599000 282773536.493107 1017237057.975380 645000000.000000 3326747.488154 1662237057.975380
573 238 0 111 80 80 294015000 294015000 192087222.692237 1000047320.373845 645000000.000000 2401090.283653 1645047320.373845
574 239 -1 -1 0 0 0 0 0.000000 0.000000 0.000000 -nan 0.000000
622 240 -1 -1 0 0 0 0 0.000000 0.000000 0.000000 -nan 0.000000
623 241 0 230 80 80 294015000 294015000 197364410.430764 1001054152.424798 645000000.000000 2467055.130385 1646054152.424798
624 242 -1 -1 0 0 0 0 0.000000 0.000000 0.000000 -nan 0.000000
625 243 -1 -1 0 0 0 0 0.000000 0.000000 0.000000 -nan 0.000000
626 244 0 128 80 80 294015000 294015000 193588464.197790 999298423.006878 645000000.000000 2419855.802472 1644298423.006878
627 245 0 22 5 5 147584000 147584000 90153020.130122 1017501292.496690 645000000.000000 18030604.026024 1662501292.496690
628 246 -1 -1 0 0 0 0 0.000000 0.000000 0.000000 -nan 0.000000
629 247 0 13 85 85 441599000 441599000 290604559.833858 1017482085.062840 645000000.000000 3418877.174516 1662482085.062840
630 248 -1 -1 0 0 0 0 0.000000 0.000000 0.000000 -nan 0.000000
631 249 -1 -1 0 0 0 0 0.000000 0.000000 0.000000 -nan 0.000000
632 250 0 287 80 80 294015000 294015000 197014251.272307 999492828.381241 645000000.000000 2462678.140904 1644492828.381241
633 251 -1 -1 0 0 0 0 0.000000 0.000000 0.000000 -nan 0.000000
634 252 -1 -1 0 0 0 0 0.000000 0.000000 0.000000 -nan 0.000000
635 253 0 11 85 85 441599000 441599000 287843389.293833 1017482771.613473 645000000.000000 3386392.815222 1662482771.613473
636 254 -1 -1 0 0 0 0 0.000000 0.000000 0.000000 -nan 0.000000
637 255 0 144 80 80 294015000 294015000 197472378.865509 1000748255.615657 645000000.000000 2468404.735819 1645748255.615657
638 256 -1 -1 0 0 0 0 0.000000 0.000000 0.000000 -nan 0.000000
639 257 0 2 5 5 147584000 147584000 89828675.334937 1018913275.142458 645000000.000000 17965735.066987 1663913275.142458
640 258 -1 -1 0 0 0 0 0.000000 0.000000 0.000000 -nan 0.000000
641 259 0 121 80 80 294015000 294015000 193981832.776517 1001050996.665663 645000000.000000 2424772.909706 1646050996.665663
642 260 -1 -1 0 0 0 0 0.000000 0.000000 0.000000 -nan 0.000000
643 261 -1 -1 0 0 0 0 0.000000 0.000000 0.000000 -nan 0.000000
644 262 0 134 80 80 294015000 294015000 192277437.576383 998886013.708410 645000000.000000 2403467.969705 1643886013.708410
645 263 0 192 80 80 294015000 294015000 192780277.893817 999245340.849465 645000000.000000 2409753.473673 1644245340.849465
646 264 -1 -1 0 0 0 0 0.000000 0.000000 0.000000 -nan 0.000000
647 265 -1 -1 0 0 0 0 0.000000 0.000000 0.000000 -nan 0.000000
648 266 0 161 80 80 294015000 294015000 190702561.768897 1000024983.088217 645000000.000000 2383782.022111 1645024983.088217
649 267 -1 -1 0 0 0 0 0.000000 0.000000 0.000000 -nan 0.000000
650 268 0 108 80 80 294015000 294015000 196335378.938216 1001344715.684137 645000000.000000 2454192.236728 1646344715.684137
651 269 -1 -1 0 0 0 0 0.000000 0.000000 0.000000 -nan 0.000000
699 270 0 292 80 80 294015000 294015000 193554510.287789 999148828.616227 645000000.000000 2419431.378597 1644148828.616227
700 271 0 246 80 80 294015000 294015000 203398230.849399 1000075915.745744 645000000.000000 2542477.885617 1645075915.745744
701 272 0 279 80 80 294015000 294015000 202845658.052619 1000518102.917301 645000000.000000 2535570.725658 1645518102.917301
702 273 0 79 85 85 441599000 441599000 284452538.516933 1017645406.631310 645000000.000000 3346500.453140 1662645406.631310
703 274 -1 -1 0 0 0 0 0.000000 0.000000 0.000000 -nan 0.000000
704 275 -1 -1 0 0 0 0 0.000000 0.000000 0.000000 -nan 0.000000
705 276 -1 -1 0 0 0 0 0.000000 0.000000 0.000000 -nan 0.000000
706 277 -1 -1 0 0 0 0 0.000000 0.000000 0.000000 -nan 0.000000
707 278 0 255 80 80 294015000 294015000 194425242.183333 1000018750.289764 645000000.000000 2430315.527292 1645018750.289764
708 279 -1 -1 0 0 0 0 0.000000 0.000000 0.000000 -nan 0.000000
709 280 -1 -1 0 0 0 0 0.000000 0.000000 0.000000 -nan 0.000000
710 281 -1 -1 0 0 0 0 0.000000 0.000000 0.000000 -nan 0.000000
711 282 -1 -1 0 0 0 0 0.000000 0.000000 0.000000 -nan 0.000000
712 283 0 104 80 80 294015000 294015000 204197321.973581 1000260854.804891 645000000.000000 2552466.524670 1645260854.804891
713 284 -1 -1 0 0 0 0 0.000000 0.000000 0.000000 -nan 0.000000
714 285 -1 -1 0 0 0 0 0.000000 0.000000 0.000000 -nan 0.000000
715 286 -1 -1 0 0 0 0 0.000000 0.000000 0.000000 -nan 0.000000
716 287 0 177 80 80 294015000 294015000 201750057.540130 1000634478.892096 645000000.000000 2521875.719252 1645634478.892096
717 288 0 8 5 5 147584000 147584000 89829747.511050 1017410889.739501 645000000.000000 17965949.502210 1662410889.739501
718 289 0 4 5 5 147584000 147584000 89834655.320508 1017424419.604102 645000000.000000 17966931.064102 1662424419.604102
719 290 -1 -1 0 0 0 0 0.000000 0.000000 0.000000 -nan 0.000000
720 291 -1 -1 0 0 0 0 0.000000 0.000000 0.000000 -nan 0.000000
721 292 0 105 80 80 294015000 294015000 203282030.794911 1000269450.031772 645000000.000000 2541025.384936 1645269450.031772
722 293 -1 -1 0 0 0 0 0.000000 0.000000 0.000000 -nan 0.000000
723 294 0 102 80 80 294015000 294015000 199521773.122943 1000014246.011614 645000000.000000 2494022.164037 1645014246.011614
724 295 -1 -1 0 0 0 0 0.000000 0.000000 0.000000 -nan 0.000000
725 296 0 115 80 80 294015000 294015000 198243943.703459 1001063015.033898 645000000.000000 2478049.296293 1646063015.033898
726 297 -1 -1 0 0 0 0 0.000000 0.000000 0.000000 -nan 0.000000
727 298 -1 -1 0 0 0 0 0.000000 0.000000 0.000000 -nan 0.000000
728 299 0 60 5 5 147584000 147584000 89828149.248558 1018059701.349737 645000000.000000 17965629.849712 1663059701.349737
776 300 -1 -1 0 0 0 0 0.000000 0.000000 0.000000 -nan 0.000000
777 301 -1 -1 0 0 0 0 0.000000 0.000000 0.000000 -nan 0.000000
778 302 0 138 80 80 294015000 294015000 204509844.914770 1000535989.195709 645000000.000000 2556373.061435 1645535989.195709
779 303 -1 -1 0 0 0 0 0.000000 0.000000 0.000000 -nan 0.000000
780 304 0 178 80 80 294015000 294015000 207285267.311261 1001239357.431158 645000000.000000 2591065.841391 1646239357.431158
781 305 -1 -1 0 0 0 0 0.000000 0.000000 0.000000 -nan 0.000000
782 306 -1 -1 0 0 0 0 0.000000 0.000000 0.000000 -nan 0.000000
783 307 -1 -1 0 0 0 0 0.000000 0.000000 0.000000 -nan 0.000000
784 308 -1 -1 0 0 0 0 0.000000 0.000000 0.000000 -nan 0.000000
785 309 -1 -1 0 0 0 0 0.000000 0.000000 0.000000 -nan 0.000000
786 310 -1 -1 0 0 0 0 0.000000 0.000000 0.000000 -nan 0.000000
787 311 0 99 80 80 294015000 294015000 193965264.397259 1000181774.373017 645000000.000000 2424565.804966 1645181774.373017
788 312 -1 -1 0 0 0 0 0.000000 0.000000 0.000000 -nan 0.000000
789 313 -1 -1 0 0 0 0 0.000000 0.000000 0.000000 -nan 0.000000
790 314 -1 -1 0 0 0 0 0.000000 0.000000 0.000000 -nan 0.000000
791 315 -1 -1 0 0 0 0 0.000000 0.000000 0.000000 -nan 0.000000
792 316 -1 -1 0 0 0 0 0.000000 0.000000 0.000000 -nan 0.000000
793 317 -1 -1 0 0 0 0 0.000000 0.000000 0.000000 -nan 0.000000
794 318 -1 -1 0 0 0 0 0.000000 0.000000 0.000000 -nan 0.000000
795 319 0 216 80 80 294015000 294015000 201849624.917461 1000953531.887103 645000000.000000 2523120.311468 1645953531.887103
796 320 0 232 80 80 294015000 294015000 205824518.557640 1001076039.463629 645000000.000000 2572806.481971 1646076039.463629
797 321 -1 -1 0 0 0 0 0.000000 0.000000 0.000000 -nan 0.000000
798 322 0 89 80 80 294015000 294015000 205701231.208577 1000998546.872100 645000000.000000 2571265.390107 1645998546.872100
799 323 -1 -1 0 0 0 0 0.000000 0.000000 0.000000 -nan 0.000000
800 324 -1 -1 0 0 0 0 0.000000 0.000000 0.000000 -nan 0.000000
801 325 -1 -1 0 0 0 0 0.000000 0.000000 0.000000 -nan 0.000000
802 326 0 166 80 80 294015000 294015000 202269921.486862 1000566354.133910 645000000.000000 2528374.018586 1645566354.133910
803 327 -1 -1 0 0 0 0 0.000000 0.000000 0.000000 -nan 0.000000
804 328 0 141 80 80 294015000 294015000 204692597.909187 1000808980.051715 645000000.000000 2558657.473865 1645808980.051715
805 329 -1 -1 0 0 0 0 0.000000 0.000000 0.000000 -nan 0.000000
853 330 -1 -1 0 0 0 0 0.000000 0.000000 0.000000 -nan 0.000000
854 331 -1 -1 0 0 0 0 0.000000 0.000000 0.000000 -nan 0.000000
855 332 -1 -1 0 0 0 0 0.000000 0.000000 0.000000 -nan 0.000000
856 333 -1 -1 0 0 0 0 0.000000 0.000000 0.000000 -nan 0.000000
857 334 -1 -1 0 0 0 0 0.000000 0.000000 0.000000 -nan 0.000000
858 335 -1 -1 0 0 0 0 0.000000 0.000000 0.000000 -nan 0.000000
859 336 -1 -1 0 0 0 0 0.000000 0.000000 0.000000 -nan 0.000000
860 337 -1 -1 0 0 0 0 0.000000 0.000000 0.000000 -nan 0.000000
861 338 -1 -1 0 0 0 0 0.000000 0.000000 0.000000 -nan 0.000000
862 339 0 95 80 80 294015000 294015000 189742852.826087 1000837490.242932 645000000.000000 2371785.660326 1645837490.242932
863 340 -1 -1 0 0 0 0 0.000000 0.000000 0.000000 -nan 0.000000
864 341 0 21 85 85 441599000 441599000 286550047.067838 1018008284.672506 645000000.000000 3371177.024328 1663008284.672506
865 342 0 91 80 80 294015000 294015000 189882592.816154 999377716.099722 645000000.000000 2373532.410202 1644377716.099722
866 343 -1 -1 0 0 0 0 0.000000 0.000000 0.000000 -nan 0.000000
867 344 0 262 80 80 294015000 294015000 188303137.221169 999259165.924689 645000000.000000 2353789.215265 1644259165.924689
868 345 -1 -1 0 0 0 0 0.000000 0.000000 0.000000 -nan 0.000000
869 346 -1 -1 0 0 0 0 0.000000 0.000000 0.000000 -nan 0.000000
870 347 -1 -1 0 0 0 0 0.000000 0.000000 0.000000 -nan 0.000000
871 348 -1 -1 0 0 0 0 0.000000 0.000000 0.000000 -nan 0.000000
872 349 0 139 80 80 294015000 294015000 187528525.832410 1000693291.010861 645000000.000000 2344106.572905 1645693291.010861
873 350 -1 -1 0 0 0 0 0.000000 0.000000 0.000000 -nan 0.000000
874 351 -1 -1 0 0 0 0 0.000000 0.000000 0.000000 -nan 0.000000
875 352 -1 -1 0 0 0 0 0.000000 0.000000 0.000000 -nan 0.000000
876 353 -1 -1 0 0 0 0 0.000000 0.000000 0.000000 -nan 0.000000
877 354 -1 -1 0 0 0 0 0.000000 0.000000 0.000000 -nan 0.000000
878 355 0 72 5 5 147584000 147584000 89827229.136159 1018834570.955164 645000000.000000 17965445.827232 1663834570.955164
879 356 -1 -1 0 0 0 0 0.000000 0.000000 0.000000 -nan 0.000000
880 357 -1 -1 0 0 0 0 0.000000 0.000000 0.000000 -nan 0.000000
881 358 -1 -1 0 0 0 0 0.000000 0.000000 0.000000 -nan 0.000000
882 359 -1 -1 0 0 0 0 0.000000 0.000000 0.000000 -nan 0.000000
930 360 -1 -1 0 0 0 0 0.000000 0.000000 0.000000 -nan 0.000000
931 361 -1 -1 0 0 0 0 0.000000 0.000000 0.000000 -nan 0.000000
932 362 0 294 80 80 294015000 294015000 201743825.148615 1001056690.445425 645000000.000000 2521797.814358 1646056690.445425
933 363 -1 -1 0 0 0 0 0.000000 0.000000 0.000000 -nan 0.000000
934 364 0 207 80 80 294015000 294015000 199202015.682778 1000620313.346654 645000000.000000 2490025.196035 1645620313.346654
935 365 -1 -1 0 0 0 0 0.000000 0.000000 0.000000 -nan 0.000000
936 366 -1 -1 0 0 0 0 0.000000 0.000000 0.000000 -nan 0.000000
937 367 0 96 80 80 294015000 294015000 197651501.101354 999167914.575069 645000000.000000 2470643.763767 1644167914.575069
938 368 -1 -1 0 0 0 0 0.000000 0.000000 0.000000 -nan 0.000000
939 369 -1 -1 0 0 0 0 0.000000 0.000000 0.000000 -nan 0.000000
940 370 -1 -1 0 0 0 0 0.000000 0.000000 0.000000 -nan 0.000000
941 371 0 234 80 80 294015000 294015000 199786718.556530 1000821290.196970 645000000.000000 2497333.981957 1645821290.196970
942 372 0 34 5 5 147584000 147584000 89981705.288432 1018439503.124255 645000000.000000 17996341.057686 1663439503.124255
943 373 -1 -1 0 0 0 0 0.000000 0.000000 0.000000 -nan 0.000000
944 374 0 136 80 80 294015000 294015000 198878563.606851 1000866014.834990 645000000.000000 2485982.045086 1645866014.834990
945 375 -1 -1 0 0 0 0 0.000000 0.000000 0.000000 -nan 0.000000
946 376 -1 -1 0 0 0 0 0.000000 0.000000 0.000000 -nan 0.000000
947 377 0 297 80 80 294015000 294015000 194631322.576019 999442992.104539 645000000.000000 2432891.532200 1644442992.104539
948 378 -1 -1 0 0 0 0 0.000000 0.000000 0.000000 -nan 0.000000
949 379 0 273 80 80 294015000 294015000 196755254.794552 999857925.114784 645000000.000000 2459440.684932 1644857925.114784
950 380 0 248 80 80 294015000 294015000 202013017.400747 999221516.884322 645000000.000000 2525162.717509 1644221516.884322
951 381 -1 -1 0 0 0 0 0.000000 0.000000 0.000000 -nan 0.000000
952 382 0 159 80 80 294015000 294015000 203870610.446171 1000065355.143724 645000000.000000 2548382.630577 1645065355.143724
953 383 -1 -1 0 0 0 0 0.000000 0.000000 0.000000 -nan 0.000000
954 384 -1 -1 0 0 0 0 0.000000 0.000000 0.000000 -nan 0.000000
955 385 -1 -1 0 0 0 0 0.000000 0.000000 0.000000 -nan 0.000000
956 386 -1 -1 0 0 0 0 0.000000 0.000000 0.000000 -nan 0.000000
957 387 -1 -1 0 0 0 0 0.000000 0.000000 0.000000 -nan 0.000000
958 388 -1 -1 0 0 0 0 0.000000 0.000000 0.000000 -nan 0.000000
959 389 0 200 80 80 294015000 294015000 199856933.833861 1000579974.131123 645000000.000000 2498211.672923 1645579974.131123
1007 390 0 94 80 80 294015000 294015000 207779597.395248 1000811075.834510 645000000.000000 2597244.967441 1645811075.834510
1008 391 -1 -1 0 0 0 0 0.000000 0.000000 0.000000 -nan 0.000000
1009 392 -1 -1 0 0 0 0 0.000000 0.000000 0.000000 -nan 0.000000
1010 393 0 225 80 80 294015000 294015000 205303133.040589 1000892732.191555 645000000.000000 2566289.163007 1645892732.191555
1011 394 -1 -1 0 0 0 0 0.000000 0.000000 0.000000 -nan 0.000000
1012 395 -1 -1 0 0 0 0 0.000000 0.000000 0.000000 -nan 0.000000
1013 396 -1 -1 0 0 0 0 0.000000 0.000000 0.000000 -nan 0.000000
1014 397 -1 -1 0 0 0 0 0.000000 0.000000 0.000000 -nan 0.000000
1015 398 -1 -1 0 0 0 0 0.000000 0.000000 0.000000 -nan 0.000000
1016 399 -1 -1 0 0 0 0 0.000000 0.000000 0.000000 -nan 0.000000
1017 400 -1 -1 0 0 0 0 0.000000 0.000000 0.000000 -nan 0.000000
1018 401 0 106 80 80 294015000 294015000 204215210.330065 999356614.871423 645000000.000000 2552690.129126 1644356614.871423
1019 402 -1 -1 0 0 0 0 0.000000 0.000000 0.000000 -nan 0.000000
1020 403 -1 -1 0 0 0 0 0.000000 0.000000 0.000000 -nan 0.000000
1021 404 -1 -1 0 0 0 0 0.000000 0.000000 0.000000 -nan 0.000000
1022 405 -1 -1 0 0 0 0 0.000000 0.000000 0.000000 -nan 0.000000
1023 406 -1 -1 0 0 0 0 0.000000 0.000000 0.000000 -nan 0.000000
1024 407 -1 -1 0 0 0 0 0.000000 0.000000 0.000000 -nan 0.000000
1025 408 -1 -1 0 0 0 0 0.000000 0.000000 0.000000 -nan 0.000000
1026 409 0 38 5 5 147584000 147584000 89827618.156406 1017196141.871508 645000000.000000 17965523.631281 1662196141.871508
1027 410 0 131 80 80 294015000 294015000 201045219.515620 999939430.889653 645000000.000000 2513065.243945 1644939430.889653
1028 411 -1 -1 0 0 0 0 0.000000 0.000000 0.000000 -nan 0.000000
1029 412 -1 -1 0 0 0 0 0.000000 0.000000 0.000000 -nan 0.000000
1030 413 0 275 80 80 294015000 294015000 206602284.563581 1000771900.304635 645000000.000000 2582528.557045 1645771900.304635
1031 414 0 269 80 80 294015000 294015000 203537626.026765 1000814251.642739 645000000.000000 2544220.325335 1645814251.642739
1032 415 -1 -1 0 0 0 0 0.000000 0.000000 0.000000 -nan 0.000000
1033 416 -1 -1 0 0 0 0 0.000000 0.000000 0.000000 -nan 0.000000
1034 417 -1 -1 0 0 0 0 0.000000 0.000000 0.000000 -nan 0.000000
1035 418 -1 -1 0 0 0 0 0.000000 0.000000 0.000000 -nan 0.000000
1036 419 0 184 80 80 294015000 294015000 205584574.442712 1000849476.742838 645000000.000000 2569807.180534 1645849476.742838
1084 420 0 137 80 80 294015000 294015000 203031325.045112 1000847791.304609 645000000.000000 2537891.563064 1645847791.304609
1085 421 -1 -1 0 0 0 0 0.000000 0.000000 0.000000 -nan 0.000000
1086 422 0 3 85 85 441599000 441599000 293257243.538590 1018901910.103326 645000000.000000 3450085.218101 1663901910.103326
1087 423 0 258 80 80 294015000 294015000 206640359.872256 1001398463.444957 645000000.000000 2583004.498403 1646398463.444957
1088 424 -1 -1 0 0 0 0 0.000000 0.000000 0.000000 -nan 0.000000
1089 425 0 291 80 80 294015000 294015000 200133877.449484 999270138.172426 645000000.000000 2501673.468119 1644270138.172426
1090 426 0 55 85 85 441599000 441599000 290811995.681057 1018804502.066882 645000000.000000 3421317.596248 1663804502.066882
1091 427 -1 -1 0 0 0 0 0.000000 0.000000 0.000000 -nan 0.000000
1092 428 -1 -1 0 0 0 0 0.000000 0.000000 0.000000 -nan 0.000000
1093 429 0 245 80 80 294015000 294015000 205033433.268532 1000179895.199008 645000000.000000 2562917.915857 1645179895.199008
1094 430 -1 -1 0 0 0 0 0.000000 0.000000 0.000000 -nan 0.000000
1095 431 -1 -1 0 0 0 0 0.000000 0.000000 0.000000 -nan 0.000000
1096 432 -1 -1 0 0 0 0 0.000000 0.000000 0.000000 -nan 0.000000
1097 433 0 83 85 85 441599000 441599000 287663259.017718 1017835595.183907 645000000.000000 3384273.635503 1662835595.183907
1098 434 -1 -1 0 0 0 0 0.000000 0.000000 0.000000 -nan 0.000000
1099 435 0 69 85 85 441599000 441599000 290269977.701169 1017717607.557942 645000000.000000 3414940.914131 1662717607.557942
1100 436 -1 -1 0 0 0 0 0.000000 0.000000 0.000000 -nan 0.000000
1101 437 -1 -1 0 0 0 0 0.000000 0.000000 0.000000 -nan 0.000000
1102 438 -1 -1 0 0 0 0 0.000000 0.000000 0.000000 -nan 0.000000
1103 439 -1 -1 0 0 0 0 0.000000 0.000000 0.000000 -nan 0.000000
1104 440 -1 -1 0 0 0 0 0.000000 0.000000 0.000000 -nan 0.000000
1105 441 0 0 5 5 147584000 147584000 89913474.493274 1018926821.666216 645000000.000000 17982694.898655 1663926821.666216
1106 442 0 217 80 80 294015000 294015000 202620430.545379 1000989554.352479 645000000.000000 2532755.381817 1645989554.352479
1107 443 0 142 80 80 294015000 294015000 201123687.046013 1000872806.324219 645000000.000000 2514046.088075 1645872806.324219
1108 444 -1 -1 0 0 0 0 0.000000 0.000000 0.000000 -nan 0.000000
1109 445 -1 -1 0 0 0 0 0.000000 0.000000 0.000000 -nan 0.000000
1110 446 0 118 80 80 294015000 294015000 205590218.814473 1001106049.291812 645000000.000000 2569877.735181 1646106049.291812
1111 447 -1 -1 0 0 0 0 0.000000 0.000000 0.000000 -nan 0.000000
1112 448 0 288 80 80 294015000 294015000 200839087.333279 1000061182.206897 645000000.000000 2510488.591666 1645061182.206897
1113 449 0 179 80 80 294015000 294015000 208246779.341640 1001261154.521296 645000000.000000 2603084.741770 1646261154.521296
1161 450 0 42 5 5 147584000 147584000 90139399.583647 1017491745.746536 645000000.000000 18027879.916729 1662491745.746536
1162 451 0 186 80 80 294015000 294015000 206276063.103213 1001516588.645736 645000000.000000 2578450.788790 1646516588.645736
1163 452 0 109 80 80 294015000 294015000 205592685.780785 1001332314.948061 645000000.000000 2569908.572260 1646332314.948061
1164 453 0 238 80 80 294015000 294015000 204837284.852882 1001213734.644620 645000000.000000 2560466.060661 1646213734.644620
1165 454 -1 -1 0 0 0 0 0.000000 0.000000 0.000000 -nan 0.000000
1166 455 -1 -1 0 0 0 0 0.000000 0.000000 0.000000 -nan 0.000000
1167 456 0 119 80 80 294015000 294015000 204459886.719816 1001222684.080897 645000000.000000 2555748.583998 1646222684.080897
1168 457 -1 -1 0 0 0 0 0.000000 0.000000 0.000000 -nan 0.000000
1169 458 0 295 80 80 294015000 294015000 203463404.746622 1001005881.873942 645000000.000000 2543292.559333 1646005881.873942
1170 459 -1 -1 0 0 0 0 0.000000 0.000000 0.000000 -nan 0.000000
1171 460 0 240 80 80 294015000 294015000 206177775.977461 1001205092.220136 645000000.000000 2577222.199718 1646205092.220136
1172 461 -1 -1 0 0 0 0 0.000000 0.000000 0.000000 -nan 0.000000
1173 462 -1 -1 0 0 0 0 0.000000 0.000000 0.000000 -nan 0.000000
1174 463 -1 -1 0 0 0 0 0.000000 0.000000 0.000000 -nan 0.000000
1175 464 0 242 80 80 294015000 294015000 207152154.785227 1000141730.606836 645000000.000000 2589401.934815 1645141730.606836
1176 465 0 114 80 80 294015000 294015000 204509100.153862 1001040432.558879 645000000.000000 2556363.751923 1646040432.558879
1177 466 -1 -1 0 0 0 0 0.000000 0.000000 0.000000 -nan 0.000000
1178 467 -1 -1 0 0 0 0 0.000000 0.000000 0.000000 -nan 0.000000
1179 468 0 208 80 80 294015000 294015000 198233263.806811 1000767238.605926 645000000.000000 2477915.797585 1645767238.605926
1180 469 -1 -1 0 0 0 0 0.000000 0.000000 0.000000 -nan 0.000000
1181 470 -1 -1 0 0 0 0 0.000000 0.000000 0.000000 -nan 0.000000
1182 471 -1 -1 0 0 0 0 0.000000 0.000000 0.000000 -nan 0.000000
1183 472 -1 -1 0 0 0 0 0.000000 0.000000 0.000000 -nan 0.000000
1184 473 0 180 80 80 294015000 294015000 204288393.194010 1000894083.692536 645000000.000000 2553604.914925 1645894083.692536
1185 474 -1 -1 0 0 0 0 0.000000 0.000000 0.000000 -nan 0.000000
1186 475 0 265 80 80 294015000 294015000 203926949.091419 1000904373.156565 645000000.000000 2549086.863643 1645904373.156565
1187 476 -1 -1 0 0 0 0 0.000000 0.000000 0.000000 -nan 0.000000
1188 477 -1 -1 0 0 0 0 0.000000 0.000000 0.000000 -nan 0.000000
1189 478 0 231 80 80 294015000 294015000 204468835.462874 1000985509.554946 645000000.000000 2555860.443286 1645985509.554946
1190 479 -1 -1 0 0 0 0 0.000000 0.000000 0.000000 -nan 0.000000
1238 480 -1 -1 0 0 0 0 0.000000 0.000000 0.000000 -nan 0.000000
1239 481 -1 -1 0 0 0 0 0.000000 0.000000 0.000000 -nan 0.000000
1240 482 0 43 85 85 441599000 441599000 285522024.824806 1017482849.488146 645000000.000000 3359082.644998 1662482849.488146
1241 483 -1 -1 0 0 0 0 0.000000 0.000000 0.000000 -nan 0.000000
1242 484 0 252 80 80 294015000 294015000 194969442.227212 1000036448.438788 645000000.000000 2437118.027840 1645036448.438788
1243 485 -1 -1 0 0 0 0 0.000000 0.000000 0.000000 -nan 0.000000
1244 486 -1 -1 0 0 0 0 0.000000 0.000000 0.000000 -nan 0.000000
1245 487 -1 -1 0 0 0 0 0.000000 0.000000 0.000000 -nan 0.000000
1246 488 -1 -1 0 0 0 0 0.000000 0.000000 0.000000 -nan 0.000000
1247 489 -1 -1 0 0 0 0 0.000000 0.000000 0.000000 -nan 0.000000
1248 490 -1 -1 0 0 0 0 0.000000 0.000000 0.000000 -nan 0.000000
1249 491 0 235 80 80 294015000 294015000 202533341.670510 1000773642.067346 645000000.000000 2531666.770881 1645773642.067346
1250 492 -1 -1 0 0 0 0 0.000000 0.000000 0.000000 -nan 0.000000
1251 493 0 162 80 80 294015000 294015000 192628143.219640 1000046090.689855 645000000.000000 2407851.790245 1645046090.689855
1252 494 0 103 80 80 294015000 294015000 189896471.025380 1000044785.669724 645000000.000000 2373705.887817 1645044785.669724
1253 495 -1 -1 0 0 0 0 0.000000 0.000000 0.000000 -nan 0.000000
1254 496 0 181 80 80 294015000 294015000 196749799.981485 1000969979.391645 645000000.000000 2459372.499769 1645969979.391645
1255 497 0 233 80 80 294015000 294015000 204284957.795465 1001089139.559559 645000000.000000 2553561.972443 1646089139.559559
1256 498 0 30 5 5 147584000 147584000 89830862.449469 1017275216.945053 645000000.000000 17966172.489894 1662275216.945053
1257 499 -1 -1 0 0 0 0 0.000000 0.000000 0.000000 -nan 0.000000
1258 500 -1 -1 0 0 0 0 0.000000 0.000000 0.000000 -nan 0.000000
1259 501 -1 -1 0 0 0 0 0.000000 0.000000 0.000000 -nan 0.000000
1260 502 -1 -1 0 0 0 0 0.000000 0.000000 0.000000 -nan 0.000000
1261 503 -1 -1 0 0 0 0 0.000000 0.000000 0.000000 -nan 0.000000
1262 504 0 236 80 80 294015000 294015000 197387802.443137 1000852604.686169 645000000.000000 2467347.530539 1645852604.686169
1263 505 0 146 80 80 294015000 294015000 196744444.892352 999392654.860551 645000000.000000 2459305.561154 1644392654.860551
1264 506 -1 -1 0 0 0 0 0.000000 0.000000 0.000000 -nan 0.000000
1265 507 0 227 80 80 294015000 294015000 196911162.333831 1000944582.972958 645000000.000000 2461389.529173 1645944582.972958
1266 508 -1 -1 0 0 0 0 0.000000 0.000000 0.000000 -nan 0.000000
1267 509 -1 -1 0 0 0 0 0.000000 0.000000 0.000000 -nan 0.000000
1315 510 -1 -1 0 0 0 0 0.000000 0.000000 0.000000 -nan 0.000000
1316 511 0 7 85 85 441599000 441599000 282353915.344680 1017993613.560631 645000000.000000 3321810.768761 1662993613.560631
1317 512 -1 -1 0 0 0 0 0.000000 0.000000 0.000000 -nan 0.000000
1318 513 0 117 80 80 294015000 294015000 191732820.910132 1000845604.266236 645000000.000000 2396660.261377 1645845604.266236
1319 514 -1 -1 0 0 0 0 0.000000 0.000000 0.000000 -nan 0.000000
1320 515 -1 -1 0 0 0 0 0.000000 0.000000 0.000000 -nan 0.000000
1321 516 -1 -1 0 0 0 0 0.000000 0.000000 0.000000 -nan 0.000000
1322 517 -1 -1 0 0 0 0 0.000000 0.000000 0.000000 -nan 0.000000
1323 518 -1 -1 0 0 0 0 0.000000 0.000000 0.000000 -nan 0.000000
1324 519 0 290 80 80 294015000 294015000 195088311.170399 1000062541.807426 645000000.000000 2438603.889630 1645062541.807426
1325 520 -1 -1 0 0 0 0 0.000000 0.000000 0.000000 -nan 0.000000
1326 521 -1 -1 0 0 0 0 0.000000 0.000000 0.000000 -nan 0.000000
1327 522 0 59 85 85 441599000 441599000 286538722.606939 1016897288.578610 645000000.000000 3371043.795376 1661897288.578610
1328 523 -1 -1 0 0 0 0 0.000000 0.000000 0.000000 -nan 0.000000
1329 524 0 93 80 80 294015000 294015000 193732553.167697 999461677.645436 645000000.000000 2421656.914596 1644461677.645436
1330 525 -1 -1 0 0 0 0 0.000000 0.000000 0.000000 -nan 0.000000
1331 526 -1 -1 0 0 0 0 0.000000 0.000000 0.000000 -nan 0.000000
1332 527 -1 -1 0 0 0 0 0.000000 0.000000 0.000000 -nan 0.000000
1333 528 -1 -1 0 0 0 0 0.000000 0.000000 0.000000 -nan 0.000000
1334 529 -1 -1 0 0 0 0 0.000000 0.000000 0.000000 -nan 0.000000
1335 530 -1 -1 0 0 0 0 0.000000 0.000000 0.000000 -nan 0.000000
1336 531 -1 -1 0 0 0 0 0.000000 0.000000 0.000000 -nan 0.000000
1337 532 0 206 80 80 294015000 294015000 196085196.280194 1000655135.577503 645000000.000000 2451064.953502 1645655135.577503
1338 533 0 272 80 80 294015000 294015000 194134372.721439 1000007942.980354 645000000.000000 2426679.659018 1645007942.980354
1339 534 -1 -1 0 0 0 0 0.000000 0.000000 0.000000 -nan 0.000000
1340 535 -1 -1 0 0 0 0 0.000000 0.000000 0.000000 -nan 0.000000
1341 536 -1 -1 0 0 0 0 0.000000 0.000000 0.000000 -nan 0.000000
1342 537 -1 -1 0 0 0 0 0.000000 0.000000 0.000000 -nan 0.000000
1343 538 -1 -1 0 0 0 0 0.000000 0.000000 0.000000 -nan 0.000000
1344 539 -1 -1 0 0 0 0 0.000000 0.000000 0.000000 -nan 0.000000
1392 540 -1 -1 0 0 0 0 0.000000 0.000000 0.000000 -nan 0.000000
1393 541 0 129 80 80 294015000 294015000 194686224.449052 999028836.165193 645000000.000000 2433577.805613 1644028836.165193
1394 542 -1 -1 0 0 0 0 0.000000 0.000000 0.000000 -nan 0.000000
1395 543 0 226 80 80 294015000 294015000 191317388.189772 1000958063.357754 645000000.000000 2391467.352372 1645958063.357754
1396 544 -1 -1 0 0 0 0 0.000000 0.000000 0.000000 -nan 0.000000
1397 545 -1 -1 0 0 0 0 0.000000 0.000000 0.000000 -nan 0.000000
1398 546 -1 -1 0 0 0 0 0.000000 0.000000 0.000000 -nan 0.000000
1399 547 0 285 80 80 294015000 294015000 193358130.679746 998808386.039209 645000000.000000 2416976.633497 1643808386.039209
1400 548 -1 -1 0 0 0 0 0.000000 0.000000 0.000000 -nan 0.000000
1401 549 -1 -1 0 0 0 0 0.000000 0.000000 0.000000 -nan 0.000000
1402 550 0 188 80 80 294015000 294015000 188885865.424683 997803822.260447 645000000.000000 2361073.317809 1642803822.260447
1403 551 0 153 80 80 294015000 294015000 192919333.379600 999409911.845159 645000000.000000 2411491.667245 1644409911.845159
1404 552 -1 -1 0 0 0 0 0.000000 0.000000 0.000000 -nan 0.000000
1405 553 -1 -1 0 0 0 0 0.000000 0.000000 0.000000 -nan 0.000000
1406 554 0 73 85 85 441599000 441599000 284481739.914746 1018820705.678224 645000000.000000 3346843.998997 1663820705.678224
1407 555 -1 -1 0 0 0 0 0.000000 0.000000 0.000000 -nan 0.000000
1408 556 -1 -1 0 0 0 0 0.000000 0.000000 0.000000 -nan 0.000000
1409 557 0 88 80 80 294015000 294015000 193385366.060287 1001010498.605194 645000000.000000 2417317.075754 1646010498.605194
1410 558 0 86 5 5 147584000 147584000 89824072.042705 1018000548.224103 645000000.000000 17964814.408541 1663000548.224103
1411 559 -1 -1 0 0 0 0 0.000000 0.000000 0.000000 -nan 0.000000
1412 560 -1 -1 0 0 0 0 0.000000 0.000000 0.000000 -nan 0.000000
1413 561 -1 -1 0 0 0 0 0.000000 0.000000 0.000000 -nan 0.000000
1414 562 -1 -1 0 0 0 0 0.000000 0.000000 0.000000 -nan 0.000000
1415 563 -1 -1 0 0 0 0 0.000000 0.000000 0.000000 -nan 0.000000
1416 564 -1 -1 0 0 0 0 0.000000 0.000000 0.000000 -nan 0.000000
1417 565 -1 -1 0 0 0 0 0.000000 0.000000 0.000000 -nan 0.000000
1418 566 -1 -1 0 0 0 0 0.000000 0.000000 0.000000 -nan 0.000000
1419 567 0 64 5 5 147584000 147584000 89826764.956576 1018134255.894864 645000000.000000 17965352.991315 1663134255.894864
1420 568 -1 -1 0 0 0 0 0.000000 0.000000 0.000000 -nan 0.000000
1421 569 -1 -1 0 0 0 0 0.000000 0.000000 0.000000 -nan 0.000000
1469 570 0 53 85 85 441599000 441599000 281039255.522990 1018837768.697996 645000000.000000 3306344.182623 1663837768.697996
1470 571 -1 -1 0 0 0 0 0.000000 0.000000 0.000000 -nan 0.000000
1471 572 -1 -1 0 0 0 0 0.000000 0.000000 0.000000 -nan 0.000000
1472 573 -1 -1 0 0 0 0 0.000000 0.000000 0.000000 -nan 0.000000
1473 574 -1 -1 0 0 0 0 0.000000 0.000000 0.000000 -nan 0.000000
1474 575 0 260 80 80 294015000 294015000 191335292.825325 999248625.832345 645000000.000000 2391691.160317 1644248625.832345
1475 576 -1 -1 0 0 0 0 0.000000 0.000000 0.000000 -nan 0.000000
1476 577 0 39 85 85 441599000 441599000 282177579.859150 1017173274.541492 645000000.000000 3319736.233637 1662173274.541492
1477 578 -1 -1 0 0 0 0 0.000000 0.000000 0.000000 -nan 0.000000
1478 579 -1 -1 0 0 0 0 0.000000 0.000000 0.000000 -nan 0.000000
1479 580 -1 -1 0 0 0 0 0.000000 0.000000 0.000000 -nan 0.000000
1480 581 -1 -1 0 0 0 0 0.000000 0.000000 0.000000 -nan 0.000000
1481 582 0 196 80 80 294015000 294015000 188858319.526676 1000792325.465231 645000000.000000 2360728.994083 1645792325.465231
1482 583 -1 -1 0 0 0 0 0.000000 0.000000 0.000000 -nan 0.000000
1483 584 0 68 5 5 147584000 147584000 89829898.942589 1017731453.826891 645000000.000000 17965979.788518 1662731453.826891
1484 585 -1 -1 0 0 0 0 0.000000 0.000000 0.000000 -nan 0.000000
1485 586 -1 -1 0 0 0 0 0.000000 0.000000 0.000000 -nan 0.000000
1486 587 0 45 85 85 441599000 441599000 281518008.666163 1017478550.033103 645000000.000000 3311976.572543 1662478550.033103
1487 588 -1 -1 0 0 0 0 0.000000 0.000000 0.000000 -nan 0.000000
1488 589 -1 -1 0 0 0 0 0.000000 0.000000 0.000000 -nan 0.000000
1489 590 -1 -1 0 0 0 0 0.000000 0.000000 0.000000 -nan 0.000000
1490 591 -1 -1 0 0 0 0 0.000000 0.000000 0.000000 -nan 0.000000
1491 592 0 6 5 5 147584000 147584000 89823379.864618 1018003977.861620 645000000.000000 17964675.972924 1663003977.861620
1492 593 -1 -1 0 0 0 0 0.000000 0.000000 0.000000 -nan 0.000000
1493 594 0 241 80 80 294015000 294015000 189766504.608412 1001224377.099065 645000000.000000 2372081.307605 1646224377.099065
1494 595 -1 -1 0 0 0 0 0.000000 0.000000 0.000000 -nan 0.000000
1495 596 -1 -1 0 0 0 0 0.000000 0.000000 0.000000 -nan 0.000000
1496 597 -1 -1 0 0 0 0 0.000000 0.000000 0.000000 -nan 0.000000
1497 598 -1 -1 0 0 0 0 0.000000 0.000000 0.000000 -nan 0.000000
1498 599 0 276 80 80 294015000 294015000 190972578.893724 1000058464.290787 645000000.000000 2387157.236172 1645058464.290787
1546 600 -1 -1 0 0 0 0 0.000000 0.000000 0.000000 -nan 0.000000
1547 601 -1 -1 0 0 0 0 0.000000 0.000000 0.000000 -nan 0.000000
1548 602 0 87 85 85 441599000 441599000 278577713.929062 1017989044.504076 645000000.000000 3277384.869754 1662989044.504076
1549 603 -1 -1 0 0 0 0 0.000000 0.000000 0.000000 -nan 0.000000
1550 604 -1 -1 0 0 0 0 0.000000 0.000000 0.000000 -nan 0.000000
1551 605 -1 -1 0 0 0 0 0.000000 0.000000 0.000000 -nan 0.000000
1552 606 -1 -1 0 0 0 0 0.000000 0.000000 0.000000 -nan 0.000000
1553 607 0 46 5 5 147584000 147584000 107378228.992774 1020954586.429535 645000000.000000 21475645.798555 1665954586.429535
1554 608 -1 -1 0 0 0 0 0.000000 0.000000 0.000000 -nan 0.000000
1555 609 -1 -1 0 0 0 0 0.000000 0.000000 0.000000 -nan 0.000000
1556 610 -1 -1 0 0 0 0 0.000000 0.000000 0.000000 -nan 0.000000
1557 611 -1 -1 0 0 0 0 0.000000 0.000000 0.000000 -nan 0.000000
1558 612 0 92 80 80 294015000 294015000 193674306.333488 1000027487.890298 645000000.000000 2420928.829169 1645027487.890298
1559 613 0 47 85 85 441599000 441599000 301326990.858214 1020945960.601942 645000000.000000 3545023.421861 1665945960.601942
1560 614 0 133 80 80 294015000 294015000 193849034.305055 1000487126.159288 645000000.000000 2423112.928813 1645487126.159288
1561 615 -1 -1 0 0 0 0 0.000000 0.000000 0.000000 -nan 0.000000
1562 616 0 169 80 80 294015000 294015000 192393444.396017 1000183123.793669 645000000.000000 2404918.054950 1645183123.793669
1563 617 -1 -1 0 0 0 0 0.000000 0.000000 0.000000 -nan 0.000000
1564 618 -1 -1 0 0 0 0 0.000000 0.000000 0.000000 -nan 0.000000
1565 619 0 107 80 80 294015000 294015000 192478065.988727 1000034622.599338 645000000.000000 2405975.824859 1645034622.599338
1566 620 -1 -1 0 0 0 0 0.000000 0.000000 0.000000 -nan 0.000000
1567 621 0 263 80 80 294015000 294015000 190284671.726160 999004079.321764 645000000.000000 2378558.396577 1644004079.321764
1568 622 -1 -1 0 0 0 0 0.000000 0.000000 0.000000 -nan 0.000000
1569 623 -1 -1 0 0 0 0 0.000000 0.000000 0.000000 -nan 0.000000
1570 624 0 223 80 80 294015000 294015000 193033005.767002 1000240679.523918 645000000.000000 2412912.572088 1645240679.523918
1571 625 -1 -1 0 0 0 0 0.000000 0.000000 0.000000 -nan 0.000000
1572 626 -1 -1 0 0 0 0 0.000000 0.000000 0.000000 -nan 0.000000
1573 627 -1 -1 0 0 0 0 0.000000 0.000000 0.000000 -nan 0.000000
1574 628 -1 -1 0 0 0 0 0.000000 0.000000 0.000000 -nan 0.000000
1575 629 -1 -1 0 0 0 0 0.000000 0.000000 0.000000 -nan 0.000000
1623 630 0 193 80 80 294015000 294015000 185972732.783804 999320387.589074 645000000.000000 2324659.159798 1644320387.589074
1624 631 0 152 80 80 294015000 294015000 185752889.206924 999436266.227883 645000000.000000 2321911.115087 1644436266.227883
1625 632 -1 -1 0 0 0 0 0.000000 0.000000 0.000000 -nan 0.000000
1626 633 -1 -1 0 0 0 0 0.000000 0.000000 0.000000 -nan 0.000000
1627 634 -1 -1 0 0 0 0 0.000000 0.000000 0.000000 -nan 0.000000
1628 635 -1 -1 0 0 0 0 0.000000 0.000000 0.000000 -nan 0.000000
1629 636 -1 -1 0 0 0 0 0.000000 0.000000 0.000000 -nan 0.000000
1630 637 0 203 80 80 294015000 294015000 187756967.934735 999113095.026935 645000000.000000 2346962.099184 1644113095.026935
1631 638 -1 -1 0 0 0 0 0.000000 0.000000 0.000000 -nan 0.000000
1632 639 -1 -1 0 0 0 0 0.000000 0.000000 0.000000 -nan 0.000000
1633 640 -1 -1 0 0 0 0 0.000000 0.000000 0.000000 -nan 0.000000
1634 641 0 278 80 80 294015000 294015000 187504546.261682 1000531217.756959 645000000.000000 2343806.828271 1645531217.756959
1635 642 -1 -1 0 0 0 0 0.000000 0.000000 0.000000 -nan 0.000000
1636 643 -1 -1 0 0 0 0 0.000000 0.000000 0.000000 -nan 0.000000
1637 644 -1 -1 0 0 0 0 0.000000 0.000000 0.000000 -nan 0.000000
1638 645 -1 -1 0 0 0 0 0.000000 0.000000 0.000000 -nan 0.000000
1639 646 0 191 80 80 294015000 294015000 185711715.620882 997554454.227901 645000000.000000 2321396.445261 1642554454.227901
1640 647 0 24 5 5 147584000 147584000 89828166.830775 1018034361.704010 645000000.000000 17965633.366155 1663034361.704010
1641 648 -1 -1 0 0 0 0 0.000000 0.000000 0.000000 -nan 0.000000
1642 649 -1 -1 0 0 0 0 0.000000 0.000000 0.000000 -nan 0.000000
1643 650 -1 -1 0 0 0 0 0.000000 0.000000 0.000000 -nan 0.000000
1644 651 -1 -1 0 0 0 0 0.000000 0.000000 0.000000 -nan 0.000000
1645 652 0 66 5 5 147584000 147584000 89827186.872000 1018122311.992877 645000000.000000 17965437.374400 1663122311.992877
1646 653 -1 -1 0 0 0 0 0.000000 0.000000 0.000000 -nan 0.000000
1647 654 -1 -1 0 0 0 0 0.000000 0.000000 0.000000 -nan 0.000000
1648 655 -1 -1 0 0 0 0 0.000000 0.000000 0.000000 -nan 0.000000
1649 656 0 36 5 5 147584000 147584000 89827628.390276 1017247955.264389 645000000.000000 17965525.678055 1662247955.264389
1650 657 -1 -1 0 0 0 0 0.000000 0.000000 0.000000 -nan 0.000000
1651 658 -1 -1 0 0 0 0 0.000000 0.000000 0.000000 -nan 0.000000
1652 659 -1 -1 0 0 0 0 0.000000 0.000000 0.000000 -nan 0.000000
1700 660 0 213 80 80 294015000 294015000 195479638.271637 999220863.130125 645000000.000000 2443495.478395 1644220863.130125
1701 661 0 52 5 5 147584000 147584000 89866267.171341 1018850979.607060 645000000.000000 17973253.434268 1663850979.607060
1702 662 -1 -1 0 0 0 0 0.000000 0.000000 0.000000 -nan 0.000000
1703 663 -1 -1 0 0 0 0 0.000000 0.000000 0.000000 -nan 0.000000
1704 664 0 58 5 5 147584000 147584000 89831843.312928 1016925728.441758 645000000.000000 17966368.662586 1661925728.441758
1705 665 -1 -1 0 0 0 0 0.000000 0.000000 0.000000 -nan 0.000000
1706 666 0 1 85 85 441599000 441599000 284438776.050317 1018914784.904945 645000000.000000 3346338.541768 1663914784.904945
1707 667 -1 -1 0 0 0 0 0.000000 0.000000 0.000000 -nan 0.000000
1708 668 -1 -1 0 0 0 0 0.000000 0.000000 0.000000 -nan 0.000000
1709 669 -1 -1 0 0 0 0 0.000000 0.000000 0.000000 -nan 0.000000
1710 670 0 286 80 80 294015000 294015000 195043317.450142 999324093.848606 645000000.000000 2438041.468127 1644324093.848606
1711 671 -1 -1 0 0 0 0 0.000000 0.000000 0.000000 -nan 0.000000
1712 672 0 80 5 5 147584000 147584000 89902731.662351 1018034889.669170 645000000.000000 17980546.332470 1663034889.669170
1713 673 0 9 85 85 441599000 441599000 288777419.320994 1017352058.877485 645000000.000000 3397381.403776 1662352058.877485
1714 674 -1 -1 0 0 0 0 0.000000 0.000000 0.000000 -nan 0.000000
1715 675 0 198 80 80 294015000 294015000 193597930.110185 1000168412.033286 645000000.000000 2419974.126377 1645168412.033286
1716 676 -1 -1 0 0 0 0 0.000000 0.000000 0.000000 -nan 0.000000
1717 677 -1 -1 0 0 0 0 0.000000 0.000000 0.000000 -nan 0.000000
1718 678 -1 -1 0 0 0 0 0.000000 0.000000 0.000000 -nan 0.000000
1719 679 -1 -1 0 0 0 0 0.000000 0.000000 0.000000 -nan 0.000000
1720 680 -1 -1 0 0 0 0 0.000000 0.000000 0.000000 -nan 0.000000
1721 681 0 298 80 80 294015000 294015000 195265568.861799 1000194569.932923 645000000.000000 2440819.610772 1645194569.932923
1722 682 0 249 80 80 294015000 294015000 193477528.325364 1000029840.160918 645000000.000000 2418469.104067 1645029840.160918
1723 683 -1 -1 0 0 0 0 0.000000 0.000000 0.000000 -nan 0.000000
1724 684 0 239 80 80 294015000 294015000 196314665.662438 1001227692.871625 645000000.000000 2453933.320780 1646227692.871625
1725 685 -1 -1 0 0 0 0 0.000000 0.000000 0.000000 -nan 0.000000
1726 686 -1 -1 0 0 0 0 0.000000 0.000000 0.000000 -nan 0.000000
1727 687 -1 -1 0 0 0 0 0.000000 0.000000 0.000000 -nan 0.000000
1728 688 -1 -1 0 0 0 0 0.000000 0.000000 0.000000 -nan 0.000000
1729 689 0 15 85 85 441599000 441599000 285330105.053934 1017343454.310663 645000000.000000 3356824.765340 1662343454.310663
1777 690 0 212 80 80 294015000 294015000 191188419.972228 999273451.368022 645000000.000000 2389855.249653 1644273451.368022
1778 691 0 220 80 80 294015000 294015000 192147397.828670 999003084.799466 645000000.000000 2401842.472858 1644003084.799466
1779 692 -1 -1 0 0 0 0 0.000000 0.000000 0.000000 -nan 0.000000
1780 693 -1 -1 0 0 0 0 0.000000 0.000000 0.000000 -nan 0.000000
1781 694 -1 -1 0 0 0 0 0.000000 0.000000 0.000000 -nan 0.000000
1782 695 -1 -1 0 0 0 0 0.000000 0.000000 0.000000 -nan 0.000000
1783 696 -1 -1 0 0 0 0 0.000000 0.000000 0.000000 -nan 0.000000
1784 697 0 266 80 80 294015000 294015000 190057484.507916 999319644.642877 645000000.000000 2375718.556349 1644319644.642877
1785 698 0 61 85 85 441599000 441599000 282430697.525429 1018041885.476819 645000000.000000 3322714.088534 1663041885.476819
1786 699 -1 -1 0 0 0 0 0.000000 0.000000 0.000000 -nan 0.000000
1787 700 0 293 80 80 294015000 294015000 193216367.124044 1000035200.753404 645000000.000000 2415204.589051 1645035200.753404
1788 701 -1 -1 0 0 0 0 0.000000 0.000000 0.000000 -nan 0.000000
1789 702 -1 -1 0 0 0 0 0.000000 0.000000 0.000000 -nan 0.000000
1790 703 0 81 85 85 441599000 441599000 283459270.646484 1018022002.581071 645000000.000000 3334814.948782 1663022002.581071
1791 704 -1 -1 0 0 0 0 0.000000 0.000000 0.000000 -nan 0.000000
1792 705 -1 -1 0 0 0 0 0.000000 0.000000 0.000000 -nan 0.000000
1793 706 -1 -1 0 0 0 0 0.000000 0.000000 0.000000 -nan 0.000000
1794 707 -1 -1 0 0 0 0 0.000000 0.000000 0.000000 -nan 0.000000
1795 708 -1 -1 0 0 0 0 0.000000 0.000000 0.000000 -nan 0.000000
1796 709 0 29 85 85 441599000 441599000 278751830.345116 1017500477.448922 645000000.000000 3279433.298178 1662500477.448922
1797 710 -1 -1 0 0 0 0 0.000000 0.000000 0.000000 -nan 0.000000
1798 711 0 261 80 80 294015000 294015000 192677564.978994 999233063.117274 645000000.000000 2408469.562237 1644233063.117274
1799 712 -1 -1 0 0 0 0 0.000000 0.000000 0.000000 -nan 0.000000
1800 713 0 74 5 5 147584000 147584000 89843193.726652 1018839273.261665 645000000.000000 17968638.745330 1663839273.261665
1801 714 0 281 80 80 294015000 294015000 192339508.432251 1000064992.846425 645000000.000000 2404243.855403 1645064992.846425
1802 715 0 185 80 80 294015000 294015000 191173686.973498 1000863043.559677 645000000.000000 2389671.087169 1645863043.559677
1803 716 -1 -1 0 0 0 0 0.000000 0.000000 0.000000 -nan 0.000000
1804 717 -1 -1 0 0 0 0 0.000000 0.000000 0.000000 -nan 0.000000
1805 718 -1 -1 0 0 0 0 0.000000 0.000000 0.000000 -nan 0.000000
1806 719 0 40 5 5 147584000 147584000 89823416.393517 1018038020.737653 645000000.000000 17964683.278703 1663038020.737653
1854 720 0 168 80 80 294015000 294015000 200836981.324450 1000153452.452252 645000000.000000 2510462.266556 1645153452.452252
1855 721 0 222 80 80 294015000 294015000 202352887.844888 1000186090.600609 645000000.000000 2529411.098061 1645186090.600609
1856 722 0 5 85 85 441599000 441599000 287194407.334856 1017385052.523875 645000000.000000 3378757.733351 1662385052.523875
1857 723 0 148 80 80 294015000 294015000 195718460.838205 1000304382.520545 645000000.000000 2446480.760478 1645304382.520545
1858 724 0 56 5 5 147584000 147584000 90332183.741840 1020966605.466518 645000000.000000 18066436.748368 1665966605.466518
1859 725 -1 -1 0 0 0 0 0.000000 0.000000 0.000000 -nan 0.000000
1860 726 0 211 80 80 294015000 294015000 192510706.420297 999341502.205148 645000000.000000 2406383.830254 1644341502.205148
1861 727 -1 -1 0 0 0 0 0.000000 0.000000 0.000000 -nan 0.000000
1862 728 -1 -1 0 0 0 0 0.000000 0.000000 0.000000 -nan 0.000000
1863 729 -1 -1 0 0 0 0 0.000000 0.000000 0.000000 -nan 0.000000
1864 730 -1 -1 0 0 0 0 0.000000 0.000000 0.000000 -nan 0.000000
1865 731 -1 -1 0 0 0 0 0.000000 0.000000 0.000000 -nan 0.000000
1866 732 -1 -1 0 0 0 0 0.000000 0.000000 0.000000 -nan 0.000000
1867 733 -1 -1 0 0 0 0 0.000000 0.000000 0.000000 -nan 0.000000
1868 734 -1 -1 0 0 0 0 0.000000 0.000000 0.000000 -nan 0.000000
1869 735 -1 -1 0 0 0 0 0.000000 0.000000 0.000000 -nan 0.000000
1870 736 0 219 80 80 294015000 294015000 200221000.533924 999808821.033095 645000000.000000 2502762.506674 1644808821.033095
1871 737 0 41 85 85 441599000 441599000 286939526.439564 1018023543.193632 645000000.000000 3375759.134583 1663023543.193632
1872 738 0 204 80 80 294015000 294015000 201117190.936902 1000400040.384815 645000000.000000 2513964.886711 1645400040.384815
1873 739 -1 -1 0 0 0 0 0.000000 0.000000 0.000000 -nan 0.000000
1874 740 -1 -1 0 0 0 0 0.000000 0.000000 0.000000 -nan 0.000000
1875 741 -1 -1 0 0 0 0 0.000000 0.000000 0.000000 -nan 0.000000
1876 742 -1 -1 0 0 0 0 0.000000 0.000000 0.000000 -nan 0.000000
1877 743 0 173 80 80 294015000 294015000 197874634.302407 1000465828.258886 645000000.000000 2473432.928780 1645465828.258886
1878 744 0 257 80 80 294015000 294015000 199361412.316111 1000844223.355728 645000000.000000 2492017.653951 1645844223.355728
1879 745 -1 -1 0 0 0 0 0.000000 0.000000 0.000000 -nan 0.000000
1880 746 -1 -1 0 0 0 0 0.000000 0.000000 0.000000 -nan 0.000000
1881 747 0 14 5 5 147584000 147584000 89825703.122343 1017367934.176007 645000000.000000 17965140.624469 1662367934.176007
1882 748 0 156 80 80 294015000 294015000 196098059.052377 999226681.135589 645000000.000000 2451225.738155 1644226681.135589
1883 749 -1 -1 0 0 0 0 0.000000 0.000000 0.000000 -nan 0.000000
1931 750 -1 -1 0 0 0 0 0.000000 0.000000 0.000000 -nan 0.000000
1932 751 0 268 80 80 294015000 294015000 191903247.825466 1000839924.969515 645000000.000000 2398790.597818 1645839924.969515
1933 752 -1 -1 0 0 0 0 0.000000 0.000000 0.000000 -nan 0.000000
1934 753 -1 -1 0 0 0 0 0.000000 0.000000 0.000000 -nan 0.000000
1935 754 -1 -1 0 0 0 0 0.000000 0.000000 0.000000 -nan 0.000000
1936 755 -1 -1 0 0 0 0 0.000000 0.000000 0.000000 -nan 0.000000
1937 756 0 218 80 80 294015000 294015000 190265874.542475 1000045111.152731 645000000.000000 2378323.431781 1645045111.152731
1938 757 -1 -1 0 0 0 0 0.000000 0.000000 0.000000 -nan 0.000000
1939 758 0 17 85 85 441599000 441599000 286291649.331592 1017727801.408423 645000000.000000 3368137.050960 1662727801.408423
1940 759 0 299 80 80 294015000 294015000 200297344.065571 999331329.217604 645000000.000000 2503716.800820 1644331329.217604
1941 760 0 112 80 80 294015000 294015000 202406694.969175 1000828620.998155 645000000.000000 2530083.687115 1645828620.998155
1942 761 0 176 80 80 294015000 294015000 197539887.225973 1000703018.664993 645000000.000000 2469248.590325 1645703018.664993
1943 762 -1 -1 0 0 0 0 0.000000 0.000000 0.000000 -nan 0.000000
1944 763 -1 -1 0 0 0 0 0.000000 0.000000 0.000000 -nan 0.000000
1945 764 -1 -1 0 0 0 0 0.000000 0.000000 0.000000 -nan 0.000000
1946 765 -1 -1 0 0 0 0 0.000000 0.000000 0.000000 -nan 0.000000
1947 766 -1 -1 0 0 0 0 0.000000 0.000000 0.000000 -nan 0.000000
1948 767 -1 -1 0 0 0 0 0.000000 0.000000 0.000000 -nan 0.000000
1949 768 -1 -1 0 0 0 0 0.000000 0.000000 0.000000 -nan 0.000000
1950 769 0 209 80 80 294015000 294015000 195509631.536423 1000974974.755287 645000000.000000 2443870.394205 1645974974.755287
1951 770 -1 -1 0 0 0 0 0.000000 0.000000 0.000000 -nan 0.000000
1952 771 0 32 5 5 147584000 147584000 89826737.725190 1020974867.102469 645000000.000000 17965347.545038 1665974867.102469
1953 772 -1 -1 0 0 0 0 0.000000 0.000000 0.000000 -nan 0.000000
1954 773 -1 -1 0 0 0 0 0.000000 0.000000 0.000000 -nan 0.000000
1955 774 -1 -1 0 0 0 0 0.000000 0.000000 0.000000 -nan 0.000000
1956 775 -1 -1 0 0 0 0 0.000000 0.000000 0.000000 -nan 0.000000
1957 776 -1 -1 0 0 0 0 0.000000 0.000000 0.000000 -nan 0.000000
1958 777 -1 -1 0 0 0 0 0.000000 0.000000 0.000000 -nan 0.000000
1959 778 -1 -1 0 0 0 0 0.000000 0.000000 0.000000 -nan 0.000000
1960 779 -1 -1 0 0 0 0 0.000000 0.000000 0.000000 -nan 0.000000
2008 780 -1 -1 0 0 0 0 0.000000 0.000000 0.000000 -nan 0.000000
2009 781 -1 -1 0 0 0 0 0.000000 0.000000 0.000000 -nan 0.000000
2010 782 -1 -1 0 0 0 0 0.000000 0.000000 0.000000 -nan 0.000000
2011 783 -1 -1 0 0 0 0 0.000000 0.000000 0.000000 -nan 0.000000
2012 784 -1 -1 0 0 0 0 0.000000 0.000000 0.000000 -nan 0.000000
2013 785 0 19 85 85 441599000 441599000 293488846.798608 1018344545.353658 645000000.000000 3452809.962337 1663344545.353658
2014 786 -1 -1 0 0 0 0 0.000000 0.000000 0.000000 -nan 0.000000
2015 787 -1 -1 0 0 0 0 0.000000 0.000000 0.000000 -nan 0.000000
2016 788 0 244 80 80 294015000 294015000 202404459.166349 1000205897.397048 645000000.000000 2530055.739579 1645205897.397048
2017 789 0 277 80 80 294015000 294015000 200533046.388041 999781965.056572 645000000.000000 2506663.079851 1644781965.056572
2018 790 0 70 5 5 147584000 147584000 89828854.149178 1020972517.100978 645000000.000000 17965770.829836 1665972517.100978
2019 791 -1 -1 0 0 0 0 0.000000 0.000000 0.000000 -nan 0.000000
2020 792 0 63 85 85 441599000 441599000 296247200.119420 1017779003.405548 645000000.000000 3485261.177876 1662779003.405548
2021 793 0 145 80 80 294015000 294015000 201931465.348834 1000487342.519250 645000000.000000 2524143.316860 1645487342.519250
2022 794 0 280 80 80 294015000 294015000 204052232.582069 999393414.879627 645000000.000000 2550652.907276 1644393414.879627
2023 795 -1 -1 0 0 0 0 0.000000 0.000000 0.000000 -nan 0.000000
2024 796 0 271 80 80 294015000 294015000 198492527.522078 1000016250.770487 645000000.000000 2481156.594026 1645016250.770487
2025 797 -1 -1 0 0 0 0 0.000000 0.000000 0.000000 -nan 0.000000
2026 798 -1 -1 0 0 0 0 0.000000 0.000000 0.000000 -nan 0.000000
2027 799 0 149 80 80 294015000 294015000 202848544.007847 1000136328.304142 645000000.000000 2535606.800098 1645136328.304142
2028 800 0 27 85 85 441599000 441599000 294668484.015556 1017488480.246026 645000000.000000 3466688.047242 1662488480.246026
2029 801 -1 -1 0 0 0 0 0.000000 0.000000 0.000000 -nan 0.000000
2030 802 0 205 80 80 294015000 294015000 202024958.034051 1000413095.339908 645000000.000000 2525311.975426 1645413095.339908
2031 803 -1 -1 0 0 0 0 0.000000 0.000000 0.000000 -nan 0.000000
2032 804 0 283 80 80 294015000 294015000 200081520.373164 1000018046.136221 645000000.000000 2501019.004665 1645018046.136221
2033 805 0 65 85 85 441599000 441599000 290901285.664882 1018119104.557893 645000000.000000 3422368.066646 1663119104.557893
2034 806 -1 -1 0 0 0 0 0.000000 0.000000 0.000000 -nan 0.000000
2035 807 0 237 80 80 294015000 294015000 203453006.619614 1000038990.313799 645000000.000000 2543162.582745 1645038990.313799
2036 808 0 289 80 80 294015000 294015000 202715198.808582 1000035047.335623 645000000.000000 2533939.985107 1645035047.335623
2037 809 -1 -1 0 0 0 0 0.000000 0.000000 0.000000 -nan 0.000000
2085 810 -1 -1 0 0 0 0 0.000000 0.000000 0.000000 -nan 0.000000
2086 811 -1 -1 0 0 0 0 0.000000 0.000000 0.000000 -nan 0.000000
2087 812 0 151 80 80 294015000 294015000 194515494.698160 1000035672.856106 645000000.000000 2431443.683727 1645035672.856106
2088 813 -1 -1 0 0 0 0 0.000000 0.000000 0.000000 -nan 0.000000
2089 814 -1 -1 0 0 0 0 0.000000 0.000000 0.000000 -nan 0.000000
2090 815 -1 -1 0 0 0 0 0.000000 0.000000 0.000000 -nan 0.000000
2091 816 -1 -1 0 0 0 0 0.000000 0.000000 0.000000 -nan 0.000000
2092 817 0 49 85 85 441599000 441599000 282378547.908473 1017974077.324885 645000000.000000 3322100.563629 1662974077.324885
2093 818 -1 -1 0 0 0 0 0.000000 0.000000 0.000000 -nan 0.000000
2094 819 -1 -1 0 0 0 0 0.000000 0.000000 0.000000 -nan 0.000000
2095 820 0 124 80 80 294015000 294015000 193933749.970427 998757800.998424 645000000.000000 2424171.874630 1643757800.998424
2096 821 -1 -1 0 0 0 0 0.000000 0.000000 0.000000 -nan 0.000000
2097 822 -1 -1 0 0 0 0 0.000000 0.000000 0.000000 -nan 0.000000
2098 823 0 250 80 80 294015000 294015000 192371341.670742 1000761259.737143 645000000.000000 2404641.770884 1645761259.737143
2099 824 -1 -1 0 0 0 0 0.000000 0.000000 0.000000 -nan 0.000000
2100 825 -1 -1 0 0 0 0 0.000000 0.000000 0.000000 -nan 0.000000
2101 826 -1 -1 0 0 0 0 0.000000 0.000000 0.000000 -nan 0.000000
2102 827 -1 -1 0 0 0 0 0.000000 0.000000 0.000000 -nan 0.000000
2103 828 -1 -1 0 0 0 0 0.000000 0.000000 0.000000 -nan 0.000000
2104 829 -1 -1 0 0 0 0 0.000000 0.000000 0.000000 -nan 0.000000
2105 830 -1 -1 0 0 0 0 0.000000 0.000000 0.000000 -nan 0.000000
2106 831 0 210 80 80 294015000 294015000 192742196.652709 999294957.902927 645000000.000000 2409277.458159 1644294957.902927
2107 832 -1 -1 0 0 0 0 0.000000 0.000000 0.000000 -nan 0.000000
2108 833 -1 -1 0 0 0 0 0.000000 0.000000 0.000000 -nan 0.000000
2109 834 -1 -1 0 0 0 0 0.000000 0.000000 0.000000 -nan 0.000000
2110 835 0 201 80 80 294015000 294015000 187682520.327454 1000594784.129244 645000000.000000 2346031.504093 1645594784.129244
2111 836 0 199 80 80 294015000 294015000 195640076.574457 998982461.459584 645000000.000000 2445500.957181 1643982461.459584
2112 837 -1 -1 0 0 0 0 0.000000 0.000000 0.000000 -nan 0.000000
2113 838 -1 -1 0 0 0 0 0.000000 0.000000 0.000000 -nan 0.000000
2114 839 0 84 5 5 147584000 147584000 89831099.045944 1017681329.643086 645000000.000000 17966219.809189 1662681329.643086
2162 840 0 78 5 5 147584000 147584000 89839482.154015 1017656172.224695 645000000.000000 17967896.430803 1662656172.224695
2163 841 0 270 80 80 294015000 294015000 199763501.293422 1000053700.425130 645000000.000000 2497043.766168 1645053700.425130
2164 842 0 101 80 80 294015000 294015000 197890205.862630 998351727.277923 645000000.000000 2473627.573283 1643351727.277923
2165 843 -1 -1 0 0 0 0 0.000000 0.000000 0.000000 -nan 0.000000
2166 844 -1 -1 0 0 0 0 0.000000 0.000000 0.000000 -nan 0.000000
2167 845 -1 -1 0 0 0 0 0.000000 0.000000 0.000000 -nan 0.000000
2168 846 -1 -1 0 0 0 0 0.000000 0.000000 0.000000 -nan 0.000000
2169 847 -1 -1 0 0 0 0 0.000000 0.000000 0.000000 -nan 0.000000
2170 848 -1 -1 0 0 0 0 0.000000 0.000000 0.000000 -nan 0.000000
2171 849 0 120 80 80 294015000 294015000 203837727.411758 1000632757.591399 645000000.000000 2547971.592647 1645632757.591399
2172 850 -1 -1 0 0 0 0 0.000000 0.000000 0.000000 -nan 0.000000
2173 851 -1 -1 0 0 0 0 0.000000 0.000000 0.000000 -nan 0.000000
2174 852 0 75 85 85 441599000 441599000 288386350.667922 1018823920.780633 645000000.000000 3392780.596093 1663823920.780633
2175 853 -1 -1 0 0 0 0 0.000000 0.000000 0.000000 -nan 0.000000
2176 854 0 123 80 80 294015000 294015000 198295191.075558 1000037692.360507 645000000.000000 2478689.888444 1645037692.360507
2177 855 0 116 80 80 294015000 294015000 201502228.474112 1000832708.239448 645000000.000000 2518777.855926 1645832708.239448
2178 856 -1 -1 0 0 0 0 0.000000 0.000000 0.000000 -nan 0.000000
2179 857 0 254 80 80 294015000 294015000 196475336.133678 1000046377.902784 645000000.000000 2455941.701671 1645046377.902784
2180 858 -1 -1 0 0 0 0 0.000000 0.000000 0.000000 -nan 0.000000
2181 859 -1 -1 0 0 0 0 0.000000 0.000000 0.000000 -nan 0.000000
2182 860 0 215 80 80 294015000 294015000 192492284.989602 998748196.915909 645000000.000000 2406153.562370 1643748196.915909
2183 861 -1 -1 0 0 0 0 0.000000 0.000000 0.000000 -nan 0.000000
2184 862 -1 -1 0 0 0 0 0.000000 0.000000 0.000000 -nan 0.000000
2185 863 -1 -1 0 0 0 0 0.000000 0.000000 0.000000 -nan 0.000000
2186 864 0 51 85 85 441599000 441599000 286097108.244560 1017833049.047001 645000000.000000 3365848.332289 1662833049.047001
2187 865 -1 -1 0 0 0 0 0.000000 0.000000 0.000000 -nan 0.000000
2188 866 0 16 5 5 147584000 147584000 89871515.710044 1017740348.565917 645000000.000000 17974303.142009 1662740348.565917
2189 867 0 282 80 80 294015000 294015000 195175055.846762 1000060934.768656 645000000.000000 2439688.198085 1645060934.768656
2190 868 -1 -1 0 0 0 0 0.000000 0.000000 0.000000 -nan 0.000000
2191 869 -1 -1 0 0 0 0 0.000000 0.000000 0.000000 -nan 0.000000
2239 870 -1 -1 0 0 0 0 0.000000 0.000000 0.000000 -nan 0.000000
2240 871 -1 -1 0 0 0 0 0.000000 0.000000 0.000000 -nan 0.000000
2241 872 0 183 80 80 294015000 294015000 199217839.767925 1000212652.220758 645000000.000000 2490222.997099 1645212652.220758
2242 873 -1 -1 0 0 0 0 0.000000 0.000000 0.000000 -nan 0.000000
2243 874 -1 -1 0 0 0 0 0.000000 0.000000 0.000000 -nan 0.000000
2244 875 -1 -1 0 0 0 0 0.000000 0.000000 0.000000 -nan 0.000000
2245 876 -1 -1 0 0 0 0 0.000000 0.000000 0.000000 -nan 0.000000
2246 877 -1 -1 0 0 0 0 0.000000 0.000000 0.000000 -nan 0.000000
2247 878 -1 -1 0 0 0 0 0.000000 0.000000 0.000000 -nan 0.000000
2248 879 -1 -1 0 0 0 0 0.000000 0.000000 0.000000 -nan 0.000000
2249 880 -1 -1 0 0 0 0 0.000000 0.000000 0.000000 -nan 0.000000
2250 881 -1 -1 0 0 0 0 0.000000 0.000000 0.000000 -nan 0.000000
2251 882 -1 -1 0 0 0 0 0.000000 0.000000 0.000000 -nan 0.000000
2252 883 -1 -1 0 0 0 0 0.000000 0.000000 0.000000 -nan 0.000000
2253 884 -1 -1 0 0 0 0 0.000000 0.000000 0.000000 -nan 0.000000
2254 885 -1 -1 0 0 0 0 0.000000 0.000000 0.000000 -nan 0.000000
2255 886 -1 -1 0 0 0 0 0.000000 0.000000 0.000000 -nan 0.000000
2256 887 -1 -1 0 0 0 0 0.000000 0.000000 0.000000 -nan 0.000000
2257 888 -1 -1 0 0 0 0 0.000000 0.000000 0.000000 -nan 0.000000
2258 889 -1 -1 0 0 0 0 0.000000 0.000000 0.000000 -nan 0.000000
2259 890 -1 -1 0 0 0 0 0.000000 0.000000 0.000000 -nan 0.000000
2260 891 -1 -1 0 0 0 0 0.000000 0.000000 0.000000 -nan 0.000000
2261 892 0 154 80 80 294015000 294015000 189940450.861163 1000044458.255004 645000000.000000 2374255.635765 1645044458.255004
2262 893 -1 -1 0 0 0 0 0.000000 0.000000 0.000000 -nan 0.000000
2263 894 0 48 5 5 147584000 147584000 89824569.927278 1017983662.469234 645000000.000000 17964913.985456 1662983662.469234
2264 895 -1 -1 0 0 0 0 0.000000 0.000000 0.000000 -nan 0.000000
2265 896 -1 -1 0 0 0 0 0.000000 0.000000 0.000000 -nan 0.000000
2266 897 -1 -1 0 0 0 0 0.000000 0.000000 0.000000 -nan 0.000000
2267 898 -1 -1 0 0 0 0 0.000000 0.000000 0.000000 -nan 0.000000
2268 899 0 221 80 80 294015000 294015000 186405581.400126 999098903.615269 645000000.000000 2330069.767502 1644098903.615269
2316 900 -1 -1 0 0 0 0 0.000000 0.000000 0.000000 -nan 0.000000
2317 901 -1 -1 0 0 0 0 0.000000 0.000000 0.000000 -nan 0.000000
2318 902 -1 -1 0 0 0 0 0.000000 0.000000 0.000000 -nan 0.000000
2319 903 -1 -1 0 0 0 0 0.000000 0.000000 0.000000 -nan 0.000000
2320 904 -1 -1 0 0 0 0 0.000000 0.000000 0.000000 -nan 0.000000
2321 905 -1 -1 0 0 0 0 0.000000 0.000000 0.000000 -nan 0.000000
2322 906 -1 -1 0 0 0 0 0.000000 0.000000 0.000000 -nan 0.000000
2323 907 -1 -1 0 0 0 0 0.000000 0.000000 0.000000 -nan 0.000000
2324 908 -1 -1 0 0 0 0 0.000000 0.000000 0.000000 -nan 0.000000
2325 909 -1 -1 0 0 0 0 0.000000 0.000000 0.000000 -nan 0.000000
2326 910 -1 -1 0 0 0 0 0.000000 0.000000 0.000000 -nan 0.000000
2327 911 -1 -1 0 0 0 0 0.000000 0.000000 0.000000 -nan 0.000000
2328 912 -1 -1 0 0 0 0 0.000000 0.000000 0.000000 -nan 0.000000
2329 913 -1 -1 0 0 0 0 0.000000 0.000000 0.000000 -nan 0.000000
2330 914 -1 -1 0 0 0 0 0.000000 0.000000 0.000000 -nan 0.000000
2331 915 -1 -1 0 0 0 0 0.000000 0.000000 0.000000 -nan 0.000000
2332 916 -1 -1 0 0 0 0 0.000000 0.000000 0.000000 -nan 0.000000
2333 917 -1 -1 0 0 0 0 0.000000 0.000000 0.000000 -nan 0.000000
2334 918 -1 -1 0 0 0 0 0.000000 0.000000 0.000000 -nan 0.000000
2335 919 -1 -1 0 0 0 0 0.000000 0.000000 0.000000 -nan 0.000000
2336 920 -1 -1 0 0 0 0 0.000000 0.000000 0.000000 -nan 0.000000
2337 921 -1 -1 0 0 0 0 0.000000 0.000000 0.000000 -nan 0.000000
2338 922 -1 -1 0 0 0 0 0.000000 0.000000 0.000000 -nan 0.000000
2339 923 -1 -1 0 0 0 0 0.000000 0.000000 0.000000 -nan 0.000000
2340 924 -1 -1 0 0 0 0 0.000000 0.000000 0.000000 -nan 0.000000
2341 925 -1 -1 0 0 0 0 0.000000 0.000000 0.000000 -nan 0.000000
2342 926 -1 -1 0 0 0 0 0.000000 0.000000 0.000000 -nan 0.000000
2343 927 -1 -1 0 0 0 0 0.000000 0.000000 0.000000 -nan 0.000000
2344 928 -1 -1 0 0 0 0 0.000000 0.000000 0.000000 -nan 0.000000
2345 929 -1 -1 0 0 0 0 0.000000 0.000000 0.000000 -nan 0.000000
2393 930 -1 -1 0 0 0 0 0.000000 0.000000 0.000000 -nan 0.000000
2394 931 -1 -1 0 0 0 0 0.000000 0.000000 0.000000 -nan 0.000000
2395 932 -1 -1 0 0 0 0 0.000000 0.000000 0.000000 -nan 0.000000
2396 933 -1 -1 0 0 0 0 0.000000 0.000000 0.000000 -nan 0.000000
2397 934 -1 -1 0 0 0 0 0.000000 0.000000 0.000000 -nan 0.000000
2398 935 -1 -1 0 0 0 0 0.000000 0.000000 0.000000 -nan 0.000000
2399 936 -1 -1 0 0 0 0 0.000000 0.000000 0.000000 -nan 0.000000
2400 937 -1 -1 0 0 0 0 0.000000 0.000000 0.000000 -nan 0.000000
2401 938 -1 -1 0 0 0 0 0.000000 0.000000 0.000000 -nan 0.000000
2402 939 -1 -1 0 0 0 0 0.000000 0.000000 0.000000 -nan 0.000000
2403 940 -1 -1 0 0 0 0 0.000000 0.000000 0.000000 -nan 0.000000
2404 941 -1 -1 0 0 0 0 0.000000 0.000000 0.000000 -nan 0.000000
2405 942 -1 -1 0 0 0 0 0.000000 0.000000 0.000000 -nan 0.000000
2406 943 -1 -1 0 0 0 0 0.000000 0.000000 0.000000 -nan 0.000000
2407 944 -1 -1 0 0 0 0 0.000000 0.000000 0.000000 -nan 0.000000
2408 945 -1 -1 0 0 0 0 0.000000 0.000000 0.000000 -nan 0.000000
2409 946 -1 -1 0 0 0 0 0.000000 0.000000 0.000000 -nan 0.000000
2410 947 -1 -1 0 0 0 0 0.000000 0.000000 0.000000 -nan 0.000000
2411 948 -1 -1 0 0 0 0 0.000000 0.000000 0.000000 -nan 0.000000
2412 949 -1 -1 0 0 0 0 0.000000 0.000000 0.000000 -nan 0.000000
2413 950 -1 -1 0 0 0 0 0.000000 0.000000 0.000000 -nan 0.000000
2414 951 -1 -1 0 0 0 0 0.000000 0.000000 0.000000 -nan 0.000000
2415 952 -1 -1 0 0 0 0 0.000000 0.000000 0.000000 -nan 0.000000
2416 953 -1 -1 0 0 0 0 0.000000 0.000000 0.000000 -nan 0.000000
2417 954 -1 -1 0 0 0 0 0.000000 0.000000 0.000000 -nan 0.000000
2418 955 -1 -1 0 0 0 0 0.000000 0.000000 0.000000 -nan 0.000000
2419 956 -1 -1 0 0 0 0 0.000000 0.000000 0.000000 -nan 0.000000
2420 957 -1 -1 0 0 0 0 0.000000 0.000000 0.000000 -nan 0.000000
2421 958 -1 -1 0 0 0 0 0.000000 0.000000 0.000000 -nan 0.000000
2422 959 -1 -1 0 0 0 0 0.000000 0.000000 0.000000 -nan 0.000000
2470 960 -1 -1 0 0 0 0 0.000000 0.000000 0.000000 -nan 0.000000
2471 961 -1 -1 0 0 0 0 0.000000 0.000000 0.000000 -nan 0.000000
2472 962 -1 -1 0 0 0 0 0.000000 0.000000 0.000000 -nan 0.000000
2473 963 -1 -1 0 0 0 0 0.000000 0.000000 0.000000 -nan 0.000000
2474 964 -1 -1 0 0 0 0 0.000000 0.000000 0.000000 -nan 0.000000
2475 965 -1 -1 0 0 0 0 0.000000 0.000000 0.000000 -nan 0.000000
2476 966 -1 -1 0 0 0 0 0.000000 0.000000 0.000000 -nan 0.000000
2477 967 -1 -1 0 0 0 0 0.000000 0.000000 0.000000 -nan 0.000000
2478 968 -1 -1 0 0 0 0 0.000000 0.000000 0.000000 -nan 0.000000
2479 969 -1 -1 0 0 0 0 0.000000 0.000000 0.000000 -nan 0.000000
2480 970 -1 -1 0 0 0 0 0.000000 0.000000 0.000000 -nan 0.000000
2481 971 -1 -1 0 0 0 0 0.000000 0.000000 0.000000 -nan 0.000000
2482 972 -1 -1 0 0 0 0 0.000000 0.000000 0.000000 -nan 0.000000
2483 973 -1 -1 0 0 0 0 0.000000 0.000000 0.000000 -nan 0.000000
2484 974 -1 -1 0 0 0 0 0.000000 0.000000 0.000000 -nan 0.000000
2485 975 -1 -1 0 0 0 0 0.000000 0.000000 0.000000 -nan 0.000000
2486 976 -1 -1 0 0 0 0 0.000000 0.000000 0.000000 -nan 0.000000
2487 977 -1 -1 0 0 0 0 0.000000 0.000000 0.000000 -nan 0.000000
2488 978 -1 -1 0 0 0 0 0.000000 0.000000 0.000000 -nan 0.000000
2489 979 -1 -1 0 0 0 0 0.000000 0.000000 0.000000 -nan 0.000000
2490 980 -1 -1 0 0 0 0 0.000000 0.000000 0.000000 -nan 0.000000
2491 981 -1 -1 0 0 0 0 0.000000 0.000000 0.000000 -nan 0.000000
2492 982 -1 -1 0 0 0 0 0.000000 0.000000 0.000000 -nan 0.000000
2493 983 -1 -1 0 0 0 0 0.000000 0.000000 0.000000 -nan 0.000000
2494 984 -1 -1 0 0 0 0 0.000000 0.000000 0.000000 -nan 0.000000
2495 985 -1 -1 0 0 0 0 0.000000 0.000000 0.000000 -nan 0.000000
2496 986 -1 -1 0 0 0 0 0.000000 0.000000 0.000000 -nan 0.000000
2497 987 -1 -1 0 0 0 0 0.000000 0.000000 0.000000 -nan 0.000000
2498 988 -1 -1 0 0 0 0 0.000000 0.000000 0.000000 -nan 0.000000
2499 989 -1 -1 0 0 0 0 0.000000 0.000000 0.000000 -nan 0.000000