# Format <LP id> <Terminal ID> <Total Data Sent> <Total Data Received> <Avg packet latency> <Max packet Latency> <Min packet Latency> <# Packets finished> <Avg Hops> <Avg Busy Time (over rails)>
37 0 796264000 796264000 41722.345411 710076.255257 577.768481 195400 2.123849 301929908.202700
38 1 796276800 796276800 50798.449859 720963.427863 577.768481 197000 2.250761 344206098.693892
39 2 796264000 796264000 41763.506058 730958.166596 577.768481 195400 2.248721 352006051.928750
40 3 796276800 796276800 34905.545976 686833.285757 577.768481 197000 2.374619 199234735.743381
41 4 796264000 796264000 33374.955235 645427.279082 577.768481 195400 2.373593 401368488.973393
42 5 796276800 796276800 39986.207772 604523.431987 577.768481 197000 2.499492 405759571.078078
43 6 796264000 796264000 43901.296210 605420.098416 577.768481 195400 2.498465 404915872.015922
44 7 796276800 796276800 46742.889918 645427.279082 577.768481 197000 2.375635 369999306.863492
45 8 796264000 796264000 39368.102466 633897.656015 577.768481 195400 2.623337 591120990.648013
46 9 796276800 796276800 36155.792224 744788.788659 577.768481 197000 2.500508 563339270.167893
47 10 796264000 796264000 25932.939455 614263.445276 577.768481 195400 2.373593 596574146.184013
48 11 796276800 796276800 27263.196356 744788.788659 577.768481 197000 2.252792 510387413.689031
49 12 796264000 796264000 16081.465075 391711.901424 577.768481 195400 2.123849 131728194.357121
50 13 796276800 796276800 30617.412629 718967.460425 577.768481 197000 2.253807 279771559.948804
51 14 796264000 796264000 31656.516552 775892.955903 577.768481 195400 2.248721 306651927.484787
52 15 796276800 796276800 19804.016192 715314.766100 577.768481 197000 2.379695 187923314.235607
53 16 796264000 796264000 18873.275622 541809.062658 577.768481 195400 2.248721 310903643.825496
54 17 796276800 796276800 19232.799946 575628.773155 577.768481 197000 2.377665 402932586.965592
55 18 796264000 796264000 36865.271763 529382.577181 577.768481 195400 2.623337 506740688.292960
56 19 796276800 796276800 36445.763811 632622.686687 577.768481 197000 2.501523 487812343.833642
57 20 796264000 796264000 35375.192408 686763.228330 577.768481 195400 2.623337 538509246.239814
58 21 796276800 796276800 31355.723967 685939.107460 577.768481 197000 2.500508 535637509.754435
59 22 796264000 796264000 32180.435261 688386.503763 577.768481 195400 2.498465 545208490.611222
60 23 796276800 796276800 26589.851660 685939.107460 577.768481 197000 2.378680 461941652.572813
61 24 796264000 796264000 42832.496160 757428.729079 577.768481 195400 2.498465 705480904.729018
62 25 796276800 796276800 45005.210530 783230.476238 577.768481 197000 2.624365 761160369.170794
63 26 796264000 796264000 43094.384658 784042.113954 577.768481 195400 2.623337 748302027.568762
64 27 796276800 796276800 39853.312778 770948.852314 577.768481 197000 2.749239 762284575.676596
65 28 796264000 796264000 28914.670691 565231.516830 577.768481 195400 2.748209 526817091.712570
66 29 796276800 796276800 25837.614175 660625.333414 577.768481 197000 2.752284 560133445.485546
67 30 0 0 -nan 0.000000 2147483647.000000 0 -nan 0.000000
68 31 0 0 -nan 0.000000 2147483647.000000 0 -nan 0.000000
114 32 796264000 796264000 44547.692496 627874.546880 577.768481 195400 2.498465 548026477.815191
115 33 796276800 796276800 45841.769673 617369.766291 577.768481 197000 2.631472 545523481.616884
116 34 796264000 796264000 46535.186342 616013.675802 577.768481 195400 2.623337 588811619.808392
117 35 796276800 796276800 49259.730872 618174.178103 577.768481 197000 2.747208 583737082.915309
118 36 796264000 796264000 44703.677039 579534.460133 577.768481 195400 2.748209 512779229.532262
119 37 796276800 796276800 45030.066707 571820.036922 577.768481 197000 2.748223 522480358.884142
120 38 796264000 796264000 42251.027093 560339.614264 577.768481 195400 2.498465 402180881.184846
121 39 796276800 796276800 41318.898642 560339.614264 577.768481 197000 2.501523 424106253.660026
122 40 796264000 796264000 28256.805215 600851.442643 577.768481 195400 2.623337 484057077.591395
123 41 796276800 796276800 30627.765012 600851.442643 577.768481 197000 2.502538 584437475.015462
124 42 796264000 796264000 31103.532782 600851.442643 577.768481 195400 2.498465 582515006.501841
125 43 796276800 796276800 25167.727053 398851.856794 577.768481 197000 2.378680 244895550.535318
126 44 796264000 796264000 24999.793467 738424.035525 577.768481 195400 2.123849 263775271.207285
127 45 796276800 796276800 27853.623365 738424.035525 577.768481 197000 2.254822 393091682.810880
128 46 796264000 796264000 24847.314274 738424.035525 577.768481 195400 2.248721 468892336.889740
129 47 796276800 796276800 27690.877753 738424.035525 577.768481 197000 2.380711 353644548.817739
130 48 796264000 796264000 25387.191294 561892.832270 577.768481 195400 2.373593 442019818.835391
131 49 796276800 796276800 24977.076297 561892.832270 577.768481 197000 2.380711 448385071.314018
132 50 796264000 796264000 24111.906853 312406.802060 577.768481 195400 2.498465 319362227.410597
133 51 796276800 796276800 22394.557176 538096.455060 577.768481 197000 2.502538 392537464.306880
134 52 796264000 796264000 24491.224974 601663.080359 577.768481 195400 2.498465 530893889.200112
135 53 796276800 796276800 29109.035359 601663.080359 577.768481 197000 2.378680 441864715.580322
136 54 796264000 796264000 36004.750203 601663.080359 577.768481 195400 2.498465 424198026.479753
137 55 796276800 796276800 29455.439334 478192.932491 577.768481 197000 2.380711 276484131.023343
138 56 796264000 796264000 26606.233901 444915.786131 577.768481 195400 2.248721 584276388.811493
139 57 796276800 796276800 26070.761411 409636.569447 577.768481 197000 2.380711 621502506.520355
140 58 796264000 796264000 27524.092649 486342.090542 577.768481 195400 2.373593 621829537.163442
141 59 796276800 796276800 27011.236143 467641.642182 577.768481 197000 2.504569 539811920.744866
142 60 796264000 796264000 24165.328683 353976.401735 577.768481 195400 2.373593 197388171.272343
143 61 796276800 796276800 30239.896964 433478.777399 577.768481 197000 2.379695 218339089.914853
144 62 0 0 -nan 0.000000 2147483647.000000 0 -nan 0.000000
145 63 0 0 -nan 0.000000 2147483647.000000 0 -nan 0.000000
191 64 796264000 796264000 35309.640224 507984.185568 577.768481 195400 1.998976 322155661.670632
192 65 796276800 796276800 40787.628457 507984.185568 577.768481 197000 2.132995 437486981.671723
193 66 796264000 796264000 36497.762757 502184.043572 577.768481 195400 2.123849 397941215.373249
194 67 796276800 796276800 43898.662503 436079.272887 577.768481 197000 2.255838 359697283.831537
195 68 796264000 796264000 34425.138345 417865.285282 577.768481 195400 2.498465 701222431.971694
196 69 796276800 796276800 30892.884781 418761.951712 577.768481 197000 2.624365 696674336.450877
197 70 796264000 796264000 33320.985759 418846.980425 577.768481 195400 2.623337 717531655.130688
198 71 796276800 796276800 34275.189822 482026.023785 577.768481 197000 2.500508 626682846.195697
199 72 796264000 796264000 35979.967237 474956.903547 577.768481 195400 2.623337 706670300.668947
200 73 796276800 796276800 30872.107446 407250.529347 577.768481 197000 2.501523 758165230.106480
201 74 796264000 796264000 22863.458444 406913.574900 577.768481 195400 2.373593 775823946.556224
202 75 796276800 796276800 29921.259718 409189.555745 577.768481 197000 2.253807 677615204.701161
203 76 796264000 796264000 19711.306106 485530.204132 577.768481 195400 2.123849 279829089.164479
204 77 796276800 796276800 26950.021248 488946.812422 577.768481 197000 2.252792 453577710.637586
205 78 796264000 796264000 27962.248458 493901.667432 577.768481 195400 2.248721 469140891.304853
206 79 796276800 796276800 21874.001858 469057.070844 577.768481 197000 2.376650 243514052.542411
207 80 796264000 796264000 24215.448425 485132.262517 577.768481 195400 2.248721 464830636.072026
208 81 796276800 796276800 23200.912241 492704.689198 577.768481 197000 2.379695 585323756.746904
209 82 796264000 796264000 31418.636414 453483.354295 577.768481 195400 2.623337 591974920.147586
210 83 796276800 796276800 33201.988365 469275.439534 577.768481 197000 2.503553 539693275.899339
211 84 796264000 796264000 32198.514401 452076.515587 577.768481 195400 2.623337 716153906.276103
212 85 796276800 796276800 26320.834643 457541.542875 577.768481 197000 2.500508 684104081.812876
213 86 796264000 796264000 29023.424034 429945.860528 577.768481 195400 2.498465 701728177.205766
214 87 796276800 796276800 29824.619139 427510.947380 577.768481 197000 2.376650 549543740.281672
215 88 796264000 796264000 49525.189205 503294.624028 577.768481 195400 2.623337 744503083.439781
216 89 796276800 796276800 49486.210707 473920.277084 577.768481 197000 2.751269 795627882.353614
217 90 796264000 796264000 49057.737193 473920.277084 577.768481 195400 2.748209 816727330.195840
218 91 796276800 796276800 47714.106360 512171.301861 577.768481 197000 2.875127 820511462.511986
219 92 796275200 796275200 33365.262497 514714.983430 577.768481 196800 2.628049 414922728.222703
220 93 796275200 796275200 36446.713893 512922.937175 577.768481 196800 2.628049 412792826.849283
221 94 0 0 -nan 0.000000 2147483647.000000 0 -nan 0.000000
222 95 0 0 -nan 0.000000 2147483647.000000 0 -nan 0.000000
268 96 796275200 796275200 38586.182532 596583.114078 577.768481 196800 2.381098 657971685.966963
269 97 796275200 796275200 36942.059059 522582.739147 577.768481 196800 2.504065 639924275.723356
270 98 796275200 796275200 42520.703661 530203.477173 577.768481 196800 2.500000 623555745.684949
271 99 796275200 796275200 45913.402545 602524.262620 577.768481 196800 2.625000 692202416.546370
272 100 796275200 796275200 43455.392005 595019.155049 577.768481 196800 2.875000 773198454.214402
273 101 796275200 796275200 40068.786926 594041.304757 577.768481 196800 2.875000 774872210.085778
274 102 796275200 796275200 34676.827148 478250.271381 577.768481 196800 2.627033 693319547.348828
275 103 796275200 796275200 32931.872422 482007.675573 577.768481 196800 2.627033 698253249.990355
276 104 796275200 796275200 27537.811969 504811.057542 577.768481 196800 2.627033 475144745.339204
277 105 796275200 796275200 29385.658065 505622.695258 577.768481 196800 2.503049 561379323.718493
278 106 796275200 796275200 27640.535994 505254.769949 577.768481 196800 2.503049 608844582.495325
279 107 796275200 796275200 24252.039415 474064.256269 577.768481 196800 2.379065 361865670.539921
280 108 796275200 796275200 18871.342145 525207.449310 577.768481 196800 2.131098 403138143.661108
281 109 796275200 796275200 22790.098481 527727.391172 577.768481 196800 2.255081 465510133.086301
282 110 796275200 796275200 22823.308428 502276.903632 577.768481 196800 2.255081 418596364.786231
283 111 796275200 796275200 22692.331612 528721.589276 577.768481 196800 2.379065 484969855.996427
284 112 796275200 796275200 20043.995734 478250.271381 577.768481 196800 2.376016 389499405.547413
285 113 796275200 796275200 19510.859095 475003.720517 577.768481 196800 2.376016 450771347.776537
286 114 796275200 796275200 21714.754288 459077.831845 577.768481 196800 2.502033 399508593.363830
287 115 796275200 796275200 20390.218437 459077.831845 577.768481 196800 2.502033 463553064.826672
288 116 796275200 796275200 19428.865782 340172.906451 577.768481 196800 2.502033 749547525.176445
289 117 796275200 796275200 25497.124631 488801.561690 577.768481 196800 2.378049 769125048.266868
290 118 796275200 796275200 34915.707868 500390.633109 577.768481 196800 2.505081 762322179.586416
291 119 796275200 796275200 30359.555384 662608.443553 577.768481 196800 2.381098 482007255.038364
292 120 796275200 796275200 34285.165321 625106.445646 577.768481 196800 2.381098 668377985.265745
293 121 796275200 796275200 33136.844323 488993.301165 577.768481 196800 2.505081 734975462.442925
294 122 796275200 796275200 31727.841455 530284.851774 577.768481 196800 2.504065 750887821.812149
295 123 796275200 796275200 36139.169721 623425.724103 577.768481 196800 2.628049 546136499.083331
296 124 796275200 796275200 28682.147777 620249.230665 577.768481 196800 2.256098 150620935.332851
297 125 796275200 796275200 36882.665145 530444.322973 577.768481 196800 2.256098 155911120.124438
298 126 0 0 -nan 0.000000 2147483647.000000 0 -nan 0.000000
299 127 0 0 -nan 0.000000 2147483647.000000 0 -nan 0.000000
345 128 796275200 796275200 35682.044010 497961.628297 577.768481 196800 2.006098 474237379.076434
346 129 796275200 796275200 40770.649363 497961.628297 577.768481 196800 2.130081 522465682.967140
347 130 796275200 796275200 34769.407344 492692.032243 577.768481 196800 2.130081 450596757.366297
348 131 796275200 796275200 43323.767968 497419.368348 577.768481 196800 2.253049 431436794.630807
349 132 796275200 796275200 31735.498453 537752.712652 577.768481 196800 2.501016 694069587.863239
350 133 796275200 796275200 33110.918286 415913.627132 577.768481 196800 2.626016 744509986.600211
351 134 796275200 796275200 35435.695868 407133.018031 577.768481 196800 2.626016 726934411.913986
352 135 796275200 796275200 38698.511175 684307.298084 577.768481 196800 2.502033 637214654.234269
353 136 796275200 796275200 40288.633772 639277.324786 577.768481 196800 2.626016 673205417.099761
354 137 796275200 796275200 34345.869096 409698.689617 577.768481 196800 2.502033 718322694.598561
355 138 796275200 796275200 25617.577591 409728.930973 577.768481 196800 2.378049 743320846.147859
356 139 796275200 796275200 32369.278493 639683.143644 577.768481 196800 2.254065 665039821.663024
357 140 796275200 796275200 20169.805612 424295.669124 577.768481 196800 2.130081 318045770.566281
358 141 796275200 796275200 29810.532063 407133.018031 577.768481 196800 2.254065 584566034.967840
359 142 796275200 796275200 29648.687007 411560.889983 577.768481 196800 2.254065 585964088.031103
360 143 796275200 796275200 21984.529878 407133.018031 577.768481 196800 2.378049 385858212.871577
361 144 796275200 796275200 24656.601236 466054.426708 577.768481 196800 2.252033 393735525.891309
362 145 796275200 796275200 25775.613086 492404.937932 577.768481 196800 2.376016 607562118.101606
363 146 796275200 796275200 32114.961330 447412.901128 577.768481 196800 2.622967 637511706.220344
364 147 796275200 796275200 34287.513438 525050.117626 577.768481 196800 2.498984 649569345.736853
365 148 796275200 796275200 34000.728633 457964.191438 577.768481 196800 2.625000 687055144.854112
366 149 796275200 796275200 29899.690059 440615.541925 577.768481 196800 2.501016 652917805.848982
367 150 796275200 796275200 29476.267543 430350.901351 577.768481 196800 2.504065 707233403.663474
368 151 796275200 796275200 31508.630201 687553.848948 577.768481 196800 2.380081 553790688.385890
369 152 796275200 796275200 44817.008893 453456.982515 577.768481 196800 2.628049 844956571.504636
370 153 796275200 796275200 45622.005197 452645.344799 577.768481 196800 2.752033 820396765.792969
371 154 796275200 796275200 48772.833071 450723.689670 577.768481 196800 2.752033 863845100.309430
372 155 796275200 796275200 45976.668375 508011.229782 577.768481 196800 2.876016 863378384.690886
373 156 796275200 796275200 33171.128995 554801.570480 577.768481 196800 2.629065 424309855.846108
374 157 796275200 796275200 33558.714169 517356.680886 577.768481 196800 2.629065 440762312.063508
375 158 0 0 -nan 0.000000 2147483647.000000 0 -nan 0.000000
376 159 0 0 -nan 0.000000 2147483647.000000 0 -nan 0.000000
422 160 796275200 796275200 38892.433671 599643.300011 577.768481 196800 2.380081 640872363.454857
423 161 796275200 796275200 36929.443114 524419.477304 577.768481 196800 2.504065 683296808.184792
424 162 796275200 796275200 41162.694909 527865.839683 577.768481 196800 2.503049 621582757.960271
425 163 796275200 796275200 42793.530046 598278.509468 577.768481 196800 2.627033 695741705.986402
426 164 796275200 796275200 43299.655411 598831.662295 577.768481 196800 2.872967 752192208.731324
427 165 796275200 796275200 41390.890771 600713.422616 577.768481 196800 2.872967 745744838.318813
428 166 796275200 796275200 39994.922555 489346.923946 577.768481 196800 2.626016 671846851.119019
429 167 796275200 796275200 39326.346461 488842.819281 577.768481 196800 2.626016 708157338.317203
430 168 796275200 796275200 29085.867904 613299.920902 577.768481 196800 2.627033 555226657.358734
431 169 796275200 796275200 29923.941587 613299.920902 577.768481 196800 2.503049 648527919.502267
432 170 796275200 796275200 29783.288068 531585.946869 577.768481 196800 2.503049 692903710.756569
433 171 796275200 796275200 26018.853543 342311.081209 577.768481 196800 2.379065 388411644.949062
434 172 796275200 796275200 21378.129167 566357.291960 577.768481 196800 2.131098 322403908.388400
435 173 796275200 796275200 25135.697949 649385.018378 577.768481 196800 2.255081 483764651.302901
436 174 796275200 796275200 22116.943509 584916.741068 577.768481 196800 2.255081 412313736.810335
437 175 796275200 796275200 26663.015817 635417.119778 577.768481 196800 2.379065 391231260.301287
438 176 796275200 796275200 19180.444058 484563.853218 577.768481 196800 2.377033 454652740.398494
439 177 796275200 796275200 21468.008940 488216.222940 577.768481 196800 2.377033 526890600.308538
440 178 796275200 796275200 22939.559968 360953.837638 577.768481 196800 2.501016 409114729.036737
441 179 796275200 796275200 21716.706394 364116.219050 577.768481 196800 2.501016 475968538.482262
442 180 796275200 796275200 22907.901454 513457.558841 577.768481 196800 2.500000 714519451.812752
443 181 796275200 796275200 27862.076613 512240.102230 577.768481 196800 2.376016 677489395.163645
444 182 796275200 796275200 37232.730246 516449.023559 577.768481 196800 2.505081 692375445.543382
445 183 796275200 796275200 31925.215445 511834.283409 577.768481 196800 2.381098 451919783.289837
446 184 796275200 796275200 37246.025694 512240.102267 577.768481 196800 2.378049 659343590.471412
447 185 796275200 796275200 37160.351438 519045.673375 577.768481 196800 2.502033 739918998.289640
448 186 796275200 796275200 35591.008814 526602.749970 577.768481 196800 2.503049 760351511.748100
449 187 796275200 796275200 34559.474484 477339.680474 577.768481 196800 2.627033 537715960.288276
450 188 796275200 796275200 29230.165052 408420.532016 577.768481 196800 2.257114 151009062.504210
451 189 796275200 796275200 37660.105753 525854.325276 577.768481 196800 2.257114 147216324.114174
452 190 0 0 -nan 0.000000 2147483647.000000 0 -nan 0.000000
453 191 0 0 -nan 0.000000 2147483647.000000 0 -nan 0.000000
499 192 796275200 796275200 36119.223641 503411.904601 577.768481 196800 2.004065 490317173.531765
500 193 796275200 796275200 41193.199402 503273.604811 577.768481 196800 2.128049 518436125.110141
501 194 796275200 796275200 35733.682160 474288.521093 577.768481 196800 2.128049 442994495.667981
502 195 796275200 796275200 40156.302227 451589.478456 577.768481 196800 2.252033 427071128.590640
503 196 796275200 796275200 38587.997193 492265.827261 577.768481 196800 2.502033 615103016.134698
504 197 796275200 796275200 38479.078417 407427.246295 577.768481 196800 2.626016 682601000.785397
505 198 796275200 796275200 38428.339551 425050.912443 577.768481 196800 2.626016 714113218.941053
506 199 796275200 796275200 41229.117354 485456.057635 577.768481 196800 2.502033 623341143.781643
507 200 796275200 796275200 41318.197600 473795.820341 577.768481 196800 2.626016 675831005.501721
508 201 796275200 796275200 34760.214965 488971.328655 577.768481 196800 2.501016 715871684.617913
509 202 796275200 796275200 25589.513192 523835.620105 577.768481 196800 2.377033 746034023.644396
510 203 796275200 796275200 31846.402880 476112.847417 577.768481 196800 2.254065 664224076.334214
511 204 796275200 796275200 20192.701496 541462.938542 577.768481 196800 2.130081 313565100.623978
512 205 796275200 796275200 34400.220302 436798.618282 577.768481 196800 2.254065 585622586.075013
513 206 796275200 796275200 34424.464259 437695.284711 577.768481 196800 2.254065 593780860.778576
514 207 796275200 796275200 26633.865631 436351.975811 577.768481 196800 2.378049 376864918.665118
515 208 796275200 796275200 23431.467467 444531.449294 577.768481 196800 2.252033 408185938.439012
516 209 796275200 796275200 29449.301878 440242.118262 577.768481 196800 2.376016 623852543.057807
517 210 796275200 796275200 37390.507867 496083.711617 577.768481 196800 2.623984 654235420.367817
518 211 796275200 796275200 38442.066807 495272.073901 577.768481 196800 2.500000 661702427.550140
519 212 796275200 796275200 35235.800019 585753.167276 577.768481 196800 2.623984 689239764.371303
520 213 796275200 796275200 31112.292598 591434.631288 577.768481 196800 2.500000 706237017.855124
521 214 796275200 796275200 35191.133881 592246.269004 577.768481 196800 2.498984 592202742.129263
522 215 796275200 796275200 33276.195105 498442.261093 577.768481 196800 2.375000 549780553.546916
523 216 796275200 796275200 52924.835400 503948.907341 577.768481 196800 2.627033 695001775.728967
524 217 796275200 796275200 55142.775578 414878.458955 577.768481 196800 2.751016 596521850.851021
525 218 796275200 796275200 53703.254556 414321.907378 577.768481 196800 2.754065 762353273.181622
526 219 796275200 796275200 52184.609019 519612.130608 577.768481 196800 2.878049 778120834.620263
527 220 796275200 796275200 34311.044667 515521.964604 577.768481 196800 2.629065 429639668.726377
528 221 796275200 796275200 32645.443253 524481.956904 577.768481 196800 2.629065 451992590.217447
529 222 0 0 -nan 0.000000 2147483647.000000 0 -nan 0.000000
530 223 0 0 -nan 0.000000 2147483647.000000 0 -nan 0.000000
576 224 796275200 796275200 38544.493159 594937.118577 577.768481 196800 2.380081 689226095.831491
577 225 796275200 796275200 37233.750707 521078.086410 577.768481 196800 2.504065 700737699.702504
578 226 796275200 796275200 40311.875345 526618.551171 577.768481 196800 2.501016 600708053.228966
579 227 796275200 796275200 40829.033020 597116.425619 577.768481 196800 2.625000 720134350.866611
580 228 796275200 796275200 41675.037930 596560.394009 577.768481 196800 2.873984 761437264.491726
581 229 796275200 796275200 40501.524492 597372.031725 577.768481 196800 2.873984 762483692.799936
582 230 796275200 796275200 36122.844570 501688.811958 577.768481 196800 2.627033 664749698.331643
583 231 796275200 796275200 36494.298384 499728.355936 577.768481 196800 2.627033 690987867.830863
584 232 796275200 796275200 26362.314313 535371.777138 577.768481 196800 2.623984 553913064.486393
585 233 796275200 796275200 29092.111009 566827.337747 577.768481 196800 2.500000 653810412.339793
586 234 796275200 796275200 28983.168365 565204.062315 577.768481 196800 2.502033 710297354.918005
587 235 796275200 796275200 24413.719160 370609.320805 577.768481 196800 2.378049 423878517.640039
588 236 796275200 796275200 19061.119694 513067.505615 577.768481 196800 2.131098 356771082.849819
589 237 796275200 796275200 24002.898597 601727.759538 577.768481 196800 2.255081 446527939.267844
590 238 796275200 796275200 20614.711128 607612.204092 577.768481 196800 2.255081 323064821.630027
591 239 796275200 796275200 23893.527189 681807.253824 577.768481 196800 2.379065 417430687.332815
592 240 796275200 796275200 20062.325620 461143.140431 577.768481 196800 2.377033 527200637.239469
593 241 796275200 796275200 21975.929437 460331.502715 577.768481 196800 2.377033 557916862.938028
594 242 796275200 796275200 23329.327606 366145.313367 577.768481 196800 2.501016 407993798.130675
595 243 796275200 796275200 22308.904000 375479.147089 577.768481 196800 2.501016 489815869.245669
596 244 796275200 796275200 22587.724452 526443.762299 577.768481 196800 2.501016 711973905.675569
597 245 796275200 796275200 24913.679141 536935.733544 577.768481 196800 2.377033 725309708.777871
598 246 796275200 796275200 34268.232640 536464.210680 577.768481 196800 2.501016 661680513.824138
599 247 796275200 796275200 29754.440665 430042.735444 577.768481 196800 2.377033 485472956.425814
600 248 796275200 796275200 35486.345205 495195.710211 577.768481 196800 2.376016 659739045.339194
601 249 796275200 796275200 35408.510816 514410.850726 577.768481 196800 2.500000 738242670.818270
602 250 796275200 796275200 34265.213807 527924.155453 577.768481 196800 2.506098 737214615.165889
603 251 796275200 796275200 33619.848663 480992.050162 577.768481 196800 2.630081 555915746.277775
604 252 796275200 796275200 30292.402774 455855.060313 577.768481 196800 2.257114 152320172.682215
605 253 796275200 796275200 39912.727029 525559.299731 577.768481 196800 2.257114 146828658.825219
606 254 0 0 -nan 0.000000 2147483647.000000 0 -nan 0.000000
607 255 0 0 -nan 0.000000 2147483647.000000 0 -nan 0.000000
653 256 796275200 796275200 26075.343337 432387.522780 577.768481 196800 2.129065 765005000.579056
654 257 796275200 796275200 31598.449995 432387.522780 577.768481 196800 2.253049 860037448.999388
655 258 796275200 796275200 26013.371000 391135.929166 577.768481 196800 2.253049 828137108.391116
656 259 796275200 796275200 28436.295617 390903.101996 577.768481 196800 2.377033 324749472.413686
657 260 796275200 796275200 20473.817272 302634.590950 577.768481 196800 2.377033 824922337.107848
658 261 796275200 796275200 24438.062876 497224.804519 577.768481 196800 2.501016 793835705.177887
659 262 796275200 796275200 27641.238228 497224.804519 577.768481 196800 2.501016 809908887.561300
660 263 796275200 796275200 31285.105213 458638.308178 577.768481 196800 2.377033 735618574.193364
661 264 796275200 796275200 33411.560076 443512.587457 577.768481 196800 2.622967 693543049.013120
662 265 796275200 796275200 32752.712820 497224.804483 577.768481 196800 2.498984 607129567.234349
663 266 796275200 796275200 25819.200325 497431.928361 577.768481 196800 2.375000 604604414.135317
664 267 796275200 796275200 30128.655203 468038.627629 577.768481 196800 2.251016 500736040.202988
665 268 796275200 796275200 12174.328628 458266.194112 577.768481 196800 2.130081 312633306.431733
666 269 796275200 796275200 26183.889955 530501.950861 577.768481 196800 2.254065 624767129.087478
667 270 796275200 796275200 26315.927558 532936.864009 577.768481 196800 2.254065 633523988.027857
668 271 796275200 796275200 18837.816091 527959.060825 577.768481 196800 2.378049 391771659.678238
669 272 796275200 796275200 21954.350575 479931.272753 577.768481 196800 2.252033 219741751.759256
670 273 796275200 796275200 28162.554838 483989.461334 577.768481 196800 2.376016 454152048.354322
671 274 796275200 796275200 30845.738713 341011.222297 577.768481 196800 2.623984 725050217.798485
672 275 796275200 796275200 31776.021814 482209.506771 577.768481 196800 2.500000 697030190.343089
673 276 796275200 796275200 31169.904454 558503.452045 577.768481 196800 2.623984 722965456.537688
674 277 796275200 796275200 26647.381907 528878.675429 577.768481 196800 2.500000 770479739.066747
675 278 796275200 796275200 26988.072526 558503.452045 577.768481 196800 2.500000 775760896.075596
676 279 796275200 796275200 29639.143438 473151.538155 577.768481 196800 2.376016 541634405.723250
677 280 796275200 796275200 45905.957984 532936.864009 577.768481 196800 2.500000 675173781.837400
678 281 796275200 796275200 46242.496256 455831.280997 577.768481 196800 2.623984 676801330.908366
679 282 796275200 796275200 47927.292870 532936.864009 577.768481 196800 2.622967 669720791.591078
680 283 796275200 796275200 45572.176433 537669.408658 577.768481 196800 2.746951 722205920.541020
681 284 796275200 796275200 38172.882412 531176.306929 577.768481 196800 2.754065 443689495.113538
682 285 796275200 796275200 37320.115096 536857.770942 577.768481 196800 2.754065 446135189.024172
683 286 0 0 -nan 0.000000 2147483647.000000 0 -nan 0.000000
684 287 0 0 -nan 0.000000 2147483647.000000 0 -nan 0.000000
730 288 796275200 796275200 35238.146411 530874.846615 577.768481 196800 2.503049 785800059.007769
731 289 796275200 796275200 36490.518666 456027.610987 577.768481 196800 2.627033 801687947.897454
732 290 796275200 796275200 38954.500305 450752.108057 577.768481 196800 2.626016 751241146.343538
733 291 796275200 796275200 35555.077011 531616.275587 577.768481 196800 2.750000 796266866.566951
734 292 796275200 796275200 33655.545850 532092.160964 577.768481 196800 2.746951 775028454.198676
735 293 796275200 796275200 32143.348713 531280.523248 577.768481 196800 2.746951 781899084.856209
736 294 796275200 796275200 25452.284610 488770.065784 577.768481 196800 2.502033 746091041.880914
737 295 796275200 796275200 25607.142265 487401.876492 577.768481 196800 2.502033 816211587.130197
738 296 796275200 796275200 26916.171173 558677.196503 577.768481 196800 2.623984 555293067.441630
739 297 796275200 796275200 29155.471200 584595.351040 577.768481 196800 2.500000 686018609.127204
740 298 796275200 796275200 31449.928232 553933.996301 577.768481 196800 2.500000 761945439.989329
741 299 796275200 796275200 19123.039029 353159.109896 577.768481 196800 2.376016 415884313.430321
742 300 796275200 796275200 17345.119341 524675.691298 577.768481 196800 2.129065 508940246.062813
743 301 796275200 796275200 23823.152183 558677.196503 577.768481 196800 2.253049 566403549.368926
744 302 796275200 796275200 22096.200500 553933.996301 577.768481 196800 2.255081 470110865.382718
745 303 796275200 796275200 24557.361726 643812.148257 577.768481 196800 2.379065 507536205.028867
746 304 796275200 796275200 21316.430448 482797.890624 577.768481 196800 2.377033 583507033.326963
747 305 796275200 796275200 22793.903526 488269.622854 577.768481 196800 2.377033 677043291.173756
748 306 796275200 796275200 20063.089030 463640.616373 577.768481 196800 2.501016 419337027.189273
749 307 796275200 796275200 21979.528214 495790.799023 577.768481 196800 2.501016 487013136.000257
750 308 796275200 796275200 26186.817437 599898.658042 577.768481 196800 2.501016 744657973.182699
751 309 796275200 796275200 22569.241183 599983.686755 577.768481 196800 2.377033 789411351.851713
752 310 796275200 796275200 28580.293226 599813.629329 577.768481 196800 2.501016 690841232.972540
753 311 796275200 796275200 22649.713247 392698.971223 577.768481 196800 2.377033 450073716.054375
754 312 796275200 796275200 33291.174895 562981.767165 577.768481 196800 2.253049 537855085.650325
755 313 796275200 796275200 38002.421304 566228.318030 577.768481 196800 2.377033 586368651.170521
756 314 796275200 796275200 35019.799710 564932.026780 577.768481 196800 2.377033 580010027.010365
757 315 796275200 796275200 28307.661511 566634.136888 577.768481 196800 2.501016 518289986.428329
758 316 796275200 796275200 30997.554676 374393.254763 577.768481 196800 2.373984 164073843.118683
759 317 796275200 796275200 42327.133795 455887.740011 577.768481 196800 2.373984 154281773.234596
760 318 0 0 -nan 0.000000 2147483647.000000 0 -nan 0.000000
761 319 0 0 -nan 0.000000 2147483647.000000 0 -nan 0.000000
807 320 166666794 21504 1454.245747 2001.357580 1441.053854 168 2.000000 20960405.163576
808 321 166666794 21504 1441.478739 1476.825546 1441.053854 168 2.000000 20999475.839793
809 322 166666794 21504 1449.547322 1799.482325 1441.053854 168 2.000000 20952434.591650
810 323 166666794 21504 1449.958693 1832.983602 1441.053854 168 2.000000 20943033.461781
811 324 166666794 21504 1441.445813 1463.760385 1441.053854 168 2.000000 20943911.650732
812 325 166666794 21504 1441.445813 1463.760385 1441.053854 168 2.000000 20961284.356123
813 326 166666794 21504 1442.770364 1529.609565 1441.053854 168 2.000000 20953551.580452
814 327 166666794 21504 1441.482373 1477.107303 1441.053854 168 2.000000 20929526.393011
815 328 166666794 21504 1448.993176 1774.505379 1441.053854 168 2.000000 20960838.899495
816 329 166666794 21504 1449.340787 1797.211910 1441.053854 168 2.000000 20953106.364867
817 330 166666794 21504 1441.482373 1477.107303 1441.053854 168 2.000000 20929058.562274
818 331 166666794 21504 1449.962327 1833.265360 1441.053854 168 2.000000 20943705.464523
819 332 166666794 21504 1441.202526 1463.760385 1441.053854 168 2.000000 21555221.561864
820 333 166666794 21504 1441.478739 1476.825546 1441.053854 168 2.000000 21543719.706573
821 334 166666794 21504 1442.789369 1530.407795 1441.053854 168 2.000000 22964766.278439
822 335 166666794 21504 1441.446715 1463.760385 1441.053854 168 2.000000 23526600.918556
823 336 166666794 21504 1454.243042 2001.206103 1441.053854 168 2.000000 21246944.776183
824 337 166666794 21504 1441.474267 1476.389701 1441.053854 168 2.000000 21225996.567685
825 338 166666794 21504 1449.546420 1799.330848 1441.053854 168 2.000000 21253723.511194
826 339 166666794 21504 1454.821764 2037.183574 1441.053854 168 2.000000 21238497.017615
827 340 166666794 21504 1441.474267 1476.389701 1441.053854 168 2.000000 21226941.193081
828 341 166666794 21504 1441.201625 1463.760385 1441.053854 168 2.000000 21247651.469862
829 342 166666794 21504 1441.201625 1463.760385 1441.053854 168 2.000000 21253475.508786
830 343 166666794 21504 1441.201625 1463.760385 1441.053854 168 2.000000 21238964.788765
831 344 166666794 21504 1449.341688 1797.211910 1441.053854 168 2.000000 21254157.109921
832 345 166666794 21504 1441.484805 1477.031325 1441.053854 168 2.000000 21226429.923887
833 346 166666794 21504 1450.985033 1875.841883 1441.053854 168 2.000000 21238930.294051
834 347 166666794 21504 1450.564620 1840.506036 1441.053854 168 2.000000 21247378.047498
835 348 166666794 21504 591.738319 591.738319 591.738319 168 1.000000 229043.147563
836 349 166666794 21504 591.738319 591.738319 591.738319 168 1.000000 232866.426745
837 350 322560 2500001910 8617.791597 548763.111630 591.738319 612510 1.866667 1945.125279
838 351 322560 2500001910 9692.829582 539490.053505 1441.053854 612510 2.000000 2430.480775
884 352 166666794 21504 1441.445179 1463.760385 1441.053854 168 2.000000 20952009.212392
885 353 166666794 21504 1441.481071 1477.067647 1441.053854 168 2.000000 20927984.617043
886 354 166666794 21504 1442.227829 1506.796487 1441.053854 168 2.000000 20942392.724529
887 355 166666794 21504 1441.445179 1463.760385 1441.053854 168 2.000000 20959741.555792
888 356 166666794 21504 1448.596266 1776.882339 1441.053854 168 2.000000 20958862.892966
889 357 166666794 21504 1441.478840 1476.870801 1441.053854 168 2.000000 20997933.316127
890 358 166666794 21504 1449.958793 1833.028858 1441.053854 168 2.000000 20941252.281638
891 359 166666794 21504 1454.247649 2001.464126 1441.053854 168 2.000000 20950891.847662
892 360 166666794 21504 1449.533808 1797.211910 1441.053854 168 2.000000 20951564.091466
893 361 166666794 21504 1449.961025 1833.225704 1441.053854 168 2.000000 20941924.380769
894 362 166666794 21504 1448.711816 1773.886900 1441.053854 168 2.000000 20959534.578591
895 363 166666794 21504 1441.481071 1477.067647 1441.053854 168 2.000000 20927516.903249
896 364 166666794 21504 1442.783187 1530.121498 1441.053854 168 2.000000 22914018.997804
897 365 166666794 21504 1442.783187 1530.121498 1441.053854 168 2.000000 21569928.141238
898 366 166666794 21504 1441.478840 1476.870801 1441.053854 168 2.000000 21550862.764869
899 367 166666794 21504 1441.446245 1463.760385 1441.053854 168 2.000000 23454914.965178
900 368 166666794 21504 1441.477304 1476.636656 1441.053854 168 2.000000 21225756.972863
901 369 166666794 21504 1454.814804 2036.658568 1441.053854 168 2.000000 21238019.324113
902 370 166666794 21504 1449.546890 1799.409736 1441.053854 168 2.000000 21246466.480064
903 371 166666794 21504 1454.244450 2001.284991 1441.053854 168 2.000000 21253245.223954
904 372 166666794 21504 1441.202094 1463.760385 1441.053854 168 2.000000 21239679.704084
905 373 166666794 21504 1441.202094 1463.760385 1441.053854 168 2.000000 21254428.787951
906 374 166666794 21504 1441.202094 1463.760385 1441.053854 168 2.000000 21248364.942243
907 375 166666794 21504 1441.477304 1476.636656 1441.053854 168 2.000000 21227417.348224
908 376 166666794 21504 1441.475967 1476.427430 1441.053854 168 2.000000 21226667.313734
909 377 166666794 21504 1450.562742 1840.427148 1441.053854 168 2.000000 21254155.833395
910 378 166666794 21504 1450.986192 1876.009950 1441.053854 168 2.000000 21238930.202819
911 379 166666794 21504 1449.341219 1797.211910 1441.053854 168 2.000000 21247615.416021
912 380 166666794 21504 591.738319 591.738319 591.738319 168 1.000000 232389.589587
913 381 166666794 21504 591.738319 591.738319 591.738319 168 1.000000 229041.974812
914 382 322560 2500001910 8616.812564 548761.835104 591.738319 612510 1.866667 1885.807057
915 383 322560 2500001910 9691.742629 548898.237305 1441.053854 612510 2.000000 2445.590903
961 384 166666794 21504 1441.203850 1463.760385 1441.053854 168 2.000000 20961350.325885
962 385 166666794 21504 1441.484241 1477.075143 1441.053854 168 2.000000 20929570.675063
963 386 166666794 21504 1441.203850 1463.760385 1441.053854 168 2.000000 20953618.427573
964 387 166666794 21504 1441.203850 1463.760385 1441.053854 168 2.000000 20943978.763625
965 388 166666794 21504 1449.960915 1832.999639 1441.053854 168 2.000000 20943705.912866
966 389 166666794 21504 1450.555718 1840.132147 1441.053854 168 2.000000 20960839.334327
967 390 166666794 21504 1441.480962 1476.841583 1441.053854 168 2.000000 20929059.617598
968 391 166666794 21504 1449.339463 1797.211910 1441.053854 168 2.000000 20953107.290647
969 392 166666794 21504 1441.484241 1477.075143 1441.053854 168 2.000000 20999475.839793
970 393 166666794 21504 1449.548646 1799.704736 1441.053854 168 2.000000 20952434.704388
971 394 166666794 21504 1454.249718 2001.579991 1441.053854 168 2.000000 20960405.489214
972 395 166666794 21504 1449.964194 1833.233199 1441.053854 168 2.000000 20943033.425668
973 396 166666794 21504 1441.444489 1463.760385 1441.053854 168 2.000000 21555156.163758
974 397 166666794 21504 1441.480962 1476.841583 1441.053854 168 2.000000 21543677.013529
975 398 166666794 21504 1441.444489 1463.760385 1441.053854 168 2.000000 22964767.404609
976 399 166666794 21504 1442.749046 1528.802077 1441.053854 168 2.000000 23526617.139935
977 400 166666794 21504 1441.447905 1463.760385 1441.053854 168 2.000000 21247584.714164
978 401 166666794 21504 1442.776640 1529.961049 1441.053854 168 2.000000 21253409.852051
979 402 166666794 21504 1441.479253 1476.656670 1441.053854 168 2.000000 21226941.357357
980 403 166666794 21504 1441.200434 1463.760385 1441.053854 168 2.000000 21238964.949122
981 404 166666794 21504 1448.736657 1775.664352 1441.053854 168 2.000000 21253918.103822
982 405 166666794 21504 1441.479015 1476.833534 1441.053854 168 2.000000 21226429.877520
983 406 166666794 21504 1450.994781 1876.308860 1441.053854 168 2.000000 21238930.293159
984 407 166666794 21504 1450.569382 1840.706043 1441.053854 168 2.000000 21247378.501352
985 408 166666794 21504 1441.479253 1476.656670 1441.053854 168 2.000000 21225996.602014
986 409 166666794 21504 1448.602840 1777.583281 1441.053854 168 2.000000 21253723.748359
987 410 166666794 21504 1454.811211 2036.785776 1441.053854 168 2.000000 21238497.339196
988 411 166666794 21504 1454.239470 2001.006096 1441.053854 168 2.000000 21246944.752774
989 412 166666794 21504 591.738319 591.738319 591.738319 168 1.000000 232866.426745
990 413 166666794 21504 591.738319 591.738319 591.738319 168 1.000000 229042.743103
991 414 322560 2500001910 8617.787675 548762.524111 591.738319 612510 1.866667 1981.179246
992 415 322560 2500001910 9692.836145 539251.634926 1441.053854 612510 2.000000 2430.284315
1038 416 166666794 21504 1441.443097 1463.760385 1441.053854 168 2.000000 20939723.233166
1039 417 166666794 21504 1441.480795 1476.995660 1441.053854 168 2.000000 20925576.216648
1040 418 166666794 21504 1442.610826 1506.446676 1441.053854 168 2.000000 20956857.207169
1041 419 166666794 21504 1441.443097 1463.760385 1441.053854 168 2.000000 20949601.191634
1042 420 166666794 21504 1441.205243 1463.760385 1441.053854 168 2.000000 20949189.442936
1043 421 166666794 21504 1441.205243 1463.760385 1441.053854 168 2.000000 20939311.629654
1044 422 166666794 21504 1441.481687 1477.019080 1441.053854 168 2.000000 20924903.649046
1045 423 166666794 21504 1453.848422 1979.107406 1441.053854 168 2.000000 20956207.008847
1046 424 166666794 21504 1449.550038 1799.938682 1441.053854 168 2.000000 20948721.706397
1047 425 166666794 21504 1449.961641 1833.177137 1441.053854 168 2.000000 20938843.678956
1048 426 166666794 21504 1441.481687 1477.019080 1441.053854 168 2.000000 20995524.903339
1049 427 166666794 21504 1449.550038 1799.938682 1441.053854 168 2.000000 20955977.585405
1050 428 166666794 21504 1441.480795 1476.995660 1441.053854 168 2.000000 21565595.567206
1051 429 166666794 21504 1449.960749 1833.153717 1441.053854 168 2.000000 21578062.363258
1052 430 166666794 21504 1449.338070 1797.211910 1441.053854 168 2.000000 21584727.692105
1053 431 166666794 21504 1441.202035 1463.760385 1441.053854 168 2.000000 21593811.428298
1054 432 166666794 21504 1441.480065 1476.720700 1441.053854 168 2.000000 21224795.632453
1055 433 166666794 21504 1441.202035 1463.760385 1441.053854 168 2.000000 21237057.670632
1056 434 166666794 21504 1441.446304 1463.760385 1441.053854 168 2.000000 21252218.599150
1057 435 166666794 21504 1441.202035 1463.760385 1441.053854 168 2.000000 21245505.542985
1058 436 166666794 21504 1450.989188 1876.103845 1441.053854 168 2.000000 21235831.467789
1059 437 166666794 21504 1450.562976 1840.436999 1441.053854 168 2.000000 21251772.785441
1060 438 166666794 21504 1441.482693 1477.075960 1441.053854 168 2.000000 21223092.077508
1061 439 166666794 21504 1450.562976 1840.436999 1441.053854 168 2.000000 21243802.356853
1062 440 166666794 21504 1454.244274 2001.275140 1441.053854 168 2.000000 21251577.884096
1063 441 166666794 21504 1454.244274 2001.275140 1441.053854 168 2.000000 21243607.132749
1064 442 166666794 21504 1454.821295 2037.297246 1441.053854 168 2.000000 21235636.422677
1065 443 166666794 21504 1441.480065 1476.720700 1441.053854 168 2.000000 21222897.275509
1066 444 166666794 21504 591.738319 591.738319 591.738319 168 1.000000 232151.171008
1067 445 166666794 21504 591.738319 591.738319 591.738319 168 1.000000 229042.777022
1068 446 322560 2500001910 8591.305080 548762.972968 591.738319 612510 1.866667 2474.818622
1069 447 322560 2500001910 9670.624684 528624.978257 1441.053854 612510 2.000000 1900.239266
1115 448 166666794 21504 1441.481947 1477.069872 1441.053854 168 2.000000 20928255.089714
1116 449 166666794 21504 1441.443439 1463.760385 1441.053854 168 2.000000 20942835.768628
1117 450 166666794 21504 1441.443439 1463.760385 1441.053854 168 2.000000 20952237.221483
1118 451 166666794 21504 1441.443439 1463.760385 1441.053854 168 2.000000 20960207.765777
1119 452 166666794 21504 1449.336550 1797.211910 1441.053854 168 2.000000 20952268.552959
1120 453 166666794 21504 1441.484206 1477.037065 1441.053854 168 2.000000 20928221.078466
1121 454 166666794 21504 1448.975425 1774.505379 1441.053854 168 2.000000 20960239.260789
1122 455 166666794 21504 1450.979609 1875.971658 1441.053854 168 2.000000 20942628.751379
1123 456 166666794 21504 1449.544111 1799.881244 1441.053854 168 2.000000 20959089.917636
1124 457 166666794 21504 1441.481947 1477.069872 1441.053854 168 2.000000 20998637.218599
1125 458 166666794 21504 1454.834269 2037.739710 1441.053854 168 2.000000 20941479.803325
1126 459 166666794 21504 1449.544111 1799.881244 1441.053854 168 2.000000 20951119.133613
1127 460 166666794 21504 1441.212349 1464.073201 1441.053854 168 2.000000 21562352.945729
1128 461 166666794 21504 1441.212349 1464.073201 1441.053854 168 2.000000 21570221.534172
1129 462 166666794 21504 1441.212349 1464.073201 1441.053854 168 2.000000 22970999.692193
1130 463 166666794 21504 1441.478367 1476.779016 1441.053854 168 2.000000 23462089.533726
1131 464 166666794 21504 1449.958321 1832.937073 1441.053854 168 2.000000 21238496.775342
1132 465 166666794 21504 1454.247797 2001.472402 1441.053854 168 2.000000 21247420.980740
1133 466 166666794 21504 1441.478367 1476.779016 1441.053854 168 2.000000 21226472.539752
1134 467 166666794 21504 1454.247797 2001.472402 1441.053854 168 2.000000 21253484.588745
1135 468 166666794 21504 1449.960006 1833.117972 1441.053854 168 2.000000 21239168.789887
1136 469 166666794 21504 1449.533808 1797.211910 1441.053854 168 2.000000 21253918.473579
1137 470 166666794 21504 1449.533808 1797.211910 1441.053854 168 2.000000 21247854.884336
1138 471 166666794 21504 1441.480052 1476.959915 1441.053854 168 2.000000 21226906.555222
1139 472 166666794 21504 1442.227682 1506.788211 1441.053854 168 2.000000 21241067.691602
1140 473 166666794 21504 1442.227682 1506.788211 1441.053854 168 2.000000 21255578.318075
1141 474 166666794 21504 1442.227682 1506.788211 1441.053854 168 2.000000 21249753.624278
1142 475 166666794 21504 1441.480052 1476.959915 1441.053854 168 2.000000 21228805.080842
1143 476 166666794 21504 591.738319 591.738319 591.738319 168 1.000000 229041.915812
1144 477 166666794 21504 591.738319 591.738319 591.738319 168 1.000000 232389.589587
1145 478 322560 2500001910 8617.213226 548762.893867 591.738319 612510 1.866667 1914.572168
1146 479 322560 2500001910 9691.726144 548238.401874 1441.053854 612510 2.000000 2437.980475
1192 480 166666794 21504 1449.549458 1799.841213 1441.053854 168 2.000000 20952434.274358
1193 481 166666794 21504 1449.965228 1833.311968 1441.053854 168 2.000000 20943032.766816
1194 482 166666794 21504 1454.252155 2001.716468 1441.053854 168 2.000000 20960404.919999
1195 483 166666794 21504 1441.485274 1477.153912 1441.053854 168 2.000000 20999475.839793
1196 484 166666794 21504 1449.338650 1797.211910 1441.053854 168 2.000000 20953106.523168
1197 485 166666794 21504 1441.478517 1476.634273 1441.053854 168 2.000000 20929058.762235
1198 486 166666794 21504 1449.958471 1832.792330 1441.053854 168 2.000000 20943705.158702
1199 487 166666794 21504 1448.993176 1774.505379 1441.053854 168 2.000000 20960839.464108
1200 488 166666794 21504 1441.478517 1476.634273 1441.053854 168 2.000000 20929526.832576
1201 489 166666794 21504 1441.443677 1463.760385 1441.053854 168 2.000000 20943912.453807
1202 490 166666794 21504 1441.443677 1463.760385 1441.053854 168 2.000000 20961284.064478
1203 491 166666794 21504 1442.763955 1529.250677 1441.053854 168 2.000000 20953552.283579
1204 492 166666794 21504 1441.204662 1463.760385 1441.053854 168 2.000000 22965069.543339
1205 493 166666794 21504 1441.204662 1463.760385 1441.053854 168 2.000000 21555219.373394
1206 494 166666794 21504 1441.485274 1477.153912 1441.053854 168 2.000000 21543717.762903
1207 495 166666794 21504 1460.129064 2248.430938 1441.053854 168 2.000000 23526732.653212
1208 496 166666794 21504 1449.988385 1835.285384 1441.053854 168 2.000000 21254189.644477
1209 497 166666794 21504 1441.053854 1441.053854 1441.053854 168 2.000000 21248603.108490
1210 498 166666794 21504 1450.987610 1875.995356 1441.053854 168 2.000000 21238690.876544
1211 499 166666794 21504 1441.480264 1476.814074 1441.053854 168 2.000000 21226190.382563
1212 500 166666794 21504 1441.477975 1476.590682 1441.053854 168 2.000000 21226471.979456
1213 501 166666794 21504 1454.818353 2037.013831 1441.053854 168 2.000000 21238972.367210
1214 502 166666794 21504 1449.533808 1797.211910 1441.053854 168 2.000000 21247419.984390
1215 503 166666794 21504 1448.994497 1797.211910 1441.053854 168 2.000000 21253960.082100
1216 504 166666794 21504 1441.593164 1486.355925 1441.053854 168 2.000000 21248118.010555
1217 505 166666794 21504 1446.939028 1688.231180 1441.053854 168 2.000000 21252273.819324
1218 506 166666794 21504 1441.477975 1476.590682 1441.053854 168 2.000000 21224078.990058
1219 507 166666794 21504 1441.201907 1463.760385 1441.053854 168 2.000000 21237056.360283
1220 508 166666794 21504 591.738319 591.738319 591.738319 168 1.000000 232866.426745
1221 509 166666794 21504 591.738319 591.738319 591.738319 168 1.000000 229042.316657
1222 510 322560 2500001910 8617.764919 548566.083810 591.738319 612510 1.866667 2133.551965
1223 511 322560 2500001910 9692.823011 539490.053505 1441.053854 612510 2.000000 2430.219322
1269 512 166666794 21504 1441.053854 1441.053854 1441.053854 168 2.000000 20942434.937055
1270 513 166666794 21504 1441.447304 1463.760385 1441.053854 168 2.000000 20952052.111130
1271 514 166666794 21504 1441.480584 1477.058137 1441.053854 168 2.000000 20928027.295655
1272 515 166666794 21504 1441.447304 1463.760385 1441.053854 168 2.000000 20959784.459473
1273 516 166666794 21504 1449.342277 1797.211910 1441.053854 168 2.000000 20958862.665323
1274 517 166666794 21504 1441.480584 1477.058137 1441.053854 168 2.000000 20997933.316127
1275 518 166666794 21504 1449.386626 1797.211910 1441.053854 168 2.000000 20950891.376266
1276 519 166666794 21504 1450.988837 1876.221600 1441.053854 168 2.000000 20941252.273790
1277 520 166666794 21504 1441.475717 1476.670520 1441.053854 168 2.000000 20927355.440117
1278 521 166666794 21504 1441.201036 1463.760385 1441.053854 168 2.000000 20951403.018109
1279 522 166666794 21504 1454.815187 2037.111488 1441.053854 168 2.000000 20941763.349120
1280 523 166666794 21504 1441.201036 1463.760385 1441.053854 168 2.000000 20959373.795381
1281 524 166666794 21504 1449.545832 1799.231949 1441.053854 168 2.000000 22914614.494449
1282 525 166666794 21504 1449.680990 1819.918442 1441.053854 168 2.000000 21570284.702309
1283 526 166666794 21504 1441.475717 1476.670520 1441.053854 168 2.000000 21551153.108830
1284 527 166666794 21504 1449.983082 1833.870395 1441.053854 168 2.000000 23457090.258855
1285 528 166666794 21504 1454.792296 2037.049648 1441.053854 168 2.000000 21247888.413311
1286 529 166666794 21504 1441.580333 1485.278096 1441.053854 168 2.000000 21239917.748967
1287 530 166666794 21504 1441.477611 1476.678649 1441.053854 168 2.000000 21225951.980891
1288 531 166666794 21504 1454.205203 1999.087166 1441.053854 168 2.000000 21254666.853818
1289 532 166666794 21504 1449.985742 1835.174393 1441.053854 168 2.000000 21246228.264258
1290 533 166666794 21504 1449.668966 1819.918442 1441.053854 168 2.000000 21253007.176156
1291 534 166666794 21504 1454.811638 2036.707757 1441.053854 168 2.000000 21237542.484627
1292 535 166666794 21504 1441.474823 1476.523517 1441.053854 168 2.000000 21225280.452879
1293 536 166666794 21504 1442.135117 1486.466916 1441.053854 168 2.000000 21248081.566650
1294 537 166666794 21504 1442.135117 1486.466916 1441.053854 168 2.000000 21254144.987592
1295 538 166666794 21504 1441.580333 1485.278096 1441.053854 168 2.000000 21239395.386952
1296 539 166666794 21504 1441.474823 1476.523517 1441.053854 168 2.000000 21227178.138950
1297 540 166666794 21504 591.738319 591.738319 591.738319 168 1.000000 229042.137901
1298 541 166666794 21504 591.738319 591.738319 591.738319 168 1.000000 232866.426745
1299 542 322560 2500001910 8616.820697 548796.018368 591.738319 612510 1.866667 1961.464527
1300 543 322560 2500001910 9691.587671 549016.896792 1441.053854 612510 2.000000 2429.873590
1346 544 166666794 21504 1441.203672 1463.760385 1441.053854 168 2.000000 20943512.755790
1347 545 166666794 21504 1454.204836 2001.550111 1441.053854 168 2.000000 20952913.847350
1348 546 166666794 21504 1441.482724 1477.049305 1441.053854 168 2.000000 20928866.175479
1349 547 166666794 21504 1441.203672 1463.760385 1441.053854 168 2.000000 20960646.542151
1350 548 166666794 21504 1441.482673 1477.072134 1441.053854 168 2.000000 20929538.681247
1351 549 166666794 21504 1441.444667 1463.760385 1441.053854 168 2.000000 20961295.952183
1352 550 166666794 21504 1441.444667 1463.760385 1441.053854 168 2.000000 20943923.678985
1353 551 166666794 21504 1441.594486 1463.760385 1441.053854 168 2.000000 20953563.657929
1354 552 166666794 21504 1449.962627 1833.230191 1441.053854 168 2.000000 20943001.587267
1355 553 166666794 21504 1448.978516 1774.505379 1441.053854 168 2.000000 20960373.455618
1356 554 166666794 21504 1441.482673 1477.072134 1441.053854 168 2.000000 20999443.985932
1357 555 166666794 21504 1450.571090 1842.624973 1441.053854 168 2.000000 20952403.333324
1358 556 166666794 21504 1449.962678 1833.207362 1441.053854 168 2.000000 21555705.464941
1359 557 166666794 21504 1441.482724 1477.049305 1441.053854 168 2.000000 21544203.892846
1360 558 166666794 21504 1449.548468 1799.674856 1441.053854 168 2.000000 22965794.229411
1361 559 166666794 21504 1454.236884 2000.983200 1441.053854 168 2.000000 23527674.352228
1362 560 166666794 21504 1450.989659 1876.214258 1441.053854 168 2.000000 21237975.738732
1363 561 166666794 21504 1454.792296 2037.049648 1441.053854 168 2.000000 21253713.100471
1364 562 166666794 21504 1441.590132 1486.101215 1441.053854 168 2.000000 21247888.856980
1365 563 166666794 21504 1441.484561 1477.222178 1441.053854 168 2.000000 21225713.367806
1366 564 166666794 21504 1449.533808 1797.211910 1441.053854 168 2.000000 21246943.156672
1367 565 166666794 21504 1454.824920 2037.517226 1441.053854 168 2.000000 21238257.082446
1368 566 166666794 21504 1449.994449 1835.540094 1441.053854 168 2.000000 21253483.647983
1369 567 166666794 21504 1441.482293 1476.904875 1441.053854 168 2.000000 21225995.140470
1370 568 166666794 21504 1441.482293 1476.904875 1441.053854 168 2.000000 21226940.096037
1371 569 166666794 21504 1441.590132 1486.101215 1441.053854 168 2.000000 21247604.637961
1372 570 166666794 21504 1441.202475 1463.760385 1441.053854 168 2.000000 21238963.867719
1373 571 166666794 21504 1442.126410 1486.101215 1441.053854 168 2.000000 21253429.706776
1374 572 166666794 21504 591.738319 591.738319 591.738319 168 1.000000 229042.355076
1375 573 166666794 21504 591.738319 591.738319 591.738319 168 1.000000 232389.589587
1376 574 322560 2500001910 8617.785608 548566.486850 591.738319 612510 1.866667 1939.126886
1377 575 322560 2500001910 9692.775720 539978.243929 1441.053854 612510 2.000000 2423.122458
1423 576 166666794 21504 1453.838837 1978.570627 1441.053854 168 2.000000 20956206.679039
1424 577 166666794 21504 1441.480208 1476.835935 1441.053854 168 2.000000 20924904.108884
1425 578 166666794 21504 1441.202047 1463.760385 1441.053854 168 2.000000 20939312.114178
1426 579 166666794 21504 1441.202047 1463.760385 1441.053854 168 2.000000 20949189.990654
1427 580 166666794 21504 1441.482760 1477.002610 1441.053854 168 2.000000 20925576.073505
1428 581 166666794 21504 1442.623606 1506.983455 1441.053854 168 2.000000 20956856.790452
1429 582 166666794 21504 1441.446292 1463.760385 1441.053854 168 2.000000 20949600.789586
1430 583 166666794 21504 1441.446292 1463.760385 1441.053854 168 2.000000 20939722.689981
1431 584 166666794 21504 1449.546843 1799.401903 1441.053854 168 2.000000 20948721.886296
1432 585 166666794 21504 1449.960162 1832.993992 1441.053854 168 2.000000 20938843.719453
1433 586 166666794 21504 1449.546843 1799.401903 1441.053854 168 2.000000 20955977.530318
1434 587 166666794 21504 1441.480208 1476.835935 1441.053854 168 2.000000 20995524.903339
1435 588 166666794 21504 1449.341265 1797.211910 1441.053854 168 2.000000 21584726.771732
1436 589 166666794 21504 1441.482760 1477.002610 1441.053854 168 2.000000 21565594.988057
1437 590 166666794 21504 1449.962714 1833.160667 1441.053854 168 2.000000 21577823.416549
1438 591 166666794 21504 1441.203522 1463.760385 1441.053854 168 2.000000 21593334.364552
1439 592 166666794 21504 1441.203522 1463.760385 1441.053854 168 2.000000 21245504.998661
1440 593 166666794 21504 1441.444817 1463.760385 1441.053854 168 2.000000 21252218.684276
1441 594 166666794 21504 1441.203522 1463.760385 1441.053854 168 2.000000 21237057.429461
1442 595 166666794 21504 1441.481011 1476.819120 1441.053854 168 2.000000 21224795.497083
1443 596 166666794 21504 1454.829348 2037.630479 1441.053854 168 2.000000 21235635.639541
1444 597 166666794 21504 1441.481011 1476.819120 1441.053854 168 2.000000 21222897.072676
1445 598 166666794 21504 1454.248735 2001.524944 1441.053854 168 2.000000 21251577.305505
1446 599 166666794 21504 1454.248735 2001.524944 1441.053854 168 2.000000 21243606.690682
1447 600 166666794 21504 1450.557029 1840.187194 1441.053854 168 2.000000 21243801.931658
1448 601 166666794 21504 1450.557029 1840.187194 1441.053854 168 2.000000 21251534.801454
1449 602 166666794 21504 1450.984186 1875.952461 1441.053854 168 2.000000 21235831.600414
1450 603 166666794 21504 1441.484798 1477.159389 1441.053854 168 2.000000 21223092.220420
1451 604 166666794 21504 591.738319 591.738319 591.738319 168 1.000000 229042.203163
1452 605 166666794 21504 591.738319 591.738319 591.738319 168 1.000000 232151.171008
1453 606 322560 2500001910 8591.304808 548763.407560 591.738319 612510 1.866667 2475.362945
1454 607 322560 2500001910 9670.624344 528624.978257 1441.053854 612510 2.000000 1900.164190
1500 608 166666794 21504 1441.594486 1463.760385 1441.053854 168 2.000000 20957118.062520
1501 609 166666794 21504 1441.442355 1463.760385 1441.053854 168 2.000000 20939984.470315
1502 610 166666794 21504 1441.442355 1463.760385 1441.053854 168 2.000000 20949862.638895
1503 611 166666794 21504 1441.479364 1476.827947 1441.053854 168 2.000000 20925837.455034
1504 612 166666794 21504 1441.205985 1463.760385 1441.053854 168 2.000000 20948735.791596
1505 613 166666794 21504 1441.482938 1477.224100 1441.053854 168 2.000000 20924449.699404
1506 614 166666794 21504 1441.205985 1463.760385 1441.053854 168 2.000000 20938857.697976
1507 615 166666794 21504 1453.850649 1979.232094 1441.053854 168 2.000000 20955991.566223
1508 616 166666794 21504 1441.479364 1476.827947 1441.053854 168 2.000000 20995277.930433
1509 617 166666794 21504 1449.959317 1832.986003 1441.053854 168 2.000000 20938823.981456
1510 618 166666794 21504 1450.564152 1842.624973 1441.053854 168 2.000000 20955957.725163
1511 619 166666794 21504 1449.337328 1797.211910 1441.053854 168 2.000000 20948702.519682
1512 620 166666794 21504 1449.962892 1833.382157 1441.053854 168 2.000000 21574529.271411
1513 621 166666794 21504 1441.482938 1477.224100 1441.053854 168 2.000000 21563027.781591
1514 622 166666794 21504 1449.550781 1800.063370 1441.053854 168 2.000000 21582159.208738
1515 623 166666794 21504 1454.243586 2001.299894 1441.053854 168 2.000000 21589528.962034
1516 624 166666794 21504 1441.592225 1486.277036 1441.053854 168 2.000000 21251805.961224
1517 625 166666794 21504 1441.480122 1476.787891 1441.053854 168 2.000000 21223090.902578
1518 626 166666794 21504 1450.983398 1876.019854 1441.053854 168 2.000000 21236068.674690
1519 627 166666794 21504 1450.557866 1840.222364 1441.053854 168 2.000000 21243801.044292
1520 628 166666794 21504 1454.823835 2037.223812 1441.053854 168 2.000000 21235873.636371
1521 629 166666794 21504 1441.479386 1476.851344 1441.053854 168 2.000000 21223849.516331
1522 630 166666794 21504 1454.248107 2001.489775 1441.053854 168 2.000000 21244321.077878
1523 631 166666794 21504 1449.533808 1797.211910 1441.053854 168 2.000000 21251576.602498
1524 632 166666794 21504 1441.592225 1486.277036 1441.053854 168 2.000000 21251998.876620
1525 633 166666794 21504 1441.203313 1463.760385 1441.053854 168 2.000000 21245742.792041
1526 634 166666794 21504 1441.203313 1463.760385 1441.053854 168 2.000000 21236818.143005
1527 635 166666794 21504 1441.479386 1476.851344 1441.053854 168 2.000000 21225032.817939
1528 636 166666794 21504 591.738319 591.738319 591.738319 168 1.000000 232151.171008
1529 637 166666794 21504 591.738319 591.738319 591.738319 168 1.000000 229042.198755
1530 638 322560 2500001910 8591.217774 548566.790025 591.738319 612510 1.866667 2474.900546
1531 639 322560 2500001910 9670.581115 529601.359105 1441.053854 612510 2.000000 1900.020497
1577 640 189527680 147590400 1054.389412 2452.393255 874.860382 36085 1.001386 113336086.616445
1578 641 483542680 441605400 7673.273065 2196959.449861 845.058060 107915 1.374183 53005882.572350
1579 642 189527680 147590400 1054.501437 2452.111025 874.860382 36085 1.001386 206752393.345544
1580 643 483542680 441605400 9630.183443 2285916.152871 845.058060 107915 1.374183 52456375.936599
1581 644 189527680 147590400 1054.295959 2355.398833 874.860382 36085 1.001386 205088993.679628
1582 645 483542680 441605400 8251.065604 1586399.020861 845.058060 107915 1.405504 78003434.526682
1583 646 189527680 147590400 1054.425869 2356.055577 874.860382 36085 1.001386 120987145.469773
1584 647 483542680 441605400 7974.738518 1585602.863428 845.058060 107915 1.405504 77262667.330671
1585 648 189527680 147590400 1054.342856 2337.418743 874.860382 36085 1.001386 17930292.409480
1586 649 483542680 441605400 7733.867242 2053677.289151 845.058060 107915 1.408192 76441499.912432
1587 650 189527680 147590400 1054.461209 2571.520282 874.860382 36085 1.001386 18010442.159853
1588 651 483542680 441605400 7002.290101 1412769.210287 845.058060 107915 1.408192 76115290.386211
1589 652 189527680 147590400 1054.356213 2752.420315 874.860382 36085 1.001386 19999894.556501
1590 653 483542680 441605400 8383.574009 1731995.265125 845.058060 107915 1.410879 66936683.809089
1591 654 189527680 147590400 1054.598779 2575.411567 874.860382 36085 1.001386 20068574.612154
1592 655 483542680 441605400 9588.834546 1731995.265125 845.058060 107915 1.494463 70579689.048217
1593 656 189527680 147590400 1054.346589 2451.848173 874.860382 36085 1.001386 18176979.287755
1594 657 483542680 441605400 7851.226761 1623080.676476 845.058060 107915 1.410879 65145206.377980
1595 658 189527680 147590400 1054.564653 2451.863072 874.860382 36085 1.001386 18188403.956798
1596 659 483542680 441605400 8210.472017 1724700.299637 845.058060 107915 1.410879 65916357.374648
1597 660 189527680 147590400 1054.268465 2140.071441 874.860382 36085 1.001386 18167890.931908
1598 661 483542680 441605400 6836.777327 682674.419823 845.058060 107915 1.405597 70668038.881845
1599 662 189527680 147590400 1054.521611 2452.681359 874.860382 36085 1.001386 18185353.970760
1600 663 483542680 441605400 7322.014440 682674.419823 845.058060 107915 1.572580 70348927.840145
1601 664 189527680 147590400 1054.648086 2356.523488 874.860382 36085 1.001386 18160603.046753
1602 665 483542680 441605400 5649.380983 374783.145001 845.058060 107915 1.400408 53505119.557952
1603 666 189527680 147590400 1054.205842 1498.631949 874.860382 36085 1.001386 18089342.583295
1604 667 483542680 441605400 5275.904340 21644.240769 845.058060 107915 1.713432 50224139.521393
1605 668 189527680 147590400 1053.009473 1053.674316 591.738319 36085 1.000000 1142513.109364
1606 669 483542680 441605400 8851.329473 156822.044105 591.738319 107915 2.412315 455508004.149751
1607 670 96000 629155200 18343.769763 548762.240844 591.738319 154200 1.866667 2475.257200
1608 671 96000 629155200 20676.325952 528624.978256 1441.053854 154200 2.000000 1113890015.984478
1654 672 189527680 147590400 1054.198561 1497.986332 874.860382 36085 1.001386 17053652.010253
1655 673 483542680 441605400 10899.690647 99272.014457 874.860382 107915 2.960617 97850413.161991
1656 674 189527680 147590400 1054.196060 1476.972203 874.860382 36085 1.001386 17023374.798745
1657 675 483542680 441605400 7402.061408 1368833.412146 874.860382 107915 1.708150 56748752.936527
1658 676 189527680 147590400 1054.336459 2730.667866 874.860382 36085 1.001386 17840102.036083
1659 677 483542680 441605400 8207.684747 3127686.956606 874.860382 107915 1.721216 76798014.211380
1660 678 189527680 147590400 1054.291738 2350.381525 874.860382 36085 1.001386 17795890.025421
1661 679 483542680 441605400 8838.232837 2991641.580944 874.860382 107915 1.742158 77477705.893242
1662 680 189527680 147590400 1054.194267 1477.107746 874.860382 36085 1.001386 17870623.887448
1663 681 483542680 441605400 8865.884437 2979966.097619 874.860382 107915 1.744845 68796471.694599
1664 682 189527680 147590400 1054.240439 1875.878634 874.860382 36085 1.001386 17809757.510957
1665 683 483542680 441605400 8970.298905 3148523.419174 874.860382 107915 1.744845 69453263.314983
1666 684 189527680 147590400 1054.402630 2895.234921 874.860382 36085 1.001386 20209571.817302
1667 685 483542680 441605400 8981.398575 3116964.880150 874.860382 107915 1.744845 72939077.107207
1668 686 189527680 147590400 1054.297596 2347.884313 874.860382 36085 1.001386 20177315.723288
1669 687 483542680 441605400 8464.341796 465076.341858 874.860382 107915 1.828430 75773587.832237
1670 688 189527680 147590400 1054.205996 1499.583236 874.860382 36085 1.001386 14264806.675912
1671 689 483542680 441605400 8628.285423 462641.428709 874.860382 107915 1.828430 66952964.383153
1672 690 189527680 147590400 1054.295678 2112.714544 874.860382 36085 1.001386 16045606.921522
1673 691 483542680 441605400 8729.775998 3035885.867806 874.860382 107915 1.744845 63260652.843271
1674 692 189527680 147590400 1054.519306 2731.041843 874.860382 36085 1.001386 18248929.569304
1675 693 483542680 441605400 8714.464402 3042378.249331 874.860382 107915 1.744845 70477526.335692
1676 694 189527680 147590400 1054.436853 2432.015831 874.860382 36085 1.001386 18193283.222122
1677 695 483542680 441605400 9525.202716 468322.892826 874.860382 107915 1.911829 75741497.188230
1678 696 189527680 147590400 1054.205821 1499.262899 874.860382 36085 1.001386 10691280.393129
1679 697 483542680 441605400 9776.968086 3073321.425658 874.860382 107915 1.911829 68188347.201617
1680 698 189527680 147590400 1054.434513 2284.815650 874.860382 36085 1.001386 11630426.847300
1681 699 483542680 441605400 11096.300678 1737188.786479 874.860382 107915 2.078812 87633830.346307
1682 700 189527680 147590400 1053.009473 1053.674316 591.738319 36085 1.000000 1142460.472449
1683 701 483542680 441605400 10859.303976 1662713.452155 591.738319 107915 2.057406 476998540.746106
1684 702 96000 629155200 16407.818699 548806.431647 591.738319 154200 1.866667 1970.006836
1685 703 96000 629155200 20459.061652 548766.628007 1441.053854 154200 2.000000 2430.356790
1731 704 189527680 147590400 1054.428960 2479.646737 874.860382 36085 1.001386 17556928.913394
1732 705 483542680 441605400 10628.167067 1927808.780704 845.058060 107915 1.976973 66252085.919256
1733 706 189527680 147590400 1054.523607 2696.211035 874.860382 36085 1.001386 115689794.058726
1734 707 483542680 441605400 10259.039165 1955504.677909 845.058060 107915 1.956030 65717730.441310
1735 708 189527680 147590400 1054.418343 2479.495520 874.860382 36085 1.001386 17514987.736578
1736 709 483542680 441605400 6344.164641 872943.322302 845.058060 107915 1.400408 65013229.311157
1737 710 189527680 147590400 1054.412397 2452.469118 874.860382 36085 1.001386 100985527.795018
1738 711 483542680 441605400 7103.701736 873397.290365 845.058060 107915 1.400408 66222208.462652
1739 712 189527680 147590400 1054.420866 2469.603480 874.860382 36085 1.001386 17468868.266561
1740 713 483542680 441605400 8410.841777 2261627.811625 845.058060 107915 1.410879 81320048.320632
1741 714 189527680 147590400 1054.427843 2356.525483 874.860382 36085 1.001386 193040260.603248
1742 715 483542680 441605400 9717.121124 2282139.956884 845.058060 107915 1.410879 79954987.192511
1743 716 189527680 147590400 1054.417339 2356.097718 874.860382 36085 1.001386 18020486.880401
1744 717 483542680 441605400 8137.237919 1782146.677519 845.058060 107915 1.408192 70064374.056799
1745 718 189527680 147590400 1054.433261 2529.768132 874.860382 36085 1.001386 17986369.378028
1746 719 483542680 441605400 8152.682710 1782146.677519 845.058060 107915 1.408192 69646655.418949
1747 720 189527680 147590400 1054.395738 2355.800680 874.860382 36085 1.001386 16495477.725663
1748 721 483542680 441605400 8597.775625 1782146.677519 845.058060 107915 1.494463 77312959.482958
1749 722 189527680 147590400 1054.458022 2356.669871 874.860382 36085 1.001386 16507501.076297
1750 723 483542680 441605400 8832.712241 1782146.677519 845.058060 107915 1.494463 77760430.920427
1751 724 189527680 147590400 1054.347832 2336.823484 874.860382 36085 1.001386 16507595.513403
1752 725 483542680 441605400 8669.549473 1809658.465989 845.058060 107915 1.405597 65946891.403827
1753 726 189527680 147590400 1054.557316 2490.715720 874.860382 36085 1.001386 16525785.280974
1754 727 483542680 441605400 7982.645098 1782146.677519 845.058060 107915 1.405597 67657944.251930
1755 728 189527680 147590400 1054.335250 2536.584535 874.860382 36085 1.001386 16514666.613740
1756 729 483542680 441605400 10146.428786 1782146.677519 845.058060 107915 1.577862 85108553.769387
1757 730 189527680 147590400 1054.501646 2577.100155 874.860382 36085 1.001386 16515746.137833
1758 731 483542680 441605400 10466.319035 1817151.317852 845.058060 107915 1.577862 83297247.250621
1759 732 335958680 294021400 15285.983229 1782146.677519 591.738319 71880 2.101836 456339888.915430
1760 733 335958680 294021400 13985.893716 1782146.677519 591.738319 71880 2.101836 53548790.984215
1761 734 96000 629155200 17011.898725 548753.400246 591.738319 154200 1.866667 1929.924029
1762 735 96000 629155200 19934.006966 548942.302933 1441.053854 154200 2.000000 2430.394040
1808 736 335958680 294021400 12046.912938 208227.668387 845.058060 71880 2.419588 82600228.123520
1809 737 335958680 294021400 11671.029242 214682.120700 845.058060 71880 2.403868 82936503.890953
1810 738 335958680 294021400 9378.418001 213461.579881 845.058060 71880 1.589176 52201146.840226
1811 739 335958680 294021400 9898.656988 213067.355849 845.058060 71880 1.604897 53866432.765165
1812 740 335958680 294021400 11124.981856 860544.035721 845.058060 71880 1.616861 91913867.768531
1813 741 335958680 294021400 11233.481204 873669.931302 845.058060 71880 1.616861 119091837.515449
1814 742 335958680 294021400 10806.644766 872547.976811 845.058060 71880 1.616861 83982657.422670
1815 743 335958680 294021400 11428.212760 873938.581255 845.058060 71880 1.616861 83398380.265607
1816 744 335958680 294021400 10664.593612 380371.433163 845.058060 71880 1.616861 88876077.960796
1817 745 335958680 294021400 10654.645489 380031.318311 845.058060 71880 1.616861 89045333.864127
1818 746 335958680 294021400 10736.889680 871490.104296 845.058060 71880 1.616861 74770665.849455
1819 747 335958680 294021400 10473.839546 857637.599709 845.058060 71880 1.616861 73695068.148141
1820 748 335958680 294021400 10855.368653 859155.373578 845.058060 71880 1.616861 92992717.380486
1821 749 335958680 294021400 11021.988387 883089.115914 845.058060 71880 1.616861 96057334.409560
1822 750 335958680 294021400 10349.869510 859064.085288 845.058060 71880 1.616861 87746639.762168
1823 751 335958680 294021400 9723.978436 859064.085288 845.058060 71880 1.616861 84711584.610277
1824 752 335958680 294021400 7677.860017 41262.484568 845.058060 71880 1.538258 58749525.055454
1825 753 335958680 294021400 7699.943674 40968.918107 845.058060 71880 1.538258 59821924.491187
1826 754 335958680 294021400 10448.075815 884058.067698 845.058060 71880 1.608932 64889592.709523
1827 755 335958680 294021400 10547.527195 873838.608126 845.058060 71880 1.608932 62396365.123644
1828 756 335958680 294021400 10127.123820 174504.980881 845.058060 71880 1.612827 81807207.223650
1829 757 335958680 294021400 9946.574689 174512.995214 845.058060 71880 1.612827 81309634.010716
1830 758 335958680 294021400 12046.493567 872943.322301 845.058060 71880 1.742348 75413718.422424
1831 759 335958680 294021400 10952.805870 859817.426718 845.058060 71880 1.742348 74452793.438862
1832 760 335958680 294021400 11647.013492 174060.654833 845.058060 71880 1.742348 77321410.443265
1833 761 335958680 294021400 11656.393915 172881.705448 845.058060 71880 1.742348 77498174.567111
1834 762 335958680 294021400 10878.542214 858091.472287 845.058060 71880 1.851836 80063206.256227
1835 763 335958680 294021400 11194.905234 872670.585875 845.058060 71880 1.851836 80602727.825074
1836 764 335958680 294021400 12799.290822 195302.373348 591.738319 71880 1.858932 61585175.374547
1837 765 335958680 294021400 12485.071478 195302.373348 591.738319 71880 1.858932 458612823.529829
1838 766 96000 629155200 16878.135839 548762.365567 591.738319 154200 1.866667 2474.990998
1839 767 96000 629155200 18304.238353 529351.587259 1441.053854 154200 2.000000 1900.388769
1885 768 335958680 294021400 9478.281432 433232.143158 845.058060 71880 1.659711 62507684.179270
1886 769 335958680 294021400 9025.213791 433695.936139 845.058060 71880 1.659711 65551435.346630
1887 770 335958680 294021400 8921.722967 464840.189019 845.058060 71880 1.659711 69621707.944521
1888 771 335958680 294021400 9285.633589 457568.588099 845.058060 71880 1.651781 60997677.727028
1889 772 335958680 294021400 6749.951415 151467.137455 845.058060 71880 1.358236 69937758.800955
1890 773 335958680 294021400 7576.004686 413741.755383 845.058060 71880 1.366166 59241175.842757
1891 774 335958680 294021400 8071.126773 211716.767856 845.058060 71880 1.366166 65932020.727447
1892 775 335958680 294021400 7670.082990 208796.774354 845.058060 71880 1.366166 81490764.887474
1893 776 335958680 294021400 7917.203899 879114.795253 845.058060 71880 1.366166 66717151.887535
1894 777 335958680 294021400 7568.407084 850003.501602 845.058060 71880 1.366166 53452200.871214
1895 778 335958680 294021400 7978.055579 850003.501602 845.058060 71880 1.366166 61594307.825079
1896 779 335958680 294021400 8096.312284 850003.501602 845.058060 71880 1.366166 62209162.135209
1897 780 335958680 294021400 7747.384873 881740.579125 845.058060 71880 1.366166 66334665.806658
1898 781 335958680 294021400 7824.555856 851176.067473 845.058060 71880 1.366166 59087236.723935
1899 782 335958680 294021400 7755.688459 851176.067473 845.058060 71880 1.366166 64158867.261446
1900 783 335958680 294021400 7872.787368 882555.000296 845.058060 71880 1.366166 66634977.789884
1901 784 335958680 294021400 6555.545810 378553.466554 845.058060 71880 1.303283 47842413.438359
1902 785 335958680 294021400 5845.768560 220612.001843 845.058060 71880 1.303283 53995378.147250
1903 786 335958680 294021400 6466.951325 413741.755383 845.058060 71880 1.295353 152295183.768234
1904 787 335958680 294021400 6721.245485 429130.091104 845.058060 71880 1.295353 89056169.960100
1905 788 335958680 294021400 6809.945266 886592.869710 845.058060 71880 1.362131 66539560.712102
1906 789 335958680 294021400 6658.606723 865289.688584 845.058060 71880 1.362131 49625142.303652
1907 790 335958680 294021400 9302.624105 1233920.290078 845.058060 71880 1.491653 64069861.861536
1908 791 335958680 294021400 9276.220072 872507.424522 845.058060 71880 1.491653 61942802.865854
1909 792 335958680 294021400 9119.392064 1241680.161942 845.058060 71880 1.491653 81322757.044598
1910 793 335958680 294021400 10213.660202 1313819.909752 845.058060 71880 1.491653 62020013.649540
1911 794 335958680 294021400 9818.339026 904248.298954 845.058060 71880 1.491653 65710357.964386
1912 795 335958680 294021400 9537.540530 897755.197226 845.058060 71880 1.491653 66738444.128050
1913 796 335958680 294021400 14767.899747 901001.748090 591.738319 71880 2.344602 60539327.100241
1914 797 335958680 294021400 14226.939401 904248.298954 591.738319 71880 2.344602 460708915.205575
1915 798 96000 629155200 17937.870420 548764.311035 591.738319 154200 1.866667 1914.136928
1916 799 96000 629155200 19622.800759 548236.148426 1441.053854 154200 2.000000 2437.947496
1962 800 335958680 294021400 12962.703573 195302.373315 845.058060 71880 2.176822 78461789.646158
1963 801 335958680 294021400 12955.349121 195302.373315 845.058060 71880 2.176822 86042999.548350
1964 802 335958680 294021400 11275.912955 103749.638961 845.058060 71880 1.910406 81403732.369894
1965 803 335958680 294021400 11193.922370 104497.576258 845.058060 71880 1.910406 80623683.654264
1966 804 335958680 294021400 11248.216596 871822.654608 845.058060 71880 1.655815 88063620.948919
1967 805 335958680 294021400 11048.109404 871821.072194 845.058060 71880 1.655815 68368798.961126
1968 806 335958680 294021400 9176.740915 871821.384895 845.058060 71880 1.608932 63501149.998003
1969 807 335958680 294021400 9379.257511 857242.271308 845.058060 71880 1.608932 63593265.462460
1970 808 335958680 294021400 9774.809299 871821.689738 845.058060 71880 1.616861 100095327.674138
1971 809 335958680 294021400 9362.632456 857242.576148 845.058060 71880 1.616861 103922758.209257
1972 810 335958680 294021400 9504.091570 872549.490152 845.058060 71880 1.616861 102621994.250660
1973 811 335958680 294021400 9599.643090 872943.322299 845.058060 71880 1.616861 77399525.941123
1974 812 335958680 294021400 9356.554582 884057.491575 845.058060 71880 1.616861 83277313.940324
1975 813 335958680 294021400 9237.997670 873838.032004 845.058060 71880 1.616861 83748592.061004
1976 814 335958680 294021400 9711.805734 872548.464577 845.058060 71880 1.616861 89493086.246523
1977 815 335958680 294021400 9613.400095 873574.466777 845.058060 71880 1.616861 79575705.457738
1978 816 335958680 294021400 9622.608732 871821.735830 845.058060 71880 1.553979 123294816.698832
1979 817 335958680 294021400 9196.800806 857242.622240 845.058060 71880 1.553979 69168593.847263
1980 818 335958680 294021400 8995.531517 871822.413620 845.058060 71880 1.553979 66320844.639344
1981 819 335958680 294021400 8584.507924 857243.300030 845.058060 71880 1.553979 64210250.449902
1982 820 335958680 294021400 8800.977269 872548.502719 845.058060 71880 1.549944 63711499.087734
1983 821 335958680 294021400 8820.886956 857969.389132 845.058060 71880 1.549944 63478190.726162
1984 822 335958680 294021400 11723.561986 871821.279666 845.058060 71880 1.742348 69615203.888344
1985 823 335958680 294021400 11594.016290 857242.166077 845.058060 71880 1.742348 161206463.472083
1986 824 335958680 294021400 11755.639721 872548.600069 845.058060 71880 1.726349 90165095.065051
1987 825 335958680 294021400 11739.071825 857969.486481 845.058060 71880 1.726349 92046001.918147
1988 826 335958680 294021400 11470.898596 445610.972603 845.058060 71880 1.722593 79294437.296767
1989 827 335958680 294021400 10272.023244 412513.255896 845.058060 71880 1.722593 76568077.741761
1990 828 335958680 294021400 13176.865151 410349.819331 591.738319 71880 1.741653 59212042.585615
1991 829 335958680 294021400 13174.865755 410349.819331 591.738319 71880 1.741653 461143926.567822
1992 830 96000 629155200 18173.286738 548796.637331 591.738319 154200 1.866667 6512.302786
1993 831 96000 629155200 18827.258799 548433.975557 1441.053854 154200 2.000000 2416.233517
2039 832 335958680 294021400 8443.044655 2701160.426947 845.058060 71880 1.405120 56414291.804940
2040 833 335958680 294021400 8686.858742 2701160.426947 845.058060 71880 1.405120 56759522.323590
2041 834 335958680 294021400 9621.406675 2756836.871992 845.058060 71880 1.405120 59851343.688248
2042 835 335958680 294021400 9680.855617 2758618.670416 845.058060 71880 1.405120 60771859.089657
2043 836 335958680 294021400 9435.436136 2780089.935580 845.058060 71880 1.428770 99433915.907600
2044 837 335958680 294021400 10110.835558 2796095.355665 845.058060 71880 1.428770 54502562.246280
2045 838 335958680 294021400 9129.377654 1176020.907270 845.058060 71880 1.428770 70358455.793061
2046 839 335958680 294021400 8817.730705 1176020.907270 845.058060 71880 1.428770 81895318.352661
2047 840 335958680 294021400 8347.706977 2703028.667880 845.058060 71880 1.366166 70334893.139611
2048 841 335958680 294021400 7693.969564 2703028.667880 845.058060 71880 1.362131 85887594.600090
2049 842 335958680 294021400 9238.902756 2756766.814566 845.058060 71880 1.362131 71273990.698067
2050 843 335958680 294021400 8926.871580 2756113.699841 845.058060 71880 1.366166 69975090.054452
2051 844 335958680 294021400 7436.455941 2740630.867782 845.058060 71880 1.366166 74508654.761707
2052 845 335958680 294021400 7486.430964 2663865.493028 845.058060 71880 1.366166 65122079.144971
2053 846 335958680 294021400 8070.780235 900790.698238 845.058060 71880 1.366166 104934634.227746
2054 847 335958680 294021400 8086.501396 891862.683361 845.058060 71880 1.366166 68694155.684732
2055 848 335958680 294021400 6877.867887 2703355.225242 845.058060 71880 1.303283 63361889.780251
2056 849 335958680 294021400 6771.148844 2703028.667880 845.058060 71880 1.303283 74476797.007464
2057 850 335958680 294021400 7394.219951 2755628.619488 845.058060 71880 1.303283 60914655.907687
2058 851 335958680 294021400 7385.967650 2755955.176850 845.058060 71880 1.303283 64157580.274862
2059 852 335958680 294021400 6450.463580 2774781.367311 845.058060 71880 1.303283 133202210.123728
2060 853 335958680 294021400 6961.859502 2664320.625446 845.058060 71880 1.303283 52621148.006685
2061 854 335958680 294021400 6525.742712 882123.030769 845.058060 71880 1.299249 59213599.526472
2062 855 335958680 294021400 6638.241067 900790.698238 845.058060 71880 1.299249 61078260.384601
2063 856 335958680 294021400 10384.773036 1330213.494597 845.058060 71880 1.483723 48267427.113751
2064 857 335958680 294021400 9123.343038 1339468.473480 845.058060 71880 1.483723 80659580.794599
2065 858 335958680 294021400 10425.490814 1332975.371751 845.058060 71880 1.742348 65392372.483080
2066 859 335958680 294021400 10323.264766 1342715.024344 845.058060 71880 1.742348 60671794.438759
2067 860 335958680 294021400 17213.557118 1342715.024344 591.738319 71880 2.223289 452446920.804101
2068 861 335958680 294021400 17870.857154 1342715.024344 591.738319 71880 2.223289 51855820.076022
2069 862 96000 629155200 17891.852463 548991.840130 591.738319 154200 1.866667 1929.610863
2070 863 96000 629155200 20349.440952 547997.973271 1441.053854 154200 2.000000 2481.949136
2116 864 335958680 294021400 12071.974027 214682.120736 845.058060 71880 2.298136 77475275.233753
2117 865 335958680 294021400 12177.542001 214682.120736 845.058060 71880 2.298136 77316874.611572
2118 866 335958680 294021400 9676.850359 147152.448938 845.058060 71880 1.655815 80896284.109974
2119 867 335958680 294021400 10132.789575 151048.940629 845.058060 71880 1.655815 79758716.272579
2120 868 335958680 294021400 9619.693060 179305.359979 845.058060 71880 1.663745 86814034.990209
2121 869 335958680 294021400 9743.744611 172478.406053 845.058060 71880 1.663745 86834080.784834
2122 870 335958680 294021400 11836.442923 873276.100397 845.058060 71880 1.679466 82630471.440000
2123 871 335958680 294021400 10249.694853 864509.858832 845.058060 71880 1.679466 81790386.552241
2124 872 335958680 294021400 8906.283726 383427.489977 845.058060 71880 1.549944 63281842.201925
2125 873 335958680 294021400 9119.586892 389920.591707 845.058060 71880 1.549944 62933728.719922
2126 874 335958680 294021400 9535.027241 419139.549494 845.058060 71880 1.612827 65845633.016247
2127 875 335958680 294021400 9874.660045 419139.549494 845.058060 71880 1.612827 66787100.687926
2128 876 335958680 294021400 10150.093873 874011.862912 845.058060 71880 1.616861 91974897.595753
2129 877 335958680 294021400 9910.873199 415892.998629 845.058060 71880 1.616861 91810736.821862
2130 878 335958680 294021400 9686.525313 227107.968045 845.058060 71880 1.616861 80160803.742383
2131 879 335958680 294021400 9823.284837 185053.998746 845.058060 71880 1.616861 79189735.079434
2132 880 335958680 294021400 9444.302815 872868.014428 845.058060 71880 1.553979 69323094.072711
2133 881 335958680 294021400 9261.630519 859742.118844 845.058060 71880 1.553979 68674662.601341
2134 882 335958680 294021400 10376.703881 872943.322302 845.058060 71880 1.553979 62385972.025200
2135 883 335958680 294021400 10595.370840 872548.358731 845.058060 71880 1.553979 62234945.992304
2136 884 335958680 294021400 9893.353585 872943.322299 845.058060 71880 1.553979 79514913.575285
2137 885 335958680 294021400 9935.824680 857637.599709 845.058060 71880 1.553979 79860674.891309
2138 886 335958680 294021400 9370.249110 389920.591707 845.058060 71880 1.553979 63977633.702530
2139 887 335958680 294021400 8541.051169 370441.286407 845.058060 71880 1.553979 62134574.645693
2140 888 335958680 294021400 9195.980304 386674.040842 845.058060 71880 1.546049 59372316.907983
2141 889 335958680 294021400 9331.858044 376934.388247 845.058060 71880 1.546049 58685719.909311
2142 890 335958680 294021400 12668.623443 872670.495170 845.058060 71880 1.977323 75600546.446840
2143 891 335958680 294021400 12081.738133 880509.135777 845.058060 71880 1.977323 75231519.804550
2144 892 335958680 294021400 13467.852165 880337.014166 591.738319 71880 1.980384 461877209.516750
2145 893 335958680 294021400 13555.281099 848211.066146 591.738319 71880 1.980384 67575761.659688
2146 894 96000 629155200 17722.531950 548760.969306 591.738319 154200 1.866667 2474.288275
2147 895 96000 629155200 19141.875845 529113.168680 1441.053854 154200 2.000000 1900.081129
2193 896 335958680 294021400 11460.276420 1492553.777750 845.058060 71880 1.538258 52314904.853825
2194 897 335958680 294021400 10569.049632 1503250.074480 845.058060 71880 1.538258 70157283.864610
2195 898 335958680 294021400 8586.526450 1497538.621614 845.058060 71880 1.538258 66748566.016214
2196 899 335958680 294021400 9041.763571 1462477.733632 845.058060 71880 1.538258 59353488.340082
2197 900 335958680 294021400 7236.935281 245449.078207 845.058060 71880 1.420840 105431532.397864
2198 901 335958680 294021400 6862.909575 209905.053061 845.058060 71880 1.420840 60640430.519222
2199 902 335958680 294021400 7854.631692 209905.053061 845.058060 71880 1.420840 66289479.327649
2200 903 335958680 294021400 7686.491707 209905.053061 845.058060 71880 1.420840 68210301.332048
2201 904 335958680 294021400 6698.386690 209905.053061 845.058060 71880 1.299249 90035811.276484
2202 905 335958680 294021400 6921.238114 209905.053061 845.058060 71880 1.299249 59103580.176907
2203 906 335958680 294021400 6806.631370 227107.968095 845.058060 71880 1.299249 58652714.669066
2204 907 335958680 294021400 6685.502377 217368.315499 845.058060 71880 1.299249 70080716.730403
2205 908 335958680 294021400 7212.735525 852551.336688 845.058060 71880 1.366166 59807974.307913
2206 909 335958680 294021400 7344.354441 882429.160405 845.058060 71880 1.366166 68324221.536907
2207 910 335958680 294021400 7656.678222 852551.336688 845.058060 71880 1.366166 69914295.682555
2208 911 335958680 294021400 7616.629121 883115.848341 845.058060 71880 1.366166 70679099.209677
2209 912 335958680 294021400 6963.303691 851708.004451 845.058060 71880 1.303283 89783475.331673
2210 913 335958680 294021400 7708.575071 877912.862090 845.058060 71880 1.303283 61380889.271881
2211 914 335958680 294021400 7098.384924 851708.004451 845.058060 71880 1.303283 73333506.598325
2212 915 335958680 294021400 7407.708758 851708.004451 845.058060 71880 1.303283 64531001.230529
2213 916 335958680 294021400 6870.261841 209905.053061 845.058060 71880 1.303283 92776870.822689
2214 917 335958680 294021400 7203.951563 344849.356978 845.058060 71880 1.303283 61147952.951731
2215 918 335958680 294021400 6938.070249 209905.053061 845.058060 71880 1.303283 66077487.805031
2216 919 335958680 294021400 6972.593240 209905.053061 845.058060 71880 1.303283 66937243.057415
2217 920 335958680 294021400 7062.145456 879113.456449 845.058060 71880 1.303283 105980388.681387
2218 921 335958680 294021400 6612.549581 850003.314270 845.058060 71880 1.303283 56458986.237793
2219 922 335958680 294021400 6112.497534 850003.314270 845.058060 71880 1.287563 61047376.852774
2220 923 335958680 294021400 6166.566465 879114.607916 845.058060 71880 1.287563 74208697.562060
2221 924 335958680 294021400 13187.212947 214682.120736 591.738319 71880 2.466055 51296586.276131
2222 925 335958680 294021400 12729.813683 214682.120736 591.738319 71880 2.466055 448818377.307145
2223 926 96000 629155200 18865.570479 548567.319218 591.738319 154200 1.866667 1946.758067
2224 927 96000 629155200 19646.202688 539978.243928 1441.053854 154200 2.000000 2423.301892
2270 928 335958680 294021400 10157.696684 141415.763178 845.058060 71880 2.055370 66901176.261154
2271 929 335958680 294021400 10147.315747 144640.679153 845.058060 71880 2.055370 65555180.802117
2272 930 335958680 294021400 9127.821551 857241.776307 845.058060 71880 1.788954 73062256.887642
2273 931 335958680 294021400 9222.601716 871820.889894 845.058060 71880 1.788954 72313315.277443
2274 932 335958680 294021400 8300.958888 871822.524548 845.058060 71880 1.530328 68264584.635795
2275 933 335958680 294021400 7982.562073 857243.410958 845.058060 71880 1.530328 67911490.558510
2276 934 335958680 294021400 11266.116775 884057.642540 845.058060 71880 1.671536 70776962.787606
2277 935 335958680 294021400 10747.528495 873838.182968 845.058060 71880 1.671536 70352881.714035
2278 936 335958680 294021400 10312.366325 871820.339038 845.058060 71880 1.549944 76055472.863063
2279 937 335958680 294021400 10156.174398 857241.225451 845.058060 71880 1.549944 74990675.664062
2280 938 335958680 294021400 10625.201085 872547.953714 845.058060 71880 1.549944 120741795.627670
2281 939 335958680 294021400 9777.875574 872943.322299 845.058060 71880 1.549944 74472233.660580
2282 940 335958680 294021400 10018.356190 872943.322299 845.058060 71880 1.553979 71464630.527817
2283 941 335958680 294021400 10085.103407 871821.707480 845.058060 71880 1.553979 70380773.410775
2284 942 335958680 294021400 10402.577484 871821.416498 845.058060 71880 1.616861 67246627.304494
2285 943 335958680 294021400 10249.472691 857242.302911 845.058060 71880 1.616861 68052046.018137
2286 944 335958680 294021400 10404.854466 870101.463111 845.058060 71880 1.553979 121593558.977993
2287 945 335958680 294021400 10555.421769 870100.179979 845.058060 71880 1.553979 120127624.233062
2288 946 335958680 294021400 10241.135717 871822.359369 845.058060 71880 1.553979 74017698.172666
2289 947 335958680 294021400 9861.392834 871821.711658 845.058060 71880 1.553979 74005795.159824
2290 948 335958680 294021400 10022.064921 857968.787235 845.058060 71880 1.553979 77309466.888155
2291 949 335958680 294021400 10137.945835 872547.900822 845.058060 71880 1.553979 76798381.857083
2292 950 335958680 294021400 10473.595985 872548.278711 845.058060 71880 1.553979 66798037.029272
2293 951 335958680 294021400 10170.866398 872548.150357 845.058060 71880 1.553979 68077859.473780
2294 952 335958680 294021400 10805.202347 872281.312986 845.058060 71880 1.553979 120915047.398977
2295 953 335958680 294021400 10483.496698 872280.653647 845.058060 71880 1.553979 167833391.215220
2296 954 335958680 294021400 9912.065051 477047.412389 845.058060 71880 1.553979 69366440.107522
2297 955 335958680 294021400 9272.669927 477047.412389 845.058060 71880 1.553979 68857816.958385
2298 956 335958680 294021400 9896.319376 475494.194383 591.738319 71880 1.525598 42442560.716267
2299 957 335958680 294021400 9924.394602 475494.194383 591.738319 71880 1.525598 443915809.137236
2300 958 96000 629155200 18017.000117 548991.222137 591.738319 154200 1.866667 564819252.731907
2301 959 96000 629155200 20280.323514 547997.547988 1441.053854 154200 2.000000 2474.732339
2347 960 0 0 -nan 0.000000 2147483647.000000 0 -nan 0.000000
2348 961 0 0 -nan 0.000000 2147483647.000000 0 -nan 0.000000
2349 962 0 0 -nan 0.000000 2147483647.000000 0 -nan 0.000000
2350 963 0 0 -nan 0.000000 2147483647.000000 0 -nan 0.000000
2351 964 0 0 -nan 0.000000 2147483647.000000 0 -nan 0.000000
2352 965 0 0 -nan 0.000000 2147483647.000000 0 -nan 0.000000
2353 966 0 0 -nan 0.000000 2147483647.000000 0 -nan 0.000000
2354 967 0 0 -nan 0.000000 2147483647.000000 0 -nan 0.000000
2355 968 0 0 -nan 0.000000 2147483647.000000 0 -nan 0.000000
2356 969 0 0 -nan 0.000000 2147483647.000000 0 -nan 0.000000
2357 970 0 0 -nan 0.000000 2147483647.000000 0 -nan 0.000000
2358 971 0 0 -nan 0.000000 2147483647.000000 0 -nan 0.000000
2359 972 0 0 -nan 0.000000 2147483647.000000 0 -nan 0.000000
2360 973 0 0 -nan 0.000000 2147483647.000000 0 -nan 0.000000
2361 974 0 0 -nan 0.000000 2147483647.000000 0 -nan 0.000000
2362 975 0 0 -nan 0.000000 2147483647.000000 0 -nan 0.000000
2363 976 0 0 -nan 0.000000 2147483647.000000 0 -nan 0.000000
2364 977 0 0 -nan 0.000000 2147483647.000000 0 -nan 0.000000
2365 978 0 0 -nan 0.000000 2147483647.000000 0 -nan 0.000000
2366 979 0 0 -nan 0.000000 2147483647.000000 0 -nan 0.000000
2367 980 0 0 -nan 0.000000 2147483647.000000 0 -nan 0.000000
2368 981 0 0 -nan 0.000000 2147483647.000000 0 -nan 0.000000
2369 982 0 0 -nan 0.000000 2147483647.000000 0 -nan 0.000000
2370 983 0 0 -nan 0.000000 2147483647.000000 0 -nan 0.000000
2371 984 0 0 -nan 0.000000 2147483647.000000 0 -nan 0.000000
2372 985 0 0 -nan 0.000000 2147483647.000000 0 -nan 0.000000
2373 986 0 0 -nan 0.000000 2147483647.000000 0 -nan 0.000000
2374 987 0 0 -nan 0.000000 2147483647.000000 0 -nan 0.000000
2375 988 0 0 -nan 0.000000 2147483647.000000 0 -nan 0.000000
2376 989 0 0 -nan 0.000000 2147483647.000000 0 -nan 0.000000
2377 990 0 0 -nan 0.000000 2147483647.000000 0 -nan 0.000000
2378 991 0 0 -nan 0.000000 2147483647.000000 0 -nan 0.000000
2424 992 0 0 -nan 0.000000 2147483647.000000 0 -nan 0.000000
2425 993 0 0 -nan 0.000000 2147483647.000000 0 -nan 0.000000
2426 994 0 0 -nan 0.000000 2147483647.000000 0 -nan 0.000000
2427 995 0 0 -nan 0.000000 2147483647.000000 0 -nan 0.000000
2428 996 0 0 -nan 0.000000 2147483647.000000 0 -nan 0.000000
2429 997 0 0 -nan 0.000000 2147483647.000000 0 -nan 0.000000
2430 998 0 0 -nan 0.000000 2147483647.000000 0 -nan 0.000000
2431 999 0 0 -nan 0.000000 2147483647.000000 0 -nan 0.000000
2432 1000 0 0 -nan 0.000000 2147483647.000000 0 -nan 0.000000
2433 1001 0 0 -nan 0.000000 2147483647.000000 0 -nan 0.000000
2434 1002 0 0 -nan 0.000000 2147483647.000000 0 -nan 0.000000
2435 1003 0 0 -nan 0.000000 2147483647.000000 0 -nan 0.000000
2436 1004 0 0 -nan 0.000000 2147483647.000000 0 -nan 0.000000
2437 1005 0 0 -nan 0.000000 2147483647.000000 0 -nan 0.000000
2438 1006 0 0 -nan 0.000000 2147483647.000000 0 -nan 0.000000
2439 1007 0 0 -nan 0.000000 2147483647.000000 0 -nan 0.000000
2440 1008 0 0 -nan 0.000000 2147483647.000000 0 -nan 0.000000
2441 1009 0 0 -nan 0.000000 2147483647.000000 0 -nan 0.000000
2442 1010 0 0 -nan 0.000000 2147483647.000000 0 -nan 0.000000
2443 1011 0 0 -nan 0.000000 2147483647.000000 0 -nan 0.000000
2444 1012 0 0 -nan 0.000000 2147483647.000000 0 -nan 0.000000
2445 1013 0 0 -nan 0.000000 2147483647.000000 0 -nan 0.000000
2446 1014 0 0 -nan 0.000000 2147483647.000000 0 -nan 0.000000
2447 1015 0 0 -nan 0.000000 2147483647.000000 0 -nan 0.000000
2448 1016 0 0 -nan 0.000000 2147483647.000000 0 -nan 0.000000
2449 1017 0 0 -nan 0.000000 2147483647.000000 0 -nan 0.000000
2450 1018 0 0 -nan 0.000000 2147483647.000000 0 -nan 0.000000
2451 1019 0 0 -nan 0.000000 2147483647.000000 0 -nan 0.000000
2452 1020 0 0 -nan 0.000000 2147483647.000000 0 -nan 0.000000
2453 1021 0 0 -nan 0.000000 2147483647.000000 0 -nan 0.000000
2454 1022 0 0 -nan 0.000000 2147483647.000000 0 -nan 0.000000
2455 1023 0 0 -nan 0.000000 2147483647.000000 0 -nan 0.000000
2501 1024 0 0 -nan 0.000000 2147483647.000000 0 -nan 0.000000
2502 1025 0 0 -nan 0.000000 2147483647.000000 0 -nan 0.000000
2503 1026 0 0 -nan 0.000000 2147483647.000000 0 -nan 0.000000
2504 1027 0 0 -nan 0.000000 2147483647.000000 0 -nan 0.000000
2505 1028 0 0 -nan 0.000000 2147483647.000000 0 -nan 0.000000
2506 1029 0 0 -nan 0.000000 2147483647.000000 0 -nan 0.000000
2507 1030 0 0 -nan 0.000000 2147483647.000000 0 -nan 0.000000
2508 1031 0 0 -nan 0.000000 2147483647.000000 0 -nan 0.000000
2509 1032 0 0 -nan 0.000000 2147483647.000000 0 -nan 0.000000
2510 1033 0 0 -nan 0.000000 2147483647.000000 0 -nan 0.000000
2511 1034 0 0 -nan 0.000000 2147483647.000000 0 -nan 0.000000
2512 1035 0 0 -nan 0.000000 2147483647.000000 0 -nan 0.000000
2513 1036 0 0 -nan 0.000000 2147483647.000000 0 -nan 0.000000
2514 1037 0 0 -nan 0.000000 2147483647.000000 0 -nan 0.000000
2515 1038 0 0 -nan 0.000000 2147483647.000000 0 -nan 0.000000
2516 1039 0 0 -nan 0.000000 2147483647.000000 0 -nan 0.000000
2517 1040 0 0 -nan 0.000000 2147483647.000000 0 -nan 0.000000
2518 1041 0 0 -nan 0.000000 2147483647.000000 0 -nan 0.000000
2519 1042 0 0 -nan 0.000000 2147483647.000000 0 -nan 0.000000
2520 1043 0 0 -nan 0.000000 2147483647.000000 0 -nan 0.000000
2521 1044 0 0 -nan 0.000000 2147483647.000000 0 -nan 0.000000
2522 1045 0 0 -nan 0.000000 2147483647.000000 0 -nan 0.000000
2523 1046 0 0 -nan 0.000000 2147483647.000000 0 -nan 0.000000
2524 1047 0 0 -nan 0.000000 2147483647.000000 0 -nan 0.000000
2525 1048 0 0 -nan 0.000000 2147483647.000000 0 -nan 0.000000
2526 1049 0 0 -nan 0.000000 2147483647.000000 0 -nan 0.000000
2527 1050 0 0 -nan 0.000000 2147483647.000000 0 -nan 0.000000
2528 1051 0 0 -nan 0.000000 2147483647.000000 0 -nan 0.000000
2529 1052 0 0 -nan 0.000000 2147483647.000000 0 -nan 0.000000
2530 1053 0 0 -nan 0.000000 2147483647.000000 0 -nan 0.000000
2531 1054 0 0 -nan 0.000000 2147483647.000000 0 -nan 0.000000
2532 1055 0 0 -nan 0.000000 2147483647.000000 0 -nan 0.000000
