# Format: <server id> <LP id> bytes <read> <written> time <written>
0 0 0 0 0.000000 
1 1 0 0 0.000000 
2 77 0 0 0.000000 
3 78 0 0 0.000000 
4 154 0 0 0.000000 
5 155 0 0 0.000000 
6 231 0 0 0.000000 
7 232 0 0 0.000000 
8 308 0 0 0.000000 
9 309 0 0 0.000000 
10 385 0 0 0.000000 
11 386 0 0 0.000000 
12 462 0 0 0.000000 
13 463 0 0 0.000000 
14 539 0 0 0.000000 
15 540 0 0 0.000000 
16 616 0 0 0.000000 
17 617 0 0 0.000000 
18 693 0 0 0.000000 
19 694 0 0 0.000000 
20 770 0 0 0.000000 
21 771 0 0 0.000000 
22 847 0 0 0.000000 
23 848 0 0 0.000000 
24 924 0 0 0.000000 
25 925 0 0 0.000000 
26 1001 0 0 0.000000 
27 1002 0 0 0.000000 
28 1078 0 0 0.000000 
29 1079 0 0 0.000000 
30 1155 0 0 0.000000 
31 1156 0 0 0.000000 
32 1232 0 0 0.000000 
33 1233 0 0 0.000000 
34 1309 0 0 0.000000 
35 1310 0 0 0.000000 
36 1386 0 0 0.000000 
37 1387 0 0 0.000000 
38 1463 0 0 0.000000 
39 1464 0 0 0.000000 
40 1540 0 629145600 79245776946.938995 
41 1541 0 629145600 75200648491.879395 
42 1617 0 629145600 76912479192.886780 
43 1618 0 629145600 69051176640.398819 
44 1694 0 629145600 79155629920.690002 
45 1695 0 629145600 65393887262.376213 
46 1771 0 629145600 78958191394.216125 
47 1772 0 629145600 72303328557.941437 
48 1848 0 629145600 75822272183.690247 
49 1849 0 629145600 75225801660.191177 
50 1925 0 629145600 77656625092.050949 
51 1926 0 629145600 70961426197.572632 
52 2002 0 629145600 79651993237.504166 
53 2003 0 629145600 75180035438.470093 
54 2079 0 629145600 73641916718.702118 
55 2080 0 629145600 74660868394.410583 
56 2156 0 629145600 78947494619.746948 
57 2157 0 629145600 74817575259.765350 
58 2233 0 629145600 73773140646.323822 
59 2234 0 629145600 74756582156.897110 
60 2310 0 0 0.000000 
61 2311 0 0 0.000000 
62 2387 0 0 0.000000 
63 2388 0 0 0.000000 
64 2464 0 0 0.000000 
65 2465 0 0 0.000000 
