# Format <LP id> <Terminal ID> <Total Data Sent> <Total Data Received> <Avg packet latency> <Max packet Latency> <Min packet Latency> <# Packets finished> <Avg Hops> <Avg Busy Time (over rails)>
37 0 0 0 -nan 0.000000 2147483647.000000 0 -nan 0.000000
38 1 0 0 -nan 0.000000 2147483647.000000 0 -nan 0.000000
39 2 0 0 -nan 0.000000 2147483647.000000 0 -nan 0.000000
40 3 0 0 -nan 0.000000 2147483647.000000 0 -nan 0.000000
41 4 0 0 -nan 0.000000 2147483647.000000 0 -nan 0.000000
42 5 0 0 -nan 0.000000 2147483647.000000 0 -nan 0.000000
43 6 0 0 -nan 0.000000 2147483647.000000 0 -nan 0.000000
44 7 0 0 -nan 0.000000 2147483647.000000 0 -nan 0.000000
45 8 0 0 -nan 0.000000 2147483647.000000 0 -nan 0.000000
46 9 0 0 -nan 0.000000 2147483647.000000 0 -nan 0.000000
47 10 0 0 -nan 0.000000 2147483647.000000 0 -nan 0.000000
48 11 0 0 -nan 0.000000 2147483647.000000 0 -nan 0.000000
49 12 0 0 -nan 0.000000 2147483647.000000 0 -nan 0.000000
50 13 0 0 -nan 0.000000 2147483647.000000 0 -nan 0.000000
51 14 0 0 -nan 0.000000 2147483647.000000 0 -nan 0.000000
52 15 0 0 -nan 0.000000 2147483647.000000 0 -nan 0.000000
53 16 0 0 -nan 0.000000 2147483647.000000 0 -nan 0.000000
54 17 0 0 -nan 0.000000 2147483647.000000 0 -nan 0.000000
55 18 0 0 -nan 0.000000 2147483647.000000 0 -nan 0.000000
56 19 0 0 -nan 0.000000 2147483647.000000 0 -nan 0.000000
57 20 0 0 -nan 0.000000 2147483647.000000 0 -nan 0.000000
58 21 0 0 -nan 0.000000 2147483647.000000 0 -nan 0.000000
59 22 0 0 -nan 0.000000 2147483647.000000 0 -nan 0.000000
60 23 0 0 -nan 0.000000 2147483647.000000 0 -nan 0.000000
61 24 0 0 -nan 0.000000 2147483647.000000 0 -nan 0.000000
62 25 0 0 -nan 0.000000 2147483647.000000 0 -nan 0.000000
63 26 0 0 -nan 0.000000 2147483647.000000 0 -nan 0.000000
64 27 0 0 -nan 0.000000 2147483647.000000 0 -nan 0.000000
65 28 0 0 -nan 0.000000 2147483647.000000 0 -nan 0.000000
66 29 0 0 -nan 0.000000 2147483647.000000 0 -nan 0.000000
67 30 0 0 -nan 0.000000 2147483647.000000 0 -nan 0.000000
68 31 0 0 -nan 0.000000 2147483647.000000 0 -nan 0.000000
114 32 0 0 -nan 0.000000 2147483647.000000 0 -nan 0.000000
115 33 0 0 -nan 0.000000 2147483647.000000 0 -nan 0.000000
116 34 0 0 -nan 0.000000 2147483647.000000 0 -nan 0.000000
117 35 0 0 -nan 0.000000 2147483647.000000 0 -nan 0.000000
118 36 0 0 -nan 0.000000 2147483647.000000 0 -nan 0.000000
119 37 0 0 -nan 0.000000 2147483647.000000 0 -nan 0.000000
120 38 0 0 -nan 0.000000 2147483647.000000 0 -nan 0.000000
121 39 0 0 -nan 0.000000 2147483647.000000 0 -nan 0.000000
122 40 0 0 -nan 0.000000 2147483647.000000 0 -nan 0.000000
123 41 0 0 -nan 0.000000 2147483647.000000 0 -nan 0.000000
124 42 0 0 -nan 0.000000 2147483647.000000 0 -nan 0.000000
125 43 0 0 -nan 0.000000 2147483647.000000 0 -nan 0.000000
126 44 0 0 -nan 0.000000 2147483647.000000 0 -nan 0.000000
127 45 0 0 -nan 0.000000 2147483647.000000 0 -nan 0.000000
128 46 0 0 -nan 0.000000 2147483647.000000 0 -nan 0.000000
129 47 0 0 -nan 0.000000 2147483647.000000 0 -nan 0.000000
130 48 0 0 -nan 0.000000 2147483647.000000 0 -nan 0.000000
131 49 0 0 -nan 0.000000 2147483647.000000 0 -nan 0.000000
132 50 0 0 -nan 0.000000 2147483647.000000 0 -nan 0.000000
133 51 0 0 -nan 0.000000 2147483647.000000 0 -nan 0.000000
134 52 0 0 -nan 0.000000 2147483647.000000 0 -nan 0.000000
135 53 0 0 -nan 0.000000 2147483647.000000 0 -nan 0.000000
136 54 0 0 -nan 0.000000 2147483647.000000 0 -nan 0.000000
137 55 0 0 -nan 0.000000 2147483647.000000 0 -nan 0.000000
138 56 0 0 -nan 0.000000 2147483647.000000 0 -nan 0.000000
139 57 0 0 -nan 0.000000 2147483647.000000 0 -nan 0.000000
140 58 0 0 -nan 0.000000 2147483647.000000 0 -nan 0.000000
141 59 0 0 -nan 0.000000 2147483647.000000 0 -nan 0.000000
142 60 0 0 -nan 0.000000 2147483647.000000 0 -nan 0.000000
143 61 0 0 -nan 0.000000 2147483647.000000 0 -nan 0.000000
144 62 0 0 -nan 0.000000 2147483647.000000 0 -nan 0.000000
145 63 0 0 -nan 0.000000 2147483647.000000 0 -nan 0.000000
191 64 0 0 -nan 0.000000 2147483647.000000 0 -nan 0.000000
192 65 0 0 -nan 0.000000 2147483647.000000 0 -nan 0.000000
193 66 0 0 -nan 0.000000 2147483647.000000 0 -nan 0.000000
194 67 0 0 -nan 0.000000 2147483647.000000 0 -nan 0.000000
195 68 0 0 -nan 0.000000 2147483647.000000 0 -nan 0.000000
196 69 0 0 -nan 0.000000 2147483647.000000 0 -nan 0.000000
197 70 0 0 -nan 0.000000 2147483647.000000 0 -nan 0.000000
198 71 0 0 -nan 0.000000 2147483647.000000 0 -nan 0.000000
199 72 0 0 -nan 0.000000 2147483647.000000 0 -nan 0.000000
200 73 0 0 -nan 0.000000 2147483647.000000 0 -nan 0.000000
201 74 0 0 -nan 0.000000 2147483647.000000 0 -nan 0.000000
202 75 0 0 -nan 0.000000 2147483647.000000 0 -nan 0.000000
203 76 0 0 -nan 0.000000 2147483647.000000 0 -nan 0.000000
204 77 0 0 -nan 0.000000 2147483647.000000 0 -nan 0.000000
205 78 0 0 -nan 0.000000 2147483647.000000 0 -nan 0.000000
206 79 0 0 -nan 0.000000 2147483647.000000 0 -nan 0.000000
207 80 0 0 -nan 0.000000 2147483647.000000 0 -nan 0.000000
208 81 0 0 -nan 0.000000 2147483647.000000 0 -nan 0.000000
209 82 0 0 -nan 0.000000 2147483647.000000 0 -nan 0.000000
210 83 0 0 -nan 0.000000 2147483647.000000 0 -nan 0.000000
211 84 0 0 -nan 0.000000 2147483647.000000 0 -nan 0.000000
212 85 0 0 -nan 0.000000 2147483647.000000 0 -nan 0.000000
213 86 0 0 -nan 0.000000 2147483647.000000 0 -nan 0.000000
214 87 0 0 -nan 0.000000 2147483647.000000 0 -nan 0.000000
215 88 0 0 -nan 0.000000 2147483647.000000 0 -nan 0.000000
216 89 0 0 -nan 0.000000 2147483647.000000 0 -nan 0.000000
217 90 0 0 -nan 0.000000 2147483647.000000 0 -nan 0.000000
218 91 0 0 -nan 0.000000 2147483647.000000 0 -nan 0.000000
219 92 0 0 -nan 0.000000 2147483647.000000 0 -nan 0.000000
220 93 0 0 -nan 0.000000 2147483647.000000 0 -nan 0.000000
221 94 0 0 -nan 0.000000 2147483647.000000 0 -nan 0.000000
222 95 0 0 -nan 0.000000 2147483647.000000 0 -nan 0.000000
268 96 0 0 -nan 0.000000 2147483647.000000 0 -nan 0.000000
269 97 0 0 -nan 0.000000 2147483647.000000 0 -nan 0.000000
270 98 0 0 -nan 0.000000 2147483647.000000 0 -nan 0.000000
271 99 0 0 -nan 0.000000 2147483647.000000 0 -nan 0.000000
272 100 0 0 -nan 0.000000 2147483647.000000 0 -nan 0.000000
273 101 0 0 -nan 0.000000 2147483647.000000 0 -nan 0.000000
274 102 0 0 -nan 0.000000 2147483647.000000 0 -nan 0.000000
275 103 0 0 -nan 0.000000 2147483647.000000 0 -nan 0.000000
276 104 0 0 -nan 0.000000 2147483647.000000 0 -nan 0.000000
277 105 0 0 -nan 0.000000 2147483647.000000 0 -nan 0.000000
278 106 0 0 -nan 0.000000 2147483647.000000 0 -nan 0.000000
279 107 0 0 -nan 0.000000 2147483647.000000 0 -nan 0.000000
280 108 0 0 -nan 0.000000 2147483647.000000 0 -nan 0.000000
281 109 0 0 -nan 0.000000 2147483647.000000 0 -nan 0.000000
282 110 0 0 -nan 0.000000 2147483647.000000 0 -nan 0.000000
283 111 0 0 -nan 0.000000 2147483647.000000 0 -nan 0.000000
284 112 0 0 -nan 0.000000 2147483647.000000 0 -nan 0.000000
285 113 0 0 -nan 0.000000 2147483647.000000 0 -nan 0.000000
286 114 0 0 -nan 0.000000 2147483647.000000 0 -nan 0.000000
287 115 0 0 -nan 0.000000 2147483647.000000 0 -nan 0.000000
288 116 0 0 -nan 0.000000 2147483647.000000 0 -nan 0.000000
289 117 0 0 -nan 0.000000 2147483647.000000 0 -nan 0.000000
290 118 0 0 -nan 0.000000 2147483647.000000 0 -nan 0.000000
291 119 0 0 -nan 0.000000 2147483647.000000 0 -nan 0.000000
292 120 0 0 -nan 0.000000 2147483647.000000 0 -nan 0.000000
293 121 0 0 -nan 0.000000 2147483647.000000 0 -nan 0.000000
294 122 0 0 -nan 0.000000 2147483647.000000 0 -nan 0.000000
295 123 0 0 -nan 0.000000 2147483647.000000 0 -nan 0.000000
296 124 0 0 -nan 0.000000 2147483647.000000 0 -nan 0.000000
297 125 0 0 -nan 0.000000 2147483647.000000 0 -nan 0.000000
298 126 0 0 -nan 0.000000 2147483647.000000 0 -nan 0.000000
299 127 0 0 -nan 0.000000 2147483647.000000 0 -nan 0.000000
345 128 0 0 -nan 0.000000 2147483647.000000 0 -nan 0.000000
346 129 0 0 -nan 0.000000 2147483647.000000 0 -nan 0.000000
347 130 0 0 -nan 0.000000 2147483647.000000 0 -nan 0.000000
348 131 0 0 -nan 0.000000 2147483647.000000 0 -nan 0.000000
349 132 0 0 -nan 0.000000 2147483647.000000 0 -nan 0.000000
350 133 0 0 -nan 0.000000 2147483647.000000 0 -nan 0.000000
351 134 0 0 -nan 0.000000 2147483647.000000 0 -nan 0.000000
352 135 0 0 -nan 0.000000 2147483647.000000 0 -nan 0.000000
353 136 0 0 -nan 0.000000 2147483647.000000 0 -nan 0.000000
354 137 0 0 -nan 0.000000 2147483647.000000 0 -nan 0.000000
355 138 0 0 -nan 0.000000 2147483647.000000 0 -nan 0.000000
356 139 0 0 -nan 0.000000 2147483647.000000 0 -nan 0.000000
357 140 0 0 -nan 0.000000 2147483647.000000 0 -nan 0.000000
358 141 0 0 -nan 0.000000 2147483647.000000 0 -nan 0.000000
359 142 0 0 -nan 0.000000 2147483647.000000 0 -nan 0.000000
360 143 0 0 -nan 0.000000 2147483647.000000 0 -nan 0.000000
361 144 0 0 -nan 0.000000 2147483647.000000 0 -nan 0.000000
362 145 0 0 -nan 0.000000 2147483647.000000 0 -nan 0.000000
363 146 0 0 -nan 0.000000 2147483647.000000 0 -nan 0.000000
364 147 0 0 -nan 0.000000 2147483647.000000 0 -nan 0.000000
365 148 0 0 -nan 0.000000 2147483647.000000 0 -nan 0.000000
366 149 0 0 -nan 0.000000 2147483647.000000 0 -nan 0.000000
367 150 0 0 -nan 0.000000 2147483647.000000 0 -nan 0.000000
368 151 0 0 -nan 0.000000 2147483647.000000 0 -nan 0.000000
369 152 0 0 -nan 0.000000 2147483647.000000 0 -nan 0.000000
370 153 0 0 -nan 0.000000 2147483647.000000 0 -nan 0.000000
371 154 0 0 -nan 0.000000 2147483647.000000 0 -nan 0.000000
372 155 0 0 -nan 0.000000 2147483647.000000 0 -nan 0.000000
373 156 0 0 -nan 0.000000 2147483647.000000 0 -nan 0.000000
374 157 0 0 -nan 0.000000 2147483647.000000 0 -nan 0.000000
375 158 0 0 -nan 0.000000 2147483647.000000 0 -nan 0.000000
376 159 0 0 -nan 0.000000 2147483647.000000 0 -nan 0.000000
422 160 0 0 -nan 0.000000 2147483647.000000 0 -nan 0.000000
423 161 0 0 -nan 0.000000 2147483647.000000 0 -nan 0.000000
424 162 0 0 -nan 0.000000 2147483647.000000 0 -nan 0.000000
425 163 0 0 -nan 0.000000 2147483647.000000 0 -nan 0.000000
426 164 0 0 -nan 0.000000 2147483647.000000 0 -nan 0.000000
427 165 0 0 -nan 0.000000 2147483647.000000 0 -nan 0.000000
428 166 0 0 -nan 0.000000 2147483647.000000 0 -nan 0.000000
429 167 0 0 -nan 0.000000 2147483647.000000 0 -nan 0.000000
430 168 0 0 -nan 0.000000 2147483647.000000 0 -nan 0.000000
431 169 0 0 -nan 0.000000 2147483647.000000 0 -nan 0.000000
432 170 0 0 -nan 0.000000 2147483647.000000 0 -nan 0.000000
433 171 0 0 -nan 0.000000 2147483647.000000 0 -nan 0.000000
434 172 0 0 -nan 0.000000 2147483647.000000 0 -nan 0.000000
435 173 0 0 -nan 0.000000 2147483647.000000 0 -nan 0.000000
436 174 0 0 -nan 0.000000 2147483647.000000 0 -nan 0.000000
437 175 0 0 -nan 0.000000 2147483647.000000 0 -nan 0.000000
438 176 0 0 -nan 0.000000 2147483647.000000 0 -nan 0.000000
439 177 0 0 -nan 0.000000 2147483647.000000 0 -nan 0.000000
440 178 0 0 -nan 0.000000 2147483647.000000 0 -nan 0.000000
441 179 0 0 -nan 0.000000 2147483647.000000 0 -nan 0.000000
442 180 0 0 -nan 0.000000 2147483647.000000 0 -nan 0.000000
443 181 0 0 -nan 0.000000 2147483647.000000 0 -nan 0.000000
444 182 0 0 -nan 0.000000 2147483647.000000 0 -nan 0.000000
445 183 0 0 -nan 0.000000 2147483647.000000 0 -nan 0.000000
446 184 0 0 -nan 0.000000 2147483647.000000 0 -nan 0.000000
447 185 0 0 -nan 0.000000 2147483647.000000 0 -nan 0.000000
448 186 0 0 -nan 0.000000 2147483647.000000 0 -nan 0.000000
449 187 0 0 -nan 0.000000 2147483647.000000 0 -nan 0.000000
450 188 0 0 -nan 0.000000 2147483647.000000 0 -nan 0.000000
451 189 0 0 -nan 0.000000 2147483647.000000 0 -nan 0.000000
452 190 0 0 -nan 0.000000 2147483647.000000 0 -nan 0.000000
453 191 0 0 -nan 0.000000 2147483647.000000 0 -nan 0.000000
499 192 0 0 -nan 0.000000 2147483647.000000 0 -nan 0.000000
500 193 0 0 -nan 0.000000 2147483647.000000 0 -nan 0.000000
501 194 0 0 -nan 0.000000 2147483647.000000 0 -nan 0.000000
502 195 0 0 -nan 0.000000 2147483647.000000 0 -nan 0.000000
503 196 0 0 -nan 0.000000 2147483647.000000 0 -nan 0.000000
504 197 0 0 -nan 0.000000 2147483647.000000 0 -nan 0.000000
505 198 0 0 -nan 0.000000 2147483647.000000 0 -nan 0.000000
506 199 0 0 -nan 0.000000 2147483647.000000 0 -nan 0.000000
507 200 0 0 -nan 0.000000 2147483647.000000 0 -nan 0.000000
508 201 0 0 -nan 0.000000 2147483647.000000 0 -nan 0.000000
509 202 0 0 -nan 0.000000 2147483647.000000 0 -nan 0.000000
510 203 0 0 -nan 0.000000 2147483647.000000 0 -nan 0.000000
511 204 0 0 -nan 0.000000 2147483647.000000 0 -nan 0.000000
512 205 0 0 -nan 0.000000 2147483647.000000 0 -nan 0.000000
513 206 0 0 -nan 0.000000 2147483647.000000 0 -nan 0.000000
514 207 0 0 -nan 0.000000 2147483647.000000 0 -nan 0.000000
515 208 0 0 -nan 0.000000 2147483647.000000 0 -nan 0.000000
516 209 0 0 -nan 0.000000 2147483647.000000 0 -nan 0.000000
517 210 0 0 -nan 0.000000 2147483647.000000 0 -nan 0.000000
518 211 0 0 -nan 0.000000 2147483647.000000 0 -nan 0.000000
519 212 0 0 -nan 0.000000 2147483647.000000 0 -nan 0.000000
520 213 0 0 -nan 0.000000 2147483647.000000 0 -nan 0.000000
521 214 0 0 -nan 0.000000 2147483647.000000 0 -nan 0.000000
522 215 0 0 -nan 0.000000 2147483647.000000 0 -nan 0.000000
523 216 0 0 -nan 0.000000 2147483647.000000 0 -nan 0.000000
524 217 0 0 -nan 0.000000 2147483647.000000 0 -nan 0.000000
525 218 0 0 -nan 0.000000 2147483647.000000 0 -nan 0.000000
526 219 0 0 -nan 0.000000 2147483647.000000 0 -nan 0.000000
527 220 0 0 -nan 0.000000 2147483647.000000 0 -nan 0.000000
528 221 0 0 -nan 0.000000 2147483647.000000 0 -nan 0.000000
529 222 0 0 -nan 0.000000 2147483647.000000 0 -nan 0.000000
530 223 0 0 -nan 0.000000 2147483647.000000 0 -nan 0.000000
576 224 0 0 -nan 0.000000 2147483647.000000 0 -nan 0.000000
577 225 0 0 -nan 0.000000 2147483647.000000 0 -nan 0.000000
578 226 0 0 -nan 0.000000 2147483647.000000 0 -nan 0.000000
579 227 0 0 -nan 0.000000 2147483647.000000 0 -nan 0.000000
580 228 0 0 -nan 0.000000 2147483647.000000 0 -nan 0.000000
581 229 0 0 -nan 0.000000 2147483647.000000 0 -nan 0.000000
582 230 0 0 -nan 0.000000 2147483647.000000 0 -nan 0.000000
583 231 0 0 -nan 0.000000 2147483647.000000 0 -nan 0.000000
584 232 0 0 -nan 0.000000 2147483647.000000 0 -nan 0.000000
585 233 0 0 -nan 0.000000 2147483647.000000 0 -nan 0.000000
586 234 0 0 -nan 0.000000 2147483647.000000 0 -nan 0.000000
587 235 0 0 -nan 0.000000 2147483647.000000 0 -nan 0.000000
588 236 0 0 -nan 0.000000 2147483647.000000 0 -nan 0.000000
589 237 0 0 -nan 0.000000 2147483647.000000 0 -nan 0.000000
590 238 0 0 -nan 0.000000 2147483647.000000 0 -nan 0.000000
591 239 0 0 -nan 0.000000 2147483647.000000 0 -nan 0.000000
592 240 0 0 -nan 0.000000 2147483647.000000 0 -nan 0.000000
593 241 0 0 -nan 0.000000 2147483647.000000 0 -nan 0.000000
594 242 0 0 -nan 0.000000 2147483647.000000 0 -nan 0.000000
595 243 0 0 -nan 0.000000 2147483647.000000 0 -nan 0.000000
596 244 0 0 -nan 0.000000 2147483647.000000 0 -nan 0.000000
597 245 0 0 -nan 0.000000 2147483647.000000 0 -nan 0.000000
598 246 0 0 -nan 0.000000 2147483647.000000 0 -nan 0.000000
599 247 0 0 -nan 0.000000 2147483647.000000 0 -nan 0.000000
600 248 0 0 -nan 0.000000 2147483647.000000 0 -nan 0.000000
601 249 0 0 -nan 0.000000 2147483647.000000 0 -nan 0.000000
602 250 0 0 -nan 0.000000 2147483647.000000 0 -nan 0.000000
603 251 0 0 -nan 0.000000 2147483647.000000 0 -nan 0.000000
604 252 0 0 -nan 0.000000 2147483647.000000 0 -nan 0.000000
605 253 0 0 -nan 0.000000 2147483647.000000 0 -nan 0.000000
606 254 0 0 -nan 0.000000 2147483647.000000 0 -nan 0.000000
607 255 0 0 -nan 0.000000 2147483647.000000 0 -nan 0.000000
653 256 0 0 -nan 0.000000 2147483647.000000 0 -nan 0.000000
654 257 0 0 -nan 0.000000 2147483647.000000 0 -nan 0.000000
655 258 0 0 -nan 0.000000 2147483647.000000 0 -nan 0.000000
656 259 0 0 -nan 0.000000 2147483647.000000 0 -nan 0.000000
657 260 0 0 -nan 0.000000 2147483647.000000 0 -nan 0.000000
658 261 0 0 -nan 0.000000 2147483647.000000 0 -nan 0.000000
659 262 0 0 -nan 0.000000 2147483647.000000 0 -nan 0.000000
660 263 0 0 -nan 0.000000 2147483647.000000 0 -nan 0.000000
661 264 0 0 -nan 0.000000 2147483647.000000 0 -nan 0.000000
662 265 0 0 -nan 0.000000 2147483647.000000 0 -nan 0.000000
663 266 0 0 -nan 0.000000 2147483647.000000 0 -nan 0.000000
664 267 0 0 -nan 0.000000 2147483647.000000 0 -nan 0.000000
665 268 0 0 -nan 0.000000 2147483647.000000 0 -nan 0.000000
666 269 0 0 -nan 0.000000 2147483647.000000 0 -nan 0.000000
667 270 0 0 -nan 0.000000 2147483647.000000 0 -nan 0.000000
668 271 0 0 -nan 0.000000 2147483647.000000 0 -nan 0.000000
669 272 0 0 -nan 0.000000 2147483647.000000 0 -nan 0.000000
670 273 0 0 -nan 0.000000 2147483647.000000 0 -nan 0.000000
671 274 0 0 -nan 0.000000 2147483647.000000 0 -nan 0.000000
672 275 0 0 -nan 0.000000 2147483647.000000 0 -nan 0.000000
673 276 0 0 -nan 0.000000 2147483647.000000 0 -nan 0.000000
674 277 0 0 -nan 0.000000 2147483647.000000 0 -nan 0.000000
675 278 0 0 -nan 0.000000 2147483647.000000 0 -nan 0.000000
676 279 0 0 -nan 0.000000 2147483647.000000 0 -nan 0.000000
677 280 0 0 -nan 0.000000 2147483647.000000 0 -nan 0.000000
678 281 0 0 -nan 0.000000 2147483647.000000 0 -nan 0.000000
679 282 0 0 -nan 0.000000 2147483647.000000 0 -nan 0.000000
680 283 0 0 -nan 0.000000 2147483647.000000 0 -nan 0.000000
681 284 0 0 -nan 0.000000 2147483647.000000 0 -nan 0.000000
682 285 0 0 -nan 0.000000 2147483647.000000 0 -nan 0.000000
683 286 0 0 -nan 0.000000 2147483647.000000 0 -nan 0.000000
684 287 0 0 -nan 0.000000 2147483647.000000 0 -nan 0.000000
730 288 0 0 -nan 0.000000 2147483647.000000 0 -nan 0.000000
731 289 0 0 -nan 0.000000 2147483647.000000 0 -nan 0.000000
732 290 0 0 -nan 0.000000 2147483647.000000 0 -nan 0.000000
733 291 0 0 -nan 0.000000 2147483647.000000 0 -nan 0.000000
734 292 0 0 -nan 0.000000 2147483647.000000 0 -nan 0.000000
735 293 0 0 -nan 0.000000 2147483647.000000 0 -nan 0.000000
736 294 0 0 -nan 0.000000 2147483647.000000 0 -nan 0.000000
737 295 0 0 -nan 0.000000 2147483647.000000 0 -nan 0.000000
738 296 0 0 -nan 0.000000 2147483647.000000 0 -nan 0.000000
739 297 0 0 -nan 0.000000 2147483647.000000 0 -nan 0.000000
740 298 0 0 -nan 0.000000 2147483647.000000 0 -nan 0.000000
741 299 0 0 -nan 0.000000 2147483647.000000 0 -nan 0.000000
742 300 0 0 -nan 0.000000 2147483647.000000 0 -nan 0.000000
743 301 0 0 -nan 0.000000 2147483647.000000 0 -nan 0.000000
744 302 0 0 -nan 0.000000 2147483647.000000 0 -nan 0.000000
745 303 0 0 -nan 0.000000 2147483647.000000 0 -nan 0.000000
746 304 0 0 -nan 0.000000 2147483647.000000 0 -nan 0.000000
747 305 0 0 -nan 0.000000 2147483647.000000 0 -nan 0.000000
748 306 0 0 -nan 0.000000 2147483647.000000 0 -nan 0.000000
749 307 0 0 -nan 0.000000 2147483647.000000 0 -nan 0.000000
750 308 0 0 -nan 0.000000 2147483647.000000 0 -nan 0.000000
751 309 0 0 -nan 0.000000 2147483647.000000 0 -nan 0.000000
752 310 0 0 -nan 0.000000 2147483647.000000 0 -nan 0.000000
753 311 0 0 -nan 0.000000 2147483647.000000 0 -nan 0.000000
754 312 0 0 -nan 0.000000 2147483647.000000 0 -nan 0.000000
755 313 0 0 -nan 0.000000 2147483647.000000 0 -nan 0.000000
756 314 0 0 -nan 0.000000 2147483647.000000 0 -nan 0.000000
757 315 0 0 -nan 0.000000 2147483647.000000 0 -nan 0.000000
758 316 0 0 -nan 0.000000 2147483647.000000 0 -nan 0.000000
759 317 0 0 -nan 0.000000 2147483647.000000 0 -nan 0.000000
760 318 0 0 -nan 0.000000 2147483647.000000 0 -nan 0.000000
761 319 0 0 -nan 0.000000 2147483647.000000 0 -nan 0.000000
807 320 0 0 -nan 0.000000 2147483647.000000 0 -nan 0.000000
808 321 0 0 -nan 0.000000 2147483647.000000 0 -nan 0.000000
809 322 0 0 -nan 0.000000 2147483647.000000 0 -nan 0.000000
810 323 0 0 -nan 0.000000 2147483647.000000 0 -nan 0.000000
811 324 0 0 -nan 0.000000 2147483647.000000 0 -nan 0.000000
812 325 0 0 -nan 0.000000 2147483647.000000 0 -nan 0.000000
813 326 0 0 -nan 0.000000 2147483647.000000 0 -nan 0.000000
814 327 0 0 -nan 0.000000 2147483647.000000 0 -nan 0.000000
815 328 0 0 -nan 0.000000 2147483647.000000 0 -nan 0.000000
816 329 0 0 -nan 0.000000 2147483647.000000 0 -nan 0.000000
817 330 0 0 -nan 0.000000 2147483647.000000 0 -nan 0.000000
818 331 0 0 -nan 0.000000 2147483647.000000 0 -nan 0.000000
819 332 0 0 -nan 0.000000 2147483647.000000 0 -nan 0.000000
820 333 0 0 -nan 0.000000 2147483647.000000 0 -nan 0.000000
821 334 0 0 -nan 0.000000 2147483647.000000 0 -nan 0.000000
822 335 0 0 -nan 0.000000 2147483647.000000 0 -nan 0.000000
823 336 0 0 -nan 0.000000 2147483647.000000 0 -nan 0.000000
824 337 0 0 -nan 0.000000 2147483647.000000 0 -nan 0.000000
825 338 0 0 -nan 0.000000 2147483647.000000 0 -nan 0.000000
826 339 0 0 -nan 0.000000 2147483647.000000 0 -nan 0.000000
827 340 0 0 -nan 0.000000 2147483647.000000 0 -nan 0.000000
828 341 0 0 -nan 0.000000 2147483647.000000 0 -nan 0.000000
829 342 0 0 -nan 0.000000 2147483647.000000 0 -nan 0.000000
830 343 0 0 -nan 0.000000 2147483647.000000 0 -nan 0.000000
831 344 0 0 -nan 0.000000 2147483647.000000 0 -nan 0.000000
832 345 0 0 -nan 0.000000 2147483647.000000 0 -nan 0.000000
833 346 0 0 -nan 0.000000 2147483647.000000 0 -nan 0.000000
834 347 0 0 -nan 0.000000 2147483647.000000 0 -nan 0.000000
835 348 0 0 -nan 0.000000 2147483647.000000 0 -nan 0.000000
836 349 0 0 -nan 0.000000 2147483647.000000 0 -nan 0.000000
837 350 0 0 -nan 0.000000 2147483647.000000 0 -nan 0.000000
838 351 0 0 -nan 0.000000 2147483647.000000 0 -nan 0.000000
884 352 0 0 -nan 0.000000 2147483647.000000 0 -nan 0.000000
885 353 0 0 -nan 0.000000 2147483647.000000 0 -nan 0.000000
886 354 0 0 -nan 0.000000 2147483647.000000 0 -nan 0.000000
887 355 0 0 -nan 0.000000 2147483647.000000 0 -nan 0.000000
888 356 0 0 -nan 0.000000 2147483647.000000 0 -nan 0.000000
889 357 0 0 -nan 0.000000 2147483647.000000 0 -nan 0.000000
890 358 0 0 -nan 0.000000 2147483647.000000 0 -nan 0.000000
891 359 0 0 -nan 0.000000 2147483647.000000 0 -nan 0.000000
892 360 0 0 -nan 0.000000 2147483647.000000 0 -nan 0.000000
893 361 0 0 -nan 0.000000 2147483647.000000 0 -nan 0.000000
894 362 0 0 -nan 0.000000 2147483647.000000 0 -nan 0.000000
895 363 0 0 -nan 0.000000 2147483647.000000 0 -nan 0.000000
896 364 0 0 -nan 0.000000 2147483647.000000 0 -nan 0.000000
897 365 0 0 -nan 0.000000 2147483647.000000 0 -nan 0.000000
898 366 0 0 -nan 0.000000 2147483647.000000 0 -nan 0.000000
899 367 0 0 -nan 0.000000 2147483647.000000 0 -nan 0.000000
900 368 0 0 -nan 0.000000 2147483647.000000 0 -nan 0.000000
901 369 0 0 -nan 0.000000 2147483647.000000 0 -nan 0.000000
902 370 0 0 -nan 0.000000 2147483647.000000 0 -nan 0.000000
903 371 0 0 -nan 0.000000 2147483647.000000 0 -nan 0.000000
904 372 0 0 -nan 0.000000 2147483647.000000 0 -nan 0.000000
905 373 0 0 -nan 0.000000 2147483647.000000 0 -nan 0.000000
906 374 0 0 -nan 0.000000 2147483647.000000 0 -nan 0.000000
907 375 0 0 -nan 0.000000 2147483647.000000 0 -nan 0.000000
908 376 0 0 -nan 0.000000 2147483647.000000 0 -nan 0.000000
909 377 0 0 -nan 0.000000 2147483647.000000 0 -nan 0.000000
910 378 0 0 -nan 0.000000 2147483647.000000 0 -nan 0.000000
911 379 0 0 -nan 0.000000 2147483647.000000 0 -nan 0.000000
912 380 0 0 -nan 0.000000 2147483647.000000 0 -nan 0.000000
913 381 0 0 -nan 0.000000 2147483647.000000 0 -nan 0.000000
914 382 0 0 -nan 0.000000 2147483647.000000 0 -nan 0.000000
915 383 0 0 -nan 0.000000 2147483647.000000 0 -nan 0.000000
961 384 0 0 -nan 0.000000 2147483647.000000 0 -nan 0.000000
962 385 0 0 -nan 0.000000 2147483647.000000 0 -nan 0.000000
963 386 0 0 -nan 0.000000 2147483647.000000 0 -nan 0.000000
964 387 0 0 -nan 0.000000 2147483647.000000 0 -nan 0.000000
965 388 0 0 -nan 0.000000 2147483647.000000 0 -nan 0.000000
966 389 0 0 -nan 0.000000 2147483647.000000 0 -nan 0.000000
967 390 0 0 -nan 0.000000 2147483647.000000 0 -nan 0.000000
968 391 0 0 -nan 0.000000 2147483647.000000 0 -nan 0.000000
969 392 0 0 -nan 0.000000 2147483647.000000 0 -nan 0.000000
970 393 0 0 -nan 0.000000 2147483647.000000 0 -nan 0.000000
971 394 0 0 -nan 0.000000 2147483647.000000 0 -nan 0.000000
972 395 0 0 -nan 0.000000 2147483647.000000 0 -nan 0.000000
973 396 0 0 -nan 0.000000 2147483647.000000 0 -nan 0.000000
974 397 0 0 -nan 0.000000 2147483647.000000 0 -nan 0.000000
975 398 0 0 -nan 0.000000 2147483647.000000 0 -nan 0.000000
976 399 0 0 -nan 0.000000 2147483647.000000 0 -nan 0.000000
977 400 0 0 -nan 0.000000 2147483647.000000 0 -nan 0.000000
978 401 0 0 -nan 0.000000 2147483647.000000 0 -nan 0.000000
979 402 0 0 -nan 0.000000 2147483647.000000 0 -nan 0.000000
980 403 0 0 -nan 0.000000 2147483647.000000 0 -nan 0.000000
981 404 0 0 -nan 0.000000 2147483647.000000 0 -nan 0.000000
982 405 0 0 -nan 0.000000 2147483647.000000 0 -nan 0.000000
983 406 0 0 -nan 0.000000 2147483647.000000 0 -nan 0.000000
984 407 0 0 -nan 0.000000 2147483647.000000 0 -nan 0.000000
985 408 0 0 -nan 0.000000 2147483647.000000 0 -nan 0.000000
986 409 0 0 -nan 0.000000 2147483647.000000 0 -nan 0.000000
987 410 0 0 -nan 0.000000 2147483647.000000 0 -nan 0.000000
988 411 0 0 -nan 0.000000 2147483647.000000 0 -nan 0.000000
989 412 0 0 -nan 0.000000 2147483647.000000 0 -nan 0.000000
990 413 0 0 -nan 0.000000 2147483647.000000 0 -nan 0.000000
991 414 0 0 -nan 0.000000 2147483647.000000 0 -nan 0.000000
992 415 0 0 -nan 0.000000 2147483647.000000 0 -nan 0.000000
1038 416 0 0 -nan 0.000000 2147483647.000000 0 -nan 0.000000
1039 417 0 0 -nan 0.000000 2147483647.000000 0 -nan 0.000000
1040 418 0 0 -nan 0.000000 2147483647.000000 0 -nan 0.000000
1041 419 0 0 -nan 0.000000 2147483647.000000 0 -nan 0.000000
1042 420 0 0 -nan 0.000000 2147483647.000000 0 -nan 0.000000
1043 421 0 0 -nan 0.000000 2147483647.000000 0 -nan 0.000000
1044 422 0 0 -nan 0.000000 2147483647.000000 0 -nan 0.000000
1045 423 0 0 -nan 0.000000 2147483647.000000 0 -nan 0.000000
1046 424 0 0 -nan 0.000000 2147483647.000000 0 -nan 0.000000
1047 425 0 0 -nan 0.000000 2147483647.000000 0 -nan 0.000000
1048 426 0 0 -nan 0.000000 2147483647.000000 0 -nan 0.000000
1049 427 0 0 -nan 0.000000 2147483647.000000 0 -nan 0.000000
1050 428 0 0 -nan 0.000000 2147483647.000000 0 -nan 0.000000
1051 429 0 0 -nan 0.000000 2147483647.000000 0 -nan 0.000000
1052 430 0 0 -nan 0.000000 2147483647.000000 0 -nan 0.000000
1053 431 0 0 -nan 0.000000 2147483647.000000 0 -nan 0.000000
1054 432 0 0 -nan 0.000000 2147483647.000000 0 -nan 0.000000
1055 433 0 0 -nan 0.000000 2147483647.000000 0 -nan 0.000000
1056 434 0 0 -nan 0.000000 2147483647.000000 0 -nan 0.000000
1057 435 0 0 -nan 0.000000 2147483647.000000 0 -nan 0.000000
1058 436 0 0 -nan 0.000000 2147483647.000000 0 -nan 0.000000
1059 437 0 0 -nan 0.000000 2147483647.000000 0 -nan 0.000000
1060 438 0 0 -nan 0.000000 2147483647.000000 0 -nan 0.000000
1061 439 0 0 -nan 0.000000 2147483647.000000 0 -nan 0.000000
1062 440 0 0 -nan 0.000000 2147483647.000000 0 -nan 0.000000
1063 441 0 0 -nan 0.000000 2147483647.000000 0 -nan 0.000000
1064 442 0 0 -nan 0.000000 2147483647.000000 0 -nan 0.000000
1065 443 0 0 -nan 0.000000 2147483647.000000 0 -nan 0.000000
1066 444 0 0 -nan 0.000000 2147483647.000000 0 -nan 0.000000
1067 445 0 0 -nan 0.000000 2147483647.000000 0 -nan 0.000000
1068 446 0 0 -nan 0.000000 2147483647.000000 0 -nan 0.000000
1069 447 0 0 -nan 0.000000 2147483647.000000 0 -nan 0.000000
1115 448 0 0 -nan 0.000000 2147483647.000000 0 -nan 0.000000
1116 449 0 0 -nan 0.000000 2147483647.000000 0 -nan 0.000000
1117 450 0 0 -nan 0.000000 2147483647.000000 0 -nan 0.000000
1118 451 0 0 -nan 0.000000 2147483647.000000 0 -nan 0.000000
1119 452 0 0 -nan 0.000000 2147483647.000000 0 -nan 0.000000
1120 453 0 0 -nan 0.000000 2147483647.000000 0 -nan 0.000000
1121 454 0 0 -nan 0.000000 2147483647.000000 0 -nan 0.000000
1122 455 0 0 -nan 0.000000 2147483647.000000 0 -nan 0.000000
1123 456 0 0 -nan 0.000000 2147483647.000000 0 -nan 0.000000
1124 457 0 0 -nan 0.000000 2147483647.000000 0 -nan 0.000000
1125 458 0 0 -nan 0.000000 2147483647.000000 0 -nan 0.000000
1126 459 0 0 -nan 0.000000 2147483647.000000 0 -nan 0.000000
1127 460 0 0 -nan 0.000000 2147483647.000000 0 -nan 0.000000
1128 461 0 0 -nan 0.000000 2147483647.000000 0 -nan 0.000000
1129 462 0 0 -nan 0.000000 2147483647.000000 0 -nan 0.000000
1130 463 0 0 -nan 0.000000 2147483647.000000 0 -nan 0.000000
1131 464 0 0 -nan 0.000000 2147483647.000000 0 -nan 0.000000
1132 465 0 0 -nan 0.000000 2147483647.000000 0 -nan 0.000000
1133 466 0 0 -nan 0.000000 2147483647.000000 0 -nan 0.000000
1134 467 0 0 -nan 0.000000 2147483647.000000 0 -nan 0.000000
1135 468 0 0 -nan 0.000000 2147483647.000000 0 -nan 0.000000
1136 469 0 0 -nan 0.000000 2147483647.000000 0 -nan 0.000000
1137 470 0 0 -nan 0.000000 2147483647.000000 0 -nan 0.000000
1138 471 0 0 -nan 0.000000 2147483647.000000 0 -nan 0.000000
1139 472 0 0 -nan 0.000000 2147483647.000000 0 -nan 0.000000
1140 473 0 0 -nan 0.000000 2147483647.000000 0 -nan 0.000000
1141 474 0 0 -nan 0.000000 2147483647.000000 0 -nan 0.000000
1142 475 0 0 -nan 0.000000 2147483647.000000 0 -nan 0.000000
1143 476 0 0 -nan 0.000000 2147483647.000000 0 -nan 0.000000
1144 477 0 0 -nan 0.000000 2147483647.000000 0 -nan 0.000000
1145 478 0 0 -nan 0.000000 2147483647.000000 0 -nan 0.000000
1146 479 0 0 -nan 0.000000 2147483647.000000 0 -nan 0.000000
1192 480 0 0 -nan 0.000000 2147483647.000000 0 -nan 0.000000
1193 481 0 0 -nan 0.000000 2147483647.000000 0 -nan 0.000000
1194 482 0 0 -nan 0.000000 2147483647.000000 0 -nan 0.000000
1195 483 0 0 -nan 0.000000 2147483647.000000 0 -nan 0.000000
1196 484 0 0 -nan 0.000000 2147483647.000000 0 -nan 0.000000
1197 485 0 0 -nan 0.000000 2147483647.000000 0 -nan 0.000000
1198 486 0 0 -nan 0.000000 2147483647.000000 0 -nan 0.000000
1199 487 0 0 -nan 0.000000 2147483647.000000 0 -nan 0.000000
1200 488 0 0 -nan 0.000000 2147483647.000000 0 -nan 0.000000
1201 489 0 0 -nan 0.000000 2147483647.000000 0 -nan 0.000000
1202 490 0 0 -nan 0.000000 2147483647.000000 0 -nan 0.000000
1203 491 0 0 -nan 0.000000 2147483647.000000 0 -nan 0.000000
1204 492 0 0 -nan 0.000000 2147483647.000000 0 -nan 0.000000
1205 493 0 0 -nan 0.000000 2147483647.000000 0 -nan 0.000000
1206 494 0 0 -nan 0.000000 2147483647.000000 0 -nan 0.000000
1207 495 0 0 -nan 0.000000 2147483647.000000 0 -nan 0.000000
1208 496 0 0 -nan 0.000000 2147483647.000000 0 -nan 0.000000
1209 497 0 0 -nan 0.000000 2147483647.000000 0 -nan 0.000000
1210 498 0 0 -nan 0.000000 2147483647.000000 0 -nan 0.000000
1211 499 0 0 -nan 0.000000 2147483647.000000 0 -nan 0.000000
1212 500 0 0 -nan 0.000000 2147483647.000000 0 -nan 0.000000
1213 501 0 0 -nan 0.000000 2147483647.000000 0 -nan 0.000000
1214 502 0 0 -nan 0.000000 2147483647.000000 0 -nan 0.000000
1215 503 0 0 -nan 0.000000 2147483647.000000 0 -nan 0.000000
1216 504 0 0 -nan 0.000000 2147483647.000000 0 -nan 0.000000
1217 505 0 0 -nan 0.000000 2147483647.000000 0 -nan 0.000000
1218 506 0 0 -nan 0.000000 2147483647.000000 0 -nan 0.000000
1219 507 0 0 -nan 0.000000 2147483647.000000 0 -nan 0.000000
1220 508 0 0 -nan 0.000000 2147483647.000000 0 -nan 0.000000
1221 509 0 0 -nan 0.000000 2147483647.000000 0 -nan 0.000000
1222 510 0 0 -nan 0.000000 2147483647.000000 0 -nan 0.000000
1223 511 0 0 -nan 0.000000 2147483647.000000 0 -nan 0.000000
1269 512 0 0 -nan 0.000000 2147483647.000000 0 -nan 0.000000
1270 513 0 0 -nan 0.000000 2147483647.000000 0 -nan 0.000000
1271 514 0 0 -nan 0.000000 2147483647.000000 0 -nan 0.000000
1272 515 0 0 -nan 0.000000 2147483647.000000 0 -nan 0.000000
1273 516 0 0 -nan 0.000000 2147483647.000000 0 -nan 0.000000
1274 517 0 0 -nan 0.000000 2147483647.000000 0 -nan 0.000000
1275 518 0 0 -nan 0.000000 2147483647.000000 0 -nan 0.000000
1276 519 0 0 -nan 0.000000 2147483647.000000 0 -nan 0.000000
1277 520 0 0 -nan 0.000000 2147483647.000000 0 -nan 0.000000
1278 521 0 0 -nan 0.000000 2147483647.000000 0 -nan 0.000000
1279 522 0 0 -nan 0.000000 2147483647.000000 0 -nan 0.000000
1280 523 0 0 -nan 0.000000 2147483647.000000 0 -nan 0.000000
1281 524 0 0 -nan 0.000000 2147483647.000000 0 -nan 0.000000
1282 525 0 0 -nan 0.000000 2147483647.000000 0 -nan 0.000000
1283 526 0 0 -nan 0.000000 2147483647.000000 0 -nan 0.000000
1284 527 0 0 -nan 0.000000 2147483647.000000 0 -nan 0.000000
1285 528 0 0 -nan 0.000000 2147483647.000000 0 -nan 0.000000
1286 529 0 0 -nan 0.000000 2147483647.000000 0 -nan 0.000000
1287 530 0 0 -nan 0.000000 2147483647.000000 0 -nan 0.000000
1288 531 0 0 -nan 0.000000 2147483647.000000 0 -nan 0.000000
1289 532 0 0 -nan 0.000000 2147483647.000000 0 -nan 0.000000
1290 533 0 0 -nan 0.000000 2147483647.000000 0 -nan 0.000000
1291 534 0 0 -nan 0.000000 2147483647.000000 0 -nan 0.000000
1292 535 0 0 -nan 0.000000 2147483647.000000 0 -nan 0.000000
1293 536 0 0 -nan 0.000000 2147483647.000000 0 -nan 0.000000
1294 537 0 0 -nan 0.000000 2147483647.000000 0 -nan 0.000000
1295 538 0 0 -nan 0.000000 2147483647.000000 0 -nan 0.000000
1296 539 0 0 -nan 0.000000 2147483647.000000 0 -nan 0.000000
1297 540 0 0 -nan 0.000000 2147483647.000000 0 -nan 0.000000
1298 541 0 0 -nan 0.000000 2147483647.000000 0 -nan 0.000000
1299 542 0 0 -nan 0.000000 2147483647.000000 0 -nan 0.000000
1300 543 0 0 -nan 0.000000 2147483647.000000 0 -nan 0.000000
1346 544 0 0 -nan 0.000000 2147483647.000000 0 -nan 0.000000
1347 545 0 0 -nan 0.000000 2147483647.000000 0 -nan 0.000000
1348 546 0 0 -nan 0.000000 2147483647.000000 0 -nan 0.000000
1349 547 0 0 -nan 0.000000 2147483647.000000 0 -nan 0.000000
1350 548 0 0 -nan 0.000000 2147483647.000000 0 -nan 0.000000
1351 549 0 0 -nan 0.000000 2147483647.000000 0 -nan 0.000000
1352 550 0 0 -nan 0.000000 2147483647.000000 0 -nan 0.000000
1353 551 0 0 -nan 0.000000 2147483647.000000 0 -nan 0.000000
1354 552 0 0 -nan 0.000000 2147483647.000000 0 -nan 0.000000
1355 553 0 0 -nan 0.000000 2147483647.000000 0 -nan 0.000000
1356 554 0 0 -nan 0.000000 2147483647.000000 0 -nan 0.000000
1357 555 0 0 -nan 0.000000 2147483647.000000 0 -nan 0.000000
1358 556 0 0 -nan 0.000000 2147483647.000000 0 -nan 0.000000
1359 557 0 0 -nan 0.000000 2147483647.000000 0 -nan 0.000000
1360 558 0 0 -nan 0.000000 2147483647.000000 0 -nan 0.000000
1361 559 0 0 -nan 0.000000 2147483647.000000 0 -nan 0.000000
1362 560 0 0 -nan 0.000000 2147483647.000000 0 -nan 0.000000
1363 561 0 0 -nan 0.000000 2147483647.000000 0 -nan 0.000000
1364 562 0 0 -nan 0.000000 2147483647.000000 0 -nan 0.000000
1365 563 0 0 -nan 0.000000 2147483647.000000 0 -nan 0.000000
1366 564 0 0 -nan 0.000000 2147483647.000000 0 -nan 0.000000
1367 565 0 0 -nan 0.000000 2147483647.000000 0 -nan 0.000000
1368 566 0 0 -nan 0.000000 2147483647.000000 0 -nan 0.000000
1369 567 0 0 -nan 0.000000 2147483647.000000 0 -nan 0.000000
1370 568 0 0 -nan 0.000000 2147483647.000000 0 -nan 0.000000
1371 569 0 0 -nan 0.000000 2147483647.000000 0 -nan 0.000000
1372 570 0 0 -nan 0.000000 2147483647.000000 0 -nan 0.000000
1373 571 0 0 -nan 0.000000 2147483647.000000 0 -nan 0.000000
1374 572 0 0 -nan 0.000000 2147483647.000000 0 -nan 0.000000
1375 573 0 0 -nan 0.000000 2147483647.000000 0 -nan 0.000000
1376 574 0 0 -nan 0.000000 2147483647.000000 0 -nan 0.000000
1377 575 0 0 -nan 0.000000 2147483647.000000 0 -nan 0.000000
1423 576 0 0 -nan 0.000000 2147483647.000000 0 -nan 0.000000
1424 577 0 0 -nan 0.000000 2147483647.000000 0 -nan 0.000000
1425 578 0 0 -nan 0.000000 2147483647.000000 0 -nan 0.000000
1426 579 0 0 -nan 0.000000 2147483647.000000 0 -nan 0.000000
1427 580 0 0 -nan 0.000000 2147483647.000000 0 -nan 0.000000
1428 581 0 0 -nan 0.000000 2147483647.000000 0 -nan 0.000000
1429 582 0 0 -nan 0.000000 2147483647.000000 0 -nan 0.000000
1430 583 0 0 -nan 0.000000 2147483647.000000 0 -nan 0.000000
1431 584 0 0 -nan 0.000000 2147483647.000000 0 -nan 0.000000
1432 585 0 0 -nan 0.000000 2147483647.000000 0 -nan 0.000000
1433 586 0 0 -nan 0.000000 2147483647.000000 0 -nan 0.000000
1434 587 0 0 -nan 0.000000 2147483647.000000 0 -nan 0.000000
1435 588 0 0 -nan 0.000000 2147483647.000000 0 -nan 0.000000
1436 589 0 0 -nan 0.000000 2147483647.000000 0 -nan 0.000000
1437 590 0 0 -nan 0.000000 2147483647.000000 0 -nan 0.000000
1438 591 0 0 -nan 0.000000 2147483647.000000 0 -nan 0.000000
1439 592 0 0 -nan 0.000000 2147483647.000000 0 -nan 0.000000
1440 593 0 0 -nan 0.000000 2147483647.000000 0 -nan 0.000000
1441 594 0 0 -nan 0.000000 2147483647.000000 0 -nan 0.000000
1442 595 0 0 -nan 0.000000 2147483647.000000 0 -nan 0.000000
1443 596 0 0 -nan 0.000000 2147483647.000000 0 -nan 0.000000
1444 597 0 0 -nan 0.000000 2147483647.000000 0 -nan 0.000000
1445 598 0 0 -nan 0.000000 2147483647.000000 0 -nan 0.000000
1446 599 0 0 -nan 0.000000 2147483647.000000 0 -nan 0.000000
1447 600 0 0 -nan 0.000000 2147483647.000000 0 -nan 0.000000
1448 601 0 0 -nan 0.000000 2147483647.000000 0 -nan 0.000000
1449 602 0 0 -nan 0.000000 2147483647.000000 0 -nan 0.000000
1450 603 0 0 -nan 0.000000 2147483647.000000 0 -nan 0.000000
1451 604 0 0 -nan 0.000000 2147483647.000000 0 -nan 0.000000
1452 605 0 0 -nan 0.000000 2147483647.000000 0 -nan 0.000000
1453 606 0 0 -nan 0.000000 2147483647.000000 0 -nan 0.000000
1454 607 0 0 -nan 0.000000 2147483647.000000 0 -nan 0.000000
1500 608 0 0 -nan 0.000000 2147483647.000000 0 -nan 0.000000
1501 609 0 0 -nan 0.000000 2147483647.000000 0 -nan 0.000000
1502 610 0 0 -nan 0.000000 2147483647.000000 0 -nan 0.000000
1503 611 0 0 -nan 0.000000 2147483647.000000 0 -nan 0.000000
1504 612 0 0 -nan 0.000000 2147483647.000000 0 -nan 0.000000
1505 613 0 0 -nan 0.000000 2147483647.000000 0 -nan 0.000000
1506 614 0 0 -nan 0.000000 2147483647.000000 0 -nan 0.000000
1507 615 0 0 -nan 0.000000 2147483647.000000 0 -nan 0.000000
1508 616 0 0 -nan 0.000000 2147483647.000000 0 -nan 0.000000
1509 617 0 0 -nan 0.000000 2147483647.000000 0 -nan 0.000000
1510 618 0 0 -nan 0.000000 2147483647.000000 0 -nan 0.000000
1511 619 0 0 -nan 0.000000 2147483647.000000 0 -nan 0.000000
1512 620 0 0 -nan 0.000000 2147483647.000000 0 -nan 0.000000
1513 621 0 0 -nan 0.000000 2147483647.000000 0 -nan 0.000000
1514 622 0 0 -nan 0.000000 2147483647.000000 0 -nan 0.000000
1515 623 0 0 -nan 0.000000 2147483647.000000 0 -nan 0.000000
1516 624 0 0 -nan 0.000000 2147483647.000000 0 -nan 0.000000
1517 625 0 0 -nan 0.000000 2147483647.000000 0 -nan 0.000000
1518 626 0 0 -nan 0.000000 2147483647.000000 0 -nan 0.000000
1519 627 0 0 -nan 0.000000 2147483647.000000 0 -nan 0.000000
1520 628 0 0 -nan 0.000000 2147483647.000000 0 -nan 0.000000
1521 629 0 0 -nan 0.000000 2147483647.000000 0 -nan 0.000000
1522 630 0 0 -nan 0.000000 2147483647.000000 0 -nan 0.000000
1523 631 0 0 -nan 0.000000 2147483647.000000 0 -nan 0.000000
1524 632 0 0 -nan 0.000000 2147483647.000000 0 -nan 0.000000
1525 633 0 0 -nan 0.000000 2147483647.000000 0 -nan 0.000000
1526 634 0 0 -nan 0.000000 2147483647.000000 0 -nan 0.000000
1527 635 0 0 -nan 0.000000 2147483647.000000 0 -nan 0.000000
1528 636 0 0 -nan 0.000000 2147483647.000000 0 -nan 0.000000
1529 637 0 0 -nan 0.000000 2147483647.000000 0 -nan 0.000000
1530 638 0 0 -nan 0.000000 2147483647.000000 0 -nan 0.000000
1531 639 0 0 -nan 0.000000 2147483647.000000 0 -nan 0.000000
1577 640 189527680 147590400 1054.561395 2441.155744 874.860382 36085 1.001386 18237505.183491
1578 641 483542680 441605400 5864.068768 1387197.555789 845.058060 107915 1.447908 83615599.245076
1579 642 189527680 147590400 1054.275549 2044.500228 874.860382 36085 1.001386 94933973.219569
1580 643 483542680 441605400 6444.221592 2212548.078896 845.058060 107915 1.449706 85690313.438057
1581 644 189527680 147590400 1054.508669 2597.229340 874.860382 36085 1.001386 96345272.939090
1582 645 483542680 441605400 6812.649867 2171659.195677 845.058060 107915 1.449956 75977506.371362
1583 646 189527680 147590400 1054.301213 2424.257983 874.860382 36085 1.001386 17821598.612071
1584 647 483542680 441605400 6114.674960 1931792.911353 845.058060 107915 1.450577 74018390.272143
1585 648 189527680 147590400 1054.527499 2354.948976 874.860382 36085 1.001386 17853179.756839
1586 649 483542680 441605400 5705.659608 1921108.019710 845.058060 107915 1.451179 88236864.842987
1587 650 189527680 147590400 1054.457632 2895.234921 874.860382 36085 1.001386 102767853.832590
1588 651 483542680 441605400 6336.167094 1216203.895267 845.058060 107915 1.451819 77363502.119095
1589 652 189527680 147590400 1054.586919 2703.225108 874.860382 36085 1.001386 20532477.138497
1590 653 483542680 441605400 6511.282219 1873465.780484 845.058060 107915 1.449363 55527185.364837
1591 654 189527680 147590400 1054.352939 2044.500228 874.860382 36085 1.001386 20369704.359420
1592 655 483542680 441605400 8003.485144 1731995.265127 845.058060 107915 1.566511 63550213.885769
1593 656 189527680 147590400 1054.533027 2356.134171 874.860382 36085 1.001386 18514591.790237
1594 657 483542680 441605400 6107.744776 1414422.334295 845.058060 107915 1.450846 82491350.580083
1595 658 189527680 147590400 1054.345004 2355.365226 874.860382 36085 1.001386 18468199.548612
1596 659 483542680 441605400 6148.242911 2188014.763266 845.058060 107915 1.451726 75921668.640328
1597 660 189527680 147590400 1054.492760 2452.087119 874.860382 36085 1.001386 18510445.446197
1598 661 483542680 441605400 5946.867791 2195379.671206 845.058060 107915 1.449465 66290906.958374
1599 662 189527680 147590400 1054.287853 2314.756976 874.860382 36085 1.001386 18472975.303860
1600 663 483542680 441605400 8629.639424 2195038.503021 845.058060 107915 1.686346 71957287.152888
1601 664 189527680 147590400 1054.648086 2356.523488 874.860382 36085 1.001386 18485599.628285
1602 665 483542680 441605400 4868.830371 1919764.162532 845.058060 107915 1.450206 68124013.023754
1603 666 189527680 147590400 1054.205842 1498.631949 874.860382 36085 1.001386 18412908.653352
1604 667 483542680 441605400 9502.426610 2609275.080831 845.058060 107915 1.903646 175944548.529732
1605 668 189527680 147590400 1053.009473 1053.674316 591.738319 36085 1.000000 1142512.551399
1606 669 483542680 441605400 8000.805740 2306251.265809 591.738319 107915 2.685799 533979552.584017
1607 670 96000 629155200 18785.712223 548762.240844 591.738319 154200 1.866667 2475.257200
1608 671 96000 629155200 20665.373315 528624.978256 1441.053854 154200 2.000000 1899.790202
1654 672 189527680 147590400 1054.198561 1497.986332 874.860382 36085 1.001386 16277389.117751
1655 673 483542680 441605400 17327.218129 3484546.233426 874.860382 107915 3.442320 255997149.297970
1656 674 189527680 147590400 1054.214923 1581.526255 874.860382 36085 1.001386 16243858.368116
1657 675 483542680 441605400 6896.634890 2504763.579228 874.860382 107915 1.783348 51495642.473556
1658 676 189527680 147590400 1054.216327 1604.387537 874.860382 36085 1.001386 17629160.419573
1659 677 483542680 441605400 7169.746367 1651188.298105 874.860382 107915 1.785331 126052462.865244
1660 678 189527680 147590400 1054.213493 1644.120632 874.860382 36085 1.001386 17719072.124045
1661 679 483542680 441605400 7469.732543 1726688.457209 874.860382 107915 1.785748 105741522.869323
1662 680 189527680 147590400 1054.196254 1477.053646 874.860382 36085 1.001386 17689596.391700
1663 681 483542680 441605400 7133.814471 1272647.102207 874.860382 107915 1.785998 110728647.044088
1664 682 189527680 147590400 1054.240441 1875.878634 874.860382 36085 1.001386 17760658.581497
1665 683 483542680 441605400 8266.859494 1726688.054665 874.860382 107915 1.786230 68514581.023131
1666 684 189527680 147590400 1054.254328 1799.917748 874.860382 36085 1.001386 20340268.284062
1667 685 483542680 441605400 7279.860550 2191711.035383 874.860382 107915 1.786350 99524769.496214
1668 686 189527680 147590400 1054.211462 1614.270482 874.860382 36085 1.001386 20206974.382033
1669 687 483542680 441605400 8144.020204 2677135.115563 874.860382 107915 1.900700 57112197.509859
1670 688 189527680 147590400 1054.224036 1605.227823 874.860382 36085 1.001386 16333319.671243
1671 689 483542680 441605400 8164.820491 2706811.732049 874.860382 107915 1.902460 61084617.837471
1672 690 189527680 147590400 1054.203763 1498.137384 874.860382 36085 1.001386 15594154.740213
1673 691 483542680 441605400 6843.686997 1937126.095137 874.860382 107915 1.786693 63012612.526312
1674 692 189527680 147590400 1054.360155 2351.250195 874.860382 36085 1.001386 18140801.431369
1675 693 483542680 441605400 6936.929789 758512.606704 874.860382 107915 1.786971 115464571.478286
1676 694 189527680 147590400 1054.375924 2732.142397 874.860382 36085 1.001386 18198337.973068
1677 695 483542680 441605400 9418.603916 2194878.681044 874.860382 107915 2.020359 106314940.409437
1678 696 189527680 147590400 1054.207928 1582.406009 874.860382 36085 1.001386 11604533.449870
1679 697 483542680 441605400 7732.463800 2195301.099701 874.860382 107915 2.022314 120955317.256181
1680 698 189527680 147590400 1054.300587 1999.087166 874.860382 36085 1.001386 12636635.536636
1681 699 483542680 441605400 12449.495003 2549942.669759 874.860382 107915 2.257629 105459061.897337
1682 700 189527680 147590400 1053.009473 1053.674316 591.738319 36085 1.000000 1142518.282545
1683 701 483542680 441605400 8901.903070 2554667.445331 591.738319 107915 2.249205 476415072.722548
1684 702 96000 629155200 16783.471444 548806.431647 591.738319 154200 1.866667 1970.006836
1685 703 96000 629155200 20254.780446 548766.628007 1441.053854 154200 2.000000 2430.356790
1731 704 189527680 147590400 1054.395897 2356.301431 874.860382 36085 1.001386 17288742.677550
1732 705 483542680 441605400 5747.596543 1886899.982496 845.058060 107915 2.237928 162896412.534773
1733 706 189527680 147590400 1054.457873 2355.980418 874.860382 36085 1.001386 108129135.325855
1734 707 483542680 441605400 5829.063212 1872096.267436 845.058060 107915 2.237122 304296566.747322
1735 708 189527680 147590400 1054.507191 2582.207306 874.860382 36085 1.001386 17812345.795721
1736 709 483542680 441605400 6063.711992 1026258.090783 845.058060 107915 1.448297 70236242.932367
1737 710 189527680 147590400 1054.324065 2499.755174 874.860382 36085 1.001386 17393927.572293
1738 711 483542680 441605400 6046.624792 988134.132657 845.058060 107915 1.449103 71121353.242977
1739 712 189527680 147590400 1054.532435 2575.323404 874.860382 36085 1.001386 17421570.532762
1740 713 483542680 441605400 6402.323138 2280938.534281 845.058060 107915 1.449558 64689802.389196
1741 714 189527680 147590400 1054.378492 2286.709520 874.860382 36085 1.001386 98475489.787588
1742 715 483542680 441605400 7027.795726 2280926.125968 845.058060 107915 1.449493 63589105.202961
1743 716 189527680 147590400 1054.532420 2454.146211 874.860382 36085 1.001386 175774973.020398
1744 717 483542680 441605400 8465.171057 2901361.695530 845.058060 107915 1.447954 67987349.602830
1745 718 189527680 147590400 1054.308247 2355.124406 874.860382 36085 1.001386 18010378.016665
1746 719 483542680 441605400 7677.175069 2997180.437217 845.058060 107915 1.448121 71099682.723757
1747 720 189527680 147590400 1054.481752 2390.218769 874.860382 36085 1.001386 16663049.759632
1748 721 483542680 441605400 6264.656075 2294320.154634 845.058060 107915 1.566427 58788027.670317
1749 722 189527680 147590400 1054.397524 2529.807187 874.860382 36085 1.001386 16643190.099329
1750 723 483542680 441605400 5843.269544 1840034.625868 845.058060 107915 1.567224 75783311.619545
1751 724 189527680 147590400 1054.534321 2424.570163 874.860382 36085 1.001386 128526747.588804
1752 725 483542680 441605400 6128.759832 1298949.695816 845.058060 107915 1.448649 62782428.540351
1753 726 189527680 147590400 1054.352669 2452.012813 874.860382 36085 1.001386 16640160.107345
1754 727 483542680 441605400 6001.617205 1175782.945638 845.058060 107915 1.449446 68165932.425910
1755 728 189527680 147590400 1054.496547 2451.975207 874.860382 36085 1.001386 224889900.077919
1756 729 483542680 441605400 7371.442564 2304363.996979 845.058060 107915 1.691415 86232225.804070
1757 730 189527680 147590400 1054.306761 2452.482877 874.860382 36085 1.001386 16632528.897439
1758 731 483542680 441605400 6098.929022 2192329.040006 845.058060 107915 1.692128 84963798.316460
1759 732 335958680 294021400 8535.786653 2625211.456376 591.738319 71880 2.383556 1759116893.531392
1760 733 335958680 294021400 7868.751400 2622011.133834 591.738319 71880 2.385615 1065424758.591265
1761 734 96000 629155200 17266.165745 548753.400246 591.738319 154200 1.866667 1929.924029
1762 735 96000 629155200 19836.454645 548942.302933 1441.053854 154200 2.000000 2430.394040
1808 736 335958680 294021400 12044.744260 3246720.997586 845.058060 71880 2.820006 304111977.905075
1809 737 335958680 294021400 9314.533300 3240994.278897 845.058060 71880 2.803172 275420554.507471
1810 738 335958680 294021400 7916.350177 857243.181054 845.058060 71880 1.671842 110811710.300939
1811 739 335958680 294021400 8146.212517 871822.294644 845.058060 71880 1.674555 98777616.600557
1812 740 335958680 294021400 8513.485305 864508.395895 845.058060 71880 1.675264 108432187.589985
1813 741 335958680 294021400 8792.118174 873396.209096 845.058060 71880 1.676795 104827794.442252
1814 742 335958680 294021400 8384.343118 848112.912406 845.058060 71880 1.676822 157744359.247444
1815 743 335958680 294021400 8560.507773 872864.552040 845.058060 71880 1.676503 122883942.257732
1816 744 335958680 294021400 7534.657032 648057.267353 845.058060 71880 1.674054 110369087.629418
1817 745 335958680 294021400 7540.247116 99510.761388 845.058060 71880 1.674944 188187680.307760
1818 746 335958680 294021400 8039.016270 439487.730495 845.058060 71880 1.677741 151330916.591792
1819 747 335958680 294021400 8121.956741 714065.723727 845.058060 71880 1.678019 169661553.873863
1820 748 335958680 294021400 8591.306486 871821.885957 845.058060 71880 1.676085 105801636.793475
1821 749 335958680 294021400 8722.344383 882362.506911 845.058060 71880 1.677727 156772264.336431
1822 750 335958680 294021400 8434.798627 857610.867282 845.058060 71880 1.678088 141399739.069862
1823 751 335958680 294021400 8387.842788 857610.867282 845.058060 71880 1.678339 160548698.828595
1824 752 335958680 294021400 7591.773541 69964.013403 845.058060 71880 1.577615 60283312.845609
1825 753 335958680 294021400 7604.985537 713748.073311 845.058060 71880 1.576934 60728386.349998
1826 754 335958680 294021400 7679.127880 367652.858425 845.058060 71880 1.672816 279850763.835495
1827 755 335958680 294021400 7911.092323 375238.908905 845.058060 71880 1.672760 244187849.167783
1828 756 335958680 294021400 8210.438543 871822.207895 845.058060 71880 1.671925 228803280.694407
1829 757 335958680 294021400 8247.340021 873303.364440 845.058060 71880 1.672955 298276739.596518
1830 758 335958680 294021400 9518.858915 1791738.558103 845.058060 71880 1.848150 272658890.114425
1831 759 335958680 294021400 9200.648147 1795641.243179 845.058060 71880 1.845465 291570133.314313
1832 760 335958680 294021400 9491.247896 1820383.014274 845.058060 71880 1.851489 363901273.004063
1833 761 335958680 294021400 9879.314852 1820394.814403 845.058060 71880 1.853325 363398207.134655
1834 762 335958680 294021400 10480.686904 2618883.259231 845.058060 71880 2.033723 341121839.886577
1835 763 335958680 294021400 10938.231137 2614664.827012 845.058060 71880 2.031344 198369714.138697
1836 764 335958680 294021400 8455.049773 2629509.498535 591.738319 71880 2.029229 214621116.539723
1837 765 335958680 294021400 8434.765398 2629752.139492 591.738319 71880 2.032026 609858744.146310
1838 766 96000 629155200 17561.045040 548762.365567 591.738319 154200 1.866667 4379.425447
1839 767 96000 629155200 20569.764497 529351.587259 1441.053854 154200 2.000000 1900.388769
1885 768 335958680 294021400 5351.683111 295975.220809 845.058060 71880 1.857693 262764163.942389
1886 769 335958680 294021400 5269.036834 164652.229079 845.058060 71880 1.861672 165300880.243840
1887 770 335958680 294021400 5272.511620 606830.405832 845.058060 71880 1.870757 121202396.084562
1888 771 335958680 294021400 5518.025845 1271997.767026 845.058060 71880 1.865776 221983179.411378
1889 772 335958680 294021400 6953.761735 1274305.367409 845.058060 71880 1.423094 175062248.608991
1890 773 335958680 294021400 8549.226268 1271094.673922 845.058060 71880 1.424249 211902631.309629
1891 774 335958680 294021400 8388.698999 1314315.796099 845.058060 71880 1.423289 122348530.600498
1892 775 335958680 294021400 7185.644212 1274305.367409 845.058060 71880 1.423706 217274997.832360
1893 776 335958680 294021400 6214.708138 858778.155470 845.058060 71880 1.424221 95196933.576052
1894 777 335958680 294021400 6528.818622 858778.155470 845.058060 71880 1.423790 136941855.448655
1895 778 335958680 294021400 6660.164644 1090634.772106 845.058060 71880 1.424374 191520767.521856
1896 779 335958680 294021400 6706.564674 1231015.783519 845.058060 71880 1.421717 153606242.337130
1897 780 335958680 294021400 7487.036654 1237267.617384 845.058060 71880 1.425153 200056030.267620
1898 781 335958680 294021400 7746.358291 1088591.515944 845.058060 71880 1.424652 259707990.983161
1899 782 335958680 294021400 7526.992572 1101792.974402 845.058060 71880 1.424457 155750977.823564
1900 783 335958680 294021400 7374.623925 1229606.813683 845.058060 71880 1.425320 132222089.661886
1901 784 335958680 294021400 6565.664047 1281879.090539 845.058060 71880 1.334029 206002957.461374
1902 785 335958680 294021400 6947.928004 1281879.090539 845.058060 71880 1.333598 154371451.721111
1903 786 335958680 294021400 6241.182121 900812.721100 845.058060 71880 1.329549 122719353.817355
1904 787 335958680 294021400 7146.347228 1307357.339174 845.058060 71880 1.328603 85904492.227726
1905 788 335958680 294021400 5271.339772 622771.890798 845.058060 71880 1.418893 160157717.078264
1906 789 335958680 294021400 5266.916847 614585.664652 845.058060 71880 1.419783 234113876.439670
1907 790 335958680 294021400 5902.609432 625966.652495 845.058060 71880 1.597579 286227671.000109
1908 791 335958680 294021400 5737.618653 821969.172578 845.058060 71880 1.600946 211011875.714211
1909 792 335958680 294021400 5988.798378 584826.461643 845.058060 71880 1.600737 226435727.872016
1910 793 335958680 294021400 6347.804090 1065478.142832 845.058060 71880 1.602073 288236899.627973
1911 794 335958680 294021400 6189.951817 810826.548570 845.058060 71880 1.601572 222157682.371793
1912 795 335958680 294021400 6231.169224 797921.822246 845.058060 71880 1.598998 199561886.363530
1913 796 335958680 294021400 8160.752217 2555131.375501 591.738319 71880 2.720298 379850368.964908
1914 797 335958680 294021400 8330.661659 2559300.040722 591.738319 71880 2.723859 789319413.794570
1915 798 96000 629155200 18654.777303 548764.311035 591.738319 154200 1.866667 2896.572688
1916 799 96000 629155200 18809.550812 548236.148426 1441.053854 154200 2.000000 2437.947496
1962 800 335958680 294021400 14024.372788 3728902.644150 845.058060 71880 2.452170 81454732.028001
1963 801 335958680 294021400 11916.502727 3666252.701636 845.058060 71880 2.455648 138794552.435865
1964 802 335958680 294021400 10926.791874 3877501.327081 845.058060 71880 2.112006 238382550.263705
1965 803 335958680 294021400 10052.618569 3882252.067945 845.058060 71880 2.113203 216350636.024908
1966 804 335958680 294021400 8488.883933 2475629.071849 845.058060 71880 1.757081 81444992.999507
1967 805 335958680 294021400 8772.901329 2479342.113452 845.058060 71880 1.757624 82090265.268407
1968 806 335958680 294021400 8201.760844 1960288.775678 845.058060 71880 1.669922 107707504.830760
1969 807 335958680 294021400 7981.382446 1881538.956027 845.058060 71880 1.669310 126007783.367001
1970 808 335958680 294021400 10053.740972 1884263.371333 845.058060 71880 1.671564 246488931.764003
1971 809 335958680 294021400 10199.495694 1879739.228983 845.058060 71880 1.672551 168642981.536091
1972 810 335958680 294021400 9250.610011 1910022.170410 845.058060 71880 1.671188 128621738.220574
1973 811 335958680 294021400 9455.885204 1863343.339168 845.058060 71880 1.670896 211873520.812355
1974 812 335958680 294021400 8084.034784 1860433.214022 845.058060 71880 1.670186 240893458.024118
1975 813 335958680 294021400 8296.221159 1859942.256395 845.058060 71880 1.671272 140633630.747311
1976 814 335958680 294021400 8593.633756 1982043.953600 845.058060 71880 1.674249 240665826.101676
1977 815 335958680 294021400 8692.640801 1889081.541271 845.058060 71880 1.674249 190616933.052487
1978 816 335958680 294021400 8634.427076 1910795.958304 845.058060 71880 1.582401 156174397.171106
1979 817 335958680 294021400 8733.179290 1887181.182478 845.058060 71880 1.582234 107061164.415837
1980 818 335958680 294021400 9020.335283 1624143.955721 845.058060 71880 1.583236 172048113.065151
1981 819 335958680 294021400 8986.492953 1376431.449048 845.058060 71880 1.582318 122701142.778581
1982 820 335958680 294021400 7989.427183 1378294.187281 845.058060 71880 1.579480 73621203.073475
1983 821 335958680 294021400 7971.399655 1364421.215947 845.058060 71880 1.579577 72442521.218774
1984 822 335958680 294021400 7719.929953 2475932.635272 845.058060 71880 1.854994 418850265.203829
1985 823 335958680 294021400 7816.937907 2469129.961111 845.058060 71880 1.855579 366355959.516754
1986 824 335958680 294021400 7667.980024 857243.336905 845.058060 71880 1.846007 308892486.363937
1987 825 335958680 294021400 8082.666900 871822.450495 845.058060 71880 1.848971 283683949.352742
1988 826 335958680 294021400 7428.168630 475901.995751 845.058060 71880 1.850473 271894942.491505
1989 827 335958680 294021400 7462.270420 472537.664222 845.058060 71880 1.848567 398154162.851235
1990 828 335958680 294021400 7949.853724 1771279.412123 591.738319 71880 1.851544 287173275.240535
1991 829 335958680 294021400 7919.712250 465503.258317 591.738319 71880 1.852198 731649317.726677
1992 830 96000 629155200 17298.823972 548796.637331 591.738319 154200 1.866667 1871.580497
1993 831 96000 629155200 18924.597145 548433.975557 1441.053854 154200 2.000000 2416.233517
2039 832 335958680 294021400 6395.116344 1779495.106217 845.058060 71880 1.503895 124066120.777637
2040 833 335958680 294021400 6405.524533 1786503.185878 845.058060 71880 1.505398 145986010.111245
2041 834 335958680 294021400 6267.581668 1198998.084050 845.058060 71880 1.505147 117143577.146183
2042 835 335958680 294021400 5873.634860 1204158.469909 845.058060 71880 1.509182 195389981.199714
2043 836 335958680 294021400 6038.396937 1212364.984249 845.058060 71880 1.513634 116106289.013179
2044 837 335958680 294021400 6025.922394 1426033.633703 845.058060 71880 1.513926 157158850.928675
2045 838 335958680 294021400 6376.303165 1079790.187979 845.058060 71880 1.511603 56587838.246019
2046 839 335958680 294021400 6344.220873 1081176.058047 845.058060 71880 1.511978 204953859.876373
2047 840 335958680 294021400 6402.113727 2494896.256521 845.058060 71880 1.421299 136027966.882211
2048 841 335958680 294021400 6501.016576 2490058.071082 845.058060 71880 1.421745 201652260.068100
2049 842 335958680 294021400 6834.203192 2542208.250914 845.058060 71880 1.420061 140609564.664158
2050 843 335958680 294021400 6478.507445 2499995.572527 845.058060 71880 1.421870 140362446.910906
2051 844 335958680 294021400 7012.816753 1745036.568412 845.058060 71880 1.422120 178909230.084660
2052 845 335958680 294021400 7192.306336 1392660.402472 845.058060 71880 1.421786 185671425.703288
2053 846 335958680 294021400 8162.687156 2075999.017894 845.058060 71880 1.421536 131108089.610657
2054 847 335958680 294021400 6934.770602 883115.848341 845.058060 71880 1.423080 217997513.222794
2055 848 335958680 294021400 6315.692658 1775381.756917 845.058060 71880 1.330634 137960982.511391
2056 849 335958680 294021400 6373.419714 270474.583512 845.058060 71880 1.331469 220370713.268398
2057 850 335958680 294021400 6443.221129 2082333.239490 845.058060 71880 1.330718 192372516.027116
2058 851 335958680 294021400 6050.075764 1221769.820901 845.058060 71880 1.331692 189505760.288223
2059 852 335958680 294021400 6331.557560 1221292.174194 845.058060 71880 1.331149 155089510.635880
2060 853 335958680 294021400 6187.491329 1448915.535302 845.058060 71880 1.331274 122934023.749740
2061 854 335958680 294021400 5852.781460 453634.300879 845.058060 71880 1.329076 138118570.656587
2062 855 335958680 294021400 6086.297184 481164.226596 845.058060 71880 1.329591 137418796.878437
2063 856 335958680 294021400 5233.653379 2476153.903479 845.058060 71880 1.599096 240207308.172686
2064 857 335958680 294021400 5199.756666 2468749.882430 845.058060 71880 1.600890 273649754.290155
2065 858 335958680 294021400 7322.126948 1328161.757942 845.058060 71880 1.958625 272968098.428846
2066 859 335958680 294021400 6698.136405 2482492.609284 845.058060 71880 1.958973 255286132.664642
2067 860 335958680 294021400 6754.299782 1294463.735957 591.738319 71880 2.556205 740387969.469364
2068 861 335958680 294021400 6694.185977 1292166.637491 591.738319 71880 2.556803 267538907.258471
2069 862 96000 629155200 17553.372650 548991.840130 591.738319 154200 1.866667 1929.610863
2070 863 96000 629155200 20210.828301 547997.973271 1441.053854 154200 2.000000 2481.949136
2116 864 335958680 294021400 15433.722364 3905450.206128 845.058060 71880 2.602671 278868336.772388
2117 865 335958680 294021400 16563.606575 3909437.299987 845.058060 71880 2.600306 194666633.484653
2118 866 335958680 294021400 8768.008985 1063325.670604 845.058060 71880 1.755259 263444656.569539
2119 867 335958680 294021400 8689.846069 1614639.073239 845.058060 71880 1.757179 215902524.225715
2120 868 335958680 294021400 9022.562853 1227346.985179 845.058060 71880 1.756288 129697263.523935
2121 869 335958680 294021400 9252.869177 1245262.448467 845.058060 71880 1.759293 160844817.054572
2122 870 335958680 294021400 8830.905158 1602960.575220 845.058060 71880 1.762396 93181434.095689
2123 871 335958680 294021400 8799.858590 1601750.510532 845.058060 71880 1.763203 90736741.273010
2124 872 335958680 294021400 7511.808861 994812.364658 845.058060 71880 1.578422 56056755.977115
2125 873 335958680 294021400 7548.146727 991908.567723 845.058060 71880 1.580440 56343493.111143
2126 874 335958680 294021400 9398.357786 2726044.829162 845.058060 71880 1.670743 88311229.049474
2127 875 335958680 294021400 9608.108297 2720958.522139 845.058060 71880 1.670687 59631904.757960
2128 876 335958680 294021400 10775.609851 2706755.345225 845.058060 71880 1.671230 163264860.969148
2129 877 335958680 294021400 11082.241884 2707192.043801 845.058060 71880 1.672190 229705133.302310
2130 878 335958680 294021400 9064.901737 2686908.756978 845.058060 71880 1.671786 134101135.902565
2131 879 335958680 294021400 9110.588506 2684893.530199 845.058060 71880 1.672065 133658389.898002
2132 880 335958680 294021400 7627.703500 876895.438252 845.058060 71880 1.580996 205648961.447005
2133 881 335958680 294021400 7548.253744 244497.591527 845.058060 71880 1.581372 74320923.105905
2134 882 335958680 294021400 8068.004731 469265.203702 845.058060 71880 1.582999 179375687.094703
2135 883 335958680 294021400 8115.231972 984676.216808 845.058060 71880 1.583639 126784928.336792
2136 884 335958680 294021400 9322.270631 977527.196861 845.058060 71880 1.581859 113230906.644470
2137 885 335958680 294021400 9614.739748 976329.680651 845.058060 71880 1.582944 111322776.373108
2138 886 335958680 294021400 8610.219659 1132161.149260 845.058060 71880 1.582179 65976926.126927
2139 887 335958680 294021400 8576.113441 457152.107980 845.058060 71880 1.582568 65436849.167015
2140 888 335958680 294021400 7537.764326 1007214.179088 845.058060 71880 1.578534 56140789.680426
2141 889 335958680 294021400 7563.585104 1005802.846707 845.058060 71880 1.579744 56123695.476262
2142 890 335958680 294021400 10250.738807 3552242.390919 845.058060 71880 2.200028 285524283.010693
2143 891 335958680 294021400 10785.676628 3553756.511948 845.058060 71880 2.200223 313898651.622004
2144 892 335958680 294021400 9324.938604 3553699.595686 591.738319 71880 2.191597 679261228.578286
2145 893 335958680 294021400 9271.760059 3553491.412381 591.738319 71880 2.193503 207089353.106706
2146 894 96000 629155200 17952.030233 548760.969306 591.738319 154200 1.866667 6396.736012
2147 895 96000 629155200 18885.469447 529113.168680 1441.053854 154200 2.000000 1900.081129
2193 896 335958680 294021400 6108.780208 1420106.738780 845.058060 71880 1.676085 210508668.137340
2194 897 335958680 294021400 5944.712537 1419380.129776 845.058060 71880 1.677449 172261837.714044
2195 898 335958680 294021400 6414.786673 1305734.574989 845.058060 71880 1.688105 125071310.628602
2196 899 335958680 294021400 5402.255471 1299309.467506 845.058060 71880 1.689733 212224819.677015
2197 900 335958680 294021400 6399.469230 1374430.365163 845.058060 71880 1.509001 187820155.177976
2198 901 335958680 294021400 6125.785630 1367952.818617 845.058060 71880 1.510170 84740336.518048
2199 902 335958680 294021400 6128.697453 1384924.480827 845.058060 71880 1.511491 110747440.196868
2200 903 335958680 294021400 5527.134310 1375898.576054 845.058060 71880 1.515373 167905280.970828
2201 904 335958680 294021400 6122.374093 975070.395312 845.058060 71880 1.329897 167459286.396689
2202 905 335958680 294021400 6114.288272 679295.181182 845.058060 71880 1.330189 132981893.371385
2203 906 335958680 294021400 6021.069089 576862.457535 845.058060 71880 1.328520 110698597.464763
2204 907 335958680 294021400 5797.790085 579706.377850 845.058060 71880 1.328715 192082029.753516
2205 908 335958680 294021400 6561.909741 852911.866571 845.058060 71880 1.420924 217797462.684045
2206 909 335958680 294021400 6946.273063 882429.160405 845.058060 71880 1.422218 241252249.578564
2207 910 335958680 294021400 6511.327628 879114.708578 845.058060 71880 1.421160 51552030.391166
2208 911 335958680 294021400 6648.920698 883115.848341 845.058060 71880 1.422746 220241398.195599
2209 912 335958680 294021400 6144.026283 681243.691273 845.058060 71880 1.331455 162801392.531191
2210 913 335958680 294021400 6499.778239 398038.790272 845.058060 71880 1.331191 95642463.882907
2211 914 335958680 294021400 5988.879463 969638.548273 845.058060 71880 1.331580 185713973.929638
2212 915 335958680 294021400 6148.339858 966152.954157 845.058060 71880 1.330760 175656322.294679
2213 916 335958680 294021400 6392.534287 850003.614310 845.058060 71880 1.331274 137749363.062115
2214 917 335958680 294021400 6517.300645 969445.856333 845.058060 71880 1.331358 211825646.827465
2215 918 335958680 294021400 6424.696242 850003.614310 845.058060 71880 1.332165 159801827.617303
2216 919 335958680 294021400 6518.768827 879114.907956 845.058060 71880 1.332373 103870131.182722
2217 920 335958680 294021400 6550.293628 991220.187338 845.058060 71880 1.332373 150892000.074453
2218 921 335958680 294021400 6402.052857 850004.566864 845.058060 71880 1.331678 172871395.417605
2219 922 335958680 294021400 6092.690814 850004.566864 845.058060 71880 1.328339 152332882.643687
2220 923 335958680 294021400 6190.646258 879115.860515 845.058060 71880 1.327142 143309840.297394
2221 924 335958680 294021400 7278.911995 724619.027876 591.738319 71880 2.903756 528150537.556562
2222 925 335958680 294021400 7611.868943 724348.171273 591.738319 71880 2.905370 896215363.354487
2223 926 96000 629155200 17483.309972 548567.319218 591.738319 154200 1.866667 6383.591171
2224 927 96000 629155200 19774.929969 539978.243928 1441.053854 154200 2.000000 2423.301892
2270 928 335958680 294021400 9124.567399 2296147.620452 845.058060 71880 2.295506 139531304.703523
2271 929 335958680 294021400 8541.407892 2252254.573378 845.058060 71880 2.296077 82481537.164588
2272 930 335958680 294021400 12783.049343 3453328.861217 845.058060 71880 1.927101 177585468.690807
2273 931 335958680 294021400 12951.552792 3452740.631821 845.058060 71880 1.928756 135066961.616048
2274 932 335958680 294021400 8140.917246 2212014.815195 845.058060 71880 1.574889 174208422.915911
2275 933 335958680 294021400 8133.380362 2089923.561172 845.058060 71880 1.576725 193857412.054659
2276 934 335958680 294021400 9520.476414 2079569.932370 845.058060 71880 1.760267 204378077.838878
2277 935 335958680 294021400 9206.793145 2088372.608979 845.058060 71880 1.761700 149574658.424914
2278 936 335958680 294021400 9108.762061 872544.199456 845.058060 71880 1.580857 206676052.257830
2279 937 335958680 294021400 9102.259957 2100186.439289 845.058060 71880 1.581511 225877754.587621
2280 938 335958680 294021400 8250.214128 2058307.682794 845.058060 71880 1.581775 239701502.301718
2281 939 335958680 294021400 8270.844993 2056794.732080 845.058060 71880 1.581121 128975700.843167
2282 940 335958680 294021400 8372.938617 872959.322042 845.058060 71880 1.581149 57118940.359715
2283 941 335958680 294021400 8842.595932 2057032.273245 845.058060 71880 1.582443 85774291.439768
2284 942 335958680 294021400 8759.426693 885295.675354 845.058060 71880 1.672176 109717105.502943
2285 943 335958680 294021400 8462.295167 872169.779770 845.058060 71880 1.673400 101053893.137206
2286 944 335958680 294021400 8441.538508 856975.094087 845.058060 71880 1.581455 65162185.697338
2287 945 335958680 294021400 8693.622233 870100.989668 845.058060 71880 1.582137 85304009.322419
2288 946 335958680 294021400 8930.294858 2082626.429727 845.058060 71880 1.583055 117870326.165798
2289 947 335958680 294021400 8926.540319 2083102.344556 845.058060 71880 1.583111 120616780.466374
2290 948 335958680 294021400 7670.518835 2234687.903133 845.058060 71880 1.582485 222299449.607429
2291 949 335958680 294021400 7879.909954 2094407.561860 845.058060 71880 1.582276 169664039.107527
2292 950 335958680 294021400 8124.078652 2102715.256972 845.058060 71880 1.583097 102364895.547424
2293 951 335958680 294021400 8066.711235 2100338.366259 845.058060 71880 1.583417 99717525.084146
2294 952 335958680 294021400 8969.875000 2242268.357688 845.058060 71880 1.582540 110897691.278964
2295 953 335958680 294021400 8674.183815 2116636.184397 845.058060 71880 1.583139 112495601.351205
2296 954 335958680 294021400 8890.569982 2075638.797909 845.058060 71880 1.584905 147036766.715213
2297 955 335958680 294021400 8629.159271 2065692.540354 845.058060 71880 1.582958 130458935.463542
2298 956 335958680 294021400 7820.948100 2194639.532140 591.738319 71880 1.577546 40190580.997087
2299 957 335958680 294021400 7938.233964 2074879.637687 591.738319 71880 1.579758 441366769.482183
2300 958 96000 629155200 18409.242397 548991.222137 591.738319 154200 1.866667 3598.935592
2301 959 96000 629155200 18378.662097 547997.547988 1441.053854 154200 2.000000 2474.732339
2347 960 0 0 -nan 0.000000 2147483647.000000 0 -nan 0.000000
2348 961 0 0 -nan 0.000000 2147483647.000000 0 -nan 0.000000
2349 962 0 0 -nan 0.000000 2147483647.000000 0 -nan 0.000000
2350 963 0 0 -nan 0.000000 2147483647.000000 0 -nan 0.000000
2351 964 0 0 -nan 0.000000 2147483647.000000 0 -nan 0.000000
2352 965 0 0 -nan 0.000000 2147483647.000000 0 -nan 0.000000
2353 966 0 0 -nan 0.000000 2147483647.000000 0 -nan 0.000000
2354 967 0 0 -nan 0.000000 2147483647.000000 0 -nan 0.000000
2355 968 0 0 -nan 0.000000 2147483647.000000 0 -nan 0.000000
2356 969 0 0 -nan 0.000000 2147483647.000000 0 -nan 0.000000
2357 970 0 0 -nan 0.000000 2147483647.000000 0 -nan 0.000000
2358 971 0 0 -nan 0.000000 2147483647.000000 0 -nan 0.000000
2359 972 0 0 -nan 0.000000 2147483647.000000 0 -nan 0.000000
2360 973 0 0 -nan 0.000000 2147483647.000000 0 -nan 0.000000
2361 974 0 0 -nan 0.000000 2147483647.000000 0 -nan 0.000000
2362 975 0 0 -nan 0.000000 2147483647.000000 0 -nan 0.000000
2363 976 0 0 -nan 0.000000 2147483647.000000 0 -nan 0.000000
2364 977 0 0 -nan 0.000000 2147483647.000000 0 -nan 0.000000
2365 978 0 0 -nan 0.000000 2147483647.000000 0 -nan 0.000000
2366 979 0 0 -nan 0.000000 2147483647.000000 0 -nan 0.000000
2367 980 0 0 -nan 0.000000 2147483647.000000 0 -nan 0.000000
2368 981 0 0 -nan 0.000000 2147483647.000000 0 -nan 0.000000
2369 982 0 0 -nan 0.000000 2147483647.000000 0 -nan 0.000000
2370 983 0 0 -nan 0.000000 2147483647.000000 0 -nan 0.000000
2371 984 0 0 -nan 0.000000 2147483647.000000 0 -nan 0.000000
2372 985 0 0 -nan 0.000000 2147483647.000000 0 -nan 0.000000
2373 986 0 0 -nan 0.000000 2147483647.000000 0 -nan 0.000000
2374 987 0 0 -nan 0.000000 2147483647.000000 0 -nan 0.000000
2375 988 0 0 -nan 0.000000 2147483647.000000 0 -nan 0.000000
2376 989 0 0 -nan 0.000000 2147483647.000000 0 -nan 0.000000
2377 990 0 0 -nan 0.000000 2147483647.000000 0 -nan 0.000000
2378 991 0 0 -nan 0.000000 2147483647.000000 0 -nan 0.000000
2424 992 0 0 -nan 0.000000 2147483647.000000 0 -nan 0.000000
2425 993 0 0 -nan 0.000000 2147483647.000000 0 -nan 0.000000
2426 994 0 0 -nan 0.000000 2147483647.000000 0 -nan 0.000000
2427 995 0 0 -nan 0.000000 2147483647.000000 0 -nan 0.000000
2428 996 0 0 -nan 0.000000 2147483647.000000 0 -nan 0.000000
2429 997 0 0 -nan 0.000000 2147483647.000000 0 -nan 0.000000
2430 998 0 0 -nan 0.000000 2147483647.000000 0 -nan 0.000000
2431 999 0 0 -nan 0.000000 2147483647.000000 0 -nan 0.000000
2432 1000 0 0 -nan 0.000000 2147483647.000000 0 -nan 0.000000
2433 1001 0 0 -nan 0.000000 2147483647.000000 0 -nan 0.000000
2434 1002 0 0 -nan 0.000000 2147483647.000000 0 -nan 0.000000
2435 1003 0 0 -nan 0.000000 2147483647.000000 0 -nan 0.000000
2436 1004 0 0 -nan 0.000000 2147483647.000000 0 -nan 0.000000
2437 1005 0 0 -nan 0.000000 2147483647.000000 0 -nan 0.000000
2438 1006 0 0 -nan 0.000000 2147483647.000000 0 -nan 0.000000
2439 1007 0 0 -nan 0.000000 2147483647.000000 0 -nan 0.000000
2440 1008 0 0 -nan 0.000000 2147483647.000000 0 -nan 0.000000
2441 1009 0 0 -nan 0.000000 2147483647.000000 0 -nan 0.000000
2442 1010 0 0 -nan 0.000000 2147483647.000000 0 -nan 0.000000
2443 1011 0 0 -nan 0.000000 2147483647.000000 0 -nan 0.000000
2444 1012 0 0 -nan 0.000000 2147483647.000000 0 -nan 0.000000
2445 1013 0 0 -nan 0.000000 2147483647.000000 0 -nan 0.000000
2446 1014 0 0 -nan 0.000000 2147483647.000000 0 -nan 0.000000
2447 1015 0 0 -nan 0.000000 2147483647.000000 0 -nan 0.000000
2448 1016 0 0 -nan 0.000000 2147483647.000000 0 -nan 0.000000
2449 1017 0 0 -nan 0.000000 2147483647.000000 0 -nan 0.000000
2450 1018 0 0 -nan 0.000000 2147483647.000000 0 -nan 0.000000
2451 1019 0 0 -nan 0.000000 2147483647.000000 0 -nan 0.000000
2452 1020 0 0 -nan 0.000000 2147483647.000000 0 -nan 0.000000
2453 1021 0 0 -nan 0.000000 2147483647.000000 0 -nan 0.000000
2454 1022 0 0 -nan 0.000000 2147483647.000000 0 -nan 0.000000
2455 1023 0 0 -nan 0.000000 2147483647.000000 0 -nan 0.000000
2501 1024 0 0 -nan 0.000000 2147483647.000000 0 -nan 0.000000
2502 1025 0 0 -nan 0.000000 2147483647.000000 0 -nan 0.000000
2503 1026 0 0 -nan 0.000000 2147483647.000000 0 -nan 0.000000
2504 1027 0 0 -nan 0.000000 2147483647.000000 0 -nan 0.000000
2505 1028 0 0 -nan 0.000000 2147483647.000000 0 -nan 0.000000
2506 1029 0 0 -nan 0.000000 2147483647.000000 0 -nan 0.000000
2507 1030 0 0 -nan 0.000000 2147483647.000000 0 -nan 0.000000
2508 1031 0 0 -nan 0.000000 2147483647.000000 0 -nan 0.000000
2509 1032 0 0 -nan 0.000000 2147483647.000000 0 -nan 0.000000
2510 1033 0 0 -nan 0.000000 2147483647.000000 0 -nan 0.000000
2511 1034 0 0 -nan 0.000000 2147483647.000000 0 -nan 0.000000
2512 1035 0 0 -nan 0.000000 2147483647.000000 0 -nan 0.000000
2513 1036 0 0 -nan 0.000000 2147483647.000000 0 -nan 0.000000
2514 1037 0 0 -nan 0.000000 2147483647.000000 0 -nan 0.000000
2515 1038 0 0 -nan 0.000000 2147483647.000000 0 -nan 0.000000
2516 1039 0 0 -nan 0.000000 2147483647.000000 0 -nan 0.000000
2517 1040 0 0 -nan 0.000000 2147483647.000000 0 -nan 0.000000
2518 1041 0 0 -nan 0.000000 2147483647.000000 0 -nan 0.000000
2519 1042 0 0 -nan 0.000000 2147483647.000000 0 -nan 0.000000
2520 1043 0 0 -nan 0.000000 2147483647.000000 0 -nan 0.000000
2521 1044 0 0 -nan 0.000000 2147483647.000000 0 -nan 0.000000
2522 1045 0 0 -nan 0.000000 2147483647.000000 0 -nan 0.000000
2523 1046 0 0 -nan 0.000000 2147483647.000000 0 -nan 0.000000
2524 1047 0 0 -nan 0.000000 2147483647.000000 0 -nan 0.000000
2525 1048 0 0 -nan 0.000000 2147483647.000000 0 -nan 0.000000
2526 1049 0 0 -nan 0.000000 2147483647.000000 0 -nan 0.000000
2527 1050 0 0 -nan 0.000000 2147483647.000000 0 -nan 0.000000
2528 1051 0 0 -nan 0.000000 2147483647.000000 0 -nan 0.000000
2529 1052 0 0 -nan 0.000000 2147483647.000000 0 -nan 0.000000
2530 1053 0 0 -nan 0.000000 2147483647.000000 0 -nan 0.000000
2531 1054 0 0 -nan 0.000000 2147483647.000000 0 -nan 0.000000
2532 1055 0 0 -nan 0.000000 2147483647.000000 0 -nan 0.000000
