# Format <LP ID> <Terminal ID> <Job ID> <Local Rank> <Total sends> <Total Recvs> <Bytes sent> <Bytes recvd> <Send time> <Comm. time> <Compute time> <Avg msg time> <Max Msg Time>
6 0 -1 -1 0 0 0 0 0.000000 0.000000 0.000000 -nan 0.000000
7 1 -1 -1 0 0 0 0 0.000000 0.000000 0.000000 -nan 0.000000
8 2 -1 -1 0 0 0 0 0.000000 0.000000 0.000000 -nan 0.000000
9 3 -1 -1 0 0 0 0 0.000000 0.000000 0.000000 -nan 0.000000
10 4 -1 -1 0 0 0 0 0.000000 0.000000 0.000000 -nan 0.000000
11 5 -1 -1 0 0 0 0 0.000000 0.000000 0.000000 -nan 0.000000
12 6 -1 -1 0 0 0 0 0.000000 0.000000 0.000000 -nan 0.000000
13 7 -1 -1 0 0 0 0 0.000000 0.000000 0.000000 -nan 0.000000
14 8 -1 -1 0 0 0 0 0.000000 0.000000 0.000000 -nan 0.000000
15 9 -1 -1 0 0 0 0 0.000000 0.000000 0.000000 -nan 0.000000
16 10 -1 -1 0 0 0 0 0.000000 0.000000 0.000000 -nan 0.000000
17 11 -1 -1 0 0 0 0 0.000000 0.000000 0.000000 -nan 0.000000
18 12 -1 -1 0 0 0 0 0.000000 0.000000 0.000000 -nan 0.000000
19 13 -1 -1 0 0 0 0 0.000000 0.000000 0.000000 -nan 0.000000
20 14 -1 -1 0 0 0 0 0.000000 0.000000 0.000000 -nan 0.000000
21 15 -1 -1 0 0 0 0 0.000000 0.000000 0.000000 -nan 0.000000
22 16 -1 -1 0 0 0 0 0.000000 0.000000 0.000000 -nan 0.000000
23 17 -1 -1 0 0 0 0 0.000000 0.000000 0.000000 -nan 0.000000
24 18 -1 -1 0 0 0 0 0.000000 0.000000 0.000000 -nan 0.000000
25 19 -1 -1 0 0 0 0 0.000000 0.000000 0.000000 -nan 0.000000
26 20 -1 -1 0 0 0 0 0.000000 0.000000 0.000000 -nan 0.000000
27 21 -1 -1 0 0 0 0 0.000000 0.000000 0.000000 -nan 0.000000
28 22 -1 -1 0 0 0 0 0.000000 0.000000 0.000000 -nan 0.000000
29 23 -1 -1 0 0 0 0 0.000000 0.000000 0.000000 -nan 0.000000
30 24 -1 -1 0 0 0 0 0.000000 0.000000 0.000000 -nan 0.000000
31 25 -1 -1 0 0 0 0 0.000000 0.000000 0.000000 -nan 0.000000
32 26 -1 -1 0 0 0 0 0.000000 0.000000 0.000000 -nan 0.000000
33 27 -1 -1 0 0 0 0 0.000000 0.000000 0.000000 -nan 0.000000
34 28 -1 -1 0 0 0 0 0.000000 0.000000 0.000000 -nan 0.000000
35 29 -1 -1 0 0 0 0 0.000000 0.000000 0.000000 -nan 0.000000
83 30 -1 -1 0 0 0 0 0.000000 0.000000 0.000000 -nan 0.000000
84 31 -1 -1 0 0 0 0 0.000000 0.000000 0.000000 -nan 0.000000
85 32 -1 -1 0 0 0 0 0.000000 0.000000 0.000000 -nan 0.000000
86 33 -1 -1 0 0 0 0 0.000000 0.000000 0.000000 -nan 0.000000
87 34 -1 -1 0 0 0 0 0.000000 0.000000 0.000000 -nan 0.000000
88 35 -1 -1 0 0 0 0 0.000000 0.000000 0.000000 -nan 0.000000
89 36 -1 -1 0 0 0 0 0.000000 0.000000 0.000000 -nan 0.000000
90 37 -1 -1 0 0 0 0 0.000000 0.000000 0.000000 -nan 0.000000
91 38 -1 -1 0 0 0 0 0.000000 0.000000 0.000000 -nan 0.000000
92 39 -1 -1 0 0 0 0 0.000000 0.000000 0.000000 -nan 0.000000
93 40 -1 -1 0 0 0 0 0.000000 0.000000 0.000000 -nan 0.000000
94 41 -1 -1 0 0 0 0 0.000000 0.000000 0.000000 -nan 0.000000
95 42 -1 -1 0 0 0 0 0.000000 0.000000 0.000000 -nan 0.000000
96 43 -1 -1 0 0 0 0 0.000000 0.000000 0.000000 -nan 0.000000
97 44 -1 -1 0 0 0 0 0.000000 0.000000 0.000000 -nan 0.000000
98 45 -1 -1 0 0 0 0 0.000000 0.000000 0.000000 -nan 0.000000
99 46 -1 -1 0 0 0 0 0.000000 0.000000 0.000000 -nan 0.000000
100 47 -1 -1 0 0 0 0 0.000000 0.000000 0.000000 -nan 0.000000
101 48 -1 -1 0 0 0 0 0.000000 0.000000 0.000000 -nan 0.000000
102 49 -1 -1 0 0 0 0 0.000000 0.000000 0.000000 -nan 0.000000
103 50 -1 -1 0 0 0 0 0.000000 0.000000 0.000000 -nan 0.000000
104 51 -1 -1 0 0 0 0 0.000000 0.000000 0.000000 -nan 0.000000
105 52 -1 -1 0 0 0 0 0.000000 0.000000 0.000000 -nan 0.000000
106 53 -1 -1 0 0 0 0 0.000000 0.000000 0.000000 -nan 0.000000
107 54 -1 -1 0 0 0 0 0.000000 0.000000 0.000000 -nan 0.000000
108 55 -1 -1 0 0 0 0 0.000000 0.000000 0.000000 -nan 0.000000
109 56 -1 -1 0 0 0 0 0.000000 0.000000 0.000000 -nan 0.000000
110 57 -1 -1 0 0 0 0 0.000000 0.000000 0.000000 -nan 0.000000
111 58 -1 -1 0 0 0 0 0.000000 0.000000 0.000000 -nan 0.000000
112 59 -1 -1 0 0 0 0 0.000000 0.000000 0.000000 -nan 0.000000
160 60 -1 -1 0 0 0 0 0.000000 0.000000 0.000000 -nan 0.000000
161 61 -1 -1 0 0 0 0 0.000000 0.000000 0.000000 -nan 0.000000
162 62 -1 -1 0 0 0 0 0.000000 0.000000 0.000000 -nan 0.000000
163 63 -1 -1 0 0 0 0 0.000000 0.000000 0.000000 -nan 0.000000
164 64 -1 -1 0 0 0 0 0.000000 0.000000 0.000000 -nan 0.000000
165 65 -1 -1 0 0 0 0 0.000000 0.000000 0.000000 -nan 0.000000
166 66 -1 -1 0 0 0 0 0.000000 0.000000 0.000000 -nan 0.000000
167 67 -1 -1 0 0 0 0 0.000000 0.000000 0.000000 -nan 0.000000
168 68 -1 -1 0 0 0 0 0.000000 0.000000 0.000000 -nan 0.000000
169 69 -1 -1 0 0 0 0 0.000000 0.000000 0.000000 -nan 0.000000
170 70 -1 -1 0 0 0 0 0.000000 0.000000 0.000000 -nan 0.000000
171 71 -1 -1 0 0 0 0 0.000000 0.000000 0.000000 -nan 0.000000
172 72 -1 -1 0 0 0 0 0.000000 0.000000 0.000000 -nan 0.000000
173 73 -1 -1 0 0 0 0 0.000000 0.000000 0.000000 -nan 0.000000
174 74 -1 -1 0 0 0 0 0.000000 0.000000 0.000000 -nan 0.000000
175 75 -1 -1 0 0 0 0 0.000000 0.000000 0.000000 -nan 0.000000
176 76 -1 -1 0 0 0 0 0.000000 0.000000 0.000000 -nan 0.000000
177 77 -1 -1 0 0 0 0 0.000000 0.000000 0.000000 -nan 0.000000
178 78 -1 -1 0 0 0 0 0.000000 0.000000 0.000000 -nan 0.000000
179 79 -1 -1 0 0 0 0 0.000000 0.000000 0.000000 -nan 0.000000
180 80 -1 -1 0 0 0 0 0.000000 0.000000 0.000000 -nan 0.000000
181 81 -1 -1 0 0 0 0 0.000000 0.000000 0.000000 -nan 0.000000
182 82 -1 -1 0 0 0 0 0.000000 0.000000 0.000000 -nan 0.000000
183 83 -1 -1 0 0 0 0 0.000000 0.000000 0.000000 -nan 0.000000
184 84 -1 -1 0 0 0 0 0.000000 0.000000 0.000000 -nan 0.000000
185 85 -1 -1 0 0 0 0 0.000000 0.000000 0.000000 -nan 0.000000
186 86 -1 -1 0 0 0 0 0.000000 0.000000 0.000000 -nan 0.000000
187 87 -1 -1 0 0 0 0 0.000000 0.000000 0.000000 -nan 0.000000
188 88 -1 -1 0 0 0 0 0.000000 0.000000 0.000000 -nan 0.000000
189 89 -1 -1 0 0 0 0 0.000000 0.000000 0.000000 -nan 0.000000
237 90 -1 -1 0 0 0 0 0.000000 0.000000 0.000000 -nan 0.000000
238 91 -1 -1 0 0 0 0 0.000000 0.000000 0.000000 -nan 0.000000
239 92 -1 -1 0 0 0 0 0.000000 0.000000 0.000000 -nan 0.000000
240 93 -1 -1 0 0 0 0 0.000000 0.000000 0.000000 -nan 0.000000
241 94 -1 -1 0 0 0 0 0.000000 0.000000 0.000000 -nan 0.000000
242 95 -1 -1 0 0 0 0 0.000000 0.000000 0.000000 -nan 0.000000
243 96 -1 -1 0 0 0 0 0.000000 0.000000 0.000000 -nan 0.000000
244 97 -1 -1 0 0 0 0 0.000000 0.000000 0.000000 -nan 0.000000
245 98 -1 -1 0 0 0 0 0.000000 0.000000 0.000000 -nan 0.000000
246 99 -1 -1 0 0 0 0 0.000000 0.000000 0.000000 -nan 0.000000
247 100 -1 -1 0 0 0 0 0.000000 0.000000 0.000000 -nan 0.000000
248 101 -1 -1 0 0 0 0 0.000000 0.000000 0.000000 -nan 0.000000
249 102 -1 -1 0 0 0 0 0.000000 0.000000 0.000000 -nan 0.000000
250 103 -1 -1 0 0 0 0 0.000000 0.000000 0.000000 -nan 0.000000
251 104 -1 -1 0 0 0 0 0.000000 0.000000 0.000000 -nan 0.000000
252 105 -1 -1 0 0 0 0 0.000000 0.000000 0.000000 -nan 0.000000
253 106 -1 -1 0 0 0 0 0.000000 0.000000 0.000000 -nan 0.000000
254 107 -1 -1 0 0 0 0 0.000000 0.000000 0.000000 -nan 0.000000
255 108 -1 -1 0 0 0 0 0.000000 0.000000 0.000000 -nan 0.000000
256 109 -1 -1 0 0 0 0 0.000000 0.000000 0.000000 -nan 0.000000
257 110 -1 -1 0 0 0 0 0.000000 0.000000 0.000000 -nan 0.000000
258 111 -1 -1 0 0 0 0 0.000000 0.000000 0.000000 -nan 0.000000
259 112 -1 -1 0 0 0 0 0.000000 0.000000 0.000000 -nan 0.000000
260 113 -1 -1 0 0 0 0 0.000000 0.000000 0.000000 -nan 0.000000
261 114 -1 -1 0 0 0 0 0.000000 0.000000 0.000000 -nan 0.000000
262 115 -1 -1 0 0 0 0 0.000000 0.000000 0.000000 -nan 0.000000
263 116 -1 -1 0 0 0 0 0.000000 0.000000 0.000000 -nan 0.000000
264 117 -1 -1 0 0 0 0 0.000000 0.000000 0.000000 -nan 0.000000
265 118 -1 -1 0 0 0 0 0.000000 0.000000 0.000000 -nan 0.000000
266 119 -1 -1 0 0 0 0 0.000000 0.000000 0.000000 -nan 0.000000
314 120 -1 -1 0 0 0 0 0.000000 0.000000 0.000000 -nan 0.000000
315 121 -1 -1 0 0 0 0 0.000000 0.000000 0.000000 -nan 0.000000
316 122 -1 -1 0 0 0 0 0.000000 0.000000 0.000000 -nan 0.000000
317 123 -1 -1 0 0 0 0 0.000000 0.000000 0.000000 -nan 0.000000
318 124 -1 -1 0 0 0 0 0.000000 0.000000 0.000000 -nan 0.000000
319 125 -1 -1 0 0 0 0 0.000000 0.000000 0.000000 -nan 0.000000
320 126 -1 -1 0 0 0 0 0.000000 0.000000 0.000000 -nan 0.000000
321 127 -1 -1 0 0 0 0 0.000000 0.000000 0.000000 -nan 0.000000
322 128 -1 -1 0 0 0 0 0.000000 0.000000 0.000000 -nan 0.000000
323 129 -1 -1 0 0 0 0 0.000000 0.000000 0.000000 -nan 0.000000
324 130 -1 -1 0 0 0 0 0.000000 0.000000 0.000000 -nan 0.000000
325 131 -1 -1 0 0 0 0 0.000000 0.000000 0.000000 -nan 0.000000
326 132 -1 -1 0 0 0 0 0.000000 0.000000 0.000000 -nan 0.000000
327 133 -1 -1 0 0 0 0 0.000000 0.000000 0.000000 -nan 0.000000
328 134 -1 -1 0 0 0 0 0.000000 0.000000 0.000000 -nan 0.000000
329 135 -1 -1 0 0 0 0 0.000000 0.000000 0.000000 -nan 0.000000
330 136 -1 -1 0 0 0 0 0.000000 0.000000 0.000000 -nan 0.000000
331 137 -1 -1 0 0 0 0 0.000000 0.000000 0.000000 -nan 0.000000
332 138 -1 -1 0 0 0 0 0.000000 0.000000 0.000000 -nan 0.000000
333 139 -1 -1 0 0 0 0 0.000000 0.000000 0.000000 -nan 0.000000
334 140 -1 -1 0 0 0 0 0.000000 0.000000 0.000000 -nan 0.000000
335 141 -1 -1 0 0 0 0 0.000000 0.000000 0.000000 -nan 0.000000
336 142 -1 -1 0 0 0 0 0.000000 0.000000 0.000000 -nan 0.000000
337 143 -1 -1 0 0 0 0 0.000000 0.000000 0.000000 -nan 0.000000
338 144 -1 -1 0 0 0 0 0.000000 0.000000 0.000000 -nan 0.000000
339 145 -1 -1 0 0 0 0 0.000000 0.000000 0.000000 -nan 0.000000
340 146 -1 -1 0 0 0 0 0.000000 0.000000 0.000000 -nan 0.000000
341 147 -1 -1 0 0 0 0 0.000000 0.000000 0.000000 -nan 0.000000
342 148 -1 -1 0 0 0 0 0.000000 0.000000 0.000000 -nan 0.000000
343 149 -1 -1 0 0 0 0 0.000000 0.000000 0.000000 -nan 0.000000
391 150 -1 -1 0 0 0 0 0.000000 0.000000 0.000000 -nan 0.000000
392 151 -1 -1 0 0 0 0 0.000000 0.000000 0.000000 -nan 0.000000
393 152 -1 -1 0 0 0 0 0.000000 0.000000 0.000000 -nan 0.000000
394 153 -1 -1 0 0 0 0 0.000000 0.000000 0.000000 -nan 0.000000
395 154 -1 -1 0 0 0 0 0.000000 0.000000 0.000000 -nan 0.000000
396 155 -1 -1 0 0 0 0 0.000000 0.000000 0.000000 -nan 0.000000
397 156 -1 -1 0 0 0 0 0.000000 0.000000 0.000000 -nan 0.000000
398 157 -1 -1 0 0 0 0 0.000000 0.000000 0.000000 -nan 0.000000
399 158 -1 -1 0 0 0 0 0.000000 0.000000 0.000000 -nan 0.000000
400 159 -1 -1 0 0 0 0 0.000000 0.000000 0.000000 -nan 0.000000
401 160 -1 -1 0 0 0 0 0.000000 0.000000 0.000000 -nan 0.000000
402 161 -1 -1 0 0 0 0 0.000000 0.000000 0.000000 -nan 0.000000
403 162 -1 -1 0 0 0 0 0.000000 0.000000 0.000000 -nan 0.000000
404 163 -1 -1 0 0 0 0 0.000000 0.000000 0.000000 -nan 0.000000
405 164 -1 -1 0 0 0 0 0.000000 0.000000 0.000000 -nan 0.000000
406 165 -1 -1 0 0 0 0 0.000000 0.000000 0.000000 -nan 0.000000
407 166 -1 -1 0 0 0 0 0.000000 0.000000 0.000000 -nan 0.000000
408 167 -1 -1 0 0 0 0 0.000000 0.000000 0.000000 -nan 0.000000
409 168 -1 -1 0 0 0 0 0.000000 0.000000 0.000000 -nan 0.000000
410 169 -1 -1 0 0 0 0 0.000000 0.000000 0.000000 -nan 0.000000
411 170 -1 -1 0 0 0 0 0.000000 0.000000 0.000000 -nan 0.000000
412 171 -1 -1 0 0 0 0 0.000000 0.000000 0.000000 -nan 0.000000
413 172 -1 -1 0 0 0 0 0.000000 0.000000 0.000000 -nan 0.000000
414 173 -1 -1 0 0 0 0 0.000000 0.000000 0.000000 -nan 0.000000
415 174 -1 -1 0 0 0 0 0.000000 0.000000 0.000000 -nan 0.000000
416 175 -1 -1 0 0 0 0 0.000000 0.000000 0.000000 -nan 0.000000
417 176 -1 -1 0 0 0 0 0.000000 0.000000 0.000000 -nan 0.000000
418 177 -1 -1 0 0 0 0 0.000000 0.000000 0.000000 -nan 0.000000
419 178 -1 -1 0 0 0 0 0.000000 0.000000 0.000000 -nan 0.000000
420 179 -1 -1 0 0 0 0 0.000000 0.000000 0.000000 -nan 0.000000
468 180 -1 -1 0 0 0 0 0.000000 0.000000 0.000000 -nan 0.000000
469 181 -1 -1 0 0 0 0 0.000000 0.000000 0.000000 -nan 0.000000
470 182 -1 -1 0 0 0 0 0.000000 0.000000 0.000000 -nan 0.000000
471 183 -1 -1 0 0 0 0 0.000000 0.000000 0.000000 -nan 0.000000
472 184 -1 -1 0 0 0 0 0.000000 0.000000 0.000000 -nan 0.000000
473 185 -1 -1 0 0 0 0 0.000000 0.000000 0.000000 -nan 0.000000
474 186 -1 -1 0 0 0 0 0.000000 0.000000 0.000000 -nan 0.000000
475 187 -1 -1 0 0 0 0 0.000000 0.000000 0.000000 -nan 0.000000
476 188 -1 -1 0 0 0 0 0.000000 0.000000 0.000000 -nan 0.000000
477 189 -1 -1 0 0 0 0 0.000000 0.000000 0.000000 -nan 0.000000
478 190 -1 -1 0 0 0 0 0.000000 0.000000 0.000000 -nan 0.000000
479 191 -1 -1 0 0 0 0 0.000000 0.000000 0.000000 -nan 0.000000
480 192 -1 -1 0 0 0 0 0.000000 0.000000 0.000000 -nan 0.000000
481 193 -1 -1 0 0 0 0 0.000000 0.000000 0.000000 -nan 0.000000
482 194 -1 -1 0 0 0 0 0.000000 0.000000 0.000000 -nan 0.000000
483 195 -1 -1 0 0 0 0 0.000000 0.000000 0.000000 -nan 0.000000
484 196 -1 -1 0 0 0 0 0.000000 0.000000 0.000000 -nan 0.000000
485 197 -1 -1 0 0 0 0 0.000000 0.000000 0.000000 -nan 0.000000
486 198 -1 -1 0 0 0 0 0.000000 0.000000 0.000000 -nan 0.000000
487 199 -1 -1 0 0 0 0 0.000000 0.000000 0.000000 -nan 0.000000
488 200 -1 -1 0 0 0 0 0.000000 0.000000 0.000000 -nan 0.000000
489 201 -1 -1 0 0 0 0 0.000000 0.000000 0.000000 -nan 0.000000
490 202 -1 -1 0 0 0 0 0.000000 0.000000 0.000000 -nan 0.000000
491 203 -1 -1 0 0 0 0 0.000000 0.000000 0.000000 -nan 0.000000
492 204 -1 -1 0 0 0 0 0.000000 0.000000 0.000000 -nan 0.000000
493 205 -1 -1 0 0 0 0 0.000000 0.000000 0.000000 -nan 0.000000
494 206 -1 -1 0 0 0 0 0.000000 0.000000 0.000000 -nan 0.000000
495 207 -1 -1 0 0 0 0 0.000000 0.000000 0.000000 -nan 0.000000
496 208 -1 -1 0 0 0 0 0.000000 0.000000 0.000000 -nan 0.000000
497 209 -1 -1 0 0 0 0 0.000000 0.000000 0.000000 -nan 0.000000
545 210 -1 -1 0 0 0 0 0.000000 0.000000 0.000000 -nan 0.000000
546 211 -1 -1 0 0 0 0 0.000000 0.000000 0.000000 -nan 0.000000
547 212 -1 -1 0 0 0 0 0.000000 0.000000 0.000000 -nan 0.000000
548 213 -1 -1 0 0 0 0 0.000000 0.000000 0.000000 -nan 0.000000
549 214 -1 -1 0 0 0 0 0.000000 0.000000 0.000000 -nan 0.000000
550 215 -1 -1 0 0 0 0 0.000000 0.000000 0.000000 -nan 0.000000
551 216 -1 -1 0 0 0 0 0.000000 0.000000 0.000000 -nan 0.000000
552 217 -1 -1 0 0 0 0 0.000000 0.000000 0.000000 -nan 0.000000
553 218 -1 -1 0 0 0 0 0.000000 0.000000 0.000000 -nan 0.000000
554 219 -1 -1 0 0 0 0 0.000000 0.000000 0.000000 -nan 0.000000
555 220 -1 -1 0 0 0 0 0.000000 0.000000 0.000000 -nan 0.000000
556 221 -1 -1 0 0 0 0 0.000000 0.000000 0.000000 -nan 0.000000
557 222 -1 -1 0 0 0 0 0.000000 0.000000 0.000000 -nan 0.000000
558 223 -1 -1 0 0 0 0 0.000000 0.000000 0.000000 -nan 0.000000
559 224 -1 -1 0 0 0 0 0.000000 0.000000 0.000000 -nan 0.000000
560 225 -1 -1 0 0 0 0 0.000000 0.000000 0.000000 -nan 0.000000
561 226 -1 -1 0 0 0 0 0.000000 0.000000 0.000000 -nan 0.000000
562 227 -1 -1 0 0 0 0 0.000000 0.000000 0.000000 -nan 0.000000
563 228 -1 -1 0 0 0 0 0.000000 0.000000 0.000000 -nan 0.000000
564 229 -1 -1 0 0 0 0 0.000000 0.000000 0.000000 -nan 0.000000
565 230 -1 -1 0 0 0 0 0.000000 0.000000 0.000000 -nan 0.000000
566 231 -1 -1 0 0 0 0 0.000000 0.000000 0.000000 -nan 0.000000
567 232 -1 -1 0 0 0 0 0.000000 0.000000 0.000000 -nan 0.000000
568 233 -1 -1 0 0 0 0 0.000000 0.000000 0.000000 -nan 0.000000
569 234 -1 -1 0 0 0 0 0.000000 0.000000 0.000000 -nan 0.000000
570 235 -1 -1 0 0 0 0 0.000000 0.000000 0.000000 -nan 0.000000
571 236 -1 -1 0 0 0 0 0.000000 0.000000 0.000000 -nan 0.000000
572 237 -1 -1 0 0 0 0 0.000000 0.000000 0.000000 -nan 0.000000
573 238 -1 -1 0 0 0 0 0.000000 0.000000 0.000000 -nan 0.000000
574 239 -1 -1 0 0 0 0 0.000000 0.000000 0.000000 -nan 0.000000
622 240 -1 -1 0 0 0 0 0.000000 0.000000 0.000000 -nan 0.000000
623 241 -1 -1 0 0 0 0 0.000000 0.000000 0.000000 -nan 0.000000
624 242 -1 -1 0 0 0 0 0.000000 0.000000 0.000000 -nan 0.000000
625 243 -1 -1 0 0 0 0 0.000000 0.000000 0.000000 -nan 0.000000
626 244 -1 -1 0 0 0 0 0.000000 0.000000 0.000000 -nan 0.000000
627 245 -1 -1 0 0 0 0 0.000000 0.000000 0.000000 -nan 0.000000
628 246 -1 -1 0 0 0 0 0.000000 0.000000 0.000000 -nan 0.000000
629 247 -1 -1 0 0 0 0 0.000000 0.000000 0.000000 -nan 0.000000
630 248 -1 -1 0 0 0 0 0.000000 0.000000 0.000000 -nan 0.000000
631 249 -1 -1 0 0 0 0 0.000000 0.000000 0.000000 -nan 0.000000
632 250 -1 -1 0 0 0 0 0.000000 0.000000 0.000000 -nan 0.000000
633 251 -1 -1 0 0 0 0 0.000000 0.000000 0.000000 -nan 0.000000
634 252 -1 -1 0 0 0 0 0.000000 0.000000 0.000000 -nan 0.000000
635 253 -1 -1 0 0 0 0 0.000000 0.000000 0.000000 -nan 0.000000
636 254 -1 -1 0 0 0 0 0.000000 0.000000 0.000000 -nan 0.000000
637 255 -1 -1 0 0 0 0 0.000000 0.000000 0.000000 -nan 0.000000
638 256 -1 -1 0 0 0 0 0.000000 0.000000 0.000000 -nan 0.000000
639 257 -1 -1 0 0 0 0 0.000000 0.000000 0.000000 -nan 0.000000
640 258 -1 -1 0 0 0 0 0.000000 0.000000 0.000000 -nan 0.000000
641 259 -1 -1 0 0 0 0 0.000000 0.000000 0.000000 -nan 0.000000
642 260 -1 -1 0 0 0 0 0.000000 0.000000 0.000000 -nan 0.000000
643 261 -1 -1 0 0 0 0 0.000000 0.000000 0.000000 -nan 0.000000
644 262 -1 -1 0 0 0 0 0.000000 0.000000 0.000000 -nan 0.000000
645 263 -1 -1 0 0 0 0 0.000000 0.000000 0.000000 -nan 0.000000
646 264 -1 -1 0 0 0 0 0.000000 0.000000 0.000000 -nan 0.000000
647 265 -1 -1 0 0 0 0 0.000000 0.000000 0.000000 -nan 0.000000
648 266 -1 -1 0 0 0 0 0.000000 0.000000 0.000000 -nan 0.000000
649 267 -1 -1 0 0 0 0 0.000000 0.000000 0.000000 -nan 0.000000
650 268 -1 -1 0 0 0 0 0.000000 0.000000 0.000000 -nan 0.000000
651 269 -1 -1 0 0 0 0 0.000000 0.000000 0.000000 -nan 0.000000
699 270 -1 -1 0 0 0 0 0.000000 0.000000 0.000000 -nan 0.000000
700 271 -1 -1 0 0 0 0 0.000000 0.000000 0.000000 -nan 0.000000
701 272 -1 -1 0 0 0 0 0.000000 0.000000 0.000000 -nan 0.000000
702 273 -1 -1 0 0 0 0 0.000000 0.000000 0.000000 -nan 0.000000
703 274 -1 -1 0 0 0 0 0.000000 0.000000 0.000000 -nan 0.000000
704 275 -1 -1 0 0 0 0 0.000000 0.000000 0.000000 -nan 0.000000
705 276 -1 -1 0 0 0 0 0.000000 0.000000 0.000000 -nan 0.000000
706 277 -1 -1 0 0 0 0 0.000000 0.000000 0.000000 -nan 0.000000
707 278 -1 -1 0 0 0 0 0.000000 0.000000 0.000000 -nan 0.000000
708 279 -1 -1 0 0 0 0 0.000000 0.000000 0.000000 -nan 0.000000
709 280 -1 -1 0 0 0 0 0.000000 0.000000 0.000000 -nan 0.000000
710 281 -1 -1 0 0 0 0 0.000000 0.000000 0.000000 -nan 0.000000
711 282 -1 -1 0 0 0 0 0.000000 0.000000 0.000000 -nan 0.000000
712 283 -1 -1 0 0 0 0 0.000000 0.000000 0.000000 -nan 0.000000
713 284 -1 -1 0 0 0 0 0.000000 0.000000 0.000000 -nan 0.000000
714 285 -1 -1 0 0 0 0 0.000000 0.000000 0.000000 -nan 0.000000
715 286 -1 -1 0 0 0 0 0.000000 0.000000 0.000000 -nan 0.000000
716 287 -1 -1 0 0 0 0 0.000000 0.000000 0.000000 -nan 0.000000
717 288 -1 -1 0 0 0 0 0.000000 0.000000 0.000000 -nan 0.000000
718 289 -1 -1 0 0 0 0 0.000000 0.000000 0.000000 -nan 0.000000
719 290 -1 -1 0 0 0 0 0.000000 0.000000 0.000000 -nan 0.000000
720 291 -1 -1 0 0 0 0 0.000000 0.000000 0.000000 -nan 0.000000
721 292 -1 -1 0 0 0 0 0.000000 0.000000 0.000000 -nan 0.000000
722 293 -1 -1 0 0 0 0 0.000000 0.000000 0.000000 -nan 0.000000
723 294 -1 -1 0 0 0 0 0.000000 0.000000 0.000000 -nan 0.000000
724 295 -1 -1 0 0 0 0 0.000000 0.000000 0.000000 -nan 0.000000
725 296 -1 -1 0 0 0 0 0.000000 0.000000 0.000000 -nan 0.000000
726 297 -1 -1 0 0 0 0 0.000000 0.000000 0.000000 -nan 0.000000
727 298 -1 -1 0 0 0 0 0.000000 0.000000 0.000000 -nan 0.000000
728 299 -1 -1 0 0 0 0 0.000000 0.000000 0.000000 -nan 0.000000
776 300 -1 -1 0 0 0 0 0.000000 0.000000 0.000000 -nan 0.000000
777 301 -1 -1 0 0 0 0 0.000000 0.000000 0.000000 -nan 0.000000
778 302 -1 -1 0 0 0 0 0.000000 0.000000 0.000000 -nan 0.000000
779 303 -1 -1 0 0 0 0 0.000000 0.000000 0.000000 -nan 0.000000
780 304 -1 -1 0 0 0 0 0.000000 0.000000 0.000000 -nan 0.000000
781 305 -1 -1 0 0 0 0 0.000000 0.000000 0.000000 -nan 0.000000
782 306 -1 -1 0 0 0 0 0.000000 0.000000 0.000000 -nan 0.000000
783 307 -1 -1 0 0 0 0 0.000000 0.000000 0.000000 -nan 0.000000
784 308 -1 -1 0 0 0 0 0.000000 0.000000 0.000000 -nan 0.000000
785 309 -1 -1 0 0 0 0 0.000000 0.000000 0.000000 -nan 0.000000
786 310 -1 -1 0 0 0 0 0.000000 0.000000 0.000000 -nan 0.000000
787 311 -1 -1 0 0 0 0 0.000000 0.000000 0.000000 -nan 0.000000
788 312 -1 -1 0 0 0 0 0.000000 0.000000 0.000000 -nan 0.000000
789 313 -1 -1 0 0 0 0 0.000000 0.000000 0.000000 -nan 0.000000
790 314 -1 -1 0 0 0 0 0.000000 0.000000 0.000000 -nan 0.000000
791 315 -1 -1 0 0 0 0 0.000000 0.000000 0.000000 -nan 0.000000
792 316 -1 -1 0 0 0 0 0.000000 0.000000 0.000000 -nan 0.000000
793 317 -1 -1 0 0 0 0 0.000000 0.000000 0.000000 -nan 0.000000
794 318 -1 -1 0 0 0 0 0.000000 0.000000 0.000000 -nan 0.000000
795 319 -1 -1 0 0 0 0 0.000000 0.000000 0.000000 -nan 0.000000
796 320 -1 -1 0 0 0 0 0.000000 0.000000 0.000000 -nan 0.000000
797 321 -1 -1 0 0 0 0 0.000000 0.000000 0.000000 -nan 0.000000
798 322 -1 -1 0 0 0 0 0.000000 0.000000 0.000000 -nan 0.000000
799 323 -1 -1 0 0 0 0 0.000000 0.000000 0.000000 -nan 0.000000
800 324 -1 -1 0 0 0 0 0.000000 0.000000 0.000000 -nan 0.000000
801 325 -1 -1 0 0 0 0 0.000000 0.000000 0.000000 -nan 0.000000
802 326 -1 -1 0 0 0 0 0.000000 0.000000 0.000000 -nan 0.000000
803 327 -1 -1 0 0 0 0 0.000000 0.000000 0.000000 -nan 0.000000
804 328 -1 -1 0 0 0 0 0.000000 0.000000 0.000000 -nan 0.000000
805 329 -1 -1 0 0 0 0 0.000000 0.000000 0.000000 -nan 0.000000
853 330 -1 -1 0 0 0 0 0.000000 0.000000 0.000000 -nan 0.000000
854 331 -1 -1 0 0 0 0 0.000000 0.000000 0.000000 -nan 0.000000
855 332 -1 -1 0 0 0 0 0.000000 0.000000 0.000000 -nan 0.000000
856 333 -1 -1 0 0 0 0 0.000000 0.000000 0.000000 -nan 0.000000
857 334 -1 -1 0 0 0 0 0.000000 0.000000 0.000000 -nan 0.000000
858 335 -1 -1 0 0 0 0 0.000000 0.000000 0.000000 -nan 0.000000
859 336 -1 -1 0 0 0 0 0.000000 0.000000 0.000000 -nan 0.000000
860 337 -1 -1 0 0 0 0 0.000000 0.000000 0.000000 -nan 0.000000
861 338 -1 -1 0 0 0 0 0.000000 0.000000 0.000000 -nan 0.000000
862 339 -1 -1 0 0 0 0 0.000000 0.000000 0.000000 -nan 0.000000
863 340 -1 -1 0 0 0 0 0.000000 0.000000 0.000000 -nan 0.000000
864 341 -1 -1 0 0 0 0 0.000000 0.000000 0.000000 -nan 0.000000
865 342 -1 -1 0 0 0 0 0.000000 0.000000 0.000000 -nan 0.000000
866 343 -1 -1 0 0 0 0 0.000000 0.000000 0.000000 -nan 0.000000
867 344 -1 -1 0 0 0 0 0.000000 0.000000 0.000000 -nan 0.000000
868 345 -1 -1 0 0 0 0 0.000000 0.000000 0.000000 -nan 0.000000
869 346 -1 -1 0 0 0 0 0.000000 0.000000 0.000000 -nan 0.000000
870 347 -1 -1 0 0 0 0 0.000000 0.000000 0.000000 -nan 0.000000
871 348 -1 -1 0 0 0 0 0.000000 0.000000 0.000000 -nan 0.000000
872 349 -1 -1 0 0 0 0 0.000000 0.000000 0.000000 -nan 0.000000
873 350 -1 -1 0 0 0 0 0.000000 0.000000 0.000000 -nan 0.000000
874 351 -1 -1 0 0 0 0 0.000000 0.000000 0.000000 -nan 0.000000
875 352 -1 -1 0 0 0 0 0.000000 0.000000 0.000000 -nan 0.000000
876 353 -1 -1 0 0 0 0 0.000000 0.000000 0.000000 -nan 0.000000
877 354 -1 -1 0 0 0 0 0.000000 0.000000 0.000000 -nan 0.000000
878 355 -1 -1 0 0 0 0 0.000000 0.000000 0.000000 -nan 0.000000
879 356 -1 -1 0 0 0 0 0.000000 0.000000 0.000000 -nan 0.000000
880 357 -1 -1 0 0 0 0 0.000000 0.000000 0.000000 -nan 0.000000
881 358 -1 -1 0 0 0 0 0.000000 0.000000 0.000000 -nan 0.000000
882 359 -1 -1 0 0 0 0 0.000000 0.000000 0.000000 -nan 0.000000
930 360 -1 -1 0 0 0 0 0.000000 0.000000 0.000000 -nan 0.000000
931 361 -1 -1 0 0 0 0 0.000000 0.000000 0.000000 -nan 0.000000
932 362 -1 -1 0 0 0 0 0.000000 0.000000 0.000000 -nan 0.000000
933 363 -1 -1 0 0 0 0 0.000000 0.000000 0.000000 -nan 0.000000
934 364 -1 -1 0 0 0 0 0.000000 0.000000 0.000000 -nan 0.000000
935 365 -1 -1 0 0 0 0 0.000000 0.000000 0.000000 -nan 0.000000
936 366 -1 -1 0 0 0 0 0.000000 0.000000 0.000000 -nan 0.000000
937 367 -1 -1 0 0 0 0 0.000000 0.000000 0.000000 -nan 0.000000
938 368 -1 -1 0 0 0 0 0.000000 0.000000 0.000000 -nan 0.000000
939 369 -1 -1 0 0 0 0 0.000000 0.000000 0.000000 -nan 0.000000
940 370 -1 -1 0 0 0 0 0.000000 0.000000 0.000000 -nan 0.000000
941 371 -1 -1 0 0 0 0 0.000000 0.000000 0.000000 -nan 0.000000
942 372 -1 -1 0 0 0 0 0.000000 0.000000 0.000000 -nan 0.000000
943 373 -1 -1 0 0 0 0 0.000000 0.000000 0.000000 -nan 0.000000
944 374 -1 -1 0 0 0 0 0.000000 0.000000 0.000000 -nan 0.000000
945 375 -1 -1 0 0 0 0 0.000000 0.000000 0.000000 -nan 0.000000
946 376 -1 -1 0 0 0 0 0.000000 0.000000 0.000000 -nan 0.000000
947 377 -1 -1 0 0 0 0 0.000000 0.000000 0.000000 -nan 0.000000
948 378 -1 -1 0 0 0 0 0.000000 0.000000 0.000000 -nan 0.000000
949 379 -1 -1 0 0 0 0 0.000000 0.000000 0.000000 -nan 0.000000
950 380 -1 -1 0 0 0 0 0.000000 0.000000 0.000000 -nan 0.000000
951 381 -1 -1 0 0 0 0 0.000000 0.000000 0.000000 -nan 0.000000
952 382 -1 -1 0 0 0 0 0.000000 0.000000 0.000000 -nan 0.000000
953 383 -1 -1 0 0 0 0 0.000000 0.000000 0.000000 -nan 0.000000
954 384 -1 -1 0 0 0 0 0.000000 0.000000 0.000000 -nan 0.000000
955 385 -1 -1 0 0 0 0 0.000000 0.000000 0.000000 -nan 0.000000
956 386 -1 -1 0 0 0 0 0.000000 0.000000 0.000000 -nan 0.000000
957 387 -1 -1 0 0 0 0 0.000000 0.000000 0.000000 -nan 0.000000
958 388 -1 -1 0 0 0 0 0.000000 0.000000 0.000000 -nan 0.000000
959 389 -1 -1 0 0 0 0 0.000000 0.000000 0.000000 -nan 0.000000
1007 390 -1 -1 0 0 0 0 0.000000 0.000000 0.000000 -nan 0.000000
1008 391 -1 -1 0 0 0 0 0.000000 0.000000 0.000000 -nan 0.000000
1009 392 -1 -1 0 0 0 0 0.000000 0.000000 0.000000 -nan 0.000000
1010 393 -1 -1 0 0 0 0 0.000000 0.000000 0.000000 -nan 0.000000
1011 394 -1 -1 0 0 0 0 0.000000 0.000000 0.000000 -nan 0.000000
1012 395 -1 -1 0 0 0 0 0.000000 0.000000 0.000000 -nan 0.000000
1013 396 -1 -1 0 0 0 0 0.000000 0.000000 0.000000 -nan 0.000000
1014 397 -1 -1 0 0 0 0 0.000000 0.000000 0.000000 -nan 0.000000
1015 398 -1 -1 0 0 0 0 0.000000 0.000000 0.000000 -nan 0.000000
1016 399 -1 -1 0 0 0 0 0.000000 0.000000 0.000000 -nan 0.000000
1017 400 -1 -1 0 0 0 0 0.000000 0.000000 0.000000 -nan 0.000000
1018 401 -1 -1 0 0 0 0 0.000000 0.000000 0.000000 -nan 0.000000
1019 402 -1 -1 0 0 0 0 0.000000 0.000000 0.000000 -nan 0.000000
1020 403 -1 -1 0 0 0 0 0.000000 0.000000 0.000000 -nan 0.000000
1021 404 -1 -1 0 0 0 0 0.000000 0.000000 0.000000 -nan 0.000000
1022 405 -1 -1 0 0 0 0 0.000000 0.000000 0.000000 -nan 0.000000
1023 406 -1 -1 0 0 0 0 0.000000 0.000000 0.000000 -nan 0.000000
1024 407 -1 -1 0 0 0 0 0.000000 0.000000 0.000000 -nan 0.000000
1025 408 -1 -1 0 0 0 0 0.000000 0.000000 0.000000 -nan 0.000000
1026 409 -1 -1 0 0 0 0 0.000000 0.000000 0.000000 -nan 0.000000
1027 410 -1 -1 0 0 0 0 0.000000 0.000000 0.000000 -nan 0.000000
1028 411 -1 -1 0 0 0 0 0.000000 0.000000 0.000000 -nan 0.000000
1029 412 -1 -1 0 0 0 0 0.000000 0.000000 0.000000 -nan 0.000000
1030 413 -1 -1 0 0 0 0 0.000000 0.000000 0.000000 -nan 0.000000
1031 414 -1 -1 0 0 0 0 0.000000 0.000000 0.000000 -nan 0.000000
1032 415 -1 -1 0 0 0 0 0.000000 0.000000 0.000000 -nan 0.000000
1033 416 -1 -1 0 0 0 0 0.000000 0.000000 0.000000 -nan 0.000000
1034 417 -1 -1 0 0 0 0 0.000000 0.000000 0.000000 -nan 0.000000
1035 418 -1 -1 0 0 0 0 0.000000 0.000000 0.000000 -nan 0.000000
1036 419 -1 -1 0 0 0 0 0.000000 0.000000 0.000000 -nan 0.000000
1084 420 -1 -1 0 0 0 0 0.000000 0.000000 0.000000 -nan 0.000000
1085 421 -1 -1 0 0 0 0 0.000000 0.000000 0.000000 -nan 0.000000
1086 422 -1 -1 0 0 0 0 0.000000 0.000000 0.000000 -nan 0.000000
1087 423 -1 -1 0 0 0 0 0.000000 0.000000 0.000000 -nan 0.000000
1088 424 -1 -1 0 0 0 0 0.000000 0.000000 0.000000 -nan 0.000000
1089 425 -1 -1 0 0 0 0 0.000000 0.000000 0.000000 -nan 0.000000
1090 426 -1 -1 0 0 0 0 0.000000 0.000000 0.000000 -nan 0.000000
1091 427 -1 -1 0 0 0 0 0.000000 0.000000 0.000000 -nan 0.000000
1092 428 -1 -1 0 0 0 0 0.000000 0.000000 0.000000 -nan 0.000000
1093 429 -1 -1 0 0 0 0 0.000000 0.000000 0.000000 -nan 0.000000
1094 430 -1 -1 0 0 0 0 0.000000 0.000000 0.000000 -nan 0.000000
1095 431 -1 -1 0 0 0 0 0.000000 0.000000 0.000000 -nan 0.000000
1096 432 -1 -1 0 0 0 0 0.000000 0.000000 0.000000 -nan 0.000000
1097 433 -1 -1 0 0 0 0 0.000000 0.000000 0.000000 -nan 0.000000
1098 434 -1 -1 0 0 0 0 0.000000 0.000000 0.000000 -nan 0.000000
1099 435 -1 -1 0 0 0 0 0.000000 0.000000 0.000000 -nan 0.000000
1100 436 -1 -1 0 0 0 0 0.000000 0.000000 0.000000 -nan 0.000000
1101 437 -1 -1 0 0 0 0 0.000000 0.000000 0.000000 -nan 0.000000
1102 438 -1 -1 0 0 0 0 0.000000 0.000000 0.000000 -nan 0.000000
1103 439 -1 -1 0 0 0 0 0.000000 0.000000 0.000000 -nan 0.000000
1104 440 -1 -1 0 0 0 0 0.000000 0.000000 0.000000 -nan 0.000000
1105 441 -1 -1 0 0 0 0 0.000000 0.000000 0.000000 -nan 0.000000
1106 442 -1 -1 0 0 0 0 0.000000 0.000000 0.000000 -nan 0.000000
1107 443 -1 -1 0 0 0 0 0.000000 0.000000 0.000000 -nan 0.000000
1108 444 -1 -1 0 0 0 0 0.000000 0.000000 0.000000 -nan 0.000000
1109 445 -1 -1 0 0 0 0 0.000000 0.000000 0.000000 -nan 0.000000
1110 446 -1 -1 0 0 0 0 0.000000 0.000000 0.000000 -nan 0.000000
1111 447 -1 -1 0 0 0 0 0.000000 0.000000 0.000000 -nan 0.000000
1112 448 -1 -1 0 0 0 0 0.000000 0.000000 0.000000 -nan 0.000000
1113 449 -1 -1 0 0 0 0 0.000000 0.000000 0.000000 -nan 0.000000
1161 450 -1 -1 0 0 0 0 0.000000 0.000000 0.000000 -nan 0.000000
1162 451 -1 -1 0 0 0 0 0.000000 0.000000 0.000000 -nan 0.000000
1163 452 -1 -1 0 0 0 0 0.000000 0.000000 0.000000 -nan 0.000000
1164 453 -1 -1 0 0 0 0 0.000000 0.000000 0.000000 -nan 0.000000
1165 454 -1 -1 0 0 0 0 0.000000 0.000000 0.000000 -nan 0.000000
1166 455 -1 -1 0 0 0 0 0.000000 0.000000 0.000000 -nan 0.000000
1167 456 -1 -1 0 0 0 0 0.000000 0.000000 0.000000 -nan 0.000000
1168 457 -1 -1 0 0 0 0 0.000000 0.000000 0.000000 -nan 0.000000
1169 458 -1 -1 0 0 0 0 0.000000 0.000000 0.000000 -nan 0.000000
1170 459 -1 -1 0 0 0 0 0.000000 0.000000 0.000000 -nan 0.000000
1171 460 -1 -1 0 0 0 0 0.000000 0.000000 0.000000 -nan 0.000000
1172 461 -1 -1 0 0 0 0 0.000000 0.000000 0.000000 -nan 0.000000
1173 462 -1 -1 0 0 0 0 0.000000 0.000000 0.000000 -nan 0.000000
1174 463 -1 -1 0 0 0 0 0.000000 0.000000 0.000000 -nan 0.000000
1175 464 -1 -1 0 0 0 0 0.000000 0.000000 0.000000 -nan 0.000000
1176 465 -1 -1 0 0 0 0 0.000000 0.000000 0.000000 -nan 0.000000
1177 466 -1 -1 0 0 0 0 0.000000 0.000000 0.000000 -nan 0.000000
1178 467 -1 -1 0 0 0 0 0.000000 0.000000 0.000000 -nan 0.000000
1179 468 -1 -1 0 0 0 0 0.000000 0.000000 0.000000 -nan 0.000000
1180 469 -1 -1 0 0 0 0 0.000000 0.000000 0.000000 -nan 0.000000
1181 470 -1 -1 0 0 0 0 0.000000 0.000000 0.000000 -nan 0.000000
1182 471 -1 -1 0 0 0 0 0.000000 0.000000 0.000000 -nan 0.000000
1183 472 -1 -1 0 0 0 0 0.000000 0.000000 0.000000 -nan 0.000000
1184 473 -1 -1 0 0 0 0 0.000000 0.000000 0.000000 -nan 0.000000
1185 474 -1 -1 0 0 0 0 0.000000 0.000000 0.000000 -nan 0.000000
1186 475 -1 -1 0 0 0 0 0.000000 0.000000 0.000000 -nan 0.000000
1187 476 -1 -1 0 0 0 0 0.000000 0.000000 0.000000 -nan 0.000000
1188 477 -1 -1 0 0 0 0 0.000000 0.000000 0.000000 -nan 0.000000
1189 478 -1 -1 0 0 0 0 0.000000 0.000000 0.000000 -nan 0.000000
1190 479 -1 -1 0 0 0 0 0.000000 0.000000 0.000000 -nan 0.000000
1238 480 -1 -1 0 0 0 0 0.000000 0.000000 0.000000 -nan 0.000000
1239 481 -1 -1 0 0 0 0 0.000000 0.000000 0.000000 -nan 0.000000
1240 482 -1 -1 0 0 0 0 0.000000 0.000000 0.000000 -nan 0.000000
1241 483 -1 -1 0 0 0 0 0.000000 0.000000 0.000000 -nan 0.000000
1242 484 -1 -1 0 0 0 0 0.000000 0.000000 0.000000 -nan 0.000000
1243 485 -1 -1 0 0 0 0 0.000000 0.000000 0.000000 -nan 0.000000
1244 486 -1 -1 0 0 0 0 0.000000 0.000000 0.000000 -nan 0.000000
1245 487 -1 -1 0 0 0 0 0.000000 0.000000 0.000000 -nan 0.000000
1246 488 -1 -1 0 0 0 0 0.000000 0.000000 0.000000 -nan 0.000000
1247 489 -1 -1 0 0 0 0 0.000000 0.000000 0.000000 -nan 0.000000
1248 490 -1 -1 0 0 0 0 0.000000 0.000000 0.000000 -nan 0.000000
1249 491 -1 -1 0 0 0 0 0.000000 0.000000 0.000000 -nan 0.000000
1250 492 -1 -1 0 0 0 0 0.000000 0.000000 0.000000 -nan 0.000000
1251 493 -1 -1 0 0 0 0 0.000000 0.000000 0.000000 -nan 0.000000
1252 494 -1 -1 0 0 0 0 0.000000 0.000000 0.000000 -nan 0.000000
1253 495 -1 -1 0 0 0 0 0.000000 0.000000 0.000000 -nan 0.000000
1254 496 -1 -1 0 0 0 0 0.000000 0.000000 0.000000 -nan 0.000000
1255 497 -1 -1 0 0 0 0 0.000000 0.000000 0.000000 -nan 0.000000
1256 498 -1 -1 0 0 0 0 0.000000 0.000000 0.000000 -nan 0.000000
1257 499 -1 -1 0 0 0 0 0.000000 0.000000 0.000000 -nan 0.000000
1258 500 -1 -1 0 0 0 0 0.000000 0.000000 0.000000 -nan 0.000000
1259 501 -1 -1 0 0 0 0 0.000000 0.000000 0.000000 -nan 0.000000
1260 502 -1 -1 0 0 0 0 0.000000 0.000000 0.000000 -nan 0.000000
1261 503 -1 -1 0 0 0 0 0.000000 0.000000 0.000000 -nan 0.000000
1262 504 -1 -1 0 0 0 0 0.000000 0.000000 0.000000 -nan 0.000000
1263 505 -1 -1 0 0 0 0 0.000000 0.000000 0.000000 -nan 0.000000
1264 506 -1 -1 0 0 0 0 0.000000 0.000000 0.000000 -nan 0.000000
1265 507 -1 -1 0 0 0 0 0.000000 0.000000 0.000000 -nan 0.000000
1266 508 -1 -1 0 0 0 0 0.000000 0.000000 0.000000 -nan 0.000000
1267 509 -1 -1 0 0 0 0 0.000000 0.000000 0.000000 -nan 0.000000
1315 510 -1 -1 0 0 0 0 0.000000 0.000000 0.000000 -nan 0.000000
1316 511 -1 -1 0 0 0 0 0.000000 0.000000 0.000000 -nan 0.000000
1317 512 -1 -1 0 0 0 0 0.000000 0.000000 0.000000 -nan 0.000000
1318 513 -1 -1 0 0 0 0 0.000000 0.000000 0.000000 -nan 0.000000
1319 514 -1 -1 0 0 0 0 0.000000 0.000000 0.000000 -nan 0.000000
1320 515 -1 -1 0 0 0 0 0.000000 0.000000 0.000000 -nan 0.000000
1321 516 -1 -1 0 0 0 0 0.000000 0.000000 0.000000 -nan 0.000000
1322 517 -1 -1 0 0 0 0 0.000000 0.000000 0.000000 -nan 0.000000
1323 518 -1 -1 0 0 0 0 0.000000 0.000000 0.000000 -nan 0.000000
1324 519 -1 -1 0 0 0 0 0.000000 0.000000 0.000000 -nan 0.000000
1325 520 -1 -1 0 0 0 0 0.000000 0.000000 0.000000 -nan 0.000000
1326 521 -1 -1 0 0 0 0 0.000000 0.000000 0.000000 -nan 0.000000
1327 522 -1 -1 0 0 0 0 0.000000 0.000000 0.000000 -nan 0.000000
1328 523 -1 -1 0 0 0 0 0.000000 0.000000 0.000000 -nan 0.000000
1329 524 -1 -1 0 0 0 0 0.000000 0.000000 0.000000 -nan 0.000000
1330 525 -1 -1 0 0 0 0 0.000000 0.000000 0.000000 -nan 0.000000
1331 526 -1 -1 0 0 0 0 0.000000 0.000000 0.000000 -nan 0.000000
1332 527 -1 -1 0 0 0 0 0.000000 0.000000 0.000000 -nan 0.000000
1333 528 -1 -1 0 0 0 0 0.000000 0.000000 0.000000 -nan 0.000000
1334 529 -1 -1 0 0 0 0 0.000000 0.000000 0.000000 -nan 0.000000
1335 530 -1 -1 0 0 0 0 0.000000 0.000000 0.000000 -nan 0.000000
1336 531 -1 -1 0 0 0 0 0.000000 0.000000 0.000000 -nan 0.000000
1337 532 -1 -1 0 0 0 0 0.000000 0.000000 0.000000 -nan 0.000000
1338 533 -1 -1 0 0 0 0 0.000000 0.000000 0.000000 -nan 0.000000
1339 534 -1 -1 0 0 0 0 0.000000 0.000000 0.000000 -nan 0.000000
1340 535 -1 -1 0 0 0 0 0.000000 0.000000 0.000000 -nan 0.000000
1341 536 -1 -1 0 0 0 0 0.000000 0.000000 0.000000 -nan 0.000000
1342 537 -1 -1 0 0 0 0 0.000000 0.000000 0.000000 -nan 0.000000
1343 538 -1 -1 0 0 0 0 0.000000 0.000000 0.000000 -nan 0.000000
1344 539 -1 -1 0 0 0 0 0.000000 0.000000 0.000000 -nan 0.000000
1392 540 -1 -1 0 0 0 0 0.000000 0.000000 0.000000 -nan 0.000000
1393 541 -1 -1 0 0 0 0 0.000000 0.000000 0.000000 -nan 0.000000
1394 542 -1 -1 0 0 0 0 0.000000 0.000000 0.000000 -nan 0.000000
1395 543 -1 -1 0 0 0 0 0.000000 0.000000 0.000000 -nan 0.000000
1396 544 -1 -1 0 0 0 0 0.000000 0.000000 0.000000 -nan 0.000000
1397 545 -1 -1 0 0 0 0 0.000000 0.000000 0.000000 -nan 0.000000
1398 546 -1 -1 0 0 0 0 0.000000 0.000000 0.000000 -nan 0.000000
1399 547 -1 -1 0 0 0 0 0.000000 0.000000 0.000000 -nan 0.000000
1400 548 -1 -1 0 0 0 0 0.000000 0.000000 0.000000 -nan 0.000000
1401 549 -1 -1 0 0 0 0 0.000000 0.000000 0.000000 -nan 0.000000
1402 550 -1 -1 0 0 0 0 0.000000 0.000000 0.000000 -nan 0.000000
1403 551 -1 -1 0 0 0 0 0.000000 0.000000 0.000000 -nan 0.000000
1404 552 -1 -1 0 0 0 0 0.000000 0.000000 0.000000 -nan 0.000000
1405 553 -1 -1 0 0 0 0 0.000000 0.000000 0.000000 -nan 0.000000
1406 554 -1 -1 0 0 0 0 0.000000 0.000000 0.000000 -nan 0.000000
1407 555 -1 -1 0 0 0 0 0.000000 0.000000 0.000000 -nan 0.000000
1408 556 -1 -1 0 0 0 0 0.000000 0.000000 0.000000 -nan 0.000000
1409 557 -1 -1 0 0 0 0 0.000000 0.000000 0.000000 -nan 0.000000
1410 558 -1 -1 0 0 0 0 0.000000 0.000000 0.000000 -nan 0.000000
1411 559 -1 -1 0 0 0 0 0.000000 0.000000 0.000000 -nan 0.000000
1412 560 -1 -1 0 0 0 0 0.000000 0.000000 0.000000 -nan 0.000000
1413 561 -1 -1 0 0 0 0 0.000000 0.000000 0.000000 -nan 0.000000
1414 562 -1 -1 0 0 0 0 0.000000 0.000000 0.000000 -nan 0.000000
1415 563 -1 -1 0 0 0 0 0.000000 0.000000 0.000000 -nan 0.000000
1416 564 -1 -1 0 0 0 0 0.000000 0.000000 0.000000 -nan 0.000000
1417 565 -1 -1 0 0 0 0 0.000000 0.000000 0.000000 -nan 0.000000
1418 566 -1 -1 0 0 0 0 0.000000 0.000000 0.000000 -nan 0.000000
1419 567 -1 -1 0 0 0 0 0.000000 0.000000 0.000000 -nan 0.000000
1420 568 -1 -1 0 0 0 0 0.000000 0.000000 0.000000 -nan 0.000000
1421 569 -1 -1 0 0 0 0 0.000000 0.000000 0.000000 -nan 0.000000
1469 570 -1 -1 0 0 0 0 0.000000 0.000000 0.000000 -nan 0.000000
1470 571 -1 -1 0 0 0 0 0.000000 0.000000 0.000000 -nan 0.000000
1471 572 -1 -1 0 0 0 0 0.000000 0.000000 0.000000 -nan 0.000000
1472 573 -1 -1 0 0 0 0 0.000000 0.000000 0.000000 -nan 0.000000
1473 574 -1 -1 0 0 0 0 0.000000 0.000000 0.000000 -nan 0.000000
1474 575 -1 -1 0 0 0 0 0.000000 0.000000 0.000000 -nan 0.000000
1475 576 -1 -1 0 0 0 0 0.000000 0.000000 0.000000 -nan 0.000000
1476 577 -1 -1 0 0 0 0 0.000000 0.000000 0.000000 -nan 0.000000
1477 578 -1 -1 0 0 0 0 0.000000 0.000000 0.000000 -nan 0.000000
1478 579 -1 -1 0 0 0 0 0.000000 0.000000 0.000000 -nan 0.000000
1479 580 -1 -1 0 0 0 0 0.000000 0.000000 0.000000 -nan 0.000000
1480 581 -1 -1 0 0 0 0 0.000000 0.000000 0.000000 -nan 0.000000
1481 582 -1 -1 0 0 0 0 0.000000 0.000000 0.000000 -nan 0.000000
1482 583 -1 -1 0 0 0 0 0.000000 0.000000 0.000000 -nan 0.000000
1483 584 -1 -1 0 0 0 0 0.000000 0.000000 0.000000 -nan 0.000000
1484 585 -1 -1 0 0 0 0 0.000000 0.000000 0.000000 -nan 0.000000
1485 586 -1 -1 0 0 0 0 0.000000 0.000000 0.000000 -nan 0.000000
1486 587 -1 -1 0 0 0 0 0.000000 0.000000 0.000000 -nan 0.000000
1487 588 -1 -1 0 0 0 0 0.000000 0.000000 0.000000 -nan 0.000000
1488 589 -1 -1 0 0 0 0 0.000000 0.000000 0.000000 -nan 0.000000
1489 590 -1 -1 0 0 0 0 0.000000 0.000000 0.000000 -nan 0.000000
1490 591 -1 -1 0 0 0 0 0.000000 0.000000 0.000000 -nan 0.000000
1491 592 -1 -1 0 0 0 0 0.000000 0.000000 0.000000 -nan 0.000000
1492 593 -1 -1 0 0 0 0 0.000000 0.000000 0.000000 -nan 0.000000
1493 594 -1 -1 0 0 0 0 0.000000 0.000000 0.000000 -nan 0.000000
1494 595 -1 -1 0 0 0 0 0.000000 0.000000 0.000000 -nan 0.000000
1495 596 -1 -1 0 0 0 0 0.000000 0.000000 0.000000 -nan 0.000000
1496 597 -1 -1 0 0 0 0 0.000000 0.000000 0.000000 -nan 0.000000
1497 598 -1 -1 0 0 0 0 0.000000 0.000000 0.000000 -nan 0.000000
1498 599 -1 -1 0 0 0 0 0.000000 0.000000 0.000000 -nan 0.000000
1546 600 0 0 5 5 147584000 147584000 90141941.882041 2091534693.340879 645000000.000000 18028388.376408 2736534693.340879
1547 601 0 1 85 85 441599000 441599000 310073290.836724 2091533818.349560 645000000.000000 3647921.068667 2736533818.349560
1548 602 0 2 5 5 147584000 147584000 90141942.245585 2091533849.334731 645000000.000000 18028388.449117 2736533849.334731
1549 603 0 3 85 85 441599000 441599000 310100021.975747 2091532974.137466 645000000.000000 3648235.552656 2736532974.137466
1550 604 0 4 5 5 147584000 147584000 90280630.077489 2091544699.258000 645000000.000000 18056126.015498 2736544699.258000
1551 605 0 5 85 85 441599000 441599000 306196593.078895 2091543824.432176 645000000.000000 3602312.859752 2736543824.432176
1552 606 0 6 5 5 147584000 147584000 89783642.407073 2091543855.261694 645000000.000000 17956728.481415 2736543855.261694
1553 607 0 7 85 85 441599000 441599000 308780664.552053 2091542980.617017 645000000.000000 3632713.700612 2736542980.617017
1554 608 0 8 5 5 147584000 147584000 89783402.853361 2091527053.792003 645000000.000000 17956680.570672 2736527053.792003
1555 609 0 9 85 85 441599000 441599000 317375959.494407 2091526178.904648 645000000.000000 3733834.817581 2736526178.904648
1556 610 0 10 5 5 147584000 147584000 90141941.838290 2091526209.851509 645000000.000000 18028388.367658 2736526209.851509
1557 611 0 11 85 85 441599000 441599000 316668438.483984 2091525335.047033 645000000.000000 3725511.040988 2736525335.047033
1558 612 0 12 5 5 147584000 147584000 89783906.903317 2091535924.278378 645000000.000000 17956781.380663 2736535924.278378
1559 613 0 13 85 85 441599000 441599000 304098302.324107 2091535050.013439 645000000.000000 3577627.086166 2736535050.013439
1560 614 0 14 5 5 147584000 147584000 89783818.420203 2091535080.194790 645000000.000000 17956763.684041 2736535080.194790
1561 615 0 15 85 85 441599000 441599000 300737071.670447 2091534205.295312 645000000.000000 3538083.196123 2736534205.295312
1562 616 0 16 5 5 147584000 147584000 89783403.504464 2091528286.607027 645000000.000000 17956680.700893 2736528286.607027
1563 617 0 17 85 85 441599000 441599000 312238922.912252 2091527411.855789 645000000.000000 3673399.093085 2736527411.855789
1564 618 0 18 5 5 147584000 147584000 89783642.428718 2091527442.852293 645000000.000000 17956728.485744 2736527442.852293
1565 619 0 19 85 85 441599000 441599000 311386384.841672 2091526568.311434 645000000.000000 3663369.233431 2736526568.311434
1566 620 0 20 5 5 147584000 147584000 89783403.822220 2091537158.061261 645000000.000000 17956680.764444 2736537158.061261
1567 621 0 21 85 85 441599000 441599000 298319157.847254 2091536283.335599 645000000.000000 3509637.151144 2736536283.335599
1568 622 0 22 5 5 147584000 147584000 89783641.391691 2091536313.538616 645000000.000000 17956728.278338 2736536313.538616
1569 623 0 23 85 85 441599000 441599000 299648789.081165 2091535438.494002 645000000.000000 3525279.871543 2736535438.494002
1570 624 0 24 5 5 147584000 147584000 89783403.446207 2091625047.203467 645000000.000000 17956680.689241 2736625047.203467
1571 625 0 25 85 85 441599000 441599000 295471579.178666 2091624172.398469 645000000.000000 3476136.225631 2736624172.398469
1572 626 0 26 5 5 147584000 147584000 89783403.031926 2091624202.992722 645000000.000000 17956680.606385 2736624202.992722
1573 627 0 27 85 85 441599000 441599000 301823890.942088 2091623328.069814 645000000.000000 3550869.305201 2736623328.069814
1574 628 0 28 5 5 147584000 147584000 89783402.295385 2092491097.764761 645000000.000000 17956680.459077 2737491097.764761
1575 629 0 29 85 85 441599000 441599000 294185889.541686 2092490222.607117 645000000.000000 3461010.465196 2737490222.607117
1623 630 0 30 5 5 147584000 147584000 89783641.814697 2092482177.041750 645000000.000000 17956728.362939 2737482177.041750
1624 631 0 31 85 85 441599000 441599000 291087778.852641 2092481302.264585 645000000.000000 3424562.104149 2737481302.264585
1625 632 0 32 5 5 147584000 147584000 89783403.239612 2091978946.792614 645000000.000000 17956680.647922 2736978946.792614
1626 633 0 33 85 85 441599000 441599000 304667032.396412 2091978071.804603 645000000.000000 3584318.028193 2736978071.804603
1627 634 0 34 5 5 147584000 147584000 89783403.861069 2091970350.338063 645000000.000000 17956680.772214 2736970350.338063
1628 635 0 35 85 85 441599000 441599000 318214425.430884 2091969475.747110 645000000.000000 3743699.122716 2736969475.747110
1629 636 0 36 5 5 147584000 147584000 89783642.209832 2091987816.929307 645000000.000000 17956728.441966 2736987816.929307
1630 637 0 37 85 85 441599000 441599000 317473757.453106 2091986942.676765 645000000.000000 3734985.381801 2736986942.676765
1631 638 0 38 5 5 147584000 147584000 89783403.665304 2091979221.018012 645000000.000000 17956680.733061 2736979221.018012
1632 639 0 39 85 85 441599000 441599000 311302809.339604 2091978346.613073 645000000.000000 3662385.992231 2736978346.613073
1633 640 0 40 5 5 147584000 147584000 89784118.759144 2091988028.493889 645000000.000000 17956823.751829 2736988028.493889
1634 641 0 41 85 85 441599000 441599000 309622927.108963 2091987153.751203 645000000.000000 3642622.671870 2736987153.751203
1635 642 0 42 5 5 147584000 147584000 89783403.483738 2091981799.111715 645000000.000000 17956680.696748 2736981799.111715
1636 643 0 43 85 85 441599000 441599000 315277162.828563 2091980923.888802 645000000.000000 3709143.092101 2736980923.888802
1637 644 0 44 5 5 147584000 147584000 89783641.855986 2091996898.664861 645000000.000000 17956728.371197 2736996898.664861
1638 645 0 45 85 85 441599000 441599000 311023392.242077 2091996023.973310 645000000.000000 3659098.732260 2736996023.973310
1639 646 0 46 5 5 147584000 147584000 89783402.682423 2091988302.923529 645000000.000000 17956680.536485 2736988302.923529
1640 647 0 47 85 85 441599000 441599000 301597918.069967 2091987427.810881 645000000.000000 3548210.800823 2736987427.810881
1641 648 0 48 5 5 147584000 147584000 89783403.810061 2091326851.554858 645000000.000000 17956680.762012 2736326851.554858
1642 649 0 49 85 85 441599000 441599000 304263388.804694 2091325976.682866 645000000.000000 3579569.280055 2736325976.682866
1643 650 0 50 5 5 147584000 147584000 89783403.369347 2091318256.026497 645000000.000000 17956680.673869 2736318256.026497
1644 651 0 51 85 85 441599000 441599000 312545252.703736 2091317380.509361 645000000.000000 3677002.972985 2736317380.509361
1645 652 0 52 5 5 147584000 147584000 89784356.316419 2091335722.139629 645000000.000000 17956871.263284 2736335722.139629
1646 653 0 53 85 85 441599000 441599000 312751096.944631 2091334847.239112 645000000.000000 3679424.669937 2736334847.239112
1647 654 0 54 5 5 147584000 147584000 89783404.214342 2091327125.959783 645000000.000000 17956680.842868 2736327125.959783
1648 655 0 55 85 85 441599000 441599000 316421845.339099 2091326251.877913 645000000.000000 3722609.945166 2736326251.877913
1649 656 0 56 5 5 147584000 147584000 89783507.626430 2094014706.224380 645000000.000000 17956701.525286 2739014706.224380
1650 657 0 57 85 85 441599000 441599000 304491111.776974 2094013831.066223 645000000.000000 3582248.373847 2739013831.066223
1651 658 0 58 5 5 147584000 147584000 89783641.710393 2094012386.340816 645000000.000000 17956728.342079 2739012386.340816
1652 659 0 59 85 85 441599000 441599000 299953025.267126 2094011511.443338 645000000.000000 3528859.120790 2739011511.443338
1700 660 0 60 5 5 147584000 147584000 89783641.776836 2089918297.744976 645000000.000000 17956728.355367 2734918297.744976
1701 661 0 61 85 85 441599000 441599000 293749216.149542 2089917422.626546 645000000.000000 3455873.131171 2734917422.626546
1702 662 0 62 5 5 147584000 147584000 90280391.979182 2089919142.379450 645000000.000000 18056078.395836 2734919142.379450
1703 663 0 63 85 85 441599000 441599000 287544246.896501 2089918267.416296 645000000.000000 3382873.492900 2734918267.416296
1704 664 0 64 5 5 147584000 147584000 90141942.344686 2091608710.914081 645000000.000000 18028388.468937 2736608710.914081
1705 665 0 65 85 85 441599000 441599000 309401337.080714 2091607836.432201 645000000.000000 3640015.730361 2736607836.432201
1706 666 0 66 5 5 147584000 147584000 89783402.423311 2091607866.352863 645000000.000000 17956680.484662 2736607866.352863
1707 667 0 67 85 85 441599000 441599000 310004636.089669 2091606991.576918 645000000.000000 3647113.365761 2736606991.576918
1708 668 0 68 5 5 147584000 147584000 89783403.080652 2091617580.924050 645000000.000000 17956680.616130 2736617580.924050
1709 669 0 69 85 85 441599000 441599000 306065596.539638 2091616706.247830 645000000.000000 3600771.723996 2736616706.247830
1710 670 0 70 5 5 147584000 147584000 90280867.365916 2091616737.173548 645000000.000000 18056173.473183 2736616737.173548
1711 671 0 71 85 85 441599000 441599000 305409873.265578 2091615862.037428 645000000.000000 3593057.332536 2736615862.037428
1712 672 0 72 5 5 147584000 147584000 90500720.790569 2091622522.828094 645000000.000000 18100144.158114 2736622522.828094
1713 673 0 73 85 85 441599000 441599000 308193564.442889 2091621647.899025 645000000.000000 3625806.640505 2736621647.899025
1714 674 0 74 5 5 147584000 147584000 89783880.027823 2091621679.555742 645000000.000000 17956776.005565 2736621679.555742
1715 675 0 75 85 85 441599000 441599000 308993534.224985 2091620804.565888 645000000.000000 3635218.049706 2736620804.565888
1716 676 0 76 5 5 147584000 147584000 89783403.261170 2091613653.018042 645000000.000000 17956680.652234 2736613653.018042
1717 677 0 77 85 85 441599000 441599000 302002171.433810 2091612778.277680 645000000.000000 3552966.722751 2736612778.277680
1718 678 0 78 5 5 147584000 147584000 89783403.043810 2091612808.714950 645000000.000000 17956680.608762 2736612808.714950
1719 679 0 79 85 85 441599000 441599000 301970422.009756 2091611934.024701 645000000.000000 3552593.200115 2736611934.024701
1720 680 0 80 5 5 147584000 147584000 90141943.100499 2091624680.814463 645000000.000000 18028388.620100 2736624680.814463
1721 681 0 81 85 85 441599000 441599000 307782502.737546 2091623806.173163 645000000.000000 3620970.620442 2736623806.173163
1722 682 0 82 5 5 147584000 147584000 89783402.154672 2091623837.629914 645000000.000000 17956680.430934 2736623837.629914
1723 683 0 83 85 85 441599000 441599000 308591780.624288 2091622962.890621 645000000.000000 3630491.536756 2736622962.890621
1724 684 0 84 5 5 147584000 147584000 90500482.062559 2091633551.421860 645000000.000000 18100096.412512 2736633551.421860
1725 685 0 85 85 85 441599000 441599000 299416028.632663 2091632676.338088 645000000.000000 3522541.513325 2736632676.338088
1726 686 0 86 5 5 147584000 147584000 89783402.038903 2091632706.727634 645000000.000000 17956680.407781 2736632706.727634
1727 687 0 87 85 85 441599000 441599000 298018961.009487 2091631832.012073 645000000.000000 3506105.423641 2736631832.012073
1728 688 0 88 80 80 294015000 294015000 209822231.197971 2072074214.935135 645000000.000000 2622777.889975 2717074214.935135
1729 689 0 89 80 80 294015000 294015000 208473534.886444 2072075059.239120 645000000.000000 2605919.186081 2717075059.239120
1777 690 0 90 80 80 294015000 294015000 191134686.576901 2074304287.100218 645000000.000000 2389183.582211 2719304287.100218
1778 691 0 91 80 80 294015000 294015000 189999768.706469 2074305013.311751 645000000.000000 2374997.108831 2719305013.311751
1779 692 0 92 80 80 294015000 294015000 219887364.737818 2074284564.109432 645000000.000000 2748592.059223 2719284564.109432
1780 693 0 93 80 80 294015000 294015000 220573251.057131 2074283719.346209 645000000.000000 2757165.638214 2719283719.346209
1781 694 0 94 80 80 294015000 294015000 227099945.057287 2074275694.512944 645000000.000000 2838749.313216 2719275694.512944
1782 695 0 95 80 80 294015000 294015000 225071127.618966 2074274849.779537 645000000.000000 2813389.095237 2719274849.779537
1783 696 0 96 80 80 294015000 294015000 227589462.635399 2074299458.227423 645000000.000000 2844868.282942 2719299458.227423
1784 697 0 97 80 80 294015000 294015000 227523768.218790 2074298614.106457 645000000.000000 2844047.102735 2719298614.106457
1785 698 0 98 80 80 294015000 294015000 218961508.530691 2074290587.870716 645000000.000000 2737018.856634 2719290587.870716
1786 699 0 99 80 80 294015000 294015000 219284872.725657 2074289743.541251 645000000.000000 2741060.909071 2719289743.541251
1787 700 0 100 80 80 294015000 294015000 220228193.430573 2074302713.651523 645000000.000000 2752852.417882 2719302713.651523
1788 701 0 101 80 80 294015000 294015000 221352973.267416 2074301869.360612 645000000.000000 2766912.165843 2719301869.360612
1789 702 0 102 80 80 294015000 294015000 227901017.692190 2074293842.761386 645000000.000000 2848762.721152 2719293842.761386
1790 703 0 103 80 80 294015000 294015000 225135428.355068 2074292998.700773 645000000.000000 2814192.854438 2719292998.700773
1791 704 0 104 80 80 294015000 294015000 228449624.049466 2074317608.122621 645000000.000000 2855620.300618 2719317608.122621
1792 705 0 105 80 80 294015000 294015000 228712877.149093 2074316763.733494 645000000.000000 2858910.964364 2719316763.733494
1793 706 0 106 80 80 294015000 294015000 217703008.893049 2074308737.843165 645000000.000000 2721287.611163 2719308737.843165
1794 707 0 107 80 80 294015000 294015000 217777350.394415 2074307893.640942 645000000.000000 2722216.879930 2719307893.640942
1795 708 0 108 80 80 294015000 294015000 221318996.370883 2073680129.129916 645000000.000000 2766487.454636 2718680129.129916
1796 709 0 109 80 80 294015000 294015000 221379261.889423 2073680973.231936 645000000.000000 2767240.773618 2718680973.231936
1797 710 0 110 80 80 294015000 294015000 224559115.463363 2073688680.879844 645000000.000000 2806988.943292 2718688680.879844
1798 711 0 111 80 80 294015000 294015000 222274462.309599 2073689525.122481 645000000.000000 2778430.778870 2718689525.122481
1799 712 0 112 80 80 294015000 294015000 219787302.634741 2073664916.676045 645000000.000000 2747341.282934 2718664916.676045
1800 713 0 113 80 80 294015000 294015000 220078349.887121 2073665760.901163 645000000.000000 2750979.373589 2718665760.901163
1801 714 0 114 80 80 294015000 294015000 214660071.540822 2073673787.039996 645000000.000000 2683250.894260 2718673787.039996
1802 715 0 115 80 80 294015000 294015000 214230847.691633 2073674631.969971 645000000.000000 2677885.596145 2718674631.969971
1803 716 0 116 80 80 294015000 294015000 210957517.479725 2072672991.948887 645000000.000000 2636968.968497 2717672991.948887
1804 717 0 117 80 80 294015000 294015000 210620369.806369 2072672147.899688 645000000.000000 2632754.622580 2717672147.899688
1805 718 0 118 80 80 294015000 294015000 214223651.068717 2072681863.141615 645000000.000000 2677795.638359 2717681863.141615
1806 719 0 119 80 80 294015000 294015000 213466851.214554 2072681018.207909 645000000.000000 2668335.640182 2717681018.207909
1854 720 0 120 80 80 294015000 294015000 201683590.906707 2070507492.589503 645000000.000000 2521044.886334 2715507492.589503
1855 721 0 121 80 80 294015000 294015000 202697863.649418 2070508336.720688 645000000.000000 2533723.295618 2715508336.720688
1856 722 0 122 80 80 294015000 294015000 200003372.806530 2070508441.111290 645000000.000000 2500042.160082 2715508441.111290
1857 723 0 123 80 80 294015000 294015000 199001577.932090 2070509285.069796 645000000.000000 2487519.724151 2715509285.069796
1858 724 0 124 80 80 294015000 294015000 221217762.974402 2073384960.457678 645000000.000000 2765222.037180 2718384960.457678
1859 725 0 125 80 80 294015000 294015000 219972473.170373 2073384116.073647 645000000.000000 2749655.914630 2718384116.073647
1860 726 0 126 80 80 294015000 294015000 218787096.967859 2073384011.303593 645000000.000000 2734838.712098 2718384011.303593
1861 727 0 127 80 80 294015000 294015000 218459898.355428 2073383166.692664 645000000.000000 2730748.729443 2718383166.692664
1862 728 0 128 80 80 294015000 294015000 215399524.924169 2073400989.905311 645000000.000000 2692494.061552 2718400989.905311
1863 729 0 129 80 80 294015000 294015000 217404909.922617 2073400145.973867 645000000.000000 2717561.374033 2718400145.973867
1864 730 0 130 80 80 294015000 294015000 213429135.744299 2073400041.834720 645000000.000000 2667864.196804 2718400041.834720
1865 731 0 131 80 80 294015000 294015000 212975412.260886 2073399197.074609 645000000.000000 2662192.653261 2718399197.074609
1866 732 0 132 80 80 294015000 294015000 219158644.067429 2073362292.559122 645000000.000000 2739483.050843 2718362292.559122
1867 733 0 133 80 80 294015000 294015000 218495391.280527 2073361448.176750 645000000.000000 2731192.391007 2718361448.176750
1868 734 0 134 80 80 294015000 294015000 219256589.115611 2073361343.177223 645000000.000000 2740707.363945 2718361343.177223
1869 735 0 135 80 80 294015000 294015000 219854965.997033 2073360499.312171 645000000.000000 2748187.074963 2718360499.312171
1870 736 0 136 80 80 294015000 294015000 221167677.368483 2073374847.693281 645000000.000000 2764595.967106 2718374847.693281
1871 737 0 137 80 80 294015000 294015000 220306371.253934 2073374003.282214 645000000.000000 2753829.640674 2718374003.282214
1872 738 0 138 80 80 294015000 294015000 219420581.092098 2073373898.489404 645000000.000000 2742757.263651 2718373898.489404
1873 739 0 139 80 80 294015000 294015000 217212496.799077 2073373054.567427 645000000.000000 2715156.209988 2718373054.567427
1874 740 0 140 80 80 294015000 294015000 209731720.788140 2072784865.226968 645000000.000000 2621646.509852 2717784865.226968
1875 741 0 141 80 80 294015000 294015000 210336439.456221 2072784021.126815 645000000.000000 2629205.493203 2717784021.126815
1876 742 0 142 80 80 294015000 294015000 212086076.233545 2072783916.210091 645000000.000000 2651075.952919 2717783916.210091
1877 743 0 143 80 80 294015000 294015000 212257812.677109 2072783071.715116 645000000.000000 2653222.658464 2717783071.715116
1878 744 0 144 80 80 294015000 294015000 211638966.734371 2072797420.312826 645000000.000000 2645487.084180 2717797420.312826
1879 745 0 145 80 80 294015000 294015000 210473926.738501 2072796576.400634 645000000.000000 2630924.084231 2717796576.400634
1880 746 0 146 80 80 294015000 294015000 205835548.966744 2072796472.243945 645000000.000000 2572944.362084 2717796472.243945
1881 747 0 147 80 80 294015000 294015000 204817536.462496 2072795627.697317 645000000.000000 2560219.205781 2717795627.697317
1882 748 0 148 80 80 294015000 294015000 212634404.443422 2073534766.161973 645000000.000000 2657930.055543 2718534766.161973
1883 749 0 149 80 80 294015000 294015000 210250179.351440 2073533953.785861 645000000.000000 2628127.241893 2718533953.785861
1931 750 0 150 80 80 294015000 294015000 207718551.413959 2074503366.082456 645000000.000000 2596481.892674 2719503366.082456
1932 751 0 151 80 80 294015000 294015000 208463645.795354 2074504210.223296 645000000.000000 2605795.572442 2719504210.223296
1933 752 0 152 80 80 294015000 294015000 214603207.203596 2073603018.111570 645000000.000000 2682540.090045 2718603018.111570
1934 753 0 153 80 80 294015000 294015000 212967445.586045 2073602173.494884 645000000.000000 2662093.069826 2718602173.494884
1935 754 0 154 80 80 294015000 294015000 216074494.591918 2073594147.446150 645000000.000000 2700931.182399 2718594147.446150
1936 755 0 155 80 80 294015000 294015000 215952901.173328 2073593302.904879 645000000.000000 2699411.264667 2718593302.904879
1937 756 0 156 80 80 294015000 294015000 222650817.600140 2074665318.622942 645000000.000000 2783135.220002 2719665318.622942
1938 757 0 157 80 80 294015000 294015000 223145345.624327 2074664474.041457 645000000.000000 2789316.820304 2719664474.041457
1939 758 0 158 80 80 294015000 294015000 224956839.121865 2074656448.906218 645000000.000000 2811960.489023 2719656448.906218
1940 759 0 159 80 80 294015000 294015000 225027630.016938 2074655605.045165 645000000.000000 2812845.375212 2719655605.045165
1941 760 0 160 80 80 294015000 294015000 222994927.228685 2074680213.903839 645000000.000000 2787436.590359 2719680213.903839
1942 761 0 161 80 80 294015000 294015000 223285930.954032 2074679369.726311 645000000.000000 2791074.136925 2719679369.726311
1943 762 0 162 80 80 294015000 294015000 218939558.870890 2074671343.407351 645000000.000000 2736744.485886 2719671343.407351
1944 763 0 163 80 80 294015000 294015000 219133968.988356 2074670498.740771 645000000.000000 2739174.612354 2719670498.740771
1945 764 0 164 80 80 294015000 294015000 216834875.893998 2074647169.091232 645000000.000000 2710435.948675 2719647169.091232
1946 765 0 165 80 80 294015000 294015000 217482015.517408 2074646325.371240 645000000.000000 2718525.193968 2719646325.371240
1947 766 0 166 80 80 294015000 294015000 230571610.922097 2074638299.217286 645000000.000000 2882145.136526 2719638299.217286
1948 767 0 167 80 80 294015000 294015000 231243690.524073 2074637455.329578 645000000.000000 2890546.131551 2719637455.329578
1949 768 0 168 80 80 294015000 294015000 232387419.582711 2074662064.329578 645000000.000000 2904842.744784 2719662064.329578
1950 769 0 169 80 80 294015000 294015000 232803521.554748 2074661219.584108 645000000.000000 2910044.019434 2719661219.584108
1951 770 0 170 80 80 294015000 294015000 220255362.847521 2074653193.890049 645000000.000000 2753192.035594 2719653193.890049
1952 771 0 171 80 80 294015000 294015000 220175844.170265 2074652349.842190 645000000.000000 2752198.052128 2719652349.842190
1953 772 0 172 80 80 294015000 294015000 218607367.775221 2073833803.143183 645000000.000000 2732592.097190 2718833803.143183
1954 773 0 173 80 80 294015000 294015000 218465733.048519 2073832958.702723 645000000.000000 2730821.663106 2718832958.702723
1955 774 0 174 80 80 294015000 294015000 217740575.509220 2073842355.512568 645000000.000000 2721757.193865 2718842355.512568
1956 775 0 175 80 80 294015000 294015000 217953069.516513 2073841511.004092 645000000.000000 2724413.368956 2718841511.004092
1957 776 0 176 80 80 294015000 294015000 219539146.254853 2073846517.309898 645000000.000000 2744239.328186 2718846517.309898
1958 777 0 177 80 80 294015000 294015000 219573612.083018 2073845672.651029 645000000.000000 2744670.151038 2718845672.651029
1959 778 0 178 80 80 294015000 294015000 214812915.777523 2073857250.085371 645000000.000000 2685161.447219 2718857250.085371
1960 779 0 179 80 80 294015000 294015000 214296336.958638 2073856405.534812 645000000.000000 2678704.211983 2718856405.534812
2008 780 0 180 80 80 294015000 294015000 209895392.685267 2072848654.096978 645000000.000000 2623692.408566 2717848654.096978
2009 781 0 181 80 80 294015000 294015000 210153473.396204 2072847809.962416 645000000.000000 2626918.417453 2717847809.962416
2010 782 0 182 80 80 294015000 294015000 207707960.427100 2072847706.063797 645000000.000000 2596349.505339 2717847706.063797
2011 783 0 183 80 80 294015000 294015000 209686231.081716 2072846862.386705 645000000.000000 2621077.888521 2717846862.386705
2012 784 0 184 80 80 294015000 294015000 209019400.428277 2072864684.506504 645000000.000000 2612742.505353 2717864684.506504
2013 785 0 185 80 80 294015000 294015000 209072650.491690 2072863839.929172 645000000.000000 2613408.131146 2717863839.929172
2014 786 0 186 80 80 294015000 294015000 207222010.639898 2072863735.533533 645000000.000000 2590275.132999 2717863735.533533
2015 787 0 187 80 80 294015000 294015000 205829234.088064 2072862891.298230 645000000.000000 2572865.426101 2717862891.298230
2016 788 0 188 80 80 294015000 294015000 215108196.281583 2073724043.020881 645000000.000000 2688852.453520 2718724043.020881
2017 789 0 189 80 80 294015000 294015000 215622329.375891 2073724887.757314 645000000.000000 2695279.117199 2718724887.757314
2018 790 0 190 80 80 294015000 294015000 211122307.817785 2073724992.170688 645000000.000000 2639028.847722 2718724992.170688
2019 791 0 191 80 80 294015000 294015000 214806875.912769 2073725836.296649 645000000.000000 2685085.948910 2718725836.296649
2020 792 0 192 80 80 294015000 294015000 210783057.267966 2073736440.451871 645000000.000000 2634788.215850 2718736440.451871
2021 793 0 193 80 80 294015000 294015000 210599531.391529 2073737284.200886 645000000.000000 2632494.142394 2718737284.200886
2022 794 0 194 80 80 294015000 294015000 209762937.440583 2073737389.129814 645000000.000000 2622036.718007 2718737389.129814
2023 795 0 195 80 80 294015000 294015000 209439433.424538 2073738233.082665 645000000.000000 2617992.917807 2718738233.082665
2024 796 0 196 80 80 294015000 294015000 217771655.388609 2073697741.353509 645000000.000000 2722145.692358 2718697741.353509
2025 797 0 197 80 80 294015000 294015000 218985475.698494 2073698585.571311 645000000.000000 2737318.446231 2718698585.571311
2026 798 0 198 80 80 294015000 294015000 212356829.235782 2073698689.082633 645000000.000000 2654460.365447 2718698689.082633
2027 799 0 199 80 80 294015000 294015000 217322666.487866 2073699533.282418 645000000.000000 2716533.331098 2718699533.282418
2028 800 0 200 80 80 294015000 294015000 218283230.030307 2073710295.580678 645000000.000000 2728540.375379 2718710295.580678
2029 801 0 201 80 80 294015000 294015000 216294034.506970 2073711140.054133 645000000.000000 2703675.431337 2718711140.054133
2030 802 0 202 80 80 294015000 294015000 214494660.436853 2073711244.633600 645000000.000000 2681183.255461 2718711244.633600
2031 803 0 203 80 80 294015000 294015000 213229720.992576 2073712088.977444 645000000.000000 2665371.512407 2718712088.977444
2032 804 0 204 80 80 294015000 294015000 197824264.015773 2071705422.751592 645000000.000000 2472803.300197 2716705422.751592
2033 805 0 205 80 80 294015000 294015000 201029004.647526 2071704578.913579 645000000.000000 2512862.558094 2716704578.913579
2034 806 0 206 80 80 294015000 294015000 197380806.130684 2071706371.901787 645000000.000000 2467260.076634 2716706371.901787
2035 807 0 207 80 80 294015000 294015000 199583359.017842 2071705527.530725 645000000.000000 2494791.987723 2716705527.530725
2036 808 0 208 80 80 294015000 294015000 212996482.286196 2072271547.878861 645000000.000000 2662456.028577 2717271547.878861
2037 809 0 209 80 80 294015000 294015000 213773793.101005 2072270703.799358 645000000.000000 2672172.413763 2717270703.799358
2085 810 0 210 80 80 294015000 294015000 195853881.723666 2073950778.500228 645000000.000000 2448173.521546 2718950778.500228
2086 811 0 211 80 80 294015000 294015000 191650992.007529 2073951622.945144 645000000.000000 2395637.400094 2718951622.945144
2087 812 0 212 80 80 294015000 294015000 221498730.331530 2073915915.310479 645000000.000000 2768734.129144 2718915915.310479
2088 813 0 213 80 80 294015000 294015000 221798807.130502 2073915071.256119 645000000.000000 2772485.089131 2718915071.256119
2089 814 0 214 80 80 294015000 294015000 219315553.664857 2073907044.204720 645000000.000000 2741444.420811 2718907044.204720
2090 815 0 215 80 80 294015000 294015000 220501115.339337 2073906199.658950 645000000.000000 2756263.941742 2718906199.658950
2091 816 0 216 80 80 294015000 294015000 221269216.026949 2073930809.559657 645000000.000000 2765865.200337 2718930809.559657
2092 817 0 217 80 80 294015000 294015000 222154468.920869 2073929964.960274 645000000.000000 2776930.861511 2718929964.960274
2093 818 0 218 80 80 294015000 294015000 223501057.001545 2073921938.661139 645000000.000000 2793763.212519 2718921938.661139
2094 819 0 219 80 80 294015000 294015000 224627703.973921 2073921094.241054 645000000.000000 2807846.299674 2718921094.241054
2095 820 0 220 80 80 294015000 294015000 220207830.153998 2074940302.966471 645000000.000000 2752597.876925 2719940302.966471
2096 821 0 221 80 80 294015000 294015000 220170530.111134 2074939458.813223 645000000.000000 2752131.626389 2719939458.813223
2097 822 0 222 80 80 294015000 294015000 223111462.044692 2074931432.751529 645000000.000000 2788893.275559 2719931432.751529
2098 823 0 223 80 80 294015000 294015000 223872995.601378 2074930588.782077 645000000.000000 2798412.445017 2719930588.782077
2099 824 0 224 80 80 294015000 294015000 226609811.735244 2074955197.115636 645000000.000000 2832622.646691 2719955197.115636
2100 825 0 225 80 80 294015000 294015000 224894697.044617 2074954353.287356 645000000.000000 2811183.713058 2719954353.287356
2101 826 0 226 80 80 294015000 294015000 221337869.605012 2074946326.686902 645000000.000000 2766723.370063 2719946326.686902
2102 827 0 227 80 80 294015000 294015000 218621959.918982 2074945482.275507 645000000.000000 2732774.498987 2719945482.275507
2103 828 0 228 80 80 294015000 294015000 226324376.010252 2074921868.242383 645000000.000000 2829054.700128 2719921868.242383
2104 829 0 229 80 80 294015000 294015000 224715747.684020 2074921023.977983 645000000.000000 2808946.846050 2719921023.977983
2105 830 0 230 80 80 294015000 294015000 227024818.752507 2074912998.669269 645000000.000000 2837810.234406 2719912998.669269
2106 831 0 231 80 80 294015000 294015000 227083214.545464 2074912154.588955 645000000.000000 2838540.181818 2719912154.588955
2107 832 0 232 80 80 294015000 294015000 229967660.189040 2074936762.166919 645000000.000000 2874595.752363 2719936762.166919
2108 833 0 233 80 80 294015000 294015000 229012664.658825 2074935917.549658 645000000.000000 2862658.308235 2719935917.549658
2109 834 0 234 80 80 294015000 294015000 218910170.534042 2074927892.532863 645000000.000000 2736377.131676 2719927892.532863
2110 835 0 235 80 80 294015000 294015000 219574551.615402 2074927047.668975 645000000.000000 2744681.895193 2719927047.668975
2111 836 0 236 80 80 294015000 294015000 212994124.789548 2073906792.909382 645000000.000000 2662426.559869 2718906792.909382
2112 837 0 237 80 80 294015000 294015000 213445446.212860 2073907637.320961 645000000.000000 2668068.077661 2718907637.320961
2113 838 0 238 80 80 294015000 294015000 209159502.206093 2073907590.549578 645000000.000000 2614493.777576 2718907590.549578
2114 839 0 239 80 80 294015000 294015000 208262109.631686 2073908435.253822 645000000.000000 2603276.370396 2718908435.253822
2162 840 0 240 80 80 294015000 294015000 209578626.297464 2071412559.182880 645000000.000000 2619732.828718 2716412559.182880
2163 841 0 241 80 80 294015000 294015000 207561761.134640 2071411715.344350 645000000.000000 2594522.014183 2716411715.344350
2164 842 0 242 80 80 294015000 294015000 209822183.202393 2071413508.792932 645000000.000000 2622777.290030 2716413508.792932
2165 843 0 243 80 80 294015000 294015000 210860217.702467 2071412664.163713 645000000.000000 2635752.721281 2716412664.163713
2166 844 0 244 80 80 294015000 294015000 211377722.215558 2072976197.433178 645000000.000000 2642221.527694 2717976197.433178
2167 845 0 245 80 80 294015000 294015000 211183770.577839 2072975353.560991 645000000.000000 2639797.132223 2717975353.560991
2168 846 0 246 80 80 294015000 294015000 207833774.835663 2072977145.796661 645000000.000000 2597922.185446 2717977145.796661
2169 847 0 247 80 80 294015000 294015000 210552155.362362 2072976301.213890 645000000.000000 2631901.942030 2717976301.213890
2170 848 0 248 80 80 294015000 294015000 216200031.856616 2072992228.086682 645000000.000000 2702500.398208 2717992228.086682
2171 849 0 249 80 80 294015000 294015000 216081626.090168 2072991383.578978 645000000.000000 2701020.326127 2717991383.578978
2172 850 0 250 80 80 294015000 294015000 213846084.904324 2072993176.177346 645000000.000000 2673076.061304 2717993176.177346
2173 851 0 251 80 80 294015000 294015000 214791487.126331 2072992331.850472 645000000.000000 2684893.589079 2717992331.850472
2174 852 0 252 80 80 294015000 294015000 214394224.670750 2074074519.972958 645000000.000000 2679927.808384 2719074519.972958
2175 853 0 253 80 80 294015000 294015000 215728680.403380 2074075364.504980 645000000.000000 2696608.505042 2719075364.504980
2176 854 0 254 80 80 294015000 294015000 213231214.743140 2074073571.937006 645000000.000000 2665390.184289 2719073571.937006
2177 855 0 255 80 80 294015000 294015000 213321482.121349 2074074415.700374 645000000.000000 2666518.526517 2719074415.700374
2178 856 0 256 80 80 294015000 294015000 219408000.951337 2074086916.702712 645000000.000000 2742600.011892 2719086916.702712
2179 857 0 257 80 80 294015000 294015000 219374998.988719 2074087761.174770 645000000.000000 2742187.487359 2719087761.174770
2180 858 0 258 80 80 294015000 294015000 221322268.716287 2074085968.200862 645000000.000000 2766528.358954 2719085968.200862
2181 859 0 259 80 80 294015000 294015000 216944399.186127 2074086812.283483 645000000.000000 2711804.989827 2719086812.283483
2182 860 0 260 80 80 294015000 294015000 222796601.072471 2074048218.593152 645000000.000000 2784957.513406 2719048218.593152
2183 861 0 261 80 80 294015000 294015000 221677436.349501 2074049063.415373 645000000.000000 2770967.954369 2719049063.415373
2184 862 0 262 80 80 294015000 294015000 220031114.166640 2074047270.161358 645000000.000000 2750388.927083 2719047270.161358
2185 863 0 263 80 80 294015000 294015000 221289953.094110 2074048114.066213 645000000.000000 2766124.413676 2719048114.066213
2186 864 0 264 80 80 294015000 294015000 217287906.755726 2074060774.130395 645000000.000000 2716098.834447 2719060774.130395
2187 865 0 265 80 80 294015000 294015000 218531315.041230 2074061618.081588 645000000.000000 2731641.438015 2719061618.081588
2188 866 0 266 80 80 294015000 294015000 215980531.722057 2074059825.727359 645000000.000000 2699756.646526 2719059825.727359
2189 867 0 267 80 80 294015000 294015000 213444314.954714 2074060670.220563 645000000.000000 2668053.936934 2719060670.220563
2190 868 0 268 80 80 294015000 294015000 201413033.133407 2072925547.908846 645000000.000000 2517662.914168 2717925547.908846
2191 869 0 269 80 80 294015000 294015000 200839201.633189 2072924704.010551 645000000.000000 2510490.020415 2717924704.010551
2239 870 0 270 80 80 294015000 294015000 202914378.750589 2072914865.385302 645000000.000000 2536429.734382 2717914865.385302
2240 871 0 271 80 80 294015000 294015000 206246555.487621 2072914020.851089 645000000.000000 2578081.943595 2717914020.851089
2241 872 0 272 80 80 294015000 294015000 216913151.037235 2074947537.161994 645000000.000000 2711414.387965 2719947537.161994
2242 873 0 273 80 80 294015000 294015000 217333523.082753 2074948381.022970 645000000.000000 2716669.038534 2719948381.022970
2243 874 0 274 80 80 294015000 294015000 220938194.366472 2074938667.076485 645000000.000000 2761727.429581 2719938667.076485
2244 875 0 275 80 80 294015000 294015000 220833591.527452 2074939511.431695 645000000.000000 2760419.894093 2719939511.431695
2245 876 0 276 80 80 294015000 294015000 218833837.731948 2074913606.005262 645000000.000000 2735422.971649 2719913606.005262
2246 877 0 277 80 80 294015000 294015000 220571900.040971 2074914450.550512 645000000.000000 2757148.750512 2719914450.550512
2247 878 0 278 80 80 294015000 294015000 227877648.861105 2074904736.699394 645000000.000000 2848470.610764 2719904736.699394
2248 879 0 279 80 80 294015000 294015000 230452578.295149 2074905581.043764 645000000.000000 2880657.228689 2719905581.043764
2249 880 0 280 80 80 294015000 294015000 234445313.618007 2074928501.050089 645000000.000000 2930566.420225 2719928501.050089
2250 881 0 281 80 80 294015000 294015000 234988314.148162 2074929345.201056 645000000.000000 2937353.926852 2719929345.201056
2251 882 0 282 80 80 294015000 294015000 218669675.454391 2074919630.179126 645000000.000000 2733370.943180 2719919630.179126
2252 883 0 283 80 80 294015000 294015000 219712468.680756 2074920474.840305 645000000.000000 2746405.858509 2719920474.840305
2253 884 0 284 80 80 294015000 294015000 216913043.750128 2074906086.935707 645000000.000000 2711413.046877 2719906086.935707
2254 885 0 285 80 80 294015000 294015000 216971205.732883 2074906931.094560 645000000.000000 2712140.071661 2719906931.094560
2255 886 0 286 80 80 294015000 294015000 227395599.490139 2074897215.838795 645000000.000000 2842444.993627 2719897215.838795
2256 887 0 287 80 80 294015000 294015000 228071500.151479 2074898059.921245 645000000.000000 2850893.751893 2719898059.921245
2257 888 0 288 80 80 294015000 294015000 232243989.626806 2074920981.137365 645000000.000000 2903049.870335 2719920981.137365
2258 889 0 289 80 80 294015000 294015000 231986654.204202 2074921825.603506 645000000.000000 2899833.177553 2719921825.603506
2259 890 0 290 80 80 294015000 294015000 222397164.230077 2074912109.963932 645000000.000000 2779964.552876 2719912109.963932
2260 891 0 291 80 80 294015000 294015000 222411539.435312 2074912955.036567 645000000.000000 2780144.242941 2719912955.036567
2261 892 0 292 80 80 294015000 294015000 222722472.472849 2074887935.716648 645000000.000000 2784030.905911 2719887935.716648
2262 893 0 293 80 80 294015000 294015000 223751174.488101 2074888780.305184 645000000.000000 2796889.681101 2719888780.305184
2263 894 0 294 80 80 294015000 294015000 224874354.198968 2074879065.027108 645000000.000000 2810929.427487 2719879065.027108
2264 895 0 295 80 80 294015000 294015000 227592788.303375 2074879909.041748 645000000.000000 2844909.853792 2719879909.041748
2265 896 0 296 80 80 294015000 294015000 232645599.775234 2074902830.036064 645000000.000000 2908069.997190 2719902830.036064
2266 897 0 297 80 80 294015000 294015000 232246632.618176 2074903674.237041 645000000.000000 2903082.907727 2719903674.237041
2267 898 0 298 80 80 294015000 294015000 219273052.486181 2074893959.372974 645000000.000000 2740913.156077 2719893959.372974
2268 899 0 299 80 80 294015000 294015000 219564599.974722 2074894803.450832 645000000.000000 2744557.499684 2719894803.450832
2316 900 -1 -1 0 0 0 0 0.000000 0.000000 0.000000 -nan 0.000000
2317 901 -1 -1 0 0 0 0 0.000000 0.000000 0.000000 -nan 0.000000
2318 902 -1 -1 0 0 0 0 0.000000 0.000000 0.000000 -nan 0.000000
2319 903 -1 -1 0 0 0 0 0.000000 0.000000 0.000000 -nan 0.000000
2320 904 -1 -1 0 0 0 0 0.000000 0.000000 0.000000 -nan 0.000000
2321 905 -1 -1 0 0 0 0 0.000000 0.000000 0.000000 -nan 0.000000
2322 906 -1 -1 0 0 0 0 0.000000 0.000000 0.000000 -nan 0.000000
2323 907 -1 -1 0 0 0 0 0.000000 0.000000 0.000000 -nan 0.000000
2324 908 -1 -1 0 0 0 0 0.000000 0.000000 0.000000 -nan 0.000000
2325 909 -1 -1 0 0 0 0 0.000000 0.000000 0.000000 -nan 0.000000
2326 910 -1 -1 0 0 0 0 0.000000 0.000000 0.000000 -nan 0.000000
2327 911 -1 -1 0 0 0 0 0.000000 0.000000 0.000000 -nan 0.000000
2328 912 -1 -1 0 0 0 0 0.000000 0.000000 0.000000 -nan 0.000000
2329 913 -1 -1 0 0 0 0 0.000000 0.000000 0.000000 -nan 0.000000
2330 914 -1 -1 0 0 0 0 0.000000 0.000000 0.000000 -nan 0.000000
2331 915 -1 -1 0 0 0 0 0.000000 0.000000 0.000000 -nan 0.000000
2332 916 -1 -1 0 0 0 0 0.000000 0.000000 0.000000 -nan 0.000000
2333 917 -1 -1 0 0 0 0 0.000000 0.000000 0.000000 -nan 0.000000
2334 918 -1 -1 0 0 0 0 0.000000 0.000000 0.000000 -nan 0.000000
2335 919 -1 -1 0 0 0 0 0.000000 0.000000 0.000000 -nan 0.000000
2336 920 -1 -1 0 0 0 0 0.000000 0.000000 0.000000 -nan 0.000000
2337 921 -1 -1 0 0 0 0 0.000000 0.000000 0.000000 -nan 0.000000
2338 922 -1 -1 0 0 0 0 0.000000 0.000000 0.000000 -nan 0.000000
2339 923 -1 -1 0 0 0 0 0.000000 0.000000 0.000000 -nan 0.000000
2340 924 -1 -1 0 0 0 0 0.000000 0.000000 0.000000 -nan 0.000000
2341 925 -1 -1 0 0 0 0 0.000000 0.000000 0.000000 -nan 0.000000
2342 926 -1 -1 0 0 0 0 0.000000 0.000000 0.000000 -nan 0.000000
2343 927 -1 -1 0 0 0 0 0.000000 0.000000 0.000000 -nan 0.000000
2344 928 -1 -1 0 0 0 0 0.000000 0.000000 0.000000 -nan 0.000000
2345 929 -1 -1 0 0 0 0 0.000000 0.000000 0.000000 -nan 0.000000
2393 930 -1 -1 0 0 0 0 0.000000 0.000000 0.000000 -nan 0.000000
2394 931 -1 -1 0 0 0 0 0.000000 0.000000 0.000000 -nan 0.000000
2395 932 -1 -1 0 0 0 0 0.000000 0.000000 0.000000 -nan 0.000000
2396 933 -1 -1 0 0 0 0 0.000000 0.000000 0.000000 -nan 0.000000
2397 934 -1 -1 0 0 0 0 0.000000 0.000000 0.000000 -nan 0.000000
2398 935 -1 -1 0 0 0 0 0.000000 0.000000 0.000000 -nan 0.000000
2399 936 -1 -1 0 0 0 0 0.000000 0.000000 0.000000 -nan 0.000000
2400 937 -1 -1 0 0 0 0 0.000000 0.000000 0.000000 -nan 0.000000
2401 938 -1 -1 0 0 0 0 0.000000 0.000000 0.000000 -nan 0.000000
2402 939 -1 -1 0 0 0 0 0.000000 0.000000 0.000000 -nan 0.000000
2403 940 -1 -1 0 0 0 0 0.000000 0.000000 0.000000 -nan 0.000000
2404 941 -1 -1 0 0 0 0 0.000000 0.000000 0.000000 -nan 0.000000
2405 942 -1 -1 0 0 0 0 0.000000 0.000000 0.000000 -nan 0.000000
2406 943 -1 -1 0 0 0 0 0.000000 0.000000 0.000000 -nan 0.000000
2407 944 -1 -1 0 0 0 0 0.000000 0.000000 0.000000 -nan 0.000000
2408 945 -1 -1 0 0 0 0 0.000000 0.000000 0.000000 -nan 0.000000
2409 946 -1 -1 0 0 0 0 0.000000 0.000000 0.000000 -nan 0.000000
2410 947 -1 -1 0 0 0 0 0.000000 0.000000 0.000000 -nan 0.000000
2411 948 -1 -1 0 0 0 0 0.000000 0.000000 0.000000 -nan 0.000000
2412 949 -1 -1 0 0 0 0 0.000000 0.000000 0.000000 -nan 0.000000
2413 950 -1 -1 0 0 0 0 0.000000 0.000000 0.000000 -nan 0.000000
2414 951 -1 -1 0 0 0 0 0.000000 0.000000 0.000000 -nan 0.000000
2415 952 -1 -1 0 0 0 0 0.000000 0.000000 0.000000 -nan 0.000000
2416 953 -1 -1 0 0 0 0 0.000000 0.000000 0.000000 -nan 0.000000
2417 954 -1 -1 0 0 0 0 0.000000 0.000000 0.000000 -nan 0.000000
2418 955 -1 -1 0 0 0 0 0.000000 0.000000 0.000000 -nan 0.000000
2419 956 -1 -1 0 0 0 0 0.000000 0.000000 0.000000 -nan 0.000000
2420 957 -1 -1 0 0 0 0 0.000000 0.000000 0.000000 -nan 0.000000
2421 958 -1 -1 0 0 0 0 0.000000 0.000000 0.000000 -nan 0.000000
2422 959 -1 -1 0 0 0 0 0.000000 0.000000 0.000000 -nan 0.000000
2470 960 -1 -1 0 0 0 0 0.000000 0.000000 0.000000 -nan 0.000000
2471 961 -1 -1 0 0 0 0 0.000000 0.000000 0.000000 -nan 0.000000
2472 962 -1 -1 0 0 0 0 0.000000 0.000000 0.000000 -nan 0.000000
2473 963 -1 -1 0 0 0 0 0.000000 0.000000 0.000000 -nan 0.000000
2474 964 -1 -1 0 0 0 0 0.000000 0.000000 0.000000 -nan 0.000000
2475 965 -1 -1 0 0 0 0 0.000000 0.000000 0.000000 -nan 0.000000
2476 966 -1 -1 0 0 0 0 0.000000 0.000000 0.000000 -nan 0.000000
2477 967 -1 -1 0 0 0 0 0.000000 0.000000 0.000000 -nan 0.000000
2478 968 -1 -1 0 0 0 0 0.000000 0.000000 0.000000 -nan 0.000000
2479 969 -1 -1 0 0 0 0 0.000000 0.000000 0.000000 -nan 0.000000
2480 970 -1 -1 0 0 0 0 0.000000 0.000000 0.000000 -nan 0.000000
2481 971 -1 -1 0 0 0 0 0.000000 0.000000 0.000000 -nan 0.000000
2482 972 -1 -1 0 0 0 0 0.000000 0.000000 0.000000 -nan 0.000000
2483 973 -1 -1 0 0 0 0 0.000000 0.000000 0.000000 -nan 0.000000
2484 974 -1 -1 0 0 0 0 0.000000 0.000000 0.000000 -nan 0.000000
2485 975 -1 -1 0 0 0 0 0.000000 0.000000 0.000000 -nan 0.000000
2486 976 -1 -1 0 0 0 0 0.000000 0.000000 0.000000 -nan 0.000000
2487 977 -1 -1 0 0 0 0 0.000000 0.000000 0.000000 -nan 0.000000
2488 978 -1 -1 0 0 0 0 0.000000 0.000000 0.000000 -nan 0.000000
2489 979 -1 -1 0 0 0 0 0.000000 0.000000 0.000000 -nan 0.000000
2490 980 -1 -1 0 0 0 0 0.000000 0.000000 0.000000 -nan 0.000000
2491 981 -1 -1 0 0 0 0 0.000000 0.000000 0.000000 -nan 0.000000
2492 982 -1 -1 0 0 0 0 0.000000 0.000000 0.000000 -nan 0.000000
2493 983 -1 -1 0 0 0 0 0.000000 0.000000 0.000000 -nan 0.000000
2494 984 -1 -1 0 0 0 0 0.000000 0.000000 0.000000 -nan 0.000000
2495 985 -1 -1 0 0 0 0 0.000000 0.000000 0.000000 -nan 0.000000
2496 986 -1 -1 0 0 0 0 0.000000 0.000000 0.000000 -nan 0.000000
2497 987 -1 -1 0 0 0 0 0.000000 0.000000 0.000000 -nan 0.000000
2498 988 -1 -1 0 0 0 0 0.000000 0.000000 0.000000 -nan 0.000000
2499 989 -1 -1 0 0 0 0 0.000000 0.000000 0.000000 -nan 0.000000