# Format <LP id> <Terminal ID> <Total Data Sent> <Total Data Received> <Avg packet latency> <Max packet Latency> <Min packet Latency> <# Packets finished> <Avg Hops> <Avg Busy Time (over rails)>
37 0 0 0 -nan 0.000000 2147483647.000000 0 -nan 0.000000
38 1 0 0 -nan 0.000000 2147483647.000000 0 -nan 0.000000
39 2 0 0 -nan 0.000000 2147483647.000000 0 -nan 0.000000
40 3 0 0 -nan 0.000000 2147483647.000000 0 -nan 0.000000
41 4 0 0 -nan 0.000000 2147483647.000000 0 -nan 0.000000
42 5 0 0 -nan 0.000000 2147483647.000000 0 -nan 0.000000
43 6 641195712 641195712 13146.345751 30783.578955 1488.474874 182943 3.678752 92984424.282771
44 7 0 0 -nan 0.000000 2147483647.000000 0 -nan 0.000000
45 8 0 0 -nan 0.000000 2147483647.000000 0 -nan 0.000000
46 9 0 0 -nan 0.000000 2147483647.000000 0 -nan 0.000000
47 10 532939872 532939872 18815.418556 126257.339566 2315.083877 152037 3.952347 126380500.040761
48 11 0 0 -nan 0.000000 2147483647.000000 0 -nan 0.000000
49 12 0 0 -nan 0.000000 2147483647.000000 0 -nan 0.000000
50 13 641195712 641195712 17341.924940 67199.732418 1403.446161 182943 3.953707 156270720.330173
51 14 641210160 641210160 12231.311105 48823.958788 2315.083877 184749 3.813195 88303729.890398
52 15 0 0 -nan 0.000000 2147483647.000000 0 -nan 0.000000
53 16 0 0 -nan 0.000000 2147483647.000000 0 -nan 0.000000
54 17 0 0 -nan 0.000000 2147483647.000000 0 -nan 0.000000
55 18 425290704 425290704 12096.358202 29746.536405 2315.083877 110307 3.763687 71870403.633755
56 19 0 0 -nan 0.000000 2147483647.000000 0 -nan 0.000000
57 20 0 0 -nan 0.000000 2147483647.000000 0 -nan 0.000000
58 21 0 0 -nan 0.000000 2147483647.000000 0 -nan 0.000000
59 22 0 0 -nan 0.000000 2147483647.000000 0 -nan 0.000000
60 23 0 0 -nan 0.000000 2147483647.000000 0 -nan 0.000000
61 24 532939872 532939872 13307.160823 59998.319002 2315.083877 152037 3.800805 123723234.897290
62 25 0 0 -nan 0.000000 2147483647.000000 0 -nan 0.000000
63 26 0 0 -nan 0.000000 2147483647.000000 0 -nan 0.000000
64 27 0 0 -nan 0.000000 2147483647.000000 0 -nan 0.000000
65 28 0 0 -nan 0.000000 2147483647.000000 0 -nan 0.000000
66 29 0 0 -nan 0.000000 2147483647.000000 0 -nan 0.000000
67 30 0 0 -nan 0.000000 2147483647.000000 0 -nan 0.000000
68 31 0 0 -nan 0.000000 2147483647.000000 0 -nan 0.000000
114 32 0 0 -nan 0.000000 2147483647.000000 0 -nan 0.000000
115 33 0 0 -nan 0.000000 2147483647.000000 0 -nan 0.000000
116 34 0 0 -nan 0.000000 2147483647.000000 0 -nan 0.000000
117 35 0 0 -nan 0.000000 2147483647.000000 0 -nan 0.000000
118 36 641195712 641195712 17292.987680 78612.990077 1403.446161 182943 3.496778 163303906.183478
119 37 0 0 -nan 0.000000 2147483647.000000 0 -nan 0.000000
120 38 0 0 -nan 0.000000 2147483647.000000 0 -nan 0.000000
121 39 0 0 -nan 0.000000 2147483647.000000 0 -nan 0.000000
122 40 425391840 425391840 16946.417110 124546.682198 1403.446161 122949 3.950882 173701892.199292
123 41 0 0 -nan 0.000000 2147483647.000000 0 -nan 0.000000
124 42 0 0 -nan 0.000000 2147483647.000000 0 -nan 0.000000
125 43 532939872 532939872 13020.030453 72075.446883 1801.586562 152037 3.968152 137858084.995556
126 44 0 0 -nan 0.000000 2147483647.000000 0 -nan 0.000000
127 45 0 0 -nan 0.000000 2147483647.000000 0 -nan 0.000000
128 46 0 0 -nan 0.000000 2147483647.000000 0 -nan 0.000000
129 47 0 0 -nan 0.000000 2147483647.000000 0 -nan 0.000000
130 48 425391840 425391840 12919.214436 37344.080725 1403.446161 122949 3.931289 166415704.802696
131 49 0 0 -nan 0.000000 2147483647.000000 0 -nan 0.000000
132 50 0 0 -nan 0.000000 2147483647.000000 0 -nan 0.000000
133 51 0 0 -nan 0.000000 2147483647.000000 0 -nan 0.000000
134 52 0 0 -nan 0.000000 2147483647.000000 0 -nan 0.000000
135 53 532939872 532939872 15807.528073 67211.759880 2315.083877 152037 3.637325 150523708.336308
136 54 532939872 532939872 11934.394528 48025.958751 1405.796642 152037 3.414254 96106409.591818
137 55 0 0 -nan 0.000000 2147483647.000000 0 -nan 0.000000
138 56 532838736 532838736 14618.006939 70297.055116 1488.474874 139395 3.799914 282027778.528905
139 57 641195712 641195712 13509.639497 48916.449876 1405.796642 182943 3.655598 155380270.312419
140 58 0 0 -nan 0.000000 2147483647.000000 0 -nan 0.000000
141 59 0 0 -nan 0.000000 2147483647.000000 0 -nan 0.000000
142 60 641195712 641195712 12210.741927 56163.140302 1650.246643 182943 3.970237 111764353.149107
143 61 532954320 532954320 14632.958557 123860.506640 2315.083877 153843 3.814922 91203513.553423
144 62 0 0 -nan 0.000000 2147483647.000000 0 -nan 0.000000
145 63 0 0 -nan 0.000000 2147483647.000000 0 -nan 0.000000
191 64 0 0 -nan 0.000000 2147483647.000000 0 -nan 0.000000
192 65 0 0 -nan 0.000000 2147483647.000000 0 -nan 0.000000
193 66 641195712 641195712 19799.705804 107731.480986 1405.796642 182943 3.655762 60769038.806371
194 67 532939872 532939872 19338.572558 78184.922972 1490.991427 152037 3.952387 169394051.297714
195 68 0 0 -nan 0.000000 2147483647.000000 0 -nan 0.000000
196 69 0 0 -nan 0.000000 2147483647.000000 0 -nan 0.000000
197 70 0 0 -nan 0.000000 2147483647.000000 0 -nan 0.000000
198 71 0 0 -nan 0.000000 2147483647.000000 0 -nan 0.000000
199 72 0 0 -nan 0.000000 2147483647.000000 0 -nan 0.000000
200 73 425290704 425290704 16250.494917 61021.341402 2315.083877 110307 3.758220 95380685.923692
201 74 0 0 -nan 0.000000 2147483647.000000 0 -nan 0.000000
202 75 0 0 -nan 0.000000 2147483647.000000 0 -nan 0.000000
203 76 0 0 -nan 0.000000 2147483647.000000 0 -nan 0.000000
204 77 532939872 532939872 10884.874371 24549.257624 1405.796642 152037 3.561909 123952578.423657
205 78 0 0 -nan 0.000000 2147483647.000000 0 -nan 0.000000
206 79 532939872 532939872 17058.773704 62267.822973 1490.991427 152037 3.621480 93161096.898127
207 80 0 0 -nan 0.000000 2147483647.000000 0 -nan 0.000000
208 81 0 0 -nan 0.000000 2147483647.000000 0 -nan 0.000000
209 82 532939872 532939872 19088.428300 136856.596379 1405.796642 152037 3.780915 54313158.898275
210 83 0 0 -nan 0.000000 2147483647.000000 0 -nan 0.000000
211 84 0 0 -nan 0.000000 2147483647.000000 0 -nan 0.000000
212 85 0 0 -nan 0.000000 2147483647.000000 0 -nan 0.000000
213 86 0 0 -nan 0.000000 2147483647.000000 0 -nan 0.000000
214 87 0 0 -nan 0.000000 2147483647.000000 0 -nan 0.000000
215 88 0 0 -nan 0.000000 2147483647.000000 0 -nan 0.000000
216 89 641195712 641195712 15085.294486 65229.017217 577.768481 182943 3.635903 105207047.340996
217 90 641210160 641210160 14726.012973 51524.035002 577.768481 184749 3.488674 180470779.784067
218 91 0 0 -nan 0.000000 2147483647.000000 0 -nan 0.000000
219 92 0 0 -nan 0.000000 2147483647.000000 0 -nan 0.000000
220 93 532939872 532939872 12426.806364 50470.056161 2315.083877 152037 3.773062 180548629.848754
221 94 0 0 -nan 0.000000 2147483647.000000 0 -nan 0.000000
222 95 0 0 -nan 0.000000 2147483647.000000 0 -nan 0.000000
268 96 0 0 -nan 0.000000 2147483647.000000 0 -nan 0.000000
269 97 641195712 641195712 14852.188379 64590.464662 1403.446161 182943 3.625965 118174402.922432
270 98 0 0 -nan 0.000000 2147483647.000000 0 -nan 0.000000
271 99 0 0 -nan 0.000000 2147483647.000000 0 -nan 0.000000
272 100 641195712 641195712 24388.325566 116338.228455 577.768481 182943 3.917351 183325449.368557
273 101 0 0 -nan 0.000000 2147483647.000000 0 -nan 0.000000
274 102 532939872 532939872 31943.843431 138790.074285 1650.246643 152037 3.621461 190103489.352957
275 103 641195712 641195712 11817.441011 66383.731716 577.768481 182943 3.383972 105383240.901312
276 104 0 0 -nan 0.000000 2147483647.000000 0 -nan 0.000000
277 105 532939872 532939872 18362.795062 80222.220542 576.837158 152037 3.729336 186576211.178908
278 106 641195712 641195712 22832.301210 130825.371239 577.768481 182943 3.914055 158848470.138470
279 107 532838736 532838736 23392.880432 195230.756487 1752.712886 139395 3.608673 174591493.893288
280 108 0 0 -nan 0.000000 2147483647.000000 0 -nan 0.000000
281 109 532939872 532939872 20304.723006 109781.831212 1650.246643 152037 3.780895 127015988.909673
282 110 0 0 -nan 0.000000 2147483647.000000 0 -nan 0.000000
283 111 532939872 532939872 12849.117304 68199.765744 2315.083877 152037 3.952327 125967255.140918
284 112 641195712 641195712 14857.588493 63946.555990 1405.796642 182943 3.927354 189444461.641239
285 113 532939872 532939872 27152.874525 190026.441059 1650.246643 152037 3.788788 158345788.622086
286 114 0 0 -nan 0.000000 2147483647.000000 0 -nan 0.000000
287 115 0 0 -nan 0.000000 2147483647.000000 0 -nan 0.000000
288 116 0 0 -nan 0.000000 2147483647.000000 0 -nan 0.000000
289 117 0 0 -nan 0.000000 2147483647.000000 0 -nan 0.000000
290 118 425391840 425391840 15890.713004 70510.948963 1403.446161 122949 3.768392 161352303.538270
291 119 532954320 532954320 10767.193200 68241.915409 1490.991427 153843 3.066867 72589823.791542
292 120 0 0 -nan 0.000000 2147483647.000000 0 -nan 0.000000
293 121 0 0 -nan 0.000000 2147483647.000000 0 -nan 0.000000
294 122 532939872 532939872 21567.428845 115304.175144 1490.991427 152037 3.780935 150579364.483689
295 123 0 0 -nan 0.000000 2147483647.000000 0 -nan 0.000000
296 124 0 0 -nan 0.000000 2147483647.000000 0 -nan 0.000000
297 125 0 0 -nan 0.000000 2147483647.000000 0 -nan 0.000000
298 126 0 0 -nan 0.000000 2147483647.000000 0 -nan 0.000000
299 127 0 0 -nan 0.000000 2147483647.000000 0 -nan 0.000000
345 128 641195712 641195712 18521.569981 113201.639368 2315.083877 182943 3.808022 178698908.140109
346 129 0 0 -nan 0.000000 2147483647.000000 0 -nan 0.000000
347 130 532939872 532939872 21681.722885 117280.656932 2315.083877 152037 3.952347 121264459.602465
348 131 425290704 425290704 18868.733298 116991.065155 1405.796642 110307 3.483723 227310289.517352
349 132 425406288 425406288 9330.148361 43087.378441 1403.446161 124755 2.887964 152207380.078066
350 133 0 0 -nan 0.000000 2147483647.000000 0 -nan 0.000000
351 134 532838736 532838736 13751.591915 43272.895633 1403.446161 139395 3.621672 66811496.537838
352 135 0 0 -nan 0.000000 2147483647.000000 0 -nan 0.000000
353 136 0 0 -nan 0.000000 2147483647.000000 0 -nan 0.000000
354 137 0 0 -nan 0.000000 2147483647.000000 0 -nan 0.000000
355 138 0 0 -nan 0.000000 2147483647.000000 0 -nan 0.000000
356 139 0 0 -nan 0.000000 2147483647.000000 0 -nan 0.000000
357 140 0 0 -nan 0.000000 2147483647.000000 0 -nan 0.000000
358 141 532939872 532939872 18659.443554 115508.066752 2315.083877 152037 3.948322 173879945.946628
359 142 532838736 532838736 16993.516991 77548.119261 2319.019588 139395 3.617432 84379759.523462
360 143 532954320 532954320 11404.811249 48078.772822 1405.796642 153843 3.058833 67705227.893952
361 144 0 0 -nan 0.000000 2147483647.000000 0 -nan 0.000000
362 145 0 0 -nan 0.000000 2147483647.000000 0 -nan 0.000000
363 146 0 0 -nan 0.000000 2147483647.000000 0 -nan 0.000000
364 147 0 0 -nan 0.000000 2147483647.000000 0 -nan 0.000000
365 148 0 0 -nan 0.000000 2147483647.000000 0 -nan 0.000000
366 149 532954320 532954320 14895.983108 62213.046841 1405.796642 153843 3.810983 120546934.378330
367 150 0 0 -nan 0.000000 2147483647.000000 0 -nan 0.000000
368 151 532939872 532939872 18954.758006 105350.178815 2315.083877 152037 3.984076 203235639.990777
369 152 0 0 -nan 0.000000 2147483647.000000 0 -nan 0.000000
370 153 425391840 425391840 16611.440529 114989.688022 2776.949749 122949 3.576117 128059166.961158
371 154 0 0 -nan 0.000000 2147483647.000000 0 -nan 0.000000
372 155 0 0 -nan 0.000000 2147483647.000000 0 -nan 0.000000
373 156 0 0 -nan 0.000000 2147483647.000000 0 -nan 0.000000
374 157 425391840 425391840 12014.064394 68199.765747 1488.474874 122949 3.482883 125349678.236929
375 158 0 0 -nan 0.000000 2147483647.000000 0 -nan 0.000000
376 159 0 0 -nan 0.000000 2147483647.000000 0 -nan 0.000000
422 160 0 0 -nan 0.000000 2147483647.000000 0 -nan 0.000000
423 161 0 0 -nan 0.000000 2147483647.000000 0 -nan 0.000000
424 162 532838736 532838736 16345.147107 70252.125171 1403.446161 139395 3.986872 62550992.241183
425 163 0 0 -nan 0.000000 2147483647.000000 0 -nan 0.000000
426 164 0 0 -nan 0.000000 2147483647.000000 0 -nan 0.000000
427 165 318546768 318546768 12544.539696 130959.313069 1403.446161 95073 3.114291 29310728.191825
428 166 532939872 532939872 21380.614251 133819.117776 1405.796642 152037 3.757099 74630787.402682
429 167 0 0 -nan 0.000000 2147483647.000000 0 -nan 0.000000
430 168 0 0 -nan 0.000000 2147483647.000000 0 -nan 0.000000
431 169 532939872 532939872 12554.032981 90928.774374 2315.083877 152037 3.780915 111128349.320931
432 170 0 0 -nan 0.000000 2147483647.000000 0 -nan 0.000000
433 171 425391840 425391840 19130.884994 117283.459690 2315.083877 122949 3.571139 75753760.731845
434 172 0 0 -nan 0.000000 2147483647.000000 0 -nan 0.000000
435 173 0 0 -nan 0.000000 2147483647.000000 0 -nan 0.000000
436 174 641195712 641195712 13643.756669 61873.025803 1752.712886 182943 3.821157 161739957.932875
437 175 641195712 641195712 15420.828164 64082.747850 2315.083877 182943 3.552844 103929704.984120
438 176 641195712 641195712 16948.978971 103929.287616 1403.446161 182943 3.668946 86400219.626073
439 177 425391840 425391840 15347.379941 90175.427523 1752.712886 122949 3.324818 103725814.035128
440 178 0 0 -nan 0.000000 2147483647.000000 0 -nan 0.000000
441 179 0 0 -nan 0.000000 2147483647.000000 0 -nan 0.000000
442 180 0 0 -nan 0.000000 2147483647.000000 0 -nan 0.000000
443 181 425391840 425391840 11109.090012 37089.919904 1405.796642 122949 3.734060 87029100.913165
444 182 0 0 -nan 0.000000 2147483647.000000 0 -nan 0.000000
445 183 0 0 -nan 0.000000 2147483647.000000 0 -nan 0.000000
446 184 0 0 -nan 0.000000 2147483647.000000 0 -nan 0.000000
447 185 0 0 -nan 0.000000 2147483647.000000 0 -nan 0.000000
448 186 0 0 -nan 0.000000 2147483647.000000 0 -nan 0.000000
449 187 0 0 -nan 0.000000 2147483647.000000 0 -nan 0.000000
450 188 0 0 -nan 0.000000 2147483647.000000 0 -nan 0.000000
451 189 641195712 641195712 17338.153495 123843.179273 1403.446161 182943 3.533018 134577290.076923
452 190 0 0 -nan 0.000000 2147483647.000000 0 -nan 0.000000
453 191 0 0 -nan 0.000000 2147483647.000000 0 -nan 0.000000
499 192 0 0 -nan 0.000000 2147483647.000000 0 -nan 0.000000
500 193 0 0 -nan 0.000000 2147483647.000000 0 -nan 0.000000
501 194 0 0 -nan 0.000000 2147483647.000000 0 -nan 0.000000
502 195 0 0 -nan 0.000000 2147483647.000000 0 -nan 0.000000
503 196 641195712 641195712 15490.089415 105898.903402 1752.712886 182943 3.682081 78865144.252180
504 197 0 0 -nan 0.000000 2147483647.000000 0 -nan 0.000000
505 198 0 0 -nan 0.000000 2147483647.000000 0 -nan 0.000000
506 199 0 0 -nan 0.000000 2147483647.000000 0 -nan 0.000000
507 200 641195712 641195712 16558.914764 91695.309121 1490.991427 182943 3.794887 102430350.994600
508 201 641210160 641210160 17700.699178 113797.424680 674.626029 184749 3.967247 197133968.694321
509 202 532954320 532954320 19693.994979 86524.439944 674.626029 153843 3.617968 94771291.772192
510 203 532939872 532939872 14224.902807 63421.033502 1403.446161 152037 3.780895 228990046.777862
511 204 532954320 532954320 16030.690231 120306.429160 1405.796642 153843 3.460404 91154426.884030
512 205 0 0 -nan 0.000000 2147483647.000000 0 -nan 0.000000
513 206 0 0 -nan 0.000000 2147483647.000000 0 -nan 0.000000
514 207 0 0 -nan 0.000000 2147483647.000000 0 -nan 0.000000
515 208 532939872 532939872 14517.618526 76386.200334 1488.474874 152037 3.266777 84240278.414364
516 209 641195712 641195712 14033.651859 108219.459094 1405.796642 182943 3.519867 212378196.530549
517 210 0 0 -nan 0.000000 2147483647.000000 0 -nan 0.000000
518 211 0 0 -nan 0.000000 2147483647.000000 0 -nan 0.000000
519 212 0 0 -nan 0.000000 2147483647.000000 0 -nan 0.000000
520 213 0 0 -nan 0.000000 2147483647.000000 0 -nan 0.000000
521 214 641195712 641195712 11645.174932 41160.639574 1405.796642 182943 3.500025 105982885.787744
522 215 0 0 -nan 0.000000 2147483647.000000 0 -nan 0.000000
523 216 0 0 -nan 0.000000 2147483647.000000 0 -nan 0.000000
524 217 532939872 532939872 14060.138366 110934.499455 1403.446161 152037 3.637325 118398235.390557
525 218 0 0 -nan 0.000000 2147483647.000000 0 -nan 0.000000
526 219 0 0 -nan 0.000000 2147483647.000000 0 -nan 0.000000
527 220 0 0 -nan 0.000000 2147483647.000000 0 -nan 0.000000
528 221 0 0 -nan 0.000000 2147483647.000000 0 -nan 0.000000
529 222 0 0 -nan 0.000000 2147483647.000000 0 -nan 0.000000
530 223 0 0 -nan 0.000000 2147483647.000000 0 -nan 0.000000
576 224 0 0 -nan 0.000000 2147483647.000000 0 -nan 0.000000
577 225 532838736 532838736 16453.200105 79639.423656 2315.083877 139395 3.617389 169154251.462277
578 226 0 0 -nan 0.000000 2147483647.000000 0 -nan 0.000000
579 227 0 0 -nan 0.000000 2147483647.000000 0 -nan 0.000000
580 228 0 0 -nan 0.000000 2147483647.000000 0 -nan 0.000000
581 229 0 0 -nan 0.000000 2147483647.000000 0 -nan 0.000000
582 230 532939872 532939872 17423.506631 79727.478607 1405.796642 152037 3.940508 80291353.694691
583 231 0 0 -nan 0.000000 2147483647.000000 0 -nan 0.000000
584 232 641195712 641195712 19936.051838 118148.418136 1405.796642 182943 3.966924 79041169.809713
585 233 425391840 425391840 12582.692275 44180.572603 2315.083877 122949 3.526975 39711425.130847
586 234 0 0 -nan 0.000000 2147483647.000000 0 -nan 0.000000
587 235 0 0 -nan 0.000000 2147483647.000000 0 -nan 0.000000
588 236 532954320 532954320 14487.017945 58304.599820 1405.796642 153843 3.594509 139111017.685426
589 237 641195712 641195712 16456.847008 54283.117551 1403.446161 182943 3.778308 100640747.471698
590 238 0 0 -nan 0.000000 2147483647.000000 0 -nan 0.000000
591 239 0 0 -nan 0.000000 2147483647.000000 0 -nan 0.000000
592 240 0 0 -nan 0.000000 2147483647.000000 0 -nan 0.000000
593 241 0 0 -nan 0.000000 2147483647.000000 0 -nan 0.000000
594 242 532939872 532939872 16069.625538 74757.508308 1403.446161 152037 3.741352 181150395.009735
595 243 0 0 -nan 0.000000 2147483647.000000 0 -nan 0.000000
596 244 0 0 -nan 0.000000 2147483647.000000 0 -nan 0.000000
597 245 0 0 -nan 0.000000 2147483647.000000 0 -nan 0.000000
598 246 0 0 -nan 0.000000 2147483647.000000 0 -nan 0.000000
599 247 641195712 641195712 19172.055953 121198.809278 1403.446161 182943 3.934029 129364916.429970
600 248 641195712 641195712 11386.855044 41996.812843 577.768481 182943 3.526508 98184153.994443
601 249 532954320 532954320 15170.240062 53964.978296 577.768481 153843 3.744486 144069323.679222
602 250 0 0 -nan 0.000000 2147483647.000000 0 -nan 0.000000
603 251 0 0 -nan 0.000000 2147483647.000000 0 -nan 0.000000
604 252 0 0 -nan 0.000000 2147483647.000000 0 -nan 0.000000
605 253 0 0 -nan 0.000000 2147483647.000000 0 -nan 0.000000
606 254 0 0 -nan 0.000000 2147483647.000000 0 -nan 0.000000
607 255 0 0 -nan 0.000000 2147483647.000000 0 -nan 0.000000
653 256 318445632 318445632 17498.409468 62629.529842 1403.446161 82431 3.654438 58768190.327623
654 257 0 0 -nan 0.000000 2147483647.000000 0 -nan 0.000000
655 258 532939872 532939872 27253.052247 101814.131299 1405.796642 152037 3.924525 77352879.189924
656 259 0 0 -nan 0.000000 2147483647.000000 0 -nan 0.000000
657 260 0 0 -nan 0.000000 2147483647.000000 0 -nan 0.000000
658 261 0 0 -nan 0.000000 2147483647.000000 0 -nan 0.000000
659 262 0 0 -nan 0.000000 2147483647.000000 0 -nan 0.000000
660 263 0 0 -nan 0.000000 2147483647.000000 0 -nan 0.000000
661 264 532939872 532939872 15403.898852 63848.264338 2319.019588 152037 3.473865 143200955.888467
662 265 0 0 -nan 0.000000 2147483647.000000 0 -nan 0.000000
663 266 0 0 -nan 0.000000 2147483647.000000 0 -nan 0.000000
664 267 0 0 -nan 0.000000 2147483647.000000 0 -nan 0.000000
665 268 425391840 425391840 22168.007573 104342.847079 1405.796642 122949 3.719396 65724948.457201
666 269 0 0 -nan 0.000000 2147483647.000000 0 -nan 0.000000
667 270 0 0 -nan 0.000000 2147483647.000000 0 -nan 0.000000
668 271 0 0 -nan 0.000000 2147483647.000000 0 -nan 0.000000
669 272 532939872 532939872 23857.507986 97690.324798 1403.446161 152037 3.418398 74944289.704726
670 273 0 0 -nan 0.000000 2147483647.000000 0 -nan 0.000000
671 274 0 0 -nan 0.000000 2147483647.000000 0 -nan 0.000000
672 275 0 0 -nan 0.000000 2147483647.000000 0 -nan 0.000000
673 276 0 0 -nan 0.000000 2147483647.000000 0 -nan 0.000000
674 277 641195712 641195712 10891.990969 62847.493186 1403.446161 182943 3.635936 66486964.803525
675 278 0 0 -nan 0.000000 2147483647.000000 0 -nan 0.000000
676 279 0 0 -nan 0.000000 2147483647.000000 0 -nan 0.000000
677 280 425391840 425391840 32620.869695 142720.769522 576.837158 122949 3.531830 143489818.032940
678 281 532939872 532939872 23091.424654 129157.081854 1488.474874 152037 3.940429 150935080.258656
679 282 0 0 -nan 0.000000 2147483647.000000 0 -nan 0.000000
680 283 641094576 641094576 20389.952112 110783.700985 2728.333501 170301 3.839872 172456897.389153
681 284 0 0 -nan 0.000000 2147483647.000000 0 -nan 0.000000
682 285 641195712 641195712 12320.321124 41556.871485 1650.246643 182943 3.837687 64782698.860514
683 286 0 0 -nan 0.000000 2147483647.000000 0 -nan 0.000000
684 287 0 0 -nan 0.000000 2147483647.000000 0 -nan 0.000000
730 288 0 0 -nan 0.000000 2147483647.000000 0 -nan 0.000000
731 289 0 0 -nan 0.000000 2147483647.000000 0 -nan 0.000000
732 290 0 0 -nan 0.000000 2147483647.000000 0 -nan 0.000000
733 291 0 0 -nan 0.000000 2147483647.000000 0 -nan 0.000000
734 292 0 0 -nan 0.000000 2147483647.000000 0 -nan 0.000000
735 293 641195712 641195712 11537.502721 29438.931395 2315.083877 182943 3.384070 179776456.426506
736 294 532939872 532939872 13926.046764 48872.784279 1752.712886 152037 3.812644 143530173.008394
737 295 641195712 641195712 14783.677701 71725.523078 1490.991427 182943 3.817829 127166675.155511
738 296 0 0 -nan 0.000000 2147483647.000000 0 -nan 0.000000
739 297 0 0 -nan 0.000000 2147483647.000000 0 -nan 0.000000
740 298 0 0 -nan 0.000000 2147483647.000000 0 -nan 0.000000
741 299 0 0 -nan 0.000000 2147483647.000000 0 -nan 0.000000
742 300 641210160 641210160 15404.366335 68330.594839 2315.083877 184749 3.980303 116175895.913689
743 301 0 0 -nan 0.000000 2147483647.000000 0 -nan 0.000000
744 302 532939872 532939872 13527.720561 32667.737701 2315.083877 152037 3.769076 112607534.719536
745 303 0 0 -nan 0.000000 2147483647.000000 0 -nan 0.000000
746 304 0 0 -nan 0.000000 2147483647.000000 0 -nan 0.000000
747 305 0 0 -nan 0.000000 2147483647.000000 0 -nan 0.000000
748 306 0 0 -nan 0.000000 2147483647.000000 0 -nan 0.000000
749 307 0 0 -nan 0.000000 2147483647.000000 0 -nan 0.000000
750 308 532939872 532939872 12524.125903 36941.826433 1403.446161 152037 3.964147 80133479.701576
751 309 0 0 -nan 0.000000 2147483647.000000 0 -nan 0.000000
752 310 0 0 -nan 0.000000 2147483647.000000 0 -nan 0.000000
753 311 0 0 -nan 0.000000 2147483647.000000 0 -nan 0.000000
754 312 0 0 -nan 0.000000 2147483647.000000 0 -nan 0.000000
755 313 641195712 641195712 14476.580367 61340.808811 1650.246643 182943 3.655647 160308396.374536
756 314 0 0 -nan 0.000000 2147483647.000000 0 -nan 0.000000
757 315 641195712 641195712 13799.410643 29011.622149 2315.083877 182943 3.983487 178520314.997457
758 316 532939872 532939872 13372.840305 48544.807348 2315.083877 152037 3.960260 80478312.052501
759 317 0 0 -nan 0.000000 2147483647.000000 0 -nan 0.000000
760 318 0 0 -nan 0.000000 2147483647.000000 0 -nan 0.000000
761 319 0 0 -nan 0.000000 2147483647.000000 0 -nan 0.000000
807 320 641195712 641195712 11050.582281 58201.485168 2315.083877 182943 3.397222 106794102.082854
808 321 0 0 -nan 0.000000 2147483647.000000 0 -nan 0.000000
809 322 0 0 -nan 0.000000 2147483647.000000 0 -nan 0.000000
810 323 0 0 -nan 0.000000 2147483647.000000 0 -nan 0.000000
811 324 0 0 -nan 0.000000 2147483647.000000 0 -nan 0.000000
812 325 0 0 -nan 0.000000 2147483647.000000 0 -nan 0.000000
813 326 0 0 -nan 0.000000 2147483647.000000 0 -nan 0.000000
814 327 425391840 425391840 15967.640093 80134.846351 1403.446161 122949 3.551497 58930380.678481
815 328 425290704 425290704 19251.969163 62422.842533 2315.083877 110307 3.747233 92071360.716499
816 329 0 0 -nan 0.000000 2147483647.000000 0 -nan 0.000000
817 330 532939872 532939872 15244.205956 62375.945097 1488.474874 152037 3.749166 103546438.012978
818 331 0 0 -nan 0.000000 2147483647.000000 0 -nan 0.000000
819 332 0 0 -nan 0.000000 2147483647.000000 0 -nan 0.000000
820 333 532939872 532939872 10878.267869 43440.319570 2315.083877 152037 3.294520 208695985.287933
821 334 641210160 641210160 14216.065818 47337.722537 2315.083877 184749 3.977007 129856377.194782
822 335 532939872 532939872 14320.967442 67131.181954 1650.246643 152037 3.757237 150353665.411569
823 336 532939872 532939872 12029.812204 27230.230081 1403.446161 152037 3.633320 163129184.057972
824 337 641195712 641195712 12390.010162 61328.119444 1403.446161 182943 3.556075 175476525.675195
825 338 0 0 -nan 0.000000 2147483647.000000 0 -nan 0.000000
826 339 0 0 -nan 0.000000 2147483647.000000 0 -nan 0.000000
827 340 0 0 -nan 0.000000 2147483647.000000 0 -nan 0.000000
828 341 0 0 -nan 0.000000 2147483647.000000 0 -nan 0.000000
829 342 0 0 -nan 0.000000 2147483647.000000 0 -nan 0.000000
830 343 532939872 532939872 12469.652136 35238.162912 2315.083877 152037 3.972198 75721589.679121
831 344 0 0 -nan 0.000000 2147483647.000000 0 -nan 0.000000
832 345 532939872 532939872 18061.654272 66495.170074 1403.446161 152037 3.621362 90474374.924541
833 346 0 0 -nan 0.000000 2147483647.000000 0 -nan 0.000000
834 347 0 0 -nan 0.000000 2147483647.000000 0 -nan 0.000000
835 348 0 0 -nan 0.000000 2147483647.000000 0 -nan 0.000000
836 349 0 0 -nan 0.000000 2147483647.000000 0 -nan 0.000000
837 350 0 0 -nan 0.000000 2147483647.000000 0 -nan 0.000000
838 351 0 0 -nan 0.000000 2147483647.000000 0 -nan 0.000000
884 352 532838736 532838736 12967.815542 76378.912649 2315.083877 139395 3.804326 117431731.034052
885 353 0 0 -nan 0.000000 2147483647.000000 0 -nan 0.000000
886 354 0 0 -nan 0.000000 2147483647.000000 0 -nan 0.000000
887 355 532939872 532939872 12974.637769 79718.222109 1650.246643 152037 3.964186 107352279.488074
888 356 641195712 641195712 26218.193897 93270.864289 1403.446161 182943 3.930552 211177896.307640
889 357 425391840 425391840 18591.112406 74916.317343 2315.083877 122949 3.329820 225085241.118575
890 358 532939872 532939872 21153.118455 94041.695327 1403.446161 152037 3.976105 159842315.414723
891 359 641195712 641195712 20653.625898 65906.315568 1403.446161 182943 3.847592 159193288.930035
892 360 532954320 532954320 18330.428180 103711.673728 1403.446161 153843 3.563289 153144914.244169
893 361 0 0 -nan 0.000000 2147483647.000000 0 -nan 0.000000
894 362 532939872 532939872 13722.205140 67882.788104 1403.446161 152037 3.123029 128022151.202408
895 363 0 0 -nan 0.000000 2147483647.000000 0 -nan 0.000000
896 364 0 0 -nan 0.000000 2147483647.000000 0 -nan 0.000000
897 365 532939872 532939872 17064.620284 73368.513796 2315.083877 152037 3.972138 184358151.082929
898 366 0 0 -nan 0.000000 2147483647.000000 0 -nan 0.000000
899 367 0 0 -nan 0.000000 2147483647.000000 0 -nan 0.000000
900 368 532939872 532939872 17143.264141 76911.148431 1650.246643 152037 3.625387 118940520.445092
901 369 0 0 -nan 0.000000 2147483647.000000 0 -nan 0.000000
902 370 0 0 -nan 0.000000 2147483647.000000 0 -nan 0.000000
903 371 0 0 -nan 0.000000 2147483647.000000 0 -nan 0.000000
904 372 0 0 -nan 0.000000 2147483647.000000 0 -nan 0.000000
905 373 641195712 641195712 15331.152887 92218.373616 577.768481 182943 3.655663 163236150.214402
906 374 0 0 -nan 0.000000 2147483647.000000 0 -nan 0.000000
907 375 532939872 532939872 16234.961150 70262.207119 577.768481 152037 3.784881 111235392.017355
908 376 318445632 318445632 12208.140731 48557.585134 1488.474874 82431 3.367580 29460283.208370
909 377 0 0 -nan 0.000000 2147483647.000000 0 -nan 0.000000
910 378 641195712 641195712 19494.124946 98136.209507 1490.991427 182943 3.973516 126831648.871163
911 379 0 0 -nan 0.000000 2147483647.000000 0 -nan 0.000000
912 380 0 0 -nan 0.000000 2147483647.000000 0 -nan 0.000000
913 381 0 0 -nan 0.000000 2147483647.000000 0 -nan 0.000000
914 382 0 0 -nan 0.000000 2147483647.000000 0 -nan 0.000000
915 383 0 0 -nan 0.000000 2147483647.000000 0 -nan 0.000000
961 384 532939872 532939872 14855.427012 58561.530950 2315.083877 152037 3.968212 202200829.494598
962 385 425391840 425391840 15156.870532 56815.507541 2315.083877 122949 3.329820 134939773.095199
963 386 0 0 -nan 0.000000 2147483647.000000 0 -nan 0.000000
964 387 532939872 532939872 15883.521463 64659.478339 2315.083877 152037 3.645238 55233774.821449
965 388 0 0 -nan 0.000000 2147483647.000000 0 -nan 0.000000
966 389 0 0 -nan 0.000000 2147483647.000000 0 -nan 0.000000
967 390 641195712 641195712 11023.804211 61881.592550 2315.083877 182943 3.552861 153327113.579218
968 391 0 0 -nan 0.000000 2147483647.000000 0 -nan 0.000000
969 392 641195712 641195712 13157.842502 42225.169703 1650.246643 182943 3.957052 135329314.108808
970 393 641094576 641094576 14124.365604 60171.441136 2315.083877 170301 3.672662 75560143.596219
971 394 0 0 -nan 0.000000 2147483647.000000 0 -nan 0.000000
972 395 0 0 -nan 0.000000 2147483647.000000 0 -nan 0.000000
973 396 0 0 -nan 0.000000 2147483647.000000 0 -nan 0.000000
974 397 0 0 -nan 0.000000 2147483647.000000 0 -nan 0.000000
975 398 0 0 -nan 0.000000 2147483647.000000 0 -nan 0.000000
976 399 532939872 532939872 11048.764597 36299.088050 1650.246643 152037 3.266817 58463806.266411
977 400 0 0 -nan 0.000000 2147483647.000000 0 -nan 0.000000
978 401 0 0 -nan 0.000000 2147483647.000000 0 -nan 0.000000
979 402 0 0 -nan 0.000000 2147483647.000000 0 -nan 0.000000
980 403 0 0 -nan 0.000000 2147483647.000000 0 -nan 0.000000
981 404 0 0 -nan 0.000000 2147483647.000000 0 -nan 0.000000
982 405 0 0 -nan 0.000000 2147483647.000000 0 -nan 0.000000
983 406 0 0 -nan 0.000000 2147483647.000000 0 -nan 0.000000
984 407 0 0 -nan 0.000000 2147483647.000000 0 -nan 0.000000
985 408 425391840 425391840 16270.691215 72802.055886 1403.446161 122949 3.950882 130595494.913789
986 409 425391840 425391840 16793.510371 77112.401381 2315.083877 122949 3.763463 174091589.456441
987 410 0 0 -nan 0.000000 2147483647.000000 0 -nan 0.000000
988 411 0 0 -nan 0.000000 2147483647.000000 0 -nan 0.000000
989 412 0 0 -nan 0.000000 2147483647.000000 0 -nan 0.000000
990 413 0 0 -nan 0.000000 2147483647.000000 0 -nan 0.000000
991 414 0 0 -nan 0.000000 2147483647.000000 0 -nan 0.000000
992 415 0 0 -nan 0.000000 2147483647.000000 0 -nan 0.000000
1038 416 0 0 -nan 0.000000 2147483647.000000 0 -nan 0.000000
1039 417 0 0 -nan 0.000000 2147483647.000000 0 -nan 0.000000
1040 418 532954320 532954320 10930.011368 69622.542790 1490.991427 153843 3.251926 54311385.050201
1041 419 0 0 -nan 0.000000 2147483647.000000 0 -nan 0.000000
1042 420 0 0 -nan 0.000000 2147483647.000000 0 -nan 0.000000
1043 421 532939872 532939872 17566.860254 81028.149124 2315.083877 152037 3.976144 152276384.911377
1044 422 0 0 -nan 0.000000 2147483647.000000 0 -nan 0.000000
1045 423 532954320 532954320 18796.279416 80068.145916 1405.796642 153843 3.814844 174334822.536795
1046 424 0 0 -nan 0.000000 2147483647.000000 0 -nan 0.000000
1047 425 0 0 -nan 0.000000 2147483647.000000 0 -nan 0.000000
1048 426 0 0 -nan 0.000000 2147483647.000000 0 -nan 0.000000
1049 427 0 0 -nan 0.000000 2147483647.000000 0 -nan 0.000000
1050 428 0 0 -nan 0.000000 2147483647.000000 0 -nan 0.000000
1051 429 425406288 425406288 15514.611398 73897.774520 1405.796642 124755 3.752290 56357736.920863
1052 430 0 0 -nan 0.000000 2147483647.000000 0 -nan 0.000000
1053 431 425290704 425290704 12903.850188 29158.363082 576.837158 110307 3.516359 153876424.123516
1054 432 0 0 -nan 0.000000 2147483647.000000 0 -nan 0.000000
1055 433 532838736 532838736 15218.693207 48607.206174 1403.446161 139395 3.995610 165778139.643624
1056 434 532838736 532838736 19643.564384 67188.081749 1741.915394 139395 3.991284 130012952.625752
1057 435 0 0 -nan 0.000000 2147483647.000000 0 -nan 0.000000
1058 436 0 0 -nan 0.000000 2147483647.000000 0 -nan 0.000000
1059 437 0 0 -nan 0.000000 2147483647.000000 0 -nan 0.000000
1060 438 425290704 425290704 12349.077721 63302.745743 2315.083877 110307 3.994397 129005880.753448
1061 439 0 0 -nan 0.000000 2147483647.000000 0 -nan 0.000000
1062 440 0 0 -nan 0.000000 2147483647.000000 0 -nan 0.000000
1063 441 532939872 532939872 13926.004221 34720.621441 1752.712886 152037 3.601531 130877719.862007
1064 442 0 0 -nan 0.000000 2147483647.000000 0 -nan 0.000000
1065 443 0 0 -nan 0.000000 2147483647.000000 0 -nan 0.000000
1066 444 0 0 -nan 0.000000 2147483647.000000 0 -nan 0.000000
1067 445 0 0 -nan 0.000000 2147483647.000000 0 -nan 0.000000
1068 446 0 0 -nan 0.000000 2147483647.000000 0 -nan 0.000000
1069 447 0 0 -nan 0.000000 2147483647.000000 0 -nan 0.000000
1115 448 0 0 -nan 0.000000 2147483647.000000 0 -nan 0.000000
1116 449 0 0 -nan 0.000000 2147483647.000000 0 -nan 0.000000
1117 450 0 0 -nan 0.000000 2147483647.000000 0 -nan 0.000000
1118 451 0 0 -nan 0.000000 2147483647.000000 0 -nan 0.000000
1119 452 641210160 641210160 14458.416565 53002.206664 1405.796642 184749 3.803420 113687939.156640
1120 453 0 0 -nan 0.000000 2147483647.000000 0 -nan 0.000000
1121 454 0 0 -nan 0.000000 2147483647.000000 0 -nan 0.000000
1122 455 532939872 532939872 17530.335543 64824.550847 1403.446161 152037 3.972119 132044775.870899
1123 456 425391840 425391840 14873.004133 55430.140250 1650.246643 122949 3.950858 105073790.382555
1124 457 0 0 -nan 0.000000 2147483647.000000 0 -nan 0.000000
1125 458 0 0 -nan 0.000000 2147483647.000000 0 -nan 0.000000
1126 459 425391840 425391840 14048.878115 38565.045213 1752.712886 122949 3.955787 137303373.039114
1127 460 0 0 -nan 0.000000 2147483647.000000 0 -nan 0.000000
1128 461 0 0 -nan 0.000000 2147483647.000000 0 -nan 0.000000
1129 462 318561216 318561216 20758.305906 73880.189624 1405.796642 96879 3.387452 59292536.778798
1130 463 0 0 -nan 0.000000 2147483647.000000 0 -nan 0.000000
1131 464 641195712 641195712 15215.028760 68201.350977 2319.019588 182943 3.834506 147807141.012849
1132 465 425391840 425391840 13090.627552 73518.451449 1405.796642 122949 3.921553 56293000.663397
1133 466 0 0 -nan 0.000000 2147483647.000000 0 -nan 0.000000
1134 467 0 0 -nan 0.000000 2147483647.000000 0 -nan 0.000000
1135 468 532954320 532954320 13328.745388 68350.874670 1403.446161 153843 3.960804 99108062.662038
1136 469 0 0 -nan 0.000000 2147483647.000000 0 -nan 0.000000
1137 470 0 0 -nan 0.000000 2147483647.000000 0 -nan 0.000000
1138 471 0 0 -nan 0.000000 2147483647.000000 0 -nan 0.000000
1139 472 532939872 532939872 11850.108518 75023.004476 940.964461 152037 3.465913 101489050.337310
1140 473 0 0 -nan 0.000000 2147483647.000000 0 -nan 0.000000
1141 474 0 0 -nan 0.000000 2147483647.000000 0 -nan 0.000000
1142 475 532939872 532939872 12405.104454 59517.199715 576.837158 152037 3.446003 115949002.533062
1143 476 0 0 -nan 0.000000 2147483647.000000 0 -nan 0.000000
1144 477 0 0 -nan 0.000000 2147483647.000000 0 -nan 0.000000
1145 478 0 0 -nan 0.000000 2147483647.000000 0 -nan 0.000000
1146 479 0 0 -nan 0.000000 2147483647.000000 0 -nan 0.000000
1192 480 0 0 -nan 0.000000 2147483647.000000 0 -nan 0.000000
1193 481 0 0 -nan 0.000000 2147483647.000000 0 -nan 0.000000
1194 482 0 0 -nan 0.000000 2147483647.000000 0 -nan 0.000000
1195 483 0 0 -nan 0.000000 2147483647.000000 0 -nan 0.000000
1196 484 0 0 -nan 0.000000 2147483647.000000 0 -nan 0.000000
1197 485 532939872 532939872 13736.863094 70727.437489 576.837158 152037 3.414373 209574144.456387
1198 486 0 0 -nan 0.000000 2147483647.000000 0 -nan 0.000000
1199 487 532838736 532838736 16317.266687 58096.949888 2315.083877 139395 3.804347 163229952.462340
1200 488 0 0 -nan 0.000000 2147483647.000000 0 -nan 0.000000
1201 489 532954320 532954320 16101.821114 52211.574655 1405.796642 153843 3.787485 176660061.290624
1202 490 0 0 -nan 0.000000 2147483647.000000 0 -nan 0.000000
1203 491 0 0 -nan 0.000000 2147483647.000000 0 -nan 0.000000
1204 492 641195712 641195712 11454.737574 26729.084633 1403.446161 182943 3.542858 280877791.406629
1205 493 0 0 -nan 0.000000 2147483647.000000 0 -nan 0.000000
1206 494 0 0 -nan 0.000000 2147483647.000000 0 -nan 0.000000
1207 495 0 0 -nan 0.000000 2147483647.000000 0 -nan 0.000000
1208 496 0 0 -nan 0.000000 2147483647.000000 0 -nan 0.000000
1209 497 641195712 641195712 12763.334982 66646.547741 1488.474874 182943 3.523212 97693382.076618
1210 498 0 0 -nan 0.000000 2147483647.000000 0 -nan 0.000000
1211 499 0 0 -nan 0.000000 2147483647.000000 0 -nan 0.000000
1212 500 532939872 532939872 9832.932019 62493.763051 1405.796642 152037 3.258884 81457408.633936
1213 501 0 0 -nan 0.000000 2147483647.000000 0 -nan 0.000000
1214 502 641094576 641094576 12262.240932 63487.715218 1488.474874 170301 3.672644 71163206.148769
1215 503 0 0 -nan 0.000000 2147483647.000000 0 -nan 0.000000
1216 504 0 0 -nan 0.000000 2147483647.000000 0 -nan 0.000000
1217 505 0 0 -nan 0.000000 2147483647.000000 0 -nan 0.000000
1218 506 425391840 425391840 10416.720781 73958.669826 1490.991427 122949 3.531830 88903167.513443
1219 507 425391840 425391840 11320.300238 78225.158550 1403.446161 122949 3.310177 127953236.183547
1220 508 0 0 -nan 0.000000 2147483647.000000 0 -nan 0.000000
1221 509 0 0 -nan 0.000000 2147483647.000000 0 -nan 0.000000
1222 510 0 0 -nan 0.000000 2147483647.000000 0 -nan 0.000000
1223 511 0 0 -nan 0.000000 2147483647.000000 0 -nan 0.000000
1269 512 641195712 641195712 14997.162569 66871.090797 2315.083877 182943 3.523097 138669223.035672
1270 513 641195712 641195712 17734.262499 69654.191613 1403.446161 182943 3.937259 204519267.575896
1271 514 0 0 -nan 0.000000 2147483647.000000 0 -nan 0.000000
1272 515 641195712 641195712 14808.639928 79734.980470 1403.446161 182943 3.824454 140029395.599340
1273 516 0 0 -nan 0.000000 2147483647.000000 0 -nan 0.000000
1274 517 425391840 425391840 16220.655369 149463.301600 2319.019588 122949 3.945978 69332356.754553
1275 518 0 0 -nan 0.000000 2147483647.000000 0 -nan 0.000000
1276 519 0 0 -nan 0.000000 2147483647.000000 0 -nan 0.000000
1277 520 0 0 -nan 0.000000 2147483647.000000 0 -nan 0.000000
1278 521 0 0 -nan 0.000000 2147483647.000000 0 -nan 0.000000
1279 522 0 0 -nan 0.000000 2147483647.000000 0 -nan 0.000000
1280 523 0 0 -nan 0.000000 2147483647.000000 0 -nan 0.000000
1281 524 641195712 641195712 11971.730825 62213.046841 1650.246643 182943 3.970253 96783304.686224
1282 525 0 0 -nan 0.000000 2147483647.000000 0 -nan 0.000000
1283 526 0 0 -nan 0.000000 2147483647.000000 0 -nan 0.000000
1284 527 0 0 -nan 0.000000 2147483647.000000 0 -nan 0.000000
1285 528 0 0 -nan 0.000000 2147483647.000000 0 -nan 0.000000
1286 529 0 0 -nan 0.000000 2147483647.000000 0 -nan 0.000000
1287 530 0 0 -nan 0.000000 2147483647.000000 0 -nan 0.000000
1288 531 532939872 532939872 13222.096249 49821.625882 1403.446161 152037 3.773022 66950858.821292
1289 532 0 0 -nan 0.000000 2147483647.000000 0 -nan 0.000000
1290 533 0 0 -nan 0.000000 2147483647.000000 0 -nan 0.000000
1291 534 0 0 -nan 0.000000 2147483647.000000 0 -nan 0.000000
1292 535 0 0 -nan 0.000000 2147483647.000000 0 -nan 0.000000
1293 536 0 0 -nan 0.000000 2147483647.000000 0 -nan 0.000000
1294 537 0 0 -nan 0.000000 2147483647.000000 0 -nan 0.000000
1295 538 0 0 -nan 0.000000 2147483647.000000 0 -nan 0.000000
1296 539 0 0 -nan 0.000000 2147483647.000000 0 -nan 0.000000
1297 540 0 0 -nan 0.000000 2147483647.000000 0 -nan 0.000000
1298 541 0 0 -nan 0.000000 2147483647.000000 0 -nan 0.000000
1299 542 0 0 -nan 0.000000 2147483647.000000 0 -nan 0.000000
1300 543 0 0 -nan 0.000000 2147483647.000000 0 -nan 0.000000
1346 544 425290704 425290704 17665.938721 109509.762725 1650.246643 110307 3.736327 127302343.821187
1347 545 0 0 -nan 0.000000 2147483647.000000 0 -nan 0.000000
1348 546 0 0 -nan 0.000000 2147483647.000000 0 -nan 0.000000
1349 547 0 0 -nan 0.000000 2147483647.000000 0 -nan 0.000000
1350 548 532838736 532838736 20333.091718 105732.778962 1403.446161 139395 3.995567 93158168.288644
1351 549 0 0 -nan 0.000000 2147483647.000000 0 -nan 0.000000
1352 550 425391840 425391840 24523.506376 131057.322763 2315.083877 122949 3.960691 159968248.408272
1353 551 0 0 -nan 0.000000 2147483647.000000 0 -nan 0.000000
1354 552 0 0 -nan 0.000000 2147483647.000000 0 -nan 0.000000
1355 553 0 0 -nan 0.000000 2147483647.000000 0 -nan 0.000000
1356 554 532838736 532838736 20846.510067 84014.549078 1490.991427 139395 3.213257 173128076.655748
1357 555 532939872 532939872 17876.599349 67971.704062 2315.083877 152037 3.302433 86972626.887244
1358 556 0 0 -nan 0.000000 2147483647.000000 0 -nan 0.000000
1359 557 532939872 532939872 14015.597697 101511.336406 2315.083877 152037 3.788946 108801934.966155
1360 558 0 0 -nan 0.000000 2147483647.000000 0 -nan 0.000000
1361 559 425406288 425406288 17856.637385 68199.765744 2728.333501 124755 3.995142 84197772.466105
1362 560 532954320 532954320 26891.047724 116098.849760 1403.446161 153843 3.783448 150665023.537444
1363 561 425290704 425290704 17739.207625 128176.014233 1490.991427 110307 3.494710 110209196.736134
1364 562 425290704 425290704 28668.778099 99827.707541 1403.446161 110307 3.977807 110989586.654624
1365 563 0 0 -nan 0.000000 2147483647.000000 0 -nan 0.000000
1366 564 532954320 532954320 14563.706234 63213.300107 1490.991427 153843 3.775765 151780325.385505
1367 565 425406288 425406288 20150.322915 129359.891153 1488.474874 124755 3.514536 160181501.178538
1368 566 0 0 -nan 0.000000 2147483647.000000 0 -nan 0.000000
1369 567 0 0 -nan 0.000000 2147483647.000000 0 -nan 0.000000
1370 568 425406288 425406288 23676.907973 112764.396607 1405.796642 124755 3.742792 89308053.089305
1371 569 425391840 425391840 21265.616494 103887.018602 1403.446161 122949 3.758485 58493725.114640
1372 570 0 0 -nan 0.000000 2147483647.000000 0 -nan 0.000000
1373 571 0 0 -nan 0.000000 2147483647.000000 0 -nan 0.000000
1374 572 532939872 532939872 17256.846278 98726.700864 1488.474874 152037 3.944415 86036800.466461
1375 573 0 0 -nan 0.000000 2147483647.000000 0 -nan 0.000000
1376 574 0 0 -nan 0.000000 2147483647.000000 0 -nan 0.000000
1377 575 0 0 -nan 0.000000 2147483647.000000 0 -nan 0.000000
1423 576 641195712 641195712 23091.153300 163387.904708 1752.712886 182943 3.781637 71338578.110941
1424 577 0 0 -nan 0.000000 2147483647.000000 0 -nan 0.000000
1425 578 0 0 -nan 0.000000 2147483647.000000 0 -nan 0.000000
1426 579 0 0 -nan 0.000000 2147483647.000000 0 -nan 0.000000
1427 580 641210160 641210160 18507.759916 114235.159501 2315.083877 184749 3.668918 141968887.163907
1428 581 532838736 532838736 19360.352219 61606.316775 1650.246643 139395 3.986893 161687037.345842
1429 582 425406288 425406288 30372.573299 169741.681024 1650.246643 124755 3.970927 150145605.078094
1430 583 0 0 -nan 0.000000 2147483647.000000 0 -nan 0.000000
1431 584 0 0 -nan 0.000000 2147483647.000000 0 -nan 0.000000
1432 585 425391840 425391840 27744.601655 168897.892136 1403.446161 122949 3.941098 245647913.774121
1433 586 0 0 -nan 0.000000 2147483647.000000 0 -nan 0.000000
1434 587 0 0 -nan 0.000000 2147483647.000000 0 -nan 0.000000
1435 588 0 0 -nan 0.000000 2147483647.000000 0 -nan 0.000000
1436 589 532838736 532838736 25634.067681 156817.460703 1650.246643 139395 3.973894 178473632.108351
1437 590 0 0 -nan 0.000000 2147483647.000000 0 -nan 0.000000
1438 591 0 0 -nan 0.000000 2147483647.000000 0 -nan 0.000000
1439 592 425391840 425391840 10226.952688 31276.051450 1403.446161 122949 2.842105 116481440.000621
1440 593 0 0 -nan 0.000000 2147483647.000000 0 -nan 0.000000
1441 594 0 0 -nan 0.000000 2147483647.000000 0 -nan 0.000000
1442 595 0 0 -nan 0.000000 2147483647.000000 0 -nan 0.000000
1443 596 532939872 532939872 21355.468898 80795.105038 1488.474874 152037 3.434184 108541249.609285
1444 597 532939872 532939872 16402.210620 82294.143738 2315.083877 152037 3.645218 56442347.494450
1445 598 425391840 425391840 14319.482991 99973.384108 1752.712886 122949 3.960740 121687091.927481
1446 599 0 0 -nan 0.000000 2147483647.000000 0 -nan 0.000000
1447 600 641195712 641195712 14948.575959 66174.772157 674.626029 182943 3.380676 116995943.457461
1448 601 532939872 532939872 13415.528503 107849.408608 1053.674316 152037 3.055723 389805929.899120
1449 602 641195712 641195712 15670.493453 62213.046841 674.626029 182943 3.920746 106535782.552507
1450 603 0 0 -nan 0.000000 2147483647.000000 0 -nan 0.000000
1451 604 425391840 425391840 19774.773402 122056.662451 1405.796642 122949 3.477930 113222004.954790
1452 605 641195712 641195712 15730.165732 75650.589840 1650.246643 182943 3.542923 103722148.971493
1453 606 0 0 -nan 0.000000 2147483647.000000 0 -nan 0.000000
1454 607 0 0 -nan 0.000000 2147483647.000000 0 -nan 0.000000
1500 608 0 0 -nan 0.000000 2147483647.000000 0 -nan 0.000000
1501 609 425391840 425391840 20171.398403 77912.127280 2315.083877 122949 3.768392 114957373.605255
1502 610 0 0 -nan 0.000000 2147483647.000000 0 -nan 0.000000
1503 611 425391840 425391840 11514.264985 75261.089362 2315.083877 122949 3.571139 173330137.758229
1504 612 0 0 -nan 0.000000 2147483647.000000 0 -nan 0.000000
1505 613 0 0 -nan 0.000000 2147483647.000000 0 -nan 0.000000
1506 614 532954320 532954320 11476.068246 118693.144959 1403.446161 153843 3.421189 141482084.217417
1507 615 0 0 -nan 0.000000 2147483647.000000 0 -nan 0.000000
1508 616 0 0 -nan 0.000000 2147483647.000000 0 -nan 0.000000
1509 617 425290704 425290704 14837.630401 63541.579565 3141.692880 110307 4.000000 146044845.730006
1510 618 0 0 -nan 0.000000 2147483647.000000 0 -nan 0.000000
1511 619 641210160 641210160 21416.070915 90943.246696 1405.796642 184749 3.537551 195360990.429556
1512 620 0 0 -nan 0.000000 2147483647.000000 0 -nan 0.000000
1513 621 0 0 -nan 0.000000 2147483647.000000 0 -nan 0.000000
1514 622 0 0 -nan 0.000000 2147483647.000000 0 -nan 0.000000
1515 623 425391840 425391840 13651.389283 93716.841991 1490.991427 122949 3.955884 54281332.346639
1516 624 0 0 -nan 0.000000 2147483647.000000 0 -nan 0.000000
1517 625 0 0 -nan 0.000000 2147483647.000000 0 -nan 0.000000
1518 626 0 0 -nan 0.000000 2147483647.000000 0 -nan 0.000000
1519 627 532939872 532939872 17227.769245 55694.124839 1405.796642 152037 3.928531 192100838.177835
1520 628 0 0 -nan 0.000000 2147483647.000000 0 -nan 0.000000
1521 629 0 0 -nan 0.000000 2147483647.000000 0 -nan 0.000000
1522 630 0 0 -nan 0.000000 2147483647.000000 0 -nan 0.000000
1523 631 0 0 -nan 0.000000 2147483647.000000 0 -nan 0.000000
1524 632 0 0 -nan 0.000000 2147483647.000000 0 -nan 0.000000
1525 633 532838736 532838736 19036.469078 91115.352933 1405.796642 139395 3.391456 184314923.791613
1526 634 641195712 641195712 11590.782028 35930.868630 1403.446161 182943 3.390613 181788981.009287
1527 635 318546768 318546768 24310.643739 62572.420649 2315.083877 95073 3.451737 137052123.774169
1528 636 0 0 -nan 0.000000 2147483647.000000 0 -nan 0.000000
1529 637 0 0 -nan 0.000000 2147483647.000000 0 -nan 0.000000
1530 638 0 0 -nan 0.000000 2147483647.000000 0 -nan 0.000000
1531 639 0 0 -nan 0.000000 2147483647.000000 0 -nan 0.000000
1577 640 425406288 425406288 9601.170246 44167.700704 1490.991427 124755 3.296116 158025935.858588
1578 641 532939872 532939872 13619.207904 109306.362651 2315.083877 152037 3.940429 113575205.349338
1579 642 0 0 -nan 0.000000 2147483647.000000 0 -nan 0.000000
1580 643 0 0 -nan 0.000000 2147483647.000000 0 -nan 0.000000
1581 644 0 0 -nan 0.000000 2147483647.000000 0 -nan 0.000000
1582 645 425391840 425391840 17582.226109 55911.358735 1752.712886 122949 3.955762 64785853.035400
1583 646 641195712 641195712 16276.277499 74176.967908 1403.446161 182943 3.827782 108034019.364847
1584 647 0 0 -nan 0.000000 2147483647.000000 0 -nan 0.000000
1585 648 0 0 -nan 0.000000 2147483647.000000 0 -nan 0.000000
1586 649 0 0 -nan 0.000000 2147483647.000000 0 -nan 0.000000
1587 650 641195712 641195712 14378.178583 68199.765747 1403.446161 182943 3.821141 165395227.779434
1588 651 532954320 532954320 12812.803167 48291.845608 2315.083877 153843 3.795304 138343233.075818
1589 652 0 0 -nan 0.000000 2147483647.000000 0 -nan 0.000000
1590 653 0 0 -nan 0.000000 2147483647.000000 0 -nan 0.000000
1591 654 0 0 -nan 0.000000 2147483647.000000 0 -nan 0.000000
1592 655 532838736 532838736 13475.634800 70542.830517 1403.446161 139395 3.226213 100036564.246404
1593 656 0 0 -nan 0.000000 2147483647.000000 0 -nan 0.000000
1594 657 0 0 -nan 0.000000 2147483647.000000 0 -nan 0.000000
1595 658 0 0 -nan 0.000000 2147483647.000000 0 -nan 0.000000
1596 659 0 0 -nan 0.000000 2147483647.000000 0 -nan 0.000000
1597 660 0 0 -nan 0.000000 2147483647.000000 0 -nan 0.000000
1598 661 0 0 -nan 0.000000 2147483647.000000 0 -nan 0.000000
1599 662 425391840 425391840 15556.704692 44394.845534 1403.446161 122949 3.685016 141870990.285010
1600 663 425391840 425391840 18110.729844 83668.701060 1405.796642 122949 3.941073 193394086.130430
1601 664 0 0 -nan 0.000000 2147483647.000000 0 -nan 0.000000
1602 665 425290704 425290704 13371.795374 30965.885519 2315.083877 110307 3.527455 93540710.047579
1603 666 0 0 -nan 0.000000 2147483647.000000 0 -nan 0.000000
1604 667 0 0 -nan 0.000000 2147483647.000000 0 -nan 0.000000
1605 668 0 0 -nan 0.000000 2147483647.000000 0 -nan 0.000000
1606 669 641195712 641195712 13525.944143 44190.636194 1490.991427 182943 3.675456 193484427.839827
1607 670 0 0 -nan 0.000000 2147483647.000000 0 -nan 0.000000
1608 671 0 0 -nan 0.000000 2147483647.000000 0 -nan 0.000000
1654 672 0 0 -nan 0.000000 2147483647.000000 0 -nan 0.000000
1655 673 0 0 -nan 0.000000 2147483647.000000 0 -nan 0.000000
1656 674 425391840 425391840 16183.496331 86723.498713 2315.083877 122949 3.768319 96452677.666054
1657 675 641210160 641210160 13735.253598 48476.602531 1490.991427 184749 3.498417 99944416.019125
1658 676 532939872 532939872 16454.415264 85584.413874 1405.796642 152037 3.816610 146151760.960519
1659 677 532838736 532838736 14594.743360 94170.321038 2315.083877 139395 3.973916 76990397.623842
1660 678 0 0 -nan 0.000000 2147483647.000000 0 -nan 0.000000
1661 679 0 0 -nan 0.000000 2147483647.000000 0 -nan 0.000000
1662 680 0 0 -nan 0.000000 2147483647.000000 0 -nan 0.000000
1663 681 532939872 532939872 17631.322592 102850.692095 2315.083877 152037 3.792853 82340586.611511
1664 682 0 0 -nan 0.000000 2147483647.000000 0 -nan 0.000000
1665 683 0 0 -nan 0.000000 2147483647.000000 0 -nan 0.000000
1666 684 532939872 532939872 16924.852488 69949.103072 1650.246643 152037 3.804673 146056703.264056
1667 685 532939872 532939872 16349.076079 94724.934782 2315.083877 152037 3.593658 210686395.989843
1668 686 0 0 -nan 0.000000 2147483647.000000 0 -nan 0.000000
1669 687 532939872 532939872 15316.661779 49592.335941 1752.712886 152037 3.800785 138780276.309679
1670 688 0 0 -nan 0.000000 2147483647.000000 0 -nan 0.000000
1671 689 0 0 -nan 0.000000 2147483647.000000 0 -nan 0.000000
1672 690 641195712 641195712 13604.024979 59887.642776 1405.796642 182943 3.662239 141706085.278707
1673 691 0 0 -nan 0.000000 2147483647.000000 0 -nan 0.000000
1674 692 0 0 -nan 0.000000 2147483647.000000 0 -nan 0.000000
1675 693 0 0 -nan 0.000000 2147483647.000000 0 -nan 0.000000
1676 694 0 0 -nan 0.000000 2147483647.000000 0 -nan 0.000000
1677 695 0 0 -nan 0.000000 2147483647.000000 0 -nan 0.000000
1678 696 0 0 -nan 0.000000 2147483647.000000 0 -nan 0.000000
1679 697 0 0 -nan 0.000000 2147483647.000000 0 -nan 0.000000
1680 698 0 0 -nan 0.000000 2147483647.000000 0 -nan 0.000000
1681 699 0 0 -nan 0.000000 2147483647.000000 0 -nan 0.000000
1682 700 641195712 641195712 14855.915543 99883.554747 1650.246643 182943 3.963677 114206521.349514
1683 701 0 0 -nan 0.000000 2147483647.000000 0 -nan 0.000000
1684 702 0 0 -nan 0.000000 2147483647.000000 0 -nan 0.000000
1685 703 0 0 -nan 0.000000 2147483647.000000 0 -nan 0.000000
1731 704 0 0 -nan 0.000000 2147483647.000000 0 -nan 0.000000
1732 705 0 0 -nan 0.000000 2147483647.000000 0 -nan 0.000000
1733 706 641094576 641094576 13695.393897 31458.842356 1752.712886 170301 3.662004 91878921.574583
1734 707 0 0 -nan 0.000000 2147483647.000000 0 -nan 0.000000
1735 708 0 0 -nan 0.000000 2147483647.000000 0 -nan 0.000000
1736 709 641195712 641195712 14577.215130 54703.531247 577.768481 182943 3.659123 191577075.347906
1737 710 0 0 -nan 0.000000 2147483647.000000 0 -nan 0.000000
1738 711 532939872 532939872 13186.012598 43372.453433 576.837158 152037 3.960299 172221303.731692
1739 712 0 0 -nan 0.000000 2147483647.000000 0 -nan 0.000000
1740 713 532939872 532939872 10802.319822 64743.501702 1650.246643 152037 3.449989 378986668.554729
1741 714 0 0 -nan 0.000000 2147483647.000000 0 -nan 0.000000
1742 715 641195712 641195712 11773.081380 62396.111901 2315.083877 182943 3.973533 125633281.619512
1743 716 0 0 -nan 0.000000 2147483647.000000 0 -nan 0.000000
1744 717 0 0 -nan 0.000000 2147483647.000000 0 -nan 0.000000
1745 718 532939872 532939872 13126.638264 61966.621262 1403.446161 152037 3.262712 143412689.898293
1746 719 0 0 -nan 0.000000 2147483647.000000 0 -nan 0.000000
1747 720 0 0 -nan 0.000000 2147483647.000000 0 -nan 0.000000
1748 721 0 0 -nan 0.000000 2147483647.000000 0 -nan 0.000000
1749 722 0 0 -nan 0.000000 2147483647.000000 0 -nan 0.000000
1750 723 0 0 -nan 0.000000 2147483647.000000 0 -nan 0.000000
1751 724 0 0 -nan 0.000000 2147483647.000000 0 -nan 0.000000
1752 725 0 0 -nan 0.000000 2147483647.000000 0 -nan 0.000000
1753 726 0 0 -nan 0.000000 2147483647.000000 0 -nan 0.000000
1754 727 0 0 -nan 0.000000 2147483647.000000 0 -nan 0.000000
1755 728 0 0 -nan 0.000000 2147483647.000000 0 -nan 0.000000
1756 729 0 0 -nan 0.000000 2147483647.000000 0 -nan 0.000000
1757 730 0 0 -nan 0.000000 2147483647.000000 0 -nan 0.000000
1758 731 532939872 532939872 11083.999473 54011.591708 2315.083877 152037 3.254898 60308012.847041
1759 732 532939872 532939872 17168.345791 74361.554421 1650.246643 152037 3.633359 107862385.053100
1760 733 0 0 -nan 0.000000 2147483647.000000 0 -nan 0.000000
1761 734 0 0 -nan 0.000000 2147483647.000000 0 -nan 0.000000
1762 735 0 0 -nan 0.000000 2147483647.000000 0 -nan 0.000000
1808 736 0 0 -nan 0.000000 2147483647.000000 0 -nan 0.000000
1809 737 0 0 -nan 0.000000 2147483647.000000 0 -nan 0.000000
1810 738 641094576 641094576 16325.489002 90920.622188 1490.991427 170301 3.633484 374312868.421132
1811 739 532939872 532939872 11906.836908 64667.024694 2315.083877 152037 3.621362 143433316.711986
1812 740 532939872 532939872 15799.506016 54885.971952 1405.796642 152037 3.765110 126275785.095264
1813 741 532954320 532954320 12718.894975 58372.889950 1490.991427 153843 3.417328 52539562.290443
1814 742 0 0 -nan 0.000000 2147483647.000000 0 -nan 0.000000
1815 743 0 0 -nan 0.000000 2147483647.000000 0 -nan 0.000000
1816 744 0 0 -nan 0.000000 2147483647.000000 0 -nan 0.000000
1817 745 0 0 -nan 0.000000 2147483647.000000 0 -nan 0.000000
1818 746 0 0 -nan 0.000000 2147483647.000000 0 -nan 0.000000
1819 747 0 0 -nan 0.000000 2147483647.000000 0 -nan 0.000000
1820 748 0 0 -nan 0.000000 2147483647.000000 0 -nan 0.000000
1821 749 0 0 -nan 0.000000 2147483647.000000 0 -nan 0.000000
1822 750 532939872 532939872 12392.340950 57989.662206 1490.991427 152037 3.079461 94691741.503420
1823 751 0 0 -nan 0.000000 2147483647.000000 0 -nan 0.000000
1824 752 0 0 -nan 0.000000 2147483647.000000 0 -nan 0.000000
1825 753 0 0 -nan 0.000000 2147483647.000000 0 -nan 0.000000
1826 754 425391840 425391840 13597.319288 61303.127313 1650.246643 122949 3.738941 147458676.680126
1827 755 0 0 -nan 0.000000 2147483647.000000 0 -nan 0.000000
1828 756 641195712 641195712 12038.280667 62318.136381 1403.446161 182943 3.652416 128270312.194515
1829 757 0 0 -nan 0.000000 2147483647.000000 0 -nan 0.000000
1830 758 532939872 532939872 16155.818930 196162.219085 2315.083877 152037 3.446181 86964007.070658
1831 759 0 0 -nan 0.000000 2147483647.000000 0 -nan 0.000000
1832 760 0 0 -nan 0.000000 2147483647.000000 0 -nan 0.000000
1833 761 0 0 -nan 0.000000 2147483647.000000 0 -nan 0.000000
1834 762 532939872 532939872 13287.169485 32728.359515 1650.246643 152037 3.796681 89964213.331775
1835 763 0 0 -nan 0.000000 2147483647.000000 0 -nan 0.000000
1836 764 0 0 -nan 0.000000 2147483647.000000 0 -nan 0.000000
1837 765 0 0 -nan 0.000000 2147483647.000000 0 -nan 0.000000
1838 766 0 0 -nan 0.000000 2147483647.000000 0 -nan 0.000000
1839 767 0 0 -nan 0.000000 2147483647.000000 0 -nan 0.000000
1885 768 0 0 -nan 0.000000 2147483647.000000 0 -nan 0.000000
1886 769 0 0 -nan 0.000000 2147483647.000000 0 -nan 0.000000
1887 770 0 0 -nan 0.000000 2147483647.000000 0 -nan 0.000000
1888 771 0 0 -nan 0.000000 2147483647.000000 0 -nan 0.000000
1889 772 0 0 -nan 0.000000 2147483647.000000 0 -nan 0.000000
1890 773 641210160 641210160 11836.334446 62558.062395 1403.446161 184749 3.639495 150905669.630911
1891 774 0 0 -nan 0.000000 2147483647.000000 0 -nan 0.000000
1892 775 641195712 641195712 13229.298408 62626.230365 1650.246643 182943 3.705187 90147898.570851
1893 776 0 0 -nan 0.000000 2147483647.000000 0 -nan 0.000000
1894 777 425406288 425406288 10016.456496 27738.060226 1405.796642 124755 3.324925 124840780.922335
1895 778 0 0 -nan 0.000000 2147483647.000000 0 -nan 0.000000
1896 779 641195712 641195712 14095.359226 57155.186817 1403.446161 182943 3.529772 87173864.822613
1897 780 641195712 641195712 13515.552310 79541.038511 1488.474874 182943 3.410357 109914798.870930
1898 781 532954320 532954320 12411.419935 58288.786776 1405.796642 153843 3.555371 138155333.580659
1899 782 0 0 -nan 0.000000 2147483647.000000 0 -nan 0.000000
1900 783 0 0 -nan 0.000000 2147483647.000000 0 -nan 0.000000
1901 784 0 0 -nan 0.000000 2147483647.000000 0 -nan 0.000000
1902 785 0 0 -nan 0.000000 2147483647.000000 0 -nan 0.000000
1903 786 0 0 -nan 0.000000 2147483647.000000 0 -nan 0.000000
1904 787 0 0 -nan 0.000000 2147483647.000000 0 -nan 0.000000
1905 788 425391840 425391840 16415.730284 62629.529844 1405.796642 122949 3.748676 130966959.436373
1906 789 0 0 -nan 0.000000 2147483647.000000 0 -nan 0.000000
1907 790 0 0 -nan 0.000000 2147483647.000000 0 -nan 0.000000
1908 791 0 0 -nan 0.000000 2147483647.000000 0 -nan 0.000000
1909 792 0 0 -nan 0.000000 2147483647.000000 0 -nan 0.000000
1910 793 641195712 641195712 12442.003161 53043.826568 1403.446161 182943 3.387317 113473282.012552
1911 794 641195712 641195712 11222.198942 38158.726075 1405.796642 182943 3.536282 120095907.680171
1912 795 0 0 -nan 0.000000 2147483647.000000 0 -nan 0.000000
1913 796 0 0 -nan 0.000000 2147483647.000000 0 -nan 0.000000
1914 797 641210160 641210160 16539.016796 70394.891640 1403.446161 184749 3.583976 119614920.613384
1915 798 0 0 -nan 0.000000 2147483647.000000 0 -nan 0.000000
1916 799 0 0 -nan 0.000000 2147483647.000000 0 -nan 0.000000
1962 800 0 0 -nan 0.000000 2147483647.000000 0 -nan 0.000000
1963 801 0 0 -nan 0.000000 2147483647.000000 0 -nan 0.000000
1964 802 0 0 -nan 0.000000 2147483647.000000 0 -nan 0.000000
1965 803 0 0 -nan 0.000000 2147483647.000000 0 -nan 0.000000
1966 804 641094576 641094576 11951.197757 72996.207090 1405.796642 170301 3.825621 74268445.654580
1967 805 0 0 -nan 0.000000 2147483647.000000 0 -nan 0.000000
1968 806 0 0 -nan 0.000000 2147483647.000000 0 -nan 0.000000
1969 807 425391840 425391840 11466.592697 34231.875215 2315.083877 122949 3.995047 150298657.070258
1970 808 0 0 -nan 0.000000 2147483647.000000 0 -nan 0.000000
1971 809 0 0 -nan 0.000000 2147483647.000000 0 -nan 0.000000
1972 810 0 0 -nan 0.000000 2147483647.000000 0 -nan 0.000000
1973 811 0 0 -nan 0.000000 2147483647.000000 0 -nan 0.000000
1974 812 0 0 -nan 0.000000 2147483647.000000 0 -nan 0.000000
1975 813 532939872 532939872 9913.242402 26729.084633 1403.446161 152037 3.235048 80792760.988978
1976 814 532939872 532939872 11848.028836 54817.341406 1405.796642 152037 3.457981 73021159.733132
1977 815 0 0 -nan 0.000000 2147483647.000000 0 -nan 0.000000
1978 816 0 0 -nan 0.000000 2147483647.000000 0 -nan 0.000000
1979 817 0 0 -nan 0.000000 2147483647.000000 0 -nan 0.000000
1980 818 0 0 -nan 0.000000 2147483647.000000 0 -nan 0.000000
1981 819 0 0 -nan 0.000000 2147483647.000000 0 -nan 0.000000
1982 820 641195712 641195712 15951.205100 62443.507666 2315.083877 182943 3.963661 202019507.057314
1983 821 0 0 -nan 0.000000 2147483647.000000 0 -nan 0.000000
1984 822 0 0 -nan 0.000000 2147483647.000000 0 -nan 0.000000
1985 823 532939872 532939872 13523.973539 52955.653871 1405.796642 152037 3.593737 73242620.834715
1986 824 0 0 -nan 0.000000 2147483647.000000 0 -nan 0.000000
1987 825 0 0 -nan 0.000000 2147483647.000000 0 -nan 0.000000
1988 826 0 0 -nan 0.000000 2147483647.000000 0 -nan 0.000000
1989 827 532939872 532939872 16111.555547 68201.350974 1488.474874 152037 3.972138 286951784.486689
1990 828 532939872 532939872 18977.090785 78304.775360 1488.474874 152037 3.769056 159823824.408643
1991 829 0 0 -nan 0.000000 2147483647.000000 0 -nan 0.000000
1992 830 0 0 -nan 0.000000 2147483647.000000 0 -nan 0.000000
1993 831 0 0 -nan 0.000000 2147483647.000000 0 -nan 0.000000
2039 832 0 0 -nan 0.000000 2147483647.000000 0 -nan 0.000000
2040 833 0 0 -nan 0.000000 2147483647.000000 0 -nan 0.000000
2041 834 0 0 -nan 0.000000 2147483647.000000 0 -nan 0.000000
2042 835 0 0 -nan 0.000000 2147483647.000000 0 -nan 0.000000
2043 836 532939872 532939872 11752.669230 39509.554159 1403.446161 152037 3.426252 53676965.442349
2044 837 0 0 -nan 0.000000 2147483647.000000 0 -nan 0.000000
2045 838 0 0 -nan 0.000000 2147483647.000000 0 -nan 0.000000
2046 839 0 0 -nan 0.000000 2147483647.000000 0 -nan 0.000000
2047 840 0 0 -nan 0.000000 2147483647.000000 0 -nan 0.000000
2048 841 0 0 -nan 0.000000 2147483647.000000 0 -nan 0.000000
2049 842 0 0 -nan 0.000000 2147483647.000000 0 -nan 0.000000
2050 843 641195712 641195712 11923.299778 78111.150619 1488.474874 182943 3.827766 69074693.358155
2051 844 0 0 -nan 0.000000 2147483647.000000 0 -nan 0.000000
2052 845 0 0 -nan 0.000000 2147483647.000000 0 -nan 0.000000
2053 846 0 0 -nan 0.000000 2147483647.000000 0 -nan 0.000000
2054 847 0 0 -nan 0.000000 2147483647.000000 0 -nan 0.000000
2055 848 0 0 -nan 0.000000 2147483647.000000 0 -nan 0.000000
2056 849 0 0 -nan 0.000000 2147483647.000000 0 -nan 0.000000
2057 850 0 0 -nan 0.000000 2147483647.000000 0 -nan 0.000000
2058 851 0 0 -nan 0.000000 2147483647.000000 0 -nan 0.000000
2059 852 0 0 -nan 0.000000 2147483647.000000 0 -nan 0.000000
2060 853 532939872 532939872 15269.853548 33995.174662 1405.796642 152037 3.936502 140324450.385940
2061 854 0 0 -nan 0.000000 2147483647.000000 0 -nan 0.000000
2062 855 318561216 318561216 12589.541110 26944.805568 2315.083877 96879 3.706066 106663509.013821
2063 856 0 0 -nan 0.000000 2147483647.000000 0 -nan 0.000000
2064 857 0 0 -nan 0.000000 2147483647.000000 0 -nan 0.000000
2065 858 0 0 -nan 0.000000 2147483647.000000 0 -nan 0.000000
2066 859 0 0 -nan 0.000000 2147483647.000000 0 -nan 0.000000
2067 860 0 0 -nan 0.000000 2147483647.000000 0 -nan 0.000000
2068 861 0 0 -nan 0.000000 2147483647.000000 0 -nan 0.000000
2069 862 0 0 -nan 0.000000 2147483647.000000 0 -nan 0.000000
2070 863 0 0 -nan 0.000000 2147483647.000000 0 -nan 0.000000
2116 864 318546768 318546768 18063.595386 63814.451900 2315.083877 95073 3.955571 106165241.593714
2117 865 532838736 532838736 18110.807335 42901.655246 1403.446161 139395 3.982568 97647600.816828
2118 866 0 0 -nan 0.000000 2147483647.000000 0 -nan 0.000000
2119 867 532939872 532939872 17122.453879 77462.892095 1403.446161 152037 3.972217 125047535.733497
2120 868 0 0 -nan 0.000000 2147483647.000000 0 -nan 0.000000
2121 869 318546768 318546768 15936.620409 63508.570763 2315.083877 95073 3.681487 90052853.033227
2122 870 641195712 641195712 14679.989152 77939.418337 1403.446161 182943 3.973582 185764991.939409
2123 871 0 0 -nan 0.000000 2147483647.000000 0 -nan 0.000000
2124 872 641195712 641195712 16632.338638 78543.413156 1405.796642 182943 3.659041 144854105.183934
2125 873 0 0 -nan 0.000000 2147483647.000000 0 -nan 0.000000
2126 874 0 0 -nan 0.000000 2147483647.000000 0 -nan 0.000000
2127 875 532954320 532954320 14505.484515 61579.813728 1488.474874 153843 3.625807 79277696.409210
2128 876 0 0 -nan 0.000000 2147483647.000000 0 -nan 0.000000
2129 877 0 0 -nan 0.000000 2147483647.000000 0 -nan 0.000000
2130 878 532939872 532939872 17815.087525 58471.304272 1405.796642 152037 3.765130 107499403.493247
2131 879 0 0 -nan 0.000000 2147483647.000000 0 -nan 0.000000
2132 880 0 0 -nan 0.000000 2147483647.000000 0 -nan 0.000000
2133 881 0 0 -nan 0.000000 2147483647.000000 0 -nan 0.000000
2134 882 0 0 -nan 0.000000 2147483647.000000 0 -nan 0.000000
2135 883 532939872 532939872 18710.875276 119427.311950 2315.083877 152037 3.796819 108008760.104790
2136 884 641195712 641195712 14057.128000 63492.418651 1488.474874 182943 3.393893 173650769.698145
2137 885 0 0 -nan 0.000000 2147483647.000000 0 -nan 0.000000
2138 886 532939872 532939872 13284.651579 70527.231878 1488.474874 152037 3.613469 87322732.186842
2139 887 0 0 -nan 0.000000 2147483647.000000 0 -nan 0.000000
2140 888 641094576 641094576 12506.975048 30927.341786 2315.083877 170301 3.508958 133216671.773849
2141 889 0 0 -nan 0.000000 2147483647.000000 0 -nan 0.000000
2142 890 0 0 -nan 0.000000 2147483647.000000 0 -nan 0.000000
2143 891 0 0 -nan 0.000000 2147483647.000000 0 -nan 0.000000
2144 892 641094576 641094576 13903.913388 58492.326532 1403.446161 170301 3.355929 109136843.988700
2145 893 0 0 -nan 0.000000 2147483647.000000 0 -nan 0.000000
2146 894 0 0 -nan 0.000000 2147483647.000000 0 -nan 0.000000
2147 895 0 0 -nan 0.000000 2147483647.000000 0 -nan 0.000000
2193 896 0 0 -nan 0.000000 2147483647.000000 0 -nan 0.000000
2194 897 0 0 -nan 0.000000 2147483647.000000 0 -nan 0.000000
2195 898 0 0 -nan 0.000000 2147483647.000000 0 -nan 0.000000
2196 899 0 0 -nan 0.000000 2147483647.000000 0 -nan 0.000000
2197 900 0 0 -nan 0.000000 2147483647.000000 0 -nan 0.000000
2198 901 425391840 425391840 14070.245422 56166.044518 1488.474874 122949 3.507332 114385474.824487
2199 902 0 0 -nan 0.000000 2147483647.000000 0 -nan 0.000000
2200 903 0 0 -nan 0.000000 2147483647.000000 0 -nan 0.000000
2201 904 0 0 -nan 0.000000 2147483647.000000 0 -nan 0.000000
2202 905 0 0 -nan 0.000000 2147483647.000000 0 -nan 0.000000
2203 906 0 0 -nan 0.000000 2147483647.000000 0 -nan 0.000000
2204 907 0 0 -nan 0.000000 2147483647.000000 0 -nan 0.000000
2205 908 0 0 -nan 0.000000 2147483647.000000 0 -nan 0.000000
2206 909 641195712 641195712 11230.913700 26925.343696 2319.019588 182943 3.559437 87365988.349387
2207 910 0 0 -nan 0.000000 2147483647.000000 0 -nan 0.000000
2208 911 0 0 -nan 0.000000 2147483647.000000 0 -nan 0.000000
2209 912 641094576 641094576 17565.493823 75335.552980 1403.446161 170301 3.672521 78032661.282280
2210 913 0 0 -nan 0.000000 2147483647.000000 0 -nan 0.000000
2211 914 0 0 -nan 0.000000 2147483647.000000 0 -nan 0.000000
2212 915 0 0 -nan 0.000000 2147483647.000000 0 -nan 0.000000
2213 916 0 0 -nan 0.000000 2147483647.000000 0 -nan 0.000000
2214 917 532939872 532939872 14812.544341 67273.110465 2315.083877 152037 3.633320 63074432.248964
2215 918 0 0 -nan 0.000000 2147483647.000000 0 -nan 0.000000
2216 919 0 0 -nan 0.000000 2147483647.000000 0 -nan 0.000000
2217 920 0 0 -nan 0.000000 2147483647.000000 0 -nan 0.000000
2218 921 641210160 641210160 11980.593702 62128.018126 1490.991427 184749 3.681893 136577349.475734
2219 922 0 0 -nan 0.000000 2147483647.000000 0 -nan 0.000000
2220 923 0 0 -nan 0.000000 2147483647.000000 0 -nan 0.000000
2221 924 532939872 532939872 15119.484469 68091.377164 2315.083877 152037 3.972138 60060669.546760
2222 925 0 0 -nan 0.000000 2147483647.000000 0 -nan 0.000000
2223 926 0 0 -nan 0.000000 2147483647.000000 0 -nan 0.000000
2224 927 0 0 -nan 0.000000 2147483647.000000 0 -nan 0.000000
2270 928 532939872 532939872 18229.540355 71952.699434 2319.019588 152037 3.968271 159091253.416860
2271 929 532939872 532939872 18084.250245 74692.867473 576.837158 152037 3.753152 137970990.943510
2272 930 0 0 -nan 0.000000 2147483647.000000 0 -nan 0.000000
2273 931 641195712 641195712 12744.124019 38344.638562 577.768481 182943 3.791542 112503564.225363
2274 932 425406288 425406288 15123.757882 52762.303815 2315.083877 124755 3.723386 201923678.430135
2275 933 0 0 -nan 0.000000 2147483647.000000 0 -nan 0.000000
2276 934 0 0 -nan 0.000000 2147483647.000000 0 -nan 0.000000
2277 935 532939872 532939872 13684.247376 62213.046841 1403.446161 152037 3.450009 71884910.157679
2278 936 641094576 641094576 15364.103740 109861.886402 1053.674316 170301 2.751053 388602935.111906
2279 937 0 0 -nan 0.000000 2147483647.000000 0 -nan 0.000000
2280 938 641094576 641094576 16770.618485 62259.799941 1053.674316 170301 3.366586 383227180.362444
2281 939 532838736 532838736 17137.029475 65535.965856 1405.796642 139395 3.417454 389415459.255402
2282 940 0 0 -nan 0.000000 2147483647.000000 0 -nan 0.000000
2283 941 0 0 -nan 0.000000 2147483647.000000 0 -nan 0.000000
2284 942 0 0 -nan 0.000000 2147483647.000000 0 -nan 0.000000
2285 943 0 0 -nan 0.000000 2147483647.000000 0 -nan 0.000000
2286 944 0 0 -nan 0.000000 2147483647.000000 0 -nan 0.000000
2287 945 641195712 641195712 13692.155814 67613.225315 1403.446161 182943 3.960283 83544514.336554
2288 946 0 0 -nan 0.000000 2147483647.000000 0 -nan 0.000000
2289 947 0 0 -nan 0.000000 2147483647.000000 0 -nan 0.000000
2290 948 532939872 532939872 18215.784511 194738.967514 2315.083877 152037 3.948361 94861983.988883
2291 949 425406288 425406288 10374.987779 47036.829985 1488.474874 124755 3.091980 53437116.708966
2292 950 0 0 -nan 0.000000 2147483647.000000 0 -nan 0.000000
2293 951 0 0 -nan 0.000000 2147483647.000000 0 -nan 0.000000
2294 952 0 0 -nan 0.000000 2147483647.000000 0 -nan 0.000000
2295 953 0 0 -nan 0.000000 2147483647.000000 0 -nan 0.000000
2296 954 0 0 -nan 0.000000 2147483647.000000 0 -nan 0.000000
2297 955 0 0 -nan 0.000000 2147483647.000000 0 -nan 0.000000
2298 956 641094576 641094576 12610.597574 49250.303879 1405.796642 170301 3.512463 86214990.404716
2299 957 0 0 -nan 0.000000 2147483647.000000 0 -nan 0.000000
2300 958 0 0 -nan 0.000000 2147483647.000000 0 -nan 0.000000
2301 959 0 0 -nan 0.000000 2147483647.000000 0 -nan 0.000000
2347 960 0 0 -nan 0.000000 2147483647.000000 0 -nan 0.000000
2348 961 0 0 -nan 0.000000 2147483647.000000 0 -nan 0.000000
2349 962 0 0 -nan 0.000000 2147483647.000000 0 -nan 0.000000
2350 963 0 0 -nan 0.000000 2147483647.000000 0 -nan 0.000000
2351 964 0 0 -nan 0.000000 2147483647.000000 0 -nan 0.000000
2352 965 0 0 -nan 0.000000 2147483647.000000 0 -nan 0.000000
2353 966 0 0 -nan 0.000000 2147483647.000000 0 -nan 0.000000
2354 967 0 0 -nan 0.000000 2147483647.000000 0 -nan 0.000000
2355 968 0 0 -nan 0.000000 2147483647.000000 0 -nan 0.000000
2356 969 0 0 -nan 0.000000 2147483647.000000 0 -nan 0.000000
2357 970 0 0 -nan 0.000000 2147483647.000000 0 -nan 0.000000
2358 971 0 0 -nan 0.000000 2147483647.000000 0 -nan 0.000000
2359 972 0 0 -nan 0.000000 2147483647.000000 0 -nan 0.000000
2360 973 0 0 -nan 0.000000 2147483647.000000 0 -nan 0.000000
2361 974 0 0 -nan 0.000000 2147483647.000000 0 -nan 0.000000
2362 975 0 0 -nan 0.000000 2147483647.000000 0 -nan 0.000000
2363 976 0 0 -nan 0.000000 2147483647.000000 0 -nan 0.000000
2364 977 0 0 -nan 0.000000 2147483647.000000 0 -nan 0.000000
2365 978 0 0 -nan 0.000000 2147483647.000000 0 -nan 0.000000
2366 979 0 0 -nan 0.000000 2147483647.000000 0 -nan 0.000000
2367 980 0 0 -nan 0.000000 2147483647.000000 0 -nan 0.000000
2368 981 0 0 -nan 0.000000 2147483647.000000 0 -nan 0.000000
2369 982 0 0 -nan 0.000000 2147483647.000000 0 -nan 0.000000
2370 983 0 0 -nan 0.000000 2147483647.000000 0 -nan 0.000000
2371 984 0 0 -nan 0.000000 2147483647.000000 0 -nan 0.000000
2372 985 0 0 -nan 0.000000 2147483647.000000 0 -nan 0.000000
2373 986 0 0 -nan 0.000000 2147483647.000000 0 -nan 0.000000
2374 987 0 0 -nan 0.000000 2147483647.000000 0 -nan 0.000000
2375 988 0 0 -nan 0.000000 2147483647.000000 0 -nan 0.000000
2376 989 0 0 -nan 0.000000 2147483647.000000 0 -nan 0.000000
2377 990 0 0 -nan 0.000000 2147483647.000000 0 -nan 0.000000
2378 991 0 0 -nan 0.000000 2147483647.000000 0 -nan 0.000000
2424 992 0 0 -nan 0.000000 2147483647.000000 0 -nan 0.000000
2425 993 0 0 -nan 0.000000 2147483647.000000 0 -nan 0.000000
2426 994 0 0 -nan 0.000000 2147483647.000000 0 -nan 0.000000
2427 995 0 0 -nan 0.000000 2147483647.000000 0 -nan 0.000000
2428 996 0 0 -nan 0.000000 2147483647.000000 0 -nan 0.000000
2429 997 0 0 -nan 0.000000 2147483647.000000 0 -nan 0.000000
2430 998 0 0 -nan 0.000000 2147483647.000000 0 -nan 0.000000
2431 999 0 0 -nan 0.000000 2147483647.000000 0 -nan 0.000000
2432 1000 0 0 -nan 0.000000 2147483647.000000 0 -nan 0.000000
2433 1001 0 0 -nan 0.000000 2147483647.000000 0 -nan 0.000000
2434 1002 0 0 -nan 0.000000 2147483647.000000 0 -nan 0.000000
2435 1003 0 0 -nan 0.000000 2147483647.000000 0 -nan 0.000000
2436 1004 0 0 -nan 0.000000 2147483647.000000 0 -nan 0.000000
2437 1005 0 0 -nan 0.000000 2147483647.000000 0 -nan 0.000000
2438 1006 0 0 -nan 0.000000 2147483647.000000 0 -nan 0.000000
2439 1007 0 0 -nan 0.000000 2147483647.000000 0 -nan 0.000000
2440 1008 0 0 -nan 0.000000 2147483647.000000 0 -nan 0.000000
2441 1009 0 0 -nan 0.000000 2147483647.000000 0 -nan 0.000000
2442 1010 0 0 -nan 0.000000 2147483647.000000 0 -nan 0.000000
2443 1011 0 0 -nan 0.000000 2147483647.000000 0 -nan 0.000000
2444 1012 0 0 -nan 0.000000 2147483647.000000 0 -nan 0.000000
2445 1013 0 0 -nan 0.000000 2147483647.000000 0 -nan 0.000000
2446 1014 0 0 -nan 0.000000 2147483647.000000 0 -nan 0.000000
2447 1015 0 0 -nan 0.000000 2147483647.000000 0 -nan 0.000000
2448 1016 0 0 -nan 0.000000 2147483647.000000 0 -nan 0.000000
2449 1017 0 0 -nan 0.000000 2147483647.000000 0 -nan 0.000000
2450 1018 0 0 -nan 0.000000 2147483647.000000 0 -nan 0.000000
2451 1019 0 0 -nan 0.000000 2147483647.000000 0 -nan 0.000000
2452 1020 0 0 -nan 0.000000 2147483647.000000 0 -nan 0.000000
2453 1021 0 0 -nan 0.000000 2147483647.000000 0 -nan 0.000000
2454 1022 0 0 -nan 0.000000 2147483647.000000 0 -nan 0.000000
2455 1023 0 0 -nan 0.000000 2147483647.000000 0 -nan 0.000000
2501 1024 0 0 -nan 0.000000 2147483647.000000 0 -nan 0.000000
2502 1025 0 0 -nan 0.000000 2147483647.000000 0 -nan 0.000000
2503 1026 0 0 -nan 0.000000 2147483647.000000 0 -nan 0.000000
2504 1027 0 0 -nan 0.000000 2147483647.000000 0 -nan 0.000000
2505 1028 0 0 -nan 0.000000 2147483647.000000 0 -nan 0.000000
2506 1029 0 0 -nan 0.000000 2147483647.000000 0 -nan 0.000000
2507 1030 0 0 -nan 0.000000 2147483647.000000 0 -nan 0.000000
2508 1031 0 0 -nan 0.000000 2147483647.000000 0 -nan 0.000000
2509 1032 0 0 -nan 0.000000 2147483647.000000 0 -nan 0.000000
2510 1033 0 0 -nan 0.000000 2147483647.000000 0 -nan 0.000000
2511 1034 0 0 -nan 0.000000 2147483647.000000 0 -nan 0.000000
2512 1035 0 0 -nan 0.000000 2147483647.000000 0 -nan 0.000000
2513 1036 0 0 -nan 0.000000 2147483647.000000 0 -nan 0.000000
2514 1037 0 0 -nan 0.000000 2147483647.000000 0 -nan 0.000000
2515 1038 0 0 -nan 0.000000 2147483647.000000 0 -nan 0.000000
2516 1039 0 0 -nan 0.000000 2147483647.000000 0 -nan 0.000000
2517 1040 0 0 -nan 0.000000 2147483647.000000 0 -nan 0.000000
2518 1041 0 0 -nan 0.000000 2147483647.000000 0 -nan 0.000000
2519 1042 0 0 -nan 0.000000 2147483647.000000 0 -nan 0.000000
2520 1043 0 0 -nan 0.000000 2147483647.000000 0 -nan 0.000000
2521 1044 0 0 -nan 0.000000 2147483647.000000 0 -nan 0.000000
2522 1045 0 0 -nan 0.000000 2147483647.000000 0 -nan 0.000000
2523 1046 0 0 -nan 0.000000 2147483647.000000 0 -nan 0.000000
2524 1047 0 0 -nan 0.000000 2147483647.000000 0 -nan 0.000000
2525 1048 0 0 -nan 0.000000 2147483647.000000 0 -nan 0.000000
2526 1049 0 0 -nan 0.000000 2147483647.000000 0 -nan 0.000000
2527 1050 0 0 -nan 0.000000 2147483647.000000 0 -nan 0.000000
2528 1051 0 0 -nan 0.000000 2147483647.000000 0 -nan 0.000000
2529 1052 0 0 -nan 0.000000 2147483647.000000 0 -nan 0.000000
2530 1053 0 0 -nan 0.000000 2147483647.000000 0 -nan 0.000000
2531 1054 0 0 -nan 0.000000 2147483647.000000 0 -nan 0.000000
2532 1055 0 0 -nan 0.000000 2147483647.000000 0 -nan 0.000000
