# Format <LP ID> <Terminal ID> <Job ID> <Local Rank> <Total sends> <Total Recvs> <Bytes sent> <Bytes recvd> <Send time> <Comm. time> <Compute time> <Avg msg time> <Max Msg Time>
6 0 -1 -1 0 0 0 0 0.000000 0.000000 0.000000 -nan 0.000000
7 1 -1 -1 0 0 0 0 0.000000 0.000000 0.000000 -nan 0.000000
8 2 -1 -1 0 0 0 0 0.000000 0.000000 0.000000 -nan 0.000000
9 3 -1 -1 0 0 0 0 0.000000 0.000000 0.000000 -nan 0.000000
10 4 -1 -1 0 0 0 0 0.000000 0.000000 0.000000 -nan 0.000000
11 5 -1 -1 0 0 0 0 0.000000 0.000000 0.000000 -nan 0.000000
12 6 0 246 30231 30231 641195712 641195712 1036214454.036077 411115468.949871 0.000000 34276.552348 411115468.949871
13 7 -1 -1 0 0 0 0 0.000000 0.000000 0.000000 -nan 0.000000
14 8 -1 -1 0 0 0 0 0.000000 0.000000 0.000000 -nan 0.000000
15 9 -1 -1 0 0 0 0 0.000000 0.000000 0.000000 -nan 0.000000
16 10 0 286 24777 24777 532939872 532939872 745654321.134559 411116959.071074 0.000000 30094.616827 411116959.071074
17 11 -1 -1 0 0 0 0 0.000000 0.000000 0.000000 -nan 0.000000
18 12 -1 -1 0 0 0 0 0.000000 0.000000 0.000000 -nan 0.000000
19 13 0 248 30231 30231 641195712 641195712 1009358267.406408 411109177.470309 0.000000 33388.186544 411109177.470309
20 14 0 81 32037 32037 641210160 641210160 1075117226.736930 411112704.789104 0.000000 33558.611191 411112704.789104
21 15 -1 -1 0 0 0 0 0.000000 0.000000 0.000000 -nan 0.000000
22 16 -1 -1 0 0 0 0 0.000000 0.000000 0.000000 -nan 0.000000
23 17 -1 -1 0 0 0 0 0.000000 0.000000 0.000000 -nan 0.000000
24 18 0 24 8499 8499 425290704 425290704 551614734.368006 411110387.009312 0.000000 64903.486806 411110387.009312
25 19 -1 -1 0 0 0 0 0.000000 0.000000 0.000000 -nan 0.000000
26 20 -1 -1 0 0 0 0 0.000000 0.000000 0.000000 -nan 0.000000
27 21 -1 -1 0 0 0 0 0.000000 0.000000 0.000000 -nan 0.000000
28 22 -1 -1 0 0 0 0 0.000000 0.000000 0.000000 -nan 0.000000
29 23 -1 -1 0 0 0 0 0.000000 0.000000 0.000000 -nan 0.000000
30 24 0 174 24777 24777 532939872 532939872 726157280.394731 411110004.015677 0.000000 29307.716043 411110004.015677
31 25 -1 -1 0 0 0 0 0.000000 0.000000 0.000000 -nan 0.000000
32 26 -1 -1 0 0 0 0 0.000000 0.000000 0.000000 -nan 0.000000
33 27 -1 -1 0 0 0 0 0.000000 0.000000 0.000000 -nan 0.000000
34 28 -1 -1 0 0 0 0 0.000000 0.000000 0.000000 -nan 0.000000
35 29 -1 -1 0 0 0 0 0.000000 0.000000 0.000000 -nan 0.000000
83 30 -1 -1 0 0 0 0 0.000000 0.000000 0.000000 -nan 0.000000
84 31 -1 -1 0 0 0 0 0.000000 0.000000 0.000000 -nan 0.000000
85 32 -1 -1 0 0 0 0 0.000000 0.000000 0.000000 -nan 0.000000
86 33 -1 -1 0 0 0 0 0.000000 0.000000 0.000000 -nan 0.000000
87 34 0 198 30231 30231 641195712 641195712 1112344682.453041 411115468.305279 0.000000 36794.835846 411115468.305279
88 35 -1 -1 0 0 0 0 0.000000 0.000000 0.000000 -nan 0.000000
89 36 -1 -1 0 0 0 0 0.000000 0.000000 0.000000 -nan 0.000000
90 37 -1 -1 0 0 0 0 0.000000 0.000000 0.000000 -nan 0.000000
91 38 0 180 21141 21141 425391840 425391840 862652563.367464 411109178.589526 0.000000 40804.718952 411109178.589526
92 39 -1 -1 0 0 0 0 0.000000 0.000000 0.000000 -nan 0.000000
93 40 -1 -1 0 0 0 0 0.000000 0.000000 0.000000 -nan 0.000000
94 41 0 264 24777 24777 532939872 532939872 1169832519.531219 411112323.973316 0.000000 47214.453708 411112323.973316
95 42 -1 -1 0 0 0 0 0.000000 0.000000 0.000000 -nan 0.000000
96 43 -1 -1 0 0 0 0 0.000000 0.000000 0.000000 -nan 0.000000
97 44 -1 -1 0 0 0 0 0.000000 0.000000 0.000000 -nan 0.000000
98 45 -1 -1 0 0 0 0 0.000000 0.000000 0.000000 -nan 0.000000
99 46 0 209 21141 21141 425391840 425391840 756611921.171363 411109178.357462 0.000000 35788.842589 411109178.357462
100 47 -1 -1 0 0 0 0 0.000000 0.000000 0.000000 -nan 0.000000
101 48 -1 -1 0 0 0 0 0.000000 0.000000 0.000000 -nan 0.000000
102 49 -1 -1 0 0 0 0 0.000000 0.000000 0.000000 -nan 0.000000
103 50 -1 -1 0 0 0 0 0.000000 0.000000 0.000000 -nan 0.000000
104 51 0 148 24777 24777 532939872 532939872 816840675.186840 411112325.353252 0.000000 32967.698881 411112325.353252
105 52 0 229 24777 24777 532939872 532939872 877176000.595863 411118617.066689 0.000000 35402.833297 411118617.066689
106 53 -1 -1 0 0 0 0 0.000000 0.000000 0.000000 -nan 0.000000
107 54 0 70 12135 12135 532838736 532838736 777003969.085482 411118169.073979 0.000000 64029.993332 411118169.073979
108 55 0 193 30231 30231 641195712 641195712 1057362258.260863 411110832.198929 0.000000 34976.092695 411110832.198929
109 56 -1 -1 0 0 0 0 0.000000 0.000000 0.000000 -nan 0.000000
110 57 -1 -1 0 0 0 0 0.000000 0.000000 0.000000 -nan 0.000000
111 58 0 158 30231 30231 641195712 641195712 1147509754.161924 411114641.130991 0.000000 37958.048168 411114641.130991
112 59 0 11 26583 26583 532954320 532954320 852108295.947907 411108068.631259 0.000000 32054.632508 411108068.631259
160 60 -1 -1 0 0 0 0 0.000000 0.000000 0.000000 -nan 0.000000
161 61 -1 -1 0 0 0 0 0.000000 0.000000 0.000000 -nan 0.000000
162 62 0 96 30231 30231 641195712 641195712 930762455.105519 411106859.462883 0.000000 30788.344914 411106859.462883
163 63 0 116 24777 24777 532939872 532939872 970391441.975177 411109178.318254 0.000000 39165.009564 411109178.318254
164 64 -1 -1 0 0 0 0 0.000000 0.000000 0.000000 -nan 0.000000
165 65 -1 -1 0 0 0 0 0.000000 0.000000 0.000000 -nan 0.000000
166 66 -1 -1 0 0 0 0 0.000000 0.000000 0.000000 -nan 0.000000
167 67 -1 -1 0 0 0 0 0.000000 0.000000 0.000000 -nan 0.000000
168 68 -1 -1 0 0 0 0 0.000000 0.000000 0.000000 -nan 0.000000
169 69 0 28 8499 8499 425290704 425290704 625767168.690884 411113532.558749 0.000000 73628.329061 411113532.558749
170 70 -1 -1 0 0 0 0 0.000000 0.000000 0.000000 -nan 0.000000
171 71 -1 -1 0 0 0 0 0.000000 0.000000 0.000000 -nan 0.000000
172 72 -1 -1 0 0 0 0 0.000000 0.000000 0.000000 -nan 0.000000
173 73 0 291 24777 24777 532939872 532939872 739901019.081308 411116873.021870 0.000000 29862.413492 411116873.021870
174 74 -1 -1 0 0 0 0 0.000000 0.000000 0.000000 -nan 0.000000
175 75 0 250 24777 24777 532939872 532939872 878895132.200219 411113151.477520 0.000000 35472.217468 411113151.477520
176 76 -1 -1 0 0 0 0 0.000000 0.000000 0.000000 -nan 0.000000
177 77 -1 -1 0 0 0 0 0.000000 0.000000 0.000000 -nan 0.000000
178 78 0 267 24777 24777 532939872 532939872 766612761.830004 411117787.401644 0.000000 30940.499731 411117787.401644
179 79 -1 -1 0 0 0 0 0.000000 0.000000 0.000000 -nan 0.000000
180 80 -1 -1 0 0 0 0 0.000000 0.000000 0.000000 -nan 0.000000
181 81 -1 -1 0 0 0 0 0.000000 0.000000 0.000000 -nan 0.000000
182 82 -1 -1 0 0 0 0 0.000000 0.000000 0.000000 -nan 0.000000
183 83 -1 -1 0 0 0 0 0.000000 0.000000 0.000000 -nan 0.000000
184 84 -1 -1 0 0 0 0 0.000000 0.000000 0.000000 -nan 0.000000
185 85 0 98 30231 30231 641195712 641195712 1088528434.358638 411110005.147137 0.000000 36007.027037 411110005.147137
186 86 0 77 32037 32037 641210160 641210160 1109476372.106975 411110385.620766 0.000000 34631.094425 411110385.620766
187 87 -1 -1 0 0 0 0 0.000000 0.000000 0.000000 -nan 0.000000
188 88 -1 -1 0 0 0 0 0.000000 0.000000 0.000000 -nan 0.000000
189 89 0 182 24777 24777 532939872 532939872 1047823545.795792 411112322.770994 0.000000 42290.170150 411112322.770994
237 90 -1 -1 0 0 0 0 0.000000 0.000000 0.000000 -nan 0.000000
238 91 0 258 30231 30231 641195712 641195712 1171239753.764244 411113150.567975 0.000000 38743.003995 411113150.567975
239 92 -1 -1 0 0 0 0 0.000000 0.000000 0.000000 -nan 0.000000
240 93 -1 -1 0 0 0 0 0.000000 0.000000 0.000000 -nan 0.000000
241 94 0 222 30231 30231 641195712 641195712 1277477270.001842 411114640.248234 0.000000 42257.195263 411114640.248234
242 95 -1 -1 0 0 0 0 0.000000 0.000000 0.000000 -nan 0.000000
243 96 0 283 24777 24777 532939872 532939872 1111126231.752565 411116048.988828 0.000000 44845.067270 411116048.988828
244 97 0 188 30231 30231 641195712 641195712 1081763232.635751 411110007.250350 0.000000 35783.243447 411110007.250350
245 98 -1 -1 0 0 0 0 0.000000 0.000000 0.000000 -nan 0.000000
246 99 0 266 24777 24777 532939872 532939872 1016673373.036749 411116296.476544 0.000000 41032.948825 411116296.476544
247 100 0 262 30231 30231 641195712 641195712 1408956171.105234 411118614.666306 0.000000 46606.336909 411118614.666306
248 101 0 44 12135 12135 532838736 532838736 729814534.766935 411113531.994879 0.000000 60141.288403 411113531.994879
249 102 -1 -1 0 0 0 0 0.000000 0.000000 0.000000 -nan 0.000000
250 103 0 153 24777 24777 532939872 532939872 934186857.833359 411113152.651686 0.000000 37703.792139 411113152.651686
251 104 -1 -1 0 0 0 0 0.000000 0.000000 0.000000 -nan 0.000000
252 105 0 147 24777 24777 532939872 532939872 742798556.377377 411111497.139968 0.000000 29979.358130 411111497.139968
253 106 0 256 30231 30231 641195712 641195712 1232591624.905946 411110005.090629 0.000000 40772.439711 411110005.090629
254 107 0 122 24777 24777 532939872 532939872 810643826.999854 411110005.323184 0.000000 32717.594019 411110005.323184
255 108 -1 -1 0 0 0 0 0.000000 0.000000 0.000000 -nan 0.000000
256 109 -1 -1 0 0 0 0 0.000000 0.000000 0.000000 -nan 0.000000
257 110 -1 -1 0 0 0 0 0.000000 0.000000 0.000000 -nan 0.000000
258 111 -1 -1 0 0 0 0 0.000000 0.000000 0.000000 -nan 0.000000
259 112 0 272 21141 21141 425391840 425391840 715210698.276074 411110835.594575 0.000000 33830.504625 411110835.594575
260 113 0 49 26583 26583 532954320 532954320 772918378.909119 411112705.478876 0.000000 29075.664105 411112705.478876
261 114 -1 -1 0 0 0 0 0.000000 0.000000 0.000000 -nan 0.000000
262 115 -1 -1 0 0 0 0 0.000000 0.000000 0.000000 -nan 0.000000
263 116 0 293 24777 24777 532939872 532939872 1149939855.950044 411122591.331667 0.000000 46411.585581 411122591.331667
264 117 -1 -1 0 0 0 0 0.000000 0.000000 0.000000 -nan 0.000000
265 118 -1 -1 0 0 0 0 0.000000 0.000000 0.000000 -nan 0.000000
266 119 -1 -1 0 0 0 0 0.000000 0.000000 0.000000 -nan 0.000000
314 120 0 197 30231 30231 641195712 641195712 1136690592.618168 411116299.016816 0.000000 37600.165149 411116299.016816
315 121 -1 -1 0 0 0 0 0.000000 0.000000 0.000000 -nan 0.000000
316 122 0 255 24777 24777 532939872 532939872 962563792.344667 411116873.402276 0.000000 38849.085537 411116873.402276
317 123 0 2 8499 8499 425290704 425290704 698095132.626719 411112620.371438 0.000000 82138.502486 411112620.371438
318 124 0 3 22947 22947 425406288 425406288 662504367.878223 411111214.601438 0.000000 28871.066714 411111214.601438
319 125 -1 -1 0 0 0 0 0.000000 0.000000 0.000000 -nan 0.000000
320 126 0 18 12135 12135 532838736 532838736 723832845.634209 411116680.209137 0.000000 59648.359756 411116680.209137
321 127 -1 -1 0 0 0 0 0.000000 0.000000 0.000000 -nan 0.000000
322 128 -1 -1 0 0 0 0 0.000000 0.000000 0.000000 -nan 0.000000
323 129 -1 -1 0 0 0 0 0.000000 0.000000 0.000000 -nan 0.000000
324 130 -1 -1 0 0 0 0 0.000000 0.000000 0.000000 -nan 0.000000
325 131 -1 -1 0 0 0 0 0.000000 0.000000 0.000000 -nan 0.000000
326 132 -1 -1 0 0 0 0 0.000000 0.000000 0.000000 -nan 0.000000
327 133 0 129 24777 24777 532939872 532939872 935928509.566200 411110833.266570 0.000000 37774.085223 411110833.266570
328 134 0 74 12135 12135 532838736 532838736 779434495.323347 411113534.060315 0.000000 64230.283916 411113534.060315
329 135 0 21 26583 26583 532954320 532954320 781410509.463319 411112702.783430 0.000000 29395.121298 411112702.783430
330 136 -1 -1 0 0 0 0 0.000000 0.000000 0.000000 -nan 0.000000
331 137 -1 -1 0 0 0 0 0.000000 0.000000 0.000000 -nan 0.000000
332 138 -1 -1 0 0 0 0 0.000000 0.000000 0.000000 -nan 0.000000
333 139 -1 -1 0 0 0 0 0.000000 0.000000 0.000000 -nan 0.000000
334 140 -1 -1 0 0 0 0 0.000000 0.000000 0.000000 -nan 0.000000
335 141 0 57 26583 26583 532954320 532954320 892819409.219415 411109558.484645 0.000000 33586.104248 411109558.484645
336 142 -1 -1 0 0 0 0 0.000000 0.000000 0.000000 -nan 0.000000
337 143 0 276 24777 24777 532939872 532939872 959280985.470056 411115471.254477 0.000000 38716.591414 411115471.254477
338 144 -1 -1 0 0 0 0 0.000000 0.000000 0.000000 -nan 0.000000
339 145 0 273 21141 21141 425391840 425391840 624808612.997350 411113152.442862 0.000000 29554.354713 411113152.442862
340 146 -1 -1 0 0 0 0 0.000000 0.000000 0.000000 -nan 0.000000
341 147 -1 -1 0 0 0 0 0.000000 0.000000 0.000000 -nan 0.000000
342 148 -1 -1 0 0 0 0 0.000000 0.000000 0.000000 -nan 0.000000
343 149 0 120 21141 21141 425391840 425391840 584527871.047989 411106859.490124 0.000000 27649.017125 411106859.490124
391 150 -1 -1 0 0 0 0 0.000000 0.000000 0.000000 -nan 0.000000
392 151 -1 -1 0 0 0 0 0.000000 0.000000 0.000000 -nan 0.000000
393 152 0 58 12135 12135 532838736 532838736 706798402.786094 411116681.682097 0.000000 58244.614980 411116681.682097
394 153 -1 -1 0 0 0 0 0.000000 0.000000 0.000000 -nan 0.000000
395 154 -1 -1 0 0 0 0 0.000000 0.000000 0.000000 -nan 0.000000
396 155 0 295 18717 18717 318546768 318546768 408028371.974413 411119027.070119 0.000000 21799.880962 411119027.070119
397 156 0 169 24777 24777 532939872 532939872 807290169.161359 411116299.619438 0.000000 32582.240350 411116299.619438
398 157 -1 -1 0 0 0 0 0.000000 0.000000 0.000000 -nan 0.000000
399 158 -1 -1 0 0 0 0 0.000000 0.000000 0.000000 -nan 0.000000
400 159 0 237 24777 24777 532939872 532939872 969760439.109094 411113152.809962 0.000000 39139.542282 411113152.809962
401 160 -1 -1 0 0 0 0 0.000000 0.000000 0.000000 -nan 0.000000
402 161 0 119 21141 21141 425391840 425391840 674909655.734675 411114557.674607 0.000000 31924.206789 411114557.674607
403 162 -1 -1 0 0 0 0 0.000000 0.000000 0.000000 -nan 0.000000
404 163 -1 -1 0 0 0 0 0.000000 0.000000 0.000000 -nan 0.000000
405 164 0 252 30231 30231 641195712 641195712 1106559837.257109 411112324.805758 0.000000 36603.481104 411112324.805758
406 165 0 141 30231 30231 641195712 641195712 1101130150.368252 411113979.707453 0.000000 36423.874512 411113979.707453
407 166 0 171 30231 30231 641195712 641195712 984612505.883256 411115302.600796 0.000000 32569.630706 411115302.600796
408 167 0 265 21141 21141 425391840 425391840 795263511.195281 411115471.484169 0.000000 37617.118925 411115471.484169
409 168 -1 -1 0 0 0 0 0.000000 0.000000 0.000000 -nan 0.000000
410 169 -1 -1 0 0 0 0 0.000000 0.000000 0.000000 -nan 0.000000
411 170 -1 -1 0 0 0 0 0.000000 0.000000 0.000000 -nan 0.000000
412 171 0 294 21141 21141 425391840 425391840 725721085.613428 411120105.219748 0.000000 34327.661209 411120105.219748
413 172 -1 -1 0 0 0 0 0.000000 0.000000 0.000000 -nan 0.000000
414 173 -1 -1 0 0 0 0 0.000000 0.000000 0.000000 -nan 0.000000
415 174 -1 -1 0 0 0 0 0.000000 0.000000 0.000000 -nan 0.000000
416 175 -1 -1 0 0 0 0 0.000000 0.000000 0.000000 -nan 0.000000
417 176 -1 -1 0 0 0 0 0.000000 0.000000 0.000000 -nan 0.000000
418 177 -1 -1 0 0 0 0 0.000000 0.000000 0.000000 -nan 0.000000
419 178 -1 -1 0 0 0 0 0.000000 0.000000 0.000000 -nan 0.000000
420 179 0 187 30231 30231 641195712 641195712 954019055.264355 411111495.005376 0.000000 31557.641337 411111495.005376
468 180 -1 -1 0 0 0 0 0.000000 0.000000 0.000000 -nan 0.000000
469 181 -1 -1 0 0 0 0 0.000000 0.000000 0.000000 -nan 0.000000
470 182 -1 -1 0 0 0 0 0.000000 0.000000 0.000000 -nan 0.000000
471 183 -1 -1 0 0 0 0 0.000000 0.000000 0.000000 -nan 0.000000
472 184 0 263 30231 30231 641195712 641195712 977607492.922825 411117537.672757 0.000000 32337.914489 411117537.672757
473 185 -1 -1 0 0 0 0 0.000000 0.000000 0.000000 -nan 0.000000
474 186 -1 -1 0 0 0 0 0.000000 0.000000 0.000000 -nan 0.000000
475 187 -1 -1 0 0 0 0 0.000000 0.000000 0.000000 -nan 0.000000
476 188 0 128 30231 30231 641195712 641195712 1157330695.399183 411106858.955275 0.000000 38282.911429 411106858.955275
477 189 0 67 32037 32037 641210160 641210160 1347138065.201283 411114359.897299 0.000000 42049.444867 411114359.897299
478 190 0 61 26583 26583 532954320 532954320 874742471.955565 411113529.795692 0.000000 32906.085542 411113529.795692
479 191 0 170 24777 24777 532939872 532939872 995310685.814461 411116296.214436 0.000000 40170.750527 411116296.214436
480 192 0 31 26583 26583 532954320 532954320 915194442.460132 411111875.342918 0.000000 34427.808842 411111875.342918
481 193 -1 -1 0 0 0 0 0.000000 0.000000 0.000000 -nan 0.000000
482 194 -1 -1 0 0 0 0 0.000000 0.000000 0.000000 -nan 0.000000
483 195 -1 -1 0 0 0 0 0.000000 0.000000 0.000000 -nan 0.000000
484 196 0 215 24777 24777 532939872 532939872 821483896.424160 411117704.340486 0.000000 33155.099343 411117704.340486
485 197 0 196 30231 30231 641195712 641195712 1099231334.468434 411112324.713365 0.000000 36361.064287 411112324.713365
486 198 -1 -1 0 0 0 0 0.000000 0.000000 0.000000 -nan 0.000000
487 199 -1 -1 0 0 0 0 0.000000 0.000000 0.000000 -nan 0.000000
488 200 -1 -1 0 0 0 0 0.000000 0.000000 0.000000 -nan 0.000000
489 201 -1 -1 0 0 0 0 0.000000 0.000000 0.000000 -nan 0.000000
490 202 0 166 30231 30231 641195712 641195712 1011443226.314508 411116958.858759 0.000000 33457.154124 411116958.858759
491 203 -1 -1 0 0 0 0 0.000000 0.000000 0.000000 -nan 0.000000
492 204 -1 -1 0 0 0 0 0.000000 0.000000 0.000000 -nan 0.000000
493 205 0 144 24777 24777 532939872 532939872 1067840211.425169 411107689.190403 0.000000 43098.043001 411107689.190403
494 206 -1 -1 0 0 0 0 0.000000 0.000000 0.000000 -nan 0.000000
495 207 -1 -1 0 0 0 0 0.000000 0.000000 0.000000 -nan 0.000000
496 208 -1 -1 0 0 0 0 0.000000 0.000000 0.000000 -nan 0.000000
497 209 -1 -1 0 0 0 0 0.000000 0.000000 0.000000 -nan 0.000000
545 210 -1 -1 0 0 0 0 0.000000 0.000000 0.000000 -nan 0.000000
546 211 0 12 12135 12135 532838736 532838736 874834189.271112 411111214.604047 0.000000 72091.816174 411111214.604047
547 212 -1 -1 0 0 0 0 0.000000 0.000000 0.000000 -nan 0.000000
548 213 -1 -1 0 0 0 0 0.000000 0.000000 0.000000 -nan 0.000000
549 214 -1 -1 0 0 0 0 0.000000 0.000000 0.000000 -nan 0.000000
550 215 -1 -1 0 0 0 0 0.000000 0.000000 0.000000 -nan 0.000000
551 216 0 177 24777 24777 532939872 532939872 839786278.066174 411107688.069325 0.000000 33893.783673 411107688.069325
552 217 -1 -1 0 0 0 0 0.000000 0.000000 0.000000 -nan 0.000000
553 218 0 103 30231 30231 641195712 641195712 1036074899.185383 411113562.786348 0.000000 34271.936065 411113562.786348
554 219 0 289 21141 21141 425391840 425391840 553286937.930296 411117125.397615 0.000000 26171.275622 411117125.397615
555 220 -1 -1 0 0 0 0 0.000000 0.000000 0.000000 -nan 0.000000
556 221 -1 -1 0 0 0 0 0.000000 0.000000 0.000000 -nan 0.000000
557 222 0 69 26583 26583 532954320 532954320 819337692.617602 411112702.532276 0.000000 30821.867081 411112702.532276
558 223 0 201 30231 30231 641195712 641195712 1087089532.308286 411113154.203826 0.000000 35959.430132 411113154.203826
559 224 -1 -1 0 0 0 0 0.000000 0.000000 0.000000 -nan 0.000000
560 225 -1 -1 0 0 0 0 0.000000 0.000000 0.000000 -nan 0.000000
561 226 -1 -1 0 0 0 0 0.000000 0.000000 0.000000 -nan 0.000000
562 227 -1 -1 0 0 0 0 0.000000 0.000000 0.000000 -nan 0.000000
563 228 0 185 24777 24777 532939872 532939872 888268720.824903 411110006.495560 0.000000 35850.535611 411110006.495560
564 229 -1 -1 0 0 0 0 0.000000 0.000000 0.000000 -nan 0.000000
565 230 -1 -1 0 0 0 0 0.000000 0.000000 0.000000 -nan 0.000000
566 231 -1 -1 0 0 0 0 0.000000 0.000000 0.000000 -nan 0.000000
567 232 -1 -1 0 0 0 0 0.000000 0.000000 0.000000 -nan 0.000000
568 233 0 233 30231 30231 641195712 641195712 1224691165.535547 411116300.370664 0.000000 40511.103355 411116300.370664
569 234 0 97 30231 30231 641195712 641195712 1043889055.491605 411110832.776301 0.000000 34530.417634 411110832.776301
570 235 0 75 26583 26583 532954320 532954320 828018662.233615 411110386.688989 0.000000 31148.428027 411110386.688989
571 236 -1 -1 0 0 0 0 0.000000 0.000000 0.000000 -nan 0.000000
572 237 -1 -1 0 0 0 0 0.000000 0.000000 0.000000 -nan 0.000000
573 238 -1 -1 0 0 0 0 0.000000 0.000000 0.000000 -nan 0.000000
574 239 -1 -1 0 0 0 0 0.000000 0.000000 0.000000 -nan 0.000000
622 240 0 0 6075 6075 318445632 318445632 382314538.135961 411109560.306114 0.000000 62932.434261 411109560.306114
623 241 -1 -1 0 0 0 0 0.000000 0.000000 0.000000 -nan 0.000000
624 242 0 181 24777 24777 532939872 532939872 806995212.415821 411113153.163270 0.000000 32570.335893 411113153.163270
625 243 -1 -1 0 0 0 0 0.000000 0.000000 0.000000 -nan 0.000000
626 244 -1 -1 0 0 0 0 0.000000 0.000000 0.000000 -nan 0.000000
627 245 -1 -1 0 0 0 0 0.000000 0.000000 0.000000 -nan 0.000000
628 246 -1 -1 0 0 0 0 0.000000 0.000000 0.000000 -nan 0.000000
629 247 -1 -1 0 0 0 0 0.000000 0.000000 0.000000 -nan 0.000000
630 248 0 135 24777 24777 532939872 532939872 804282803.339984 411114391.445339 0.000000 32460.863032 411114391.445339
631 249 -1 -1 0 0 0 0 0.000000 0.000000 0.000000 -nan 0.000000
632 250 -1 -1 0 0 0 0 0.000000 0.000000 0.000000 -nan 0.000000
633 251 -1 -1 0 0 0 0 0.000000 0.000000 0.000000 -nan 0.000000
634 252 0 239 21141 21141 425391840 425391840 616082135.277102 411114642.575844 0.000000 29141.579645 411114642.575844
635 253 -1 -1 0 0 0 0 0.000000 0.000000 0.000000 -nan 0.000000
636 254 -1 -1 0 0 0 0 0.000000 0.000000 0.000000 -nan 0.000000
637 255 -1 -1 0 0 0 0 0.000000 0.000000 0.000000 -nan 0.000000
638 256 0 183 24777 24777 532939872 532939872 776442044.323174 411114557.389871 0.000000 31337.209683 411114557.389871
639 257 -1 -1 0 0 0 0 0.000000 0.000000 0.000000 -nan 0.000000
640 258 -1 -1 0 0 0 0 0.000000 0.000000 0.000000 -nan 0.000000
641 259 -1 -1 0 0 0 0 0.000000 0.000000 0.000000 -nan 0.000000
642 260 -1 -1 0 0 0 0 0.000000 0.000000 0.000000 -nan 0.000000
643 261 0 247 30231 30231 641195712 641195712 953130140.848138 411117703.750889 0.000000 31528.237268 411117703.750889
644 262 -1 -1 0 0 0 0 0.000000 0.000000 0.000000 -nan 0.000000
645 263 -1 -1 0 0 0 0 0.000000 0.000000 0.000000 -nan 0.000000
646 264 0 298 21141 21141 425391840 425391840 697446021.178120 411119442.263398 0.000000 32990.209601 411119442.263398
647 265 0 230 24777 24777 532939872 532939872 880134892.339289 411117786.704652 0.000000 35522.254201 411117786.704652
648 266 -1 -1 0 0 0 0 0.000000 0.000000 0.000000 -nan 0.000000
649 267 0 42 17589 17589 641094576 641094576 1051118824.525118 411114359.566551 0.000000 59760.010491 411114359.566551
650 268 -1 -1 0 0 0 0 0.000000 0.000000 0.000000 -nan 0.000000
651 269 0 156 30231 30231 641195712 641195712 951466968.936017 411112325.956667 0.000000 31473.221823 411112325.956667
699 270 -1 -1 0 0 0 0 0.000000 0.000000 0.000000 -nan 0.000000
700 271 -1 -1 0 0 0 0 0.000000 0.000000 0.000000 -nan 0.000000
701 272 -1 -1 0 0 0 0 0.000000 0.000000 0.000000 -nan 0.000000
702 273 -1 -1 0 0 0 0 0.000000 0.000000 0.000000 -nan 0.000000
703 274 -1 -1 0 0 0 0 0.000000 0.000000 0.000000 -nan 0.000000
704 275 0 131 30231 30231 641195712 641195712 1195933030.360209 411111493.782022 0.000000 39559.823703 411111493.782022
705 276 0 118 24777 24777 532939872 532939872 931260739.918594 411112322.848656 0.000000 37585.693987 411112322.848656
706 277 0 253 30231 30231 641195712 641195712 1061978128.864764 411114556.490206 0.000000 35128.779361 411114556.490206
707 278 -1 -1 0 0 0 0 0.000000 0.000000 0.000000 -nan 0.000000
708 279 -1 -1 0 0 0 0 0.000000 0.000000 0.000000 -nan 0.000000
709 280 -1 -1 0 0 0 0 0.000000 0.000000 0.000000 -nan 0.000000
710 281 -1 -1 0 0 0 0 0.000000 0.000000 0.000000 -nan 0.000000
711 282 0 41 32037 32037 641210160 641210160 1219571926.013173 411107240.221135 0.000000 38067.607017 411107240.221135
712 283 -1 -1 0 0 0 0 0.000000 0.000000 0.000000 -nan 0.000000
713 284 0 190 24777 24777 532939872 532939872 1012966381.654447 411110667.048796 0.000000 40883.334611 411110667.048796
714 285 -1 -1 0 0 0 0 0.000000 0.000000 0.000000 -nan 0.000000
715 286 -1 -1 0 0 0 0 0.000000 0.000000 0.000000 -nan 0.000000
716 287 -1 -1 0 0 0 0 0.000000 0.000000 0.000000 -nan 0.000000
717 288 -1 -1 0 0 0 0 0.000000 0.000000 0.000000 -nan 0.000000
718 289 -1 -1 0 0 0 0 0.000000 0.000000 0.000000 -nan 0.000000
719 290 0 212 24777 24777 532939872 532939872 820374964.290705 411111496.629649 0.000000 33110.342830 411111496.629649
720 291 -1 -1 0 0 0 0 0.000000 0.000000 0.000000 -nan 0.000000
721 292 -1 -1 0 0 0 0 0.000000 0.000000 0.000000 -nan 0.000000
722 293 -1 -1 0 0 0 0 0.000000 0.000000 0.000000 -nan 0.000000
723 294 -1 -1 0 0 0 0 0.000000 0.000000 0.000000 -nan 0.000000
724 295 0 218 30231 30231 641195712 641195712 1122731142.886018 411112324.011768 0.000000 37138.405706 411112324.011768
725 296 -1 -1 0 0 0 0 0.000000 0.000000 0.000000 -nan 0.000000
726 297 0 108 30231 30231 641195712 641195712 1219134019.790133 411106862.013856 0.000000 40327.280599 411106862.013856
727 298 0 208 24777 24777 532939872 532939872 806188358.261049 411107688.747702 0.000000 32537.771250 411107688.747702
728 299 -1 -1 0 0 0 0 0.000000 0.000000 0.000000 -nan 0.000000
776 300 0 168 30231 30231 641195712 641195712 1046659279.329449 411111496.469653 0.000000 34622.052837 411111496.469653
777 301 -1 -1 0 0 0 0 0.000000 0.000000 0.000000 -nan 0.000000
778 302 -1 -1 0 0 0 0 0.000000 0.000000 0.000000 -nan 0.000000
779 303 -1 -1 0 0 0 0 0.000000 0.000000 0.000000 -nan 0.000000
780 304 -1 -1 0 0 0 0 0.000000 0.000000 0.000000 -nan 0.000000
781 305 -1 -1 0 0 0 0 0.000000 0.000000 0.000000 -nan 0.000000
782 306 -1 -1 0 0 0 0 0.000000 0.000000 0.000000 -nan 0.000000
783 307 0 244 21141 21141 425391840 425391840 610362961.412291 411112325.350433 0.000000 28871.054416 411112325.350433
784 308 0 10 8499 8499 425290704 425290704 632259148.621385 411111215.452549 0.000000 74392.181271 411111215.452549
785 309 -1 -1 0 0 0 0 0.000000 0.000000 0.000000 -nan 0.000000
786 310 0 207 24777 24777 532939872 532939872 880357635.603822 411113814.180466 0.000000 35531.244122 411113814.180466
787 311 -1 -1 0 0 0 0 0.000000 0.000000 0.000000 -nan 0.000000
788 312 -1 -1 0 0 0 0 0.000000 0.000000 0.000000 -nan 0.000000
789 313 0 243 24777 24777 532939872 532939872 1022823105.924380 411113150.249029 0.000000 41281.152114 411113150.249029
790 314 0 43 32037 32037 641210160 641210160 1399701847.329662 411111212.909947 0.000000 43690.165975 411111212.909947
791 315 0 92 24777 24777 532939872 532939872 988697479.933559 411109178.624767 0.000000 39903.841463 411109178.624767
792 316 0 176 24777 24777 532939872 532939872 867135447.572089 411103714.712982 0.000000 34997.596463 411103714.712982
793 317 0 138 30231 30231 641195712 641195712 1152449560.224254 411113150.159866 0.000000 38121.450174 411113150.159866
794 318 -1 -1 0 0 0 0 0.000000 0.000000 0.000000 -nan 0.000000
795 319 -1 -1 0 0 0 0 0.000000 0.000000 0.000000 -nan 0.000000
796 320 -1 -1 0 0 0 0 0.000000 0.000000 0.000000 -nan 0.000000
797 321 -1 -1 0 0 0 0 0.000000 0.000000 0.000000 -nan 0.000000
798 322 -1 -1 0 0 0 0 0.000000 0.000000 0.000000 -nan 0.000000
799 323 0 165 24777 24777 532939872 532939872 788360633.516345 411119445.082668 0.000000 31818.244078 411119445.082668
800 324 -1 -1 0 0 0 0 0.000000 0.000000 0.000000 -nan 0.000000
801 325 0 121 24777 24777 532939872 532939872 799011050.319058 411110006.315337 0.000000 32248.095020 411110006.315337
802 326 -1 -1 0 0 0 0 0.000000 0.000000 0.000000 -nan 0.000000
803 327 -1 -1 0 0 0 0 0.000000 0.000000 0.000000 -nan 0.000000
804 328 -1 -1 0 0 0 0 0.000000 0.000000 0.000000 -nan 0.000000
805 329 -1 -1 0 0 0 0 0.000000 0.000000 0.000000 -nan 0.000000
853 330 0 80 12135 12135 532838736 532838736 894013695.964288 411115851.877733 0.000000 73672.327644 411115851.877733
854 331 -1 -1 0 0 0 0 0.000000 0.000000 0.000000 -nan 0.000000
855 332 -1 -1 0 0 0 0 0.000000 0.000000 0.000000 -nan 0.000000
856 333 0 194 24777 24777 532939872 532939872 860422193.063292 411110004.185158 0.000000 34726.649435 411110004.185158
857 334 0 261 30231 30231 641195712 641195712 1841422513.999970 411117704.218529 0.000000 60911.730145 411117704.218529
858 335 0 275 21141 21141 425391840 425391840 1092851146.955739 411114643.210004 0.000000 51693.446240 411114643.210004
859 336 0 219 24777 24777 532939872 532939872 1143766264.038666 411112902.256686 0.000000 46162.419342 411112902.256686
860 337 0 112 30231 30231 641195712 641195712 1305139164.026765 411104543.316309 0.000000 43172.212763 411104543.316309
861 338 0 7 26583 26583 532954320 532954320 865489937.380256 411112704.363040 0.000000 32558.023450 411112704.363040
862 339 -1 -1 0 0 0 0 0.000000 0.000000 0.000000 -nan 0.000000
863 340 0 134 24777 24777 532939872 532939872 754725797.634759 411115468.266340 0.000000 30460.741722 411115468.266340
864 341 -1 -1 0 0 0 0 0.000000 0.000000 0.000000 -nan 0.000000
865 342 -1 -1 0 0 0 0 0.000000 0.000000 0.000000 -nan 0.000000
866 343 0 123 24777 24777 532939872 532939872 1259903297.200511 411111494.823617 0.000000 50849.711313 411111494.823617
867 344 -1 -1 0 0 0 0 0.000000 0.000000 0.000000 -nan 0.000000
868 345 -1 -1 0 0 0 0 0.000000 0.000000 0.000000 -nan 0.000000
869 346 0 292 24777 24777 532939872 532939872 1071135231.458345 411116960.300501 0.000000 43231.030046 411116960.300501
870 347 -1 -1 0 0 0 0 0.000000 0.000000 0.000000 -nan 0.000000
871 348 -1 -1 0 0 0 0 0.000000 0.000000 0.000000 -nan 0.000000
872 349 -1 -1 0 0 0 0 0.000000 0.000000 0.000000 -nan 0.000000
873 350 -1 -1 0 0 0 0 0.000000 0.000000 0.000000 -nan 0.000000
874 351 0 133 30231 30231 641195712 641195712 1048910109.063138 411116298.829129 0.000000 34696.507197 411116298.829129
875 352 -1 -1 0 0 0 0 0.000000 0.000000 0.000000 -nan 0.000000
876 353 0 109 24777 24777 532939872 532939872 970974460.640410 411110006.173767 0.000000 39188.540204 411110006.173767
877 354 0 4 6075 6075 318445632 318445632 332665668.432994 411113531.962293 0.000000 54759.780812 411113531.962293
878 355 -1 -1 0 0 0 0 0.000000 0.000000 0.000000 -nan 0.000000
879 356 0 203 30231 30231 641195712 641195712 1238091011.484236 411115468.976971 0.000000 40954.351873 411115468.976971
880 357 -1 -1 0 0 0 0 0.000000 0.000000 0.000000 -nan 0.000000
881 358 -1 -1 0 0 0 0 0.000000 0.000000 0.000000 -nan 0.000000
882 359 -1 -1 0 0 0 0 0.000000 0.000000 0.000000 -nan 0.000000
930 360 0 152 24777 24777 532939872 532939872 1180302568.906996 411109177.417004 0.000000 47637.025019 411109177.417004
931 361 0 284 21141 21141 425391840 425391840 1040082095.321409 411115472.538933 0.000000 49197.393469 411115472.538933
932 362 -1 -1 0 0 0 0 0.000000 0.000000 0.000000 -nan 0.000000
933 363 0 155 24777 24777 532939872 532939872 753274061.056048 411112902.709109 0.000000 30402.149617 411112902.709109
934 364 -1 -1 0 0 0 0 0.000000 0.000000 0.000000 -nan 0.000000
935 365 -1 -1 0 0 0 0 0.000000 0.000000 0.000000 -nan 0.000000
936 366 0 167 30231 30231 641195712 641195712 982968099.296501 411116708.730222 0.000000 32515.235993 411116708.730222
937 367 -1 -1 0 0 0 0 0.000000 0.000000 0.000000 -nan 0.000000
938 368 0 223 30231 30231 641195712 641195712 1361848820.081220 411116874.132984 0.000000 45048.090373 411116874.132984
939 369 0 36 17589 17589 641094576 641094576 925286461.663105 411114195.000150 0.000000 52605.973146 411114195.000150
940 370 -1 -1 0 0 0 0 0.000000 0.000000 0.000000 -nan 0.000000
941 371 -1 -1 0 0 0 0 0.000000 0.000000 0.000000 -nan 0.000000
942 372 -1 -1 0 0 0 0 0.000000 0.000000 0.000000 -nan 0.000000
943 373 -1 -1 0 0 0 0 0.000000 0.000000 0.000000 -nan 0.000000
944 374 -1 -1 0 0 0 0 0.000000 0.000000 0.000000 -nan 0.000000
945 375 0 254 24777 24777 532939872 532939872 742516526.361586 411114641.307112 0.000000 29967.975395 411114641.307112
946 376 -1 -1 0 0 0 0 0.000000 0.000000 0.000000 -nan 0.000000
947 377 -1 -1 0 0 0 0 0.000000 0.000000 0.000000 -nan 0.000000
948 378 -1 -1 0 0 0 0 0.000000 0.000000 0.000000 -nan 0.000000
949 379 -1 -1 0 0 0 0 0.000000 0.000000 0.000000 -nan 0.000000
950 380 -1 -1 0 0 0 0 0.000000 0.000000 0.000000 -nan 0.000000
951 381 -1 -1 0 0 0 0 0.000000 0.000000 0.000000 -nan 0.000000
952 382 -1 -1 0 0 0 0 0.000000 0.000000 0.000000 -nan 0.000000
953 383 -1 -1 0 0 0 0 0.000000 0.000000 0.000000 -nan 0.000000
954 384 0 179 21141 21141 425391840 425391840 643369862.580753 411110003.685989 0.000000 30432.328773 411110003.685989
955 385 0 235 21141 21141 425391840 425391840 758210791.005908 411116131.220053 0.000000 35864.471454 411116131.220053
956 386 -1 -1 0 0 0 0 0.000000 0.000000 0.000000 -nan 0.000000
957 387 -1 -1 0 0 0 0 0.000000 0.000000 0.000000 -nan 0.000000
958 388 -1 -1 0 0 0 0 0.000000 0.000000 0.000000 -nan 0.000000
959 389 -1 -1 0 0 0 0 0.000000 0.000000 0.000000 -nan 0.000000
1007 390 -1 -1 0 0 0 0 0.000000 0.000000 0.000000 -nan 0.000000
1008 391 -1 -1 0 0 0 0 0.000000 0.000000 0.000000 -nan 0.000000
1009 392 0 65 26583 26583 532954320 532954320 746718324.903679 411109559.905665 0.000000 28090.069778 411109559.905665
1010 393 -1 -1 0 0 0 0 0.000000 0.000000 0.000000 -nan 0.000000
1011 394 -1 -1 0 0 0 0 0.000000 0.000000 0.000000 -nan 0.000000
1012 395 0 277 24777 24777 532939872 532939872 837891790.538212 411117790.253418 0.000000 33817.322135 411117790.253418
1013 396 -1 -1 0 0 0 0 0.000000 0.000000 0.000000 -nan 0.000000
1014 397 0 23 26583 26583 532954320 532954320 936205001.248839 411114937.902413 0.000000 35218.184601 411114937.902413
1015 398 -1 -1 0 0 0 0 0.000000 0.000000 0.000000 -nan 0.000000
1016 399 -1 -1 0 0 0 0 0.000000 0.000000 0.000000 -nan 0.000000
1017 400 -1 -1 0 0 0 0 0.000000 0.000000 0.000000 -nan 0.000000
1018 401 -1 -1 0 0 0 0 0.000000 0.000000 0.000000 -nan 0.000000
1019 402 -1 -1 0 0 0 0 0.000000 0.000000 0.000000 -nan 0.000000
1020 403 0 59 22947 22947 425406288 425406288 643133628.381578 411113534.575048 0.000000 28026.915430 411113534.575048
1021 404 -1 -1 0 0 0 0 0.000000 0.000000 0.000000 -nan 0.000000
1022 405 0 60 8499 8499 425290704 425290704 680339862.380947 411116676.878849 0.000000 80049.401386 411116676.878849
1023 406 -1 -1 0 0 0 0 0.000000 0.000000 0.000000 -nan 0.000000
1024 407 0 62 12135 12135 532838736 532838736 852926453.415204 411118996.631805 0.000000 70286.481534 411118996.631805
1025 408 0 84 12135 12135 532838736 532838736 753224923.028728 411118168.776764 0.000000 62070.451012 411118168.776764
1026 409 -1 -1 0 0 0 0 0.000000 0.000000 0.000000 -nan 0.000000
1027 410 -1 -1 0 0 0 0 0.000000 0.000000 0.000000 -nan 0.000000
1028 411 -1 -1 0 0 0 0 0.000000 0.000000 0.000000 -nan 0.000000
1029 412 0 34 8499 8499 425290704 425290704 547180850.325760 411117507.411134 0.000000 64381.792014 411117507.411134
1030 413 -1 -1 0 0 0 0 0.000000 0.000000 0.000000 -nan 0.000000
1031 414 -1 -1 0 0 0 0 0.000000 0.000000 0.000000 -nan 0.000000
1032 415 0 288 24777 24777 532939872 532939872 968223191.611552 411113151.909785 0.000000 39077.498955 411113151.909785
1033 416 -1 -1 0 0 0 0 0.000000 0.000000 0.000000 -nan 0.000000
1034 417 -1 -1 0 0 0 0 0.000000 0.000000 0.000000 -nan 0.000000
1035 418 -1 -1 0 0 0 0 0.000000 0.000000 0.000000 -nan 0.000000
1036 419 -1 -1 0 0 0 0 0.000000 0.000000 0.000000 -nan 0.000000
1084 420 -1 -1 0 0 0 0 0.000000 0.000000 0.000000 -nan 0.000000
1085 421 -1 -1 0 0 0 0 0.000000 0.000000 0.000000 -nan 0.000000
1086 422 -1 -1 0 0 0 0 0.000000 0.000000 0.000000 -nan 0.000000
1087 423 -1 -1 0 0 0 0 0.000000 0.000000 0.000000 -nan 0.000000
1088 424 0 47 32037 32037 641210160 641210160 1136730778.722641 411112702.467532 0.000000 35481.810991 411112702.467532
1089 425 -1 -1 0 0 0 0 0.000000 0.000000 0.000000 -nan 0.000000
1090 426 -1 -1 0 0 0 0 0.000000 0.000000 0.000000 -nan 0.000000
1091 427 0 140 24777 24777 532939872 532939872 1050988776.198421 411108350.791262 0.000000 42417.918884 411108350.791262
1092 428 0 115 21141 21141 425391840 425391840 706834101.153078 411110004.232888 0.000000 33434.279417 411110004.232888
1093 429 -1 -1 0 0 0 0 0.000000 0.000000 0.000000 -nan 0.000000
1094 430 -1 -1 0 0 0 0 0.000000 0.000000 0.000000 -nan 0.000000
1095 431 0 269 21141 21141 425391840 425391840 651734791.847424 411117125.984072 0.000000 30828.002074 411117125.984072
1096 432 -1 -1 0 0 0 0 0.000000 0.000000 0.000000 -nan 0.000000
1097 433 -1 -1 0 0 0 0 0.000000 0.000000 0.000000 -nan 0.000000
1098 434 0 25 20523 20523 318561216 318561216 494406728.211107 411107239.971520 0.000000 24090.373153 411107239.971520
1099 435 -1 -1 0 0 0 0 0.000000 0.000000 0.000000 -nan 0.000000
1100 436 0 221 30231 30231 641195712 641195712 1444573531.670262 411117125.948406 0.000000 47784.510326 411117125.948406
1101 437 0 184 21141 21141 425391840 425391840 609295825.868520 411105118.384387 0.000000 28820.577355 411105118.384387
1102 438 -1 -1 0 0 0 0 0.000000 0.000000 0.000000 -nan 0.000000
1103 439 -1 -1 0 0 0 0 0.000000 0.000000 0.000000 -nan 0.000000
1104 440 0 63 26583 26583 532954320 532954320 908415642.857565 411115849.997287 0.000000 34172.803779 411115849.997287
1105 441 -1 -1 0 0 0 0 0.000000 0.000000 0.000000 -nan 0.000000
1106 442 -1 -1 0 0 0 0 0.000000 0.000000 0.000000 -nan 0.000000
1107 443 -1 -1 0 0 0 0 0.000000 0.000000 0.000000 -nan 0.000000
1108 444 0 281 24777 24777 532939872 532939872 896021110.474431 411116299.111191 0.000000 36163.422145 411116299.111191
1109 445 -1 -1 0 0 0 0 0.000000 0.000000 0.000000 -nan 0.000000
1110 446 -1 -1 0 0 0 0 0.000000 0.000000 0.000000 -nan 0.000000
1111 447 0 282 24777 24777 532939872 532939872 1074910420.830855 411116298.010807 0.000000 43383.396732 411116298.010807
1112 448 -1 -1 0 0 0 0 0.000000 0.000000 0.000000 -nan 0.000000
1113 449 -1 -1 0 0 0 0 0.000000 0.000000 0.000000 -nan 0.000000
1161 450 -1 -1 0 0 0 0 0.000000 0.000000 0.000000 -nan 0.000000
1162 451 -1 -1 0 0 0 0 0.000000 0.000000 0.000000 -nan 0.000000
1163 452 -1 -1 0 0 0 0 0.000000 0.000000 0.000000 -nan 0.000000
1164 453 -1 -1 0 0 0 0 0.000000 0.000000 0.000000 -nan 0.000000
1165 454 -1 -1 0 0 0 0 0.000000 0.000000 0.000000 -nan 0.000000
1166 455 0 88 24777 24777 532939872 532939872 1170312925.519404 411106858.699283 0.000000 47233.842899 411106858.699283
1167 456 -1 -1 0 0 0 0 0.000000 0.000000 0.000000 -nan 0.000000
1168 457 0 86 12135 12135 532838736 532838736 1051216571.080666 411121231.259095 0.000000 86626.829096 411121231.259095
1169 458 -1 -1 0 0 0 0 0.000000 0.000000 0.000000 -nan 0.000000
1170 459 0 35 26583 26583 532954320 532954320 1007528294.862633 411114359.871828 0.000000 37901.226154 411114359.871828
1171 460 -1 -1 0 0 0 0 0.000000 0.000000 0.000000 -nan 0.000000
1172 461 -1 -1 0 0 0 0 0.000000 0.000000 0.000000 -nan 0.000000
1173 462 0 126 30231 30231 641195712 641195712 1035282357.978359 411111494.942375 0.000000 34245.719889 411111494.942375
1174 463 -1 -1 0 0 0 0 0.000000 0.000000 0.000000 -nan 0.000000
1175 464 -1 -1 0 0 0 0 0.000000 0.000000 0.000000 -nan 0.000000
1176 465 -1 -1 0 0 0 0 0.000000 0.000000 0.000000 -nan 0.000000
1177 466 -1 -1 0 0 0 0 0.000000 0.000000 0.000000 -nan 0.000000
1178 467 0 251 30231 30231 641195712 641195712 1068428886.228905 411114641.097657 0.000000 35342.161564 411114641.097657
1179 468 -1 -1 0 0 0 0 0.000000 0.000000 0.000000 -nan 0.000000
1180 469 -1 -1 0 0 0 0 0.000000 0.000000 0.000000 -nan 0.000000
1181 470 0 125 24777 24777 532939872 532939872 841670585.735926 411112237.984221 0.000000 33969.834352 411112237.984221
1182 471 -1 -1 0 0 0 0 0.000000 0.000000 0.000000 -nan 0.000000
1183 472 0 48 17589 17589 641094576 641094576 908674966.190243 411115024.433841 0.000000 51661.547910 411115024.433841
1184 473 -1 -1 0 0 0 0 0.000000 0.000000 0.000000 -nan 0.000000
1185 474 -1 -1 0 0 0 0 0.000000 0.000000 0.000000 -nan 0.000000
1186 475 -1 -1 0 0 0 0 0.000000 0.000000 0.000000 -nan 0.000000
1187 476 0 279 21141 21141 425391840 425391840 706621324.564654 411120849.827479 0.000000 33424.214775 411120849.827479
1188 477 0 89 21141 21141 425391840 425391840 619050518.250420 411110007.068733 0.000000 29281.988470 411110007.068733
1189 478 -1 -1 0 0 0 0 0.000000 0.000000 0.000000 -nan 0.000000
1190 479 -1 -1 0 0 0 0 0.000000 0.000000 0.000000 -nan 0.000000
1238 480 0 136 30231 30231 641195712 641195712 1253275619.405421 411109177.739510 0.000000 41456.637869 411109177.739510
1239 481 0 202 30231 30231 641195712 641195712 1280373634.901001 411112321.959503 0.000000 42353.003040 411112321.959503
1240 482 -1 -1 0 0 0 0 0.000000 0.000000 0.000000 -nan 0.000000
1241 483 0 216 30231 30231 641195712 641195712 953703708.644513 411110005.410911 0.000000 31547.210104 411110005.410911
1242 484 -1 -1 0 0 0 0 0.000000 0.000000 0.000000 -nan 0.000000
1243 485 0 124 21141 21141 425391840 425391840 669495014.868912 411109178.772475 0.000000 31668.086414 411109178.772475
1244 486 -1 -1 0 0 0 0 0.000000 0.000000 0.000000 -nan 0.000000
1245 487 -1 -1 0 0 0 0 0.000000 0.000000 0.000000 -nan 0.000000
1246 488 -1 -1 0 0 0 0 0.000000 0.000000 0.000000 -nan 0.000000
1247 489 -1 -1 0 0 0 0 0.000000 0.000000 0.000000 -nan 0.000000
1248 490 -1 -1 0 0 0 0 0.000000 0.000000 0.000000 -nan 0.000000
1249 491 -1 -1 0 0 0 0 0.000000 0.000000 0.000000 -nan 0.000000
1250 492 0 173 30231 30231 641195712 641195712 1090083070.541502 411110833.862830 0.000000 36058.452269 411110833.862830
1251 493 -1 -1 0 0 0 0 0.000000 0.000000 0.000000 -nan 0.000000
1252 494 -1 -1 0 0 0 0 0.000000 0.000000 0.000000 -nan 0.000000
1253 495 -1 -1 0 0 0 0 0.000000 0.000000 0.000000 -nan 0.000000
1254 496 -1 -1 0 0 0 0 0.000000 0.000000 0.000000 -nan 0.000000
1255 497 -1 -1 0 0 0 0 0.000000 0.000000 0.000000 -nan 0.000000
1256 498 -1 -1 0 0 0 0 0.000000 0.000000 0.000000 -nan 0.000000
1257 499 0 200 24777 24777 532939872 532939872 780032575.278230 411109177.829415 0.000000 31482.123553 411109177.829415
1258 500 -1 -1 0 0 0 0 0.000000 0.000000 0.000000 -nan 0.000000
1259 501 -1 -1 0 0 0 0 0.000000 0.000000 0.000000 -nan 0.000000
1260 502 -1 -1 0 0 0 0 0.000000 0.000000 0.000000 -nan 0.000000
1261 503 -1 -1 0 0 0 0 0.000000 0.000000 0.000000 -nan 0.000000
1262 504 -1 -1 0 0 0 0 0.000000 0.000000 0.000000 -nan 0.000000
1263 505 -1 -1 0 0 0 0 0.000000 0.000000 0.000000 -nan 0.000000
1264 506 -1 -1 0 0 0 0 0.000000 0.000000 0.000000 -nan 0.000000
1265 507 -1 -1 0 0 0 0 0.000000 0.000000 0.000000 -nan 0.000000
1266 508 -1 -1 0 0 0 0 0.000000 0.000000 0.000000 -nan 0.000000
1267 509 -1 -1 0 0 0 0 0.000000 0.000000 0.000000 -nan 0.000000
1315 510 0 14 8499 8499 425290704 425290704 532356864.422169 411112702.808220 0.000000 62637.588472 411112702.808220
1316 511 -1 -1 0 0 0 0 0.000000 0.000000 0.000000 -nan 0.000000
1317 512 -1 -1 0 0 0 0 0.000000 0.000000 0.000000 -nan 0.000000
1318 513 -1 -1 0 0 0 0 0.000000 0.000000 0.000000 -nan 0.000000
1319 514 0 40 12135 12135 532838736 532838736 778991312.027152 411110386.964030 0.000000 64193.762837 411110386.964030
1320 515 -1 -1 0 0 0 0 0.000000 0.000000 0.000000 -nan 0.000000
1321 516 0 145 21141 21141 425391840 425391840 751216654.758406 411110005.954579 0.000000 35533.638653 411110005.954579
1322 517 -1 -1 0 0 0 0 0.000000 0.000000 0.000000 -nan 0.000000
1323 518 -1 -1 0 0 0 0 0.000000 0.000000 0.000000 -nan 0.000000
1324 519 -1 -1 0 0 0 0 0.000000 0.000000 0.000000 -nan 0.000000
1325 520 0 8 12135 12135 532838736 532838736 860873909.835822 411106414.335855 0.000000 70941.401717 411106414.335855
1326 521 0 105 24777 24777 532939872 532939872 842137531.331035 411113153.867966 0.000000 33988.680281 411113153.867966
1327 522 -1 -1 0 0 0 0 0.000000 0.000000 0.000000 -nan 0.000000
1328 523 0 259 24777 24777 532939872 532939872 991366451.598717 411113812.017632 0.000000 40011.561190 411113812.017632
1329 524 -1 -1 0 0 0 0 0.000000 0.000000 0.000000 -nan 0.000000
1330 525 0 27 22947 22947 425406288 425406288 733397790.832179 411110386.574614 0.000000 31960.508599 411110386.574614
1331 526 0 87 26583 26583 532954320 532954320 1139496083.191054 411118084.435589 0.000000 42865.593921 411118084.435589
1332 527 0 20 8499 8499 425290704 425290704 680010998.743440 411114194.180741 0.000000 80010.706994 411114194.180741
1333 528 0 30 8499 8499 425290704 425290704 709019657.255301 411115022.390005 0.000000 83423.891900 411115022.390005
1334 529 -1 -1 0 0 0 0 0.000000 0.000000 0.000000 -nan 0.000000
1335 530 0 79 26583 26583 532954320 532954320 864165622.704872 411112705.829311 0.000000 32508.205346 411112705.829311
1336 531 0 1 22947 22947 425406288 425406288 723319393.414834 411107241.867488 0.000000 31521.305330 411107241.867488
1337 532 -1 -1 0 0 0 0 0.000000 0.000000 0.000000 -nan 0.000000
1338 533 -1 -1 0 0 0 0 0.000000 0.000000 0.000000 -nan 0.000000
1339 534 0 85 22947 22947 425406288 425406288 710563839.171310 411115021.797662 0.000000 30965.435097 411115021.797662
1340 535 0 94 21141 21141 425391840 425391840 609847594.763778 411111494.268882 0.000000 28846.676825 411111494.268882
1341 536 -1 -1 0 0 0 0 0.000000 0.000000 0.000000 -nan 0.000000
1342 537 -1 -1 0 0 0 0 0.000000 0.000000 0.000000 -nan 0.000000
1343 538 0 204 24777 24777 532939872 532939872 906753567.913559 411107523.369240 0.000000 36596.584248 411107523.369240
1344 539 -1 -1 0 0 0 0 0.000000 0.000000 0.000000 -nan 0.000000
1392 540 0 163 30231 30231 641195712 641195712 948459577.827783 411114554.817927 0.000000 31373.741452 411114554.817927
1393 541 -1 -1 0 0 0 0 0.000000 0.000000 0.000000 -nan 0.000000
1394 542 -1 -1 0 0 0 0 0.000000 0.000000 0.000000 -nan 0.000000
1395 543 -1 -1 0 0 0 0 0.000000 0.000000 0.000000 -nan 0.000000
1396 544 0 83 32037 32037 641210160 641210160 1265931501.669204 411115851.523988 0.000000 39514.670589 411115851.523988
1397 545 0 56 12135 12135 532838736 532838736 1029183106.887638 411112705.439755 0.000000 84811.133654 411112705.439755
1398 546 0 15 22947 22947 425406288 425406288 936308582.538347 411110383.622478 0.000000 40803.093325 411110383.622478
1399 547 -1 -1 0 0 0 0 0.000000 0.000000 0.000000 -nan 0.000000
1400 548 -1 -1 0 0 0 0 0.000000 0.000000 0.000000 -nan 0.000000
1401 549 0 271 21141 21141 425391840 425391840 864839438.358804 411116960.417774 0.000000 40908.161315 411116960.417774
1402 550 -1 -1 0 0 0 0 0.000000 0.000000 0.000000 -nan 0.000000
1403 551 -1 -1 0 0 0 0 0.000000 0.000000 0.000000 -nan 0.000000
1404 552 -1 -1 0 0 0 0 0.000000 0.000000 0.000000 -nan 0.000000
1405 553 0 50 12135 12135 532838736 532838736 972546767.452769 411119825.922581 0.000000 80143.944578 411119825.922581
1406 554 -1 -1 0 0 0 0 0.000000 0.000000 0.000000 -nan 0.000000
1407 555 -1 -1 0 0 0 0 0.000000 0.000000 0.000000 -nan 0.000000
1408 556 0 290 21141 21141 425391840 425391840 553362046.117789 411116297.348637 0.000000 26174.828349 411116297.348637
1409 557 -1 -1 0 0 0 0 0.000000 0.000000 0.000000 -nan 0.000000
1410 558 -1 -1 0 0 0 0 0.000000 0.000000 0.000000 -nan 0.000000
1411 559 -1 -1 0 0 0 0 0.000000 0.000000 0.000000 -nan 0.000000
1412 560 0 130 24777 24777 532939872 532939872 851145429.225851 411110003.653974 0.000000 34352.239142 411110003.653974
1413 561 0 268 24777 24777 532939872 532939872 772446085.012836 411111497.294592 0.000000 31175.932720 411111497.294592
1414 562 0 90 21141 21141 425391840 425391840 591726323.895973 411110005.662753 0.000000 27989.514398 411110005.662753
1415 563 -1 -1 0 0 0 0 0.000000 0.000000 0.000000 -nan 0.000000
1416 564 0 257 30231 30231 641195712 641195712 1144044047.124656 411113151.383708 0.000000 37843.407334 411113151.383708
1417 565 0 287 24777 24777 532939872 532939872 738797181.116650 411119191.844933 0.000000 29817.862579 411119191.844933
1418 566 0 226 30231 30231 641195712 641195712 1078628878.698856 411113152.485395 0.000000 35679.563319 411113152.485395
1419 567 -1 -1 0 0 0 0 0.000000 0.000000 0.000000 -nan 0.000000
1420 568 0 285 21141 21141 425391840 425391840 714224637.889834 411120272.066373 0.000000 33783.862537 411120272.066373
1421 569 0 191 30231 30231 641195712 641195712 1105424648.770898 411114554.923079 0.000000 36565.930627 411114554.923079
1469 570 -1 -1 0 0 0 0 0.000000 0.000000 0.000000 -nan 0.000000
1470 571 0 280 21141 21141 425391840 425391840 836725427.196021 411112323.875906 0.000000 39578.327761 411112323.875906
1471 572 -1 -1 0 0 0 0 0.000000 0.000000 0.000000 -nan 0.000000
1472 573 0 154 21141 21141 425391840 425391840 697204180.319595 411113151.945476 0.000000 32978.770177 411113151.945476
1473 574 -1 -1 0 0 0 0 0.000000 0.000000 0.000000 -nan 0.000000
1474 575 -1 -1 0 0 0 0 0.000000 0.000000 0.000000 -nan 0.000000
1475 576 0 17 26583 26583 532954320 532954320 810104553.532413 411109558.699901 0.000000 30474.534610 411109558.699901
1476 577 -1 -1 0 0 0 0 0.000000 0.000000 0.000000 -nan 0.000000
1477 578 -1 -1 0 0 0 0 0.000000 0.000000 0.000000 -nan 0.000000
1478 579 0 64 8499 8499 425290704 425290704 828898024.177546 411112706.696073 0.000000 97528.888596 411112706.696073
1479 580 -1 -1 0 0 0 0 0.000000 0.000000 0.000000 -nan 0.000000
1480 581 0 51 32037 32037 641210160 641210160 1659415425.065899 411116678.909631 0.000000 51796.841935 411116678.909631
1481 582 -1 -1 0 0 0 0 0.000000 0.000000 0.000000 -nan 0.000000
1482 583 -1 -1 0 0 0 0 0.000000 0.000000 0.000000 -nan 0.000000
1483 584 -1 -1 0 0 0 0 0.000000 0.000000 0.000000 -nan 0.000000
1484 585 0 205 21141 21141 425391840 425391840 613552742.718383 411113979.658173 0.000000 29021.935704 411113979.658173
1485 586 -1 -1 0 0 0 0 0.000000 0.000000 0.000000 -nan 0.000000
1486 587 -1 -1 0 0 0 0 0.000000 0.000000 0.000000 -nan 0.000000
1487 588 -1 -1 0 0 0 0 0.000000 0.000000 0.000000 -nan 0.000000
1488 589 0 160 24777 24777 532939872 532939872 855549130.056492 411110005.265651 0.000000 34529.972557 411110005.265651
1489 590 -1 -1 0 0 0 0 0.000000 0.000000 0.000000 -nan 0.000000
1490 591 -1 -1 0 0 0 0 0.000000 0.000000 0.000000 -nan 0.000000
1491 592 -1 -1 0 0 0 0 0.000000 0.000000 0.000000 -nan 0.000000
1492 593 -1 -1 0 0 0 0 0.000000 0.000000 0.000000 -nan 0.000000
1493 594 -1 -1 0 0 0 0 0.000000 0.000000 0.000000 -nan 0.000000
1494 595 0 16 12135 12135 532838736 532838736 1264907768.267899 411110964.530603 0.000000 104236.322066 411110964.530603
1495 596 0 162 30231 30231 641195712 641195712 1679668129.151837 411113151.079564 0.000000 55561.117037 411113151.079564
1496 597 0 270 18717 18717 318546768 318546768 780730420.017052 411115468.554620 0.000000 41712.369505 411115468.554620
1497 598 -1 -1 0 0 0 0 0.000000 0.000000 0.000000 -nan 0.000000
1498 599 -1 -1 0 0 0 0 0.000000 0.000000 0.000000 -nan 0.000000
1546 600 0 5 22947 22947 425406288 425406288 696811242.223215 411110384.648919 0.000000 30366.115057 411110384.648919
1547 601 0 95 24777 24777 532939872 532939872 1004779099.481249 411113727.751881 0.000000 40552.895810 411113727.751881
1548 602 -1 -1 0 0 0 0 0.000000 0.000000 0.000000 -nan 0.000000
1549 603 -1 -1 0 0 0 0 0.000000 0.000000 0.000000 -nan 0.000000
1550 604 -1 -1 0 0 0 0 0.000000 0.000000 0.000000 -nan 0.000000
1551 605 0 240 21141 21141 425391840 425391840 617892406.314878 411107689.345887 0.000000 29227.208094 411107689.345887
1552 606 0 113 30231 30231 641195712 641195712 1150174967.534938 411107687.299960 0.000000 38046.209769 411107687.299960
1553 607 -1 -1 0 0 0 0 0.000000 0.000000 0.000000 -nan 0.000000
1554 608 -1 -1 0 0 0 0 0.000000 0.000000 0.000000 -nan 0.000000
1555 609 -1 -1 0 0 0 0 0.000000 0.000000 0.000000 -nan 0.000000
1556 610 0 111 30231 30231 641195712 641195712 1383044349.405183 411111496.006975 0.000000 45749.209401 411111496.006975
1557 611 0 45 26583 26583 532954320 532954320 974161188.063744 411110384.853580 0.000000 36646.021445 411110384.853580
1558 612 -1 -1 0 0 0 0 0.000000 0.000000 0.000000 -nan 0.000000
1559 613 -1 -1 0 0 0 0 0.000000 0.000000 0.000000 -nan 0.000000
1560 614 -1 -1 0 0 0 0 0.000000 0.000000 0.000000 -nan 0.000000
1561 615 0 6 12135 12135 532838736 532838736 868564921.262305 411115023.187871 0.000000 71575.189226 411115023.187871
1562 616 -1 -1 0 0 0 0 0.000000 0.000000 0.000000 -nan 0.000000
1563 617 -1 -1 0 0 0 0 0.000000 0.000000 0.000000 -nan 0.000000
1564 618 -1 -1 0 0 0 0 0.000000 0.000000 0.000000 -nan 0.000000
1565 619 -1 -1 0 0 0 0 0.000000 0.000000 0.000000 -nan 0.000000
1566 620 -1 -1 0 0 0 0 0.000000 0.000000 0.000000 -nan 0.000000
1567 621 -1 -1 0 0 0 0 0.000000 0.000000 0.000000 -nan 0.000000
1568 622 0 175 21141 21141 425391840 425391840 619735705.680223 411110667.710683 0.000000 29314.398831 411110667.710683
1569 623 0 149 21141 21141 425391840 425391840 805140031.354599 411115472.222969 0.000000 38084.292671 411115472.222969
1570 624 -1 -1 0 0 0 0 0.000000 0.000000 0.000000 -nan 0.000000
1571 625 0 26 8499 8499 425290704 425290704 605390749.922441 411113533.806479 0.000000 71230.821264 411113533.806479
1572 626 -1 -1 0 0 0 0 0.000000 0.000000 0.000000 -nan 0.000000
1573 627 -1 -1 0 0 0 0 0.000000 0.000000 0.000000 -nan 0.000000
1574 628 -1 -1 0 0 0 0 0.000000 0.000000 0.000000 -nan 0.000000
1575 629 0 192 30231 30231 641195712 641195712 1338617276.506227 411106859.228640 0.000000 44279.622788 411106859.228640
1623 630 -1 -1 0 0 0 0 0.000000 0.000000 0.000000 -nan 0.000000
1624 631 -1 -1 0 0 0 0 0.000000 0.000000 0.000000 -nan 0.000000
1625 632 0 214 21141 21141 425391840 425391840 700627230.027939 411114640.827909 0.000000 33140.685399 411114640.827909
1626 633 0 71 32037 32037 641210160 641210160 1051776930.499254 411115022.283203 0.000000 32830.069310 411115022.283203
1627 634 0 241 24777 24777 532939872 532939872 826672453.489455 411110834.104378 0.000000 33364.509565 411110834.104378
1628 635 0 54 12135 12135 532838736 532838736 747836266.477410 411117090.142728 0.000000 61626.391964 411117090.142728
1629 636 -1 -1 0 0 0 0 0.000000 0.000000 0.000000 -nan 0.000000
1630 637 -1 -1 0 0 0 0 0.000000 0.000000 0.000000 -nan 0.000000
1631 638 -1 -1 0 0 0 0 0.000000 0.000000 0.000000 -nan 0.000000
1632 639 0 159 24777 24777 532939872 532939872 818774926.660402 411116046.117304 0.000000 33045.765293 411116046.117304
1633 640 -1 -1 0 0 0 0 0.000000 0.000000 0.000000 -nan 0.000000
1634 641 -1 -1 0 0 0 0 0.000000 0.000000 0.000000 -nan 0.000000
1635 642 0 178 24777 24777 532939872 532939872 1068061108.888939 411107687.273131 0.000000 43106.958425 411107687.273131
1636 643 0 104 24777 24777 532939872 532939872 921641037.029210 411108350.027677 0.000000 37197.442670 411108350.027677
1637 644 -1 -1 0 0 0 0 0.000000 0.000000 0.000000 -nan 0.000000
1638 645 0 91 24777 24777 532939872 532939872 1008769725.566619 411109755.890962 0.000000 40713.957524 411109755.890962
1639 646 -1 -1 0 0 0 0 0.000000 0.000000 0.000000 -nan 0.000000
1640 647 -1 -1 0 0 0 0 0.000000 0.000000 0.000000 -nan 0.000000
1641 648 0 217 30231 30231 641195712 641195712 999231954.360046 411113152.857485 0.000000 33053.222003 411113152.857485
1642 649 -1 -1 0 0 0 0 0.000000 0.000000 0.000000 -nan 0.000000
1643 650 -1 -1 0 0 0 0 0.000000 0.000000 0.000000 -nan 0.000000
1644 651 -1 -1 0 0 0 0 0.000000 0.000000 0.000000 -nan 0.000000
1645 652 -1 -1 0 0 0 0 0.000000 0.000000 0.000000 -nan 0.000000
1646 653 -1 -1 0 0 0 0 0.000000 0.000000 0.000000 -nan 0.000000
1647 654 -1 -1 0 0 0 0 0.000000 0.000000 0.000000 -nan 0.000000
1648 655 -1 -1 0 0 0 0 0.000000 0.000000 0.000000 -nan 0.000000
1649 656 -1 -1 0 0 0 0 0.000000 0.000000 0.000000 -nan 0.000000
1650 657 -1 -1 0 0 0 0 0.000000 0.000000 0.000000 -nan 0.000000
1651 658 0 172 30231 30231 641195712 641195712 1133578898.824337 411106033.814552 0.000000 37497.234588 411106033.814552
1652 659 -1 -1 0 0 0 0 0.000000 0.000000 0.000000 -nan 0.000000
1700 660 -1 -1 0 0 0 0 0.000000 0.000000 0.000000 -nan 0.000000
1701 661 -1 -1 0 0 0 0 0.000000 0.000000 0.000000 -nan 0.000000
1702 662 0 68 17589 17589 641094576 641094576 1023748686.538563 411115021.390963 0.000000 58203.916456 411115021.390963
1703 663 -1 -1 0 0 0 0 0.000000 0.000000 0.000000 -nan 0.000000
1704 664 -1 -1 0 0 0 0 0.000000 0.000000 0.000000 -nan 0.000000
1705 665 0 143 30231 30231 641195712 641195712 1202831009.914100 411113814.271066 0.000000 39787.999402 411113814.271066
1706 666 -1 -1 0 0 0 0 0.000000 0.000000 0.000000 -nan 0.000000
1707 667 0 151 24777 24777 532939872 532939872 891094324.427803 411117703.557149 0.000000 35964.577004 411117703.557149
1708 668 -1 -1 0 0 0 0 0.000000 0.000000 0.000000 -nan 0.000000
1709 669 0 199 24777 24777 532939872 532939872 812899097.014258 411114390.676712 0.000000 32808.616742 411114390.676712
1710 670 -1 -1 0 0 0 0 0.000000 0.000000 0.000000 -nan 0.000000
1711 671 0 227 30231 30231 641195712 641195712 1096753643.379478 411115383.460611 0.000000 36279.105666 411115383.460611
1712 672 -1 -1 0 0 0 0 0.000000 0.000000 0.000000 -nan 0.000000
1713 673 -1 -1 0 0 0 0 0.000000 0.000000 0.000000 -nan 0.000000
1714 674 0 236 24777 24777 532939872 532939872 791542143.369606 411110007.907845 0.000000 31946.649851 411110007.907845
1715 675 -1 -1 0 0 0 0 0.000000 0.000000 0.000000 -nan 0.000000
1716 676 -1 -1 0 0 0 0 0.000000 0.000000 0.000000 -nan 0.000000
1717 677 -1 -1 0 0 0 0 0.000000 0.000000 0.000000 -nan 0.000000
1718 678 -1 -1 0 0 0 0 0.000000 0.000000 0.000000 -nan 0.000000
1719 679 -1 -1 0 0 0 0 0.000000 0.000000 0.000000 -nan 0.000000
1720 680 -1 -1 0 0 0 0 0.000000 0.000000 0.000000 -nan 0.000000
1721 681 -1 -1 0 0 0 0 0.000000 0.000000 0.000000 -nan 0.000000
1722 682 -1 -1 0 0 0 0 0.000000 0.000000 0.000000 -nan 0.000000
1723 683 -1 -1 0 0 0 0 0.000000 0.000000 0.000000 -nan 0.000000
1724 684 -1 -1 0 0 0 0 0.000000 0.000000 0.000000 -nan 0.000000
1725 685 -1 -1 0 0 0 0 0.000000 0.000000 0.000000 -nan 0.000000
1726 686 -1 -1 0 0 0 0 0.000000 0.000000 0.000000 -nan 0.000000
1727 687 0 206 24777 24777 532939872 532939872 765291469.726894 411111494.267838 0.000000 30887.172367 411111494.267838
1728 688 0 234 24777 24777 532939872 532939872 965520214.114101 411116296.347163 0.000000 38968.406753 411116296.347163
1729 689 -1 -1 0 0 0 0 0.000000 0.000000 0.000000 -nan 0.000000
1777 690 -1 -1 0 0 0 0 0.000000 0.000000 0.000000 -nan 0.000000
1778 691 -1 -1 0 0 0 0 0.000000 0.000000 0.000000 -nan 0.000000
1779 692 0 72 17589 17589 641094576 641094576 1013176788.646927 411110387.934551 0.000000 57602.864782 411110387.934551
1780 693 0 225 24777 24777 532939872 532939872 766088550.980430 411113979.021815 0.000000 30919.342575 411113979.021815
1781 694 0 93 24777 24777 532939872 532939872 978889130.625442 411113979.470439 0.000000 39507.976374 411113979.470439
1782 695 0 39 26583 26583 532954320 532954320 735454032.446736 411114935.884285 0.000000 27666.329325 411114935.884285
1783 696 -1 -1 0 0 0 0 0.000000 0.000000 0.000000 -nan 0.000000
1784 697 -1 -1 0 0 0 0 0.000000 0.000000 0.000000 -nan 0.000000
1785 698 -1 -1 0 0 0 0 0.000000 0.000000 0.000000 -nan 0.000000
1786 699 -1 -1 0 0 0 0 0.000000 0.000000 0.000000 -nan 0.000000
1787 700 -1 -1 0 0 0 0 0.000000 0.000000 0.000000 -nan 0.000000
1788 701 -1 -1 0 0 0 0 0.000000 0.000000 0.000000 -nan 0.000000
1789 702 -1 -1 0 0 0 0 0.000000 0.000000 0.000000 -nan 0.000000
1790 703 -1 -1 0 0 0 0 0.000000 0.000000 0.000000 -nan 0.000000
1791 704 0 220 24777 24777 532939872 532939872 823054920.194072 411111497.402462 0.000000 33218.505880 411111497.402462
1792 705 -1 -1 0 0 0 0 0.000000 0.000000 0.000000 -nan 0.000000
1793 706 -1 -1 0 0 0 0 0.000000 0.000000 0.000000 -nan 0.000000
1794 707 -1 -1 0 0 0 0 0.000000 0.000000 0.000000 -nan 0.000000
1795 708 0 210 21141 21141 425391840 425391840 690083472.362468 411110005.678860 0.000000 32641.950351 411110005.678860
1796 709 -1 -1 0 0 0 0 0.000000 0.000000 0.000000 -nan 0.000000
1797 710 0 101 30231 30231 641195712 641195712 1136241782.594191 411116298.342118 0.000000 37585.319129 411116298.342118
1798 711 -1 -1 0 0 0 0 0.000000 0.000000 0.000000 -nan 0.000000
1799 712 0 139 24777 24777 532939872 532939872 904892310.899584 411114641.167995 0.000000 36521.463894 411114641.167995
1800 713 -1 -1 0 0 0 0 0.000000 0.000000 0.000000 -nan 0.000000
1801 714 -1 -1 0 0 0 0 0.000000 0.000000 0.000000 -nan 0.000000
1802 715 -1 -1 0 0 0 0 0.000000 0.000000 0.000000 -nan 0.000000
1803 716 0 245 24777 24777 532939872 532939872 853110273.862299 411116299.684181 0.000000 34431.540294 411116299.684181
1804 717 -1 -1 0 0 0 0 0.000000 0.000000 0.000000 -nan 0.000000
1805 718 -1 -1 0 0 0 0 0.000000 0.000000 0.000000 -nan 0.000000
1806 719 -1 -1 0 0 0 0 0.000000 0.000000 0.000000 -nan 0.000000
1854 720 -1 -1 0 0 0 0 0.000000 0.000000 0.000000 -nan 0.000000
1855 721 -1 -1 0 0 0 0 0.000000 0.000000 0.000000 -nan 0.000000
1856 722 -1 -1 0 0 0 0 0.000000 0.000000 0.000000 -nan 0.000000
1857 723 -1 -1 0 0 0 0 0.000000 0.000000 0.000000 -nan 0.000000
1858 724 -1 -1 0 0 0 0 0.000000 0.000000 0.000000 -nan 0.000000
1859 725 0 53 32037 32037 641210160 641210160 1032782530.375759 411115849.284470 0.000000 32237.179835 411115849.284470
1860 726 -1 -1 0 0 0 0 0.000000 0.000000 0.000000 -nan 0.000000
1861 727 0 157 30231 30231 641195712 641195712 990698136.323053 411117125.721707 0.000000 32770.935011 411117125.721707
1862 728 -1 -1 0 0 0 0 0.000000 0.000000 0.000000 -nan 0.000000
1863 729 0 19 22947 22947 425406288 425406288 586813808.641783 411113533.764537 0.000000 25572.571955 411113533.764537
1864 730 -1 -1 0 0 0 0 0.000000 0.000000 0.000000 -nan 0.000000
1865 731 0 107 30231 30231 641195712 641195712 998947025.667542 411112984.859358 0.000000 33043.796952 411112984.859358
1866 732 0 127 30231 30231 641195712 641195712 1169606219.006284 411114555.268227 0.000000 38688.968906 411114555.268227
1867 733 0 33 26583 26583 532954320 532954320 831381860.773364 411110387.955191 0.000000 31274.944919 411110387.955191
1868 734 -1 -1 0 0 0 0 0.000000 0.000000 0.000000 -nan 0.000000
1869 735 -1 -1 0 0 0 0 0.000000 0.000000 0.000000 -nan 0.000000
1870 736 -1 -1 0 0 0 0 0.000000 0.000000 0.000000 -nan 0.000000
1871 737 -1 -1 0 0 0 0 0.000000 0.000000 0.000000 -nan 0.000000
1872 738 -1 -1 0 0 0 0 0.000000 0.000000 0.000000 -nan 0.000000
1873 739 -1 -1 0 0 0 0 0.000000 0.000000 0.000000 -nan 0.000000
1874 740 0 150 21141 21141 425391840 425391840 628299402.008171 411114641.035891 0.000000 29719.474103 411114641.035891
1875 741 -1 -1 0 0 0 0 0.000000 0.000000 0.000000 -nan 0.000000
1876 742 -1 -1 0 0 0 0 0.000000 0.000000 0.000000 -nan 0.000000
1877 743 -1 -1 0 0 0 0 0.000000 0.000000 0.000000 -nan 0.000000
1878 744 -1 -1 0 0 0 0 0.000000 0.000000 0.000000 -nan 0.000000
1879 745 0 106 30231 30231 641195712 641195712 1092557050.152524 411113150.131635 0.000000 36140.288120 411113150.131635
1880 746 0 186 30231 30231 641195712 641195712 1141003744.824656 411110004.817137 0.000000 37742.838306 411110004.817137
1881 747 -1 -1 0 0 0 0 0.000000 0.000000 0.000000 -nan 0.000000
1882 748 -1 -1 0 0 0 0 0.000000 0.000000 0.000000 -nan 0.000000
1883 749 0 37 32037 32037 641210160 641210160 1164212208.205785 411111875.672224 0.000000 36339.613828 411111875.672224
1931 750 -1 -1 0 0 0 0 0.000000 0.000000 0.000000 -nan 0.000000
1932 751 -1 -1 0 0 0 0 0.000000 0.000000 0.000000 -nan 0.000000
1933 752 -1 -1 0 0 0 0 0.000000 0.000000 0.000000 -nan 0.000000
1934 753 -1 -1 0 0 0 0 0.000000 0.000000 0.000000 -nan 0.000000
1935 754 0 78 17589 17589 641094576 641094576 926124353.052571 411115853.367653 0.000000 52653.610384 411115853.367653
1936 755 -1 -1 0 0 0 0 0.000000 0.000000 0.000000 -nan 0.000000
1937 756 -1 -1 0 0 0 0 0.000000 0.000000 0.000000 -nan 0.000000
1938 757 0 296 21141 21141 425391840 425391840 684942964.347163 411114642.425402 0.000000 32398.796857 411114642.425402
1939 758 -1 -1 0 0 0 0 0.000000 0.000000 0.000000 -nan 0.000000
1940 759 -1 -1 0 0 0 0 0.000000 0.000000 0.000000 -nan 0.000000
1941 760 -1 -1 0 0 0 0 0.000000 0.000000 0.000000 -nan 0.000000
1942 761 -1 -1 0 0 0 0 0.000000 0.000000 0.000000 -nan 0.000000
1943 762 -1 -1 0 0 0 0 0.000000 0.000000 0.000000 -nan 0.000000
1944 763 0 213 24777 24777 532939872 532939872 814046796.604346 411114643.219520 0.000000 32854.937910 411114643.219520
1945 764 0 114 24777 24777 532939872 532939872 803945898.181793 411107687.029872 0.000000 32447.265536 411107687.029872
1946 765 -1 -1 0 0 0 0 0.000000 0.000000 0.000000 -nan 0.000000
1947 766 -1 -1 0 0 0 0 0.000000 0.000000 0.000000 -nan 0.000000
1948 767 -1 -1 0 0 0 0 0.000000 0.000000 0.000000 -nan 0.000000
1949 768 -1 -1 0 0 0 0 0.000000 0.000000 0.000000 -nan 0.000000
1950 769 -1 -1 0 0 0 0 0.000000 0.000000 0.000000 -nan 0.000000
1951 770 0 231 30231 30231 641195712 641195712 1323955512.743373 411116709.598759 0.000000 43794.631760 411116709.598759
1952 771 -1 -1 0 0 0 0 0.000000 0.000000 0.000000 -nan 0.000000
1953 772 -1 -1 0 0 0 0 0.000000 0.000000 0.000000 -nan 0.000000
1954 773 0 249 24777 24777 532939872 532939872 809079718.327572 411113152.910594 0.000000 32654.466575 411113152.910594
1955 774 -1 -1 0 0 0 0 0.000000 0.000000 0.000000 -nan 0.000000
1956 775 -1 -1 0 0 0 0 0.000000 0.000000 0.000000 -nan 0.000000
1957 776 -1 -1 0 0 0 0 0.000000 0.000000 0.000000 -nan 0.000000
1958 777 0 211 24777 24777 532939872 532939872 860840133.032506 411111498.013804 0.000000 34743.517497 411111498.013804
1959 778 0 100 24777 24777 532939872 532939872 903785881.752070 411111496.524490 0.000000 36476.808401 411111496.524490
1960 779 -1 -1 0 0 0 0 0.000000 0.000000 0.000000 -nan 0.000000
2008 780 -1 -1 0 0 0 0 0.000000 0.000000 0.000000 -nan 0.000000
2009 781 -1 -1 0 0 0 0 0.000000 0.000000 0.000000 -nan 0.000000
2010 782 -1 -1 0 0 0 0 0.000000 0.000000 0.000000 -nan 0.000000
2011 783 -1 -1 0 0 0 0 0.000000 0.000000 0.000000 -nan 0.000000
2012 784 0 242 24777 24777 532939872 532939872 735592286.624700 411110833.056132 0.000000 29688.513001 411110833.056132
2013 785 -1 -1 0 0 0 0 0.000000 0.000000 0.000000 -nan 0.000000
2014 786 -1 -1 0 0 0 0 0.000000 0.000000 0.000000 -nan 0.000000
2015 787 -1 -1 0 0 0 0 0.000000 0.000000 0.000000 -nan 0.000000
2016 788 -1 -1 0 0 0 0 0.000000 0.000000 0.000000 -nan 0.000000
2017 789 -1 -1 0 0 0 0 0.000000 0.000000 0.000000 -nan 0.000000
2018 790 -1 -1 0 0 0 0 0.000000 0.000000 0.000000 -nan 0.000000
2019 791 0 228 30231 30231 641195712 641195712 968848944.015926 411114642.778613 0.000000 32048.193709 411114642.778613
2020 792 -1 -1 0 0 0 0 0.000000 0.000000 0.000000 -nan 0.000000
2021 793 -1 -1 0 0 0 0 0.000000 0.000000 0.000000 -nan 0.000000
2022 794 -1 -1 0 0 0 0 0.000000 0.000000 0.000000 -nan 0.000000
2023 795 -1 -1 0 0 0 0 0.000000 0.000000 0.000000 -nan 0.000000
2024 796 -1 -1 0 0 0 0 0.000000 0.000000 0.000000 -nan 0.000000
2025 797 -1 -1 0 0 0 0 0.000000 0.000000 0.000000 -nan 0.000000
2026 798 -1 -1 0 0 0 0 0.000000 0.000000 0.000000 -nan 0.000000
2027 799 -1 -1 0 0 0 0 0.000000 0.000000 0.000000 -nan 0.000000
2028 800 -1 -1 0 0 0 0 0.000000 0.000000 0.000000 -nan 0.000000
2029 801 0 238 24777 24777 532939872 532939872 800802183.765828 411113150.533201 0.000000 32320.385186 411113150.533201
2030 802 -1 -1 0 0 0 0 0.000000 0.000000 0.000000 -nan 0.000000
2031 803 0 29 20523 20523 318561216 318561216 426863779.846938 411110385.477506 0.000000 20799.287621 411110385.477506
2032 804 -1 -1 0 0 0 0 0.000000 0.000000 0.000000 -nan 0.000000
2033 805 -1 -1 0 0 0 0 0.000000 0.000000 0.000000 -nan 0.000000
2034 806 -1 -1 0 0 0 0 0.000000 0.000000 0.000000 -nan 0.000000
2035 807 -1 -1 0 0 0 0 0.000000 0.000000 0.000000 -nan 0.000000
2036 808 -1 -1 0 0 0 0 0.000000 0.000000 0.000000 -nan 0.000000
2037 809 -1 -1 0 0 0 0 0.000000 0.000000 0.000000 -nan 0.000000
2085 810 0 274 18717 18717 318546768 318546768 421174229.306865 411111496.044485 0.000000 22502.229487 411111496.044485
2086 811 0 32 12135 12135 532838736 532838736 763828250.207053 411113534.889392 0.000000 62944.231579 411113534.889392
2087 812 -1 -1 0 0 0 0 0.000000 0.000000 0.000000 -nan 0.000000
2088 813 0 260 24777 24777 532939872 532939872 1057575616.180708 411112073.845281 0.000000 42683.763821 411112073.845281
2089 814 -1 -1 0 0 0 0 0.000000 0.000000 0.000000 -nan 0.000000
2090 815 0 299 18717 18717 318546768 318546768 640075194.535321 411118448.829561 0.000000 34197.531364 411118448.829561
2091 816 0 232 30231 30231 641195712 641195712 1308468107.255055 411111496.367735 0.000000 43282.329637 411111496.367735
2092 817 -1 -1 0 0 0 0 0.000000 0.000000 0.000000 -nan 0.000000
2093 818 0 132 30231 30231 641195712 641195712 1314870583.190570 411110668.724914 0.000000 43494.114756 411110668.724914
2094 819 -1 -1 0 0 0 0 0.000000 0.000000 0.000000 -nan 0.000000
2095 820 -1 -1 0 0 0 0 0.000000 0.000000 0.000000 -nan 0.000000
2096 821 0 13 26583 26583 532954320 532954320 843479972.683657 411108067.640446 0.000000 31730.052014 411108067.640446
2097 822 -1 -1 0 0 0 0 0.000000 0.000000 0.000000 -nan 0.000000
2098 823 -1 -1 0 0 0 0 0.000000 0.000000 0.000000 -nan 0.000000
2099 824 0 224 24777 24777 532939872 532939872 924289489.337910 411110006.147051 0.000000 37304.334235 411110006.147051
2100 825 -1 -1 0 0 0 0 0.000000 0.000000 0.000000 -nan 0.000000
2101 826 -1 -1 0 0 0 0 0.000000 0.000000 0.000000 -nan 0.000000
2102 827 -1 -1 0 0 0 0 0.000000 0.000000 0.000000 -nan 0.000000
2103 828 -1 -1 0 0 0 0 0.000000 0.000000 0.000000 -nan 0.000000
2104 829 0 117 24777 24777 532939872 532939872 893064850.667656 411113153.274863 0.000000 36044.107465 411113153.274863
2105 830 0 137 30231 30231 641195712 641195712 986054390.920973 411112325.260861 0.000000 32617.326285 411112325.260861
2106 831 -1 -1 0 0 0 0 0.000000 0.000000 0.000000 -nan 0.000000
2107 832 0 99 24777 24777 532939872 532939872 876542750.236507 411112237.266797 0.000000 35377.275305 411112237.266797
2108 833 -1 -1 0 0 0 0 0.000000 0.000000 0.000000 -nan 0.000000
2109 834 0 76 17589 17589 641094576 641094576 1157973530.027331 411112705.046114 0.000000 65835.097506 411112705.046114
2110 835 -1 -1 0 0 0 0 0.000000 0.000000 0.000000 -nan 0.000000
2111 836 -1 -1 0 0 0 0 0.000000 0.000000 0.000000 -nan 0.000000
2112 837 -1 -1 0 0 0 0 0.000000 0.000000 0.000000 -nan 0.000000
2113 838 0 38 17589 17589 641094576 641094576 1001086605.620578 411117254.792495 0.000000 56915.492957 411117254.792495
2114 839 -1 -1 0 0 0 0 0.000000 0.000000 0.000000 -nan 0.000000
2162 840 -1 -1 0 0 0 0 0.000000 0.000000 0.000000 -nan 0.000000
2163 841 -1 -1 0 0 0 0 0.000000 0.000000 0.000000 -nan 0.000000
2164 842 -1 -1 0 0 0 0 0.000000 0.000000 0.000000 -nan 0.000000
2165 843 -1 -1 0 0 0 0 0.000000 0.000000 0.000000 -nan 0.000000
2166 844 -1 -1 0 0 0 0 0.000000 0.000000 0.000000 -nan 0.000000
2167 845 0 297 21141 21141 425391840 425391840 868355291.714601 411119446.095173 0.000000 41074.466284 411119446.095173
2168 846 -1 -1 0 0 0 0 0.000000 0.000000 0.000000 -nan 0.000000
2169 847 -1 -1 0 0 0 0 0.000000 0.000000 0.000000 -nan 0.000000
2170 848 -1 -1 0 0 0 0 0.000000 0.000000 0.000000 -nan 0.000000
2171 849 -1 -1 0 0 0 0 0.000000 0.000000 0.000000 -nan 0.000000
2172 850 -1 -1 0 0 0 0 0.000000 0.000000 0.000000 -nan 0.000000
2173 851 -1 -1 0 0 0 0 0.000000 0.000000 0.000000 -nan 0.000000
2174 852 -1 -1 0 0 0 0 0.000000 0.000000 0.000000 -nan 0.000000
2175 853 0 161 30231 30231 641195712 641195712 1070850712.503108 411113978.907453 0.000000 35422.272254 411113978.907453
2176 854 -1 -1 0 0 0 0 0.000000 0.000000 0.000000 -nan 0.000000
2177 855 -1 -1 0 0 0 0 0.000000 0.000000 0.000000 -nan 0.000000
2178 856 0 66 17589 17589 641094576 641094576 920350396.382758 411117506.762540 0.000000 52325.339495 411117506.762540
2179 857 -1 -1 0 0 0 0 0.000000 0.000000 0.000000 -nan 0.000000
2180 858 -1 -1 0 0 0 0 0.000000 0.000000 0.000000 -nan 0.000000
2181 859 -1 -1 0 0 0 0 0.000000 0.000000 0.000000 -nan 0.000000
2182 860 -1 -1 0 0 0 0 0.000000 0.000000 0.000000 -nan 0.000000
2183 861 0 110 24777 24777 532939872 532939872 759149636.123546 411110004.597363 0.000000 30639.287893 411110004.597363
2184 862 -1 -1 0 0 0 0 0.000000 0.000000 0.000000 -nan 0.000000
2185 863 -1 -1 0 0 0 0 0.000000 0.000000 0.000000 -nan 0.000000
2186 864 -1 -1 0 0 0 0 0.000000 0.000000 0.000000 -nan 0.000000
2187 865 0 73 32037 32037 641210160 641210160 983218654.494029 411108069.073236 0.000000 30690.097528 411108069.073236
2188 866 -1 -1 0 0 0 0 0.000000 0.000000 0.000000 -nan 0.000000
2189 867 -1 -1 0 0 0 0 0.000000 0.000000 0.000000 -nan 0.000000
2190 868 0 189 24777 24777 532939872 532939872 781102398.132140 411113979.436848 0.000000 31525.301616 411113979.436848
2191 869 -1 -1 0 0 0 0 0.000000 0.000000 0.000000 -nan 0.000000
2239 870 0 164 24777 24777 532939872 532939872 1153258115.297952 411114641.865091 0.000000 46545.510566 411114641.865091
2240 871 0 146 24777 24777 532939872 532939872 926006284.885946 411109177.605717 0.000000 37373.624123 411109177.605717
2241 872 -1 -1 0 0 0 0 0.000000 0.000000 0.000000 -nan 0.000000
2242 873 0 142 30231 30231 641195712 641195712 1026656347.875744 411112322.251977 0.000000 33960.383311 411112322.251977
2243 874 0 55 22947 22947 425406288 425406288 807037248.768160 411114771.051060 0.000000 35169.619069 411114771.051060
2244 875 -1 -1 0 0 0 0 0.000000 0.000000 0.000000 -nan 0.000000
2245 876 -1 -1 0 0 0 0 0.000000 0.000000 0.000000 -nan 0.000000
2246 877 0 278 24777 24777 532939872 532939872 818384131.768837 411117787.537510 0.000000 33029.992807 411117787.537510
2247 878 0 52 17589 17589 641094576 641094576 1145558467.562925 411118168.232204 0.000000 65129.255078 411118168.232204
2248 879 -1 -1 0 0 0 0 0.000000 0.000000 0.000000 -nan 0.000000
2249 880 0 82 17589 17589 641094576 641094576 1351240433.776640 411118998.933569 0.000000 76823.039046 411118998.933569
2250 881 0 22 12135 12135 532838736 532838736 915656148.762385 411118084.649506 0.000000 75455.801299 411118084.649506
2251 882 -1 -1 0 0 0 0 0.000000 0.000000 0.000000 -nan 0.000000
2252 883 -1 -1 0 0 0 0 0.000000 0.000000 0.000000 -nan 0.000000
2253 884 -1 -1 0 0 0 0 0.000000 0.000000 0.000000 -nan 0.000000
2254 885 -1 -1 0 0 0 0 0.000000 0.000000 0.000000 -nan 0.000000
2255 886 -1 -1 0 0 0 0 0.000000 0.000000 0.000000 -nan 0.000000
2256 887 0 102 30231 30231 641195712 641195712 1023406282.705316 411114640.259865 0.000000 33852.875615 411114640.259865
2257 888 -1 -1 0 0 0 0 0.000000 0.000000 0.000000 -nan 0.000000
2258 889 -1 -1 0 0 0 0 0.000000 0.000000 0.000000 -nan 0.000000
2259 890 0 195 24777 24777 532939872 532939872 869241200.350123 411112321.335616 0.000000 35082.584669 411112321.335616
2260 891 0 9 22947 22947 425406288 425406288 606809536.060180 411104922.809550 0.000000 26443.959387 411104922.809550
2261 892 -1 -1 0 0 0 0 0.000000 0.000000 0.000000 -nan 0.000000
2262 893 -1 -1 0 0 0 0 0.000000 0.000000 0.000000 -nan 0.000000
2263 894 -1 -1 0 0 0 0 0.000000 0.000000 0.000000 -nan 0.000000
2264 895 -1 -1 0 0 0 0 0.000000 0.000000 0.000000 -nan 0.000000
2265 896 -1 -1 0 0 0 0 0.000000 0.000000 0.000000 -nan 0.000000
2266 897 -1 -1 0 0 0 0 0.000000 0.000000 0.000000 -nan 0.000000
2267 898 0 46 17589 17589 641094576 641094576 965021062.484045 411115849.224955 0.000000 54865.032832 411115849.224955
2268 899 -1 -1 0 0 0 0 0.000000 0.000000 0.000000 -nan 0.000000
2316 900 -1 -1 0 0 0 0 0.000000 0.000000 0.000000 -nan 0.000000
2317 901 -1 -1 0 0 0 0 0.000000 0.000000 0.000000 -nan 0.000000
2318 902 -1 -1 0 0 0 0 0.000000 0.000000 0.000000 -nan 0.000000
2319 903 -1 -1 0 0 0 0 0.000000 0.000000 0.000000 -nan 0.000000
2320 904 -1 -1 0 0 0 0 0.000000 0.000000 0.000000 -nan 0.000000
2321 905 -1 -1 0 0 0 0 0.000000 0.000000 0.000000 -nan 0.000000
2322 906 -1 -1 0 0 0 0 0.000000 0.000000 0.000000 -nan 0.000000
2323 907 -1 -1 0 0 0 0 0.000000 0.000000 0.000000 -nan 0.000000
2324 908 -1 -1 0 0 0 0 0.000000 0.000000 0.000000 -nan 0.000000
2325 909 -1 -1 0 0 0 0 0.000000 0.000000 0.000000 -nan 0.000000
2326 910 -1 -1 0 0 0 0 0.000000 0.000000 0.000000 -nan 0.000000
2327 911 -1 -1 0 0 0 0 0.000000 0.000000 0.000000 -nan 0.000000
2328 912 -1 -1 0 0 0 0 0.000000 0.000000 0.000000 -nan 0.000000
2329 913 -1 -1 0 0 0 0 0.000000 0.000000 0.000000 -nan 0.000000
2330 914 -1 -1 0 0 0 0 0.000000 0.000000 0.000000 -nan 0.000000
2331 915 -1 -1 0 0 0 0 0.000000 0.000000 0.000000 -nan 0.000000
2332 916 -1 -1 0 0 0 0 0.000000 0.000000 0.000000 -nan 0.000000
2333 917 -1 -1 0 0 0 0 0.000000 0.000000 0.000000 -nan 0.000000
2334 918 -1 -1 0 0 0 0 0.000000 0.000000 0.000000 -nan 0.000000
2335 919 -1 -1 0 0 0 0 0.000000 0.000000 0.000000 -nan 0.000000
2336 920 -1 -1 0 0 0 0 0.000000 0.000000 0.000000 -nan 0.000000
2337 921 -1 -1 0 0 0 0 0.000000 0.000000 0.000000 -nan 0.000000
2338 922 -1 -1 0 0 0 0 0.000000 0.000000 0.000000 -nan 0.000000
2339 923 -1 -1 0 0 0 0 0.000000 0.000000 0.000000 -nan 0.000000
2340 924 -1 -1 0 0 0 0 0.000000 0.000000 0.000000 -nan 0.000000
2341 925 -1 -1 0 0 0 0 0.000000 0.000000 0.000000 -nan 0.000000
2342 926 -1 -1 0 0 0 0 0.000000 0.000000 0.000000 -nan 0.000000
2343 927 -1 -1 0 0 0 0 0.000000 0.000000 0.000000 -nan 0.000000
2344 928 -1 -1 0 0 0 0 0.000000 0.000000 0.000000 -nan 0.000000
2345 929 -1 -1 0 0 0 0 0.000000 0.000000 0.000000 -nan 0.000000
2393 930 -1 -1 0 0 0 0 0.000000 0.000000 0.000000 -nan 0.000000
2394 931 -1 -1 0 0 0 0 0.000000 0.000000 0.000000 -nan 0.000000
2395 932 -1 -1 0 0 0 0 0.000000 0.000000 0.000000 -nan 0.000000
2396 933 -1 -1 0 0 0 0 0.000000 0.000000 0.000000 -nan 0.000000
2397 934 -1 -1 0 0 0 0 0.000000 0.000000 0.000000 -nan 0.000000
2398 935 -1 -1 0 0 0 0 0.000000 0.000000 0.000000 -nan 0.000000
2399 936 -1 -1 0 0 0 0 0.000000 0.000000 0.000000 -nan 0.000000
2400 937 -1 -1 0 0 0 0 0.000000 0.000000 0.000000 -nan 0.000000
2401 938 -1 -1 0 0 0 0 0.000000 0.000000 0.000000 -nan 0.000000
2402 939 -1 -1 0 0 0 0 0.000000 0.000000 0.000000 -nan 0.000000
2403 940 -1 -1 0 0 0 0 0.000000 0.000000 0.000000 -nan 0.000000
2404 941 -1 -1 0 0 0 0 0.000000 0.000000 0.000000 -nan 0.000000
2405 942 -1 -1 0 0 0 0 0.000000 0.000000 0.000000 -nan 0.000000
2406 943 -1 -1 0 0 0 0 0.000000 0.000000 0.000000 -nan 0.000000
2407 944 -1 -1 0 0 0 0 0.000000 0.000000 0.000000 -nan 0.000000
2408 945 -1 -1 0 0 0 0 0.000000 0.000000 0.000000 -nan 0.000000
2409 946 -1 -1 0 0 0 0 0.000000 0.000000 0.000000 -nan 0.000000
2410 947 -1 -1 0 0 0 0 0.000000 0.000000 0.000000 -nan 0.000000
2411 948 -1 -1 0 0 0 0 0.000000 0.000000 0.000000 -nan 0.000000
2412 949 -1 -1 0 0 0 0 0.000000 0.000000 0.000000 -nan 0.000000
2413 950 -1 -1 0 0 0 0 0.000000 0.000000 0.000000 -nan 0.000000
2414 951 -1 -1 0 0 0 0 0.000000 0.000000 0.000000 -nan 0.000000
2415 952 -1 -1 0 0 0 0 0.000000 0.000000 0.000000 -nan 0.000000
2416 953 -1 -1 0 0 0 0 0.000000 0.000000 0.000000 -nan 0.000000
2417 954 -1 -1 0 0 0 0 0.000000 0.000000 0.000000 -nan 0.000000
2418 955 -1 -1 0 0 0 0 0.000000 0.000000 0.000000 -nan 0.000000
2419 956 -1 -1 0 0 0 0 0.000000 0.000000 0.000000 -nan 0.000000
2420 957 -1 -1 0 0 0 0 0.000000 0.000000 0.000000 -nan 0.000000
2421 958 -1 -1 0 0 0 0 0.000000 0.000000 0.000000 -nan 0.000000
2422 959 -1 -1 0 0 0 0 0.000000 0.000000 0.000000 -nan 0.000000
2470 960 -1 -1 0 0 0 0 0.000000 0.000000 0.000000 -nan 0.000000
2471 961 -1 -1 0 0 0 0 0.000000 0.000000 0.000000 -nan 0.000000
2472 962 -1 -1 0 0 0 0 0.000000 0.000000 0.000000 -nan 0.000000
2473 963 -1 -1 0 0 0 0 0.000000 0.000000 0.000000 -nan 0.000000
2474 964 -1 -1 0 0 0 0 0.000000 0.000000 0.000000 -nan 0.000000
2475 965 -1 -1 0 0 0 0 0.000000 0.000000 0.000000 -nan 0.000000
2476 966 -1 -1 0 0 0 0 0.000000 0.000000 0.000000 -nan 0.000000
2477 967 -1 -1 0 0 0 0 0.000000 0.000000 0.000000 -nan 0.000000
2478 968 -1 -1 0 0 0 0 0.000000 0.000000 0.000000 -nan 0.000000
2479 969 -1 -1 0 0 0 0 0.000000 0.000000 0.000000 -nan 0.000000
2480 970 -1 -1 0 0 0 0 0.000000 0.000000 0.000000 -nan 0.000000
2481 971 -1 -1 0 0 0 0 0.000000 0.000000 0.000000 -nan 0.000000
2482 972 -1 -1 0 0 0 0 0.000000 0.000000 0.000000 -nan 0.000000
2483 973 -1 -1 0 0 0 0 0.000000 0.000000 0.000000 -nan 0.000000
2484 974 -1 -1 0 0 0 0 0.000000 0.000000 0.000000 -nan 0.000000
2485 975 -1 -1 0 0 0 0 0.000000 0.000000 0.000000 -nan 0.000000
2486 976 -1 -1 0 0 0 0 0.000000 0.000000 0.000000 -nan 0.000000
2487 977 -1 -1 0 0 0 0 0.000000 0.000000 0.000000 -nan 0.000000
2488 978 -1 -1 0 0 0 0 0.000000 0.000000 0.000000 -nan 0.000000
2489 979 -1 -1 0 0 0 0 0.000000 0.000000 0.000000 -nan 0.000000
2490 980 -1 -1 0 0 0 0 0.000000 0.000000 0.000000 -nan 0.000000
2491 981 -1 -1 0 0 0 0 0.000000 0.000000 0.000000 -nan 0.000000
2492 982 -1 -1 0 0 0 0 0.000000 0.000000 0.000000 -nan 0.000000
2493 983 -1 -1 0 0 0 0 0.000000 0.000000 0.000000 -nan 0.000000
2494 984 -1 -1 0 0 0 0 0.000000 0.000000 0.000000 -nan 0.000000
2495 985 -1 -1 0 0 0 0 0.000000 0.000000 0.000000 -nan 0.000000
2496 986 -1 -1 0 0 0 0 0.000000 0.000000 0.000000 -nan 0.000000
2497 987 -1 -1 0 0 0 0 0.000000 0.000000 0.000000 -nan 0.000000
2498 988 -1 -1 0 0 0 0 0.000000 0.000000 0.000000 -nan 0.000000
2499 989 -1 -1 0 0 0 0 0.000000 0.000000 0.000000 -nan 0.000000