# Format <LP id> <Terminal ID> <Total Data Sent> <Total Data Received> <Avg packet latency> <Max packet Latency> <Min packet Latency> <# Packets finished> <Avg Hops> <Avg Busy Time (over rails)>
37 0 0 0 -nan 0.000000 2147483647.000000 0 -nan 0.000000
38 1 0 0 -nan 0.000000 2147483647.000000 0 -nan 0.000000
39 2 0 0 -nan 0.000000 2147483647.000000 0 -nan 0.000000
40 3 0 0 -nan 0.000000 2147483647.000000 0 -nan 0.000000
41 4 0 0 -nan 0.000000 2147483647.000000 0 -nan 0.000000
42 5 0 0 -nan 0.000000 2147483647.000000 0 -nan 0.000000
43 6 0 0 -nan 0.000000 2147483647.000000 0 -nan 0.000000
44 7 0 0 -nan 0.000000 2147483647.000000 0 -nan 0.000000
45 8 0 0 -nan 0.000000 2147483647.000000 0 -nan 0.000000
46 9 0 0 -nan 0.000000 2147483647.000000 0 -nan 0.000000
47 10 0 0 -nan 0.000000 2147483647.000000 0 -nan 0.000000
48 11 0 0 -nan 0.000000 2147483647.000000 0 -nan 0.000000
49 12 0 0 -nan 0.000000 2147483647.000000 0 -nan 0.000000
50 13 0 0 -nan 0.000000 2147483647.000000 0 -nan 0.000000
51 14 0 0 -nan 0.000000 2147483647.000000 0 -nan 0.000000
52 15 0 0 -nan 0.000000 2147483647.000000 0 -nan 0.000000
53 16 0 0 -nan 0.000000 2147483647.000000 0 -nan 0.000000
54 17 0 0 -nan 0.000000 2147483647.000000 0 -nan 0.000000
55 18 0 0 -nan 0.000000 2147483647.000000 0 -nan 0.000000
56 19 0 0 -nan 0.000000 2147483647.000000 0 -nan 0.000000
57 20 0 0 -nan 0.000000 2147483647.000000 0 -nan 0.000000
58 21 0 0 -nan 0.000000 2147483647.000000 0 -nan 0.000000
59 22 0 0 -nan 0.000000 2147483647.000000 0 -nan 0.000000
60 23 0 0 -nan 0.000000 2147483647.000000 0 -nan 0.000000
61 24 0 0 -nan 0.000000 2147483647.000000 0 -nan 0.000000
62 25 0 0 -nan 0.000000 2147483647.000000 0 -nan 0.000000
63 26 0 0 -nan 0.000000 2147483647.000000 0 -nan 0.000000
64 27 0 0 -nan 0.000000 2147483647.000000 0 -nan 0.000000
65 28 0 0 -nan 0.000000 2147483647.000000 0 -nan 0.000000
66 29 0 0 -nan 0.000000 2147483647.000000 0 -nan 0.000000
67 30 0 0 -nan 0.000000 2147483647.000000 0 -nan 0.000000
68 31 0 0 -nan 0.000000 2147483647.000000 0 -nan 0.000000
114 32 0 0 -nan 0.000000 2147483647.000000 0 -nan 0.000000
115 33 0 0 -nan 0.000000 2147483647.000000 0 -nan 0.000000
116 34 0 0 -nan 0.000000 2147483647.000000 0 -nan 0.000000
117 35 0 0 -nan 0.000000 2147483647.000000 0 -nan 0.000000
118 36 0 0 -nan 0.000000 2147483647.000000 0 -nan 0.000000
119 37 0 0 -nan 0.000000 2147483647.000000 0 -nan 0.000000
120 38 0 0 -nan 0.000000 2147483647.000000 0 -nan 0.000000
121 39 0 0 -nan 0.000000 2147483647.000000 0 -nan 0.000000
122 40 0 0 -nan 0.000000 2147483647.000000 0 -nan 0.000000
123 41 0 0 -nan 0.000000 2147483647.000000 0 -nan 0.000000
124 42 0 0 -nan 0.000000 2147483647.000000 0 -nan 0.000000
125 43 0 0 -nan 0.000000 2147483647.000000 0 -nan 0.000000
126 44 0 0 -nan 0.000000 2147483647.000000 0 -nan 0.000000
127 45 0 0 -nan 0.000000 2147483647.000000 0 -nan 0.000000
128 46 0 0 -nan 0.000000 2147483647.000000 0 -nan 0.000000
129 47 0 0 -nan 0.000000 2147483647.000000 0 -nan 0.000000
130 48 0 0 -nan 0.000000 2147483647.000000 0 -nan 0.000000
131 49 0 0 -nan 0.000000 2147483647.000000 0 -nan 0.000000
132 50 0 0 -nan 0.000000 2147483647.000000 0 -nan 0.000000
133 51 0 0 -nan 0.000000 2147483647.000000 0 -nan 0.000000
134 52 0 0 -nan 0.000000 2147483647.000000 0 -nan 0.000000
135 53 0 0 -nan 0.000000 2147483647.000000 0 -nan 0.000000
136 54 0 0 -nan 0.000000 2147483647.000000 0 -nan 0.000000
137 55 0 0 -nan 0.000000 2147483647.000000 0 -nan 0.000000
138 56 0 0 -nan 0.000000 2147483647.000000 0 -nan 0.000000
139 57 0 0 -nan 0.000000 2147483647.000000 0 -nan 0.000000
140 58 0 0 -nan 0.000000 2147483647.000000 0 -nan 0.000000
141 59 0 0 -nan 0.000000 2147483647.000000 0 -nan 0.000000
142 60 0 0 -nan 0.000000 2147483647.000000 0 -nan 0.000000
143 61 0 0 -nan 0.000000 2147483647.000000 0 -nan 0.000000
144 62 0 0 -nan 0.000000 2147483647.000000 0 -nan 0.000000
145 63 0 0 -nan 0.000000 2147483647.000000 0 -nan 0.000000
191 64 0 0 -nan 0.000000 2147483647.000000 0 -nan 0.000000
192 65 0 0 -nan 0.000000 2147483647.000000 0 -nan 0.000000
193 66 0 0 -nan 0.000000 2147483647.000000 0 -nan 0.000000
194 67 0 0 -nan 0.000000 2147483647.000000 0 -nan 0.000000
195 68 0 0 -nan 0.000000 2147483647.000000 0 -nan 0.000000
196 69 0 0 -nan 0.000000 2147483647.000000 0 -nan 0.000000
197 70 0 0 -nan 0.000000 2147483647.000000 0 -nan 0.000000
198 71 0 0 -nan 0.000000 2147483647.000000 0 -nan 0.000000
199 72 0 0 -nan 0.000000 2147483647.000000 0 -nan 0.000000
200 73 0 0 -nan 0.000000 2147483647.000000 0 -nan 0.000000
201 74 0 0 -nan 0.000000 2147483647.000000 0 -nan 0.000000
202 75 0 0 -nan 0.000000 2147483647.000000 0 -nan 0.000000
203 76 0 0 -nan 0.000000 2147483647.000000 0 -nan 0.000000
204 77 0 0 -nan 0.000000 2147483647.000000 0 -nan 0.000000
205 78 0 0 -nan 0.000000 2147483647.000000 0 -nan 0.000000
206 79 0 0 -nan 0.000000 2147483647.000000 0 -nan 0.000000
207 80 0 0 -nan 0.000000 2147483647.000000 0 -nan 0.000000
208 81 0 0 -nan 0.000000 2147483647.000000 0 -nan 0.000000
209 82 0 0 -nan 0.000000 2147483647.000000 0 -nan 0.000000
210 83 0 0 -nan 0.000000 2147483647.000000 0 -nan 0.000000
211 84 0 0 -nan 0.000000 2147483647.000000 0 -nan 0.000000
212 85 0 0 -nan 0.000000 2147483647.000000 0 -nan 0.000000
213 86 0 0 -nan 0.000000 2147483647.000000 0 -nan 0.000000
214 87 0 0 -nan 0.000000 2147483647.000000 0 -nan 0.000000
215 88 0 0 -nan 0.000000 2147483647.000000 0 -nan 0.000000
216 89 0 0 -nan 0.000000 2147483647.000000 0 -nan 0.000000
217 90 0 0 -nan 0.000000 2147483647.000000 0 -nan 0.000000
218 91 0 0 -nan 0.000000 2147483647.000000 0 -nan 0.000000
219 92 0 0 -nan 0.000000 2147483647.000000 0 -nan 0.000000
220 93 0 0 -nan 0.000000 2147483647.000000 0 -nan 0.000000
221 94 0 0 -nan 0.000000 2147483647.000000 0 -nan 0.000000
222 95 0 0 -nan 0.000000 2147483647.000000 0 -nan 0.000000
268 96 0 0 -nan 0.000000 2147483647.000000 0 -nan 0.000000
269 97 0 0 -nan 0.000000 2147483647.000000 0 -nan 0.000000
270 98 0 0 -nan 0.000000 2147483647.000000 0 -nan 0.000000
271 99 0 0 -nan 0.000000 2147483647.000000 0 -nan 0.000000
272 100 0 0 -nan 0.000000 2147483647.000000 0 -nan 0.000000
273 101 0 0 -nan 0.000000 2147483647.000000 0 -nan 0.000000
274 102 0 0 -nan 0.000000 2147483647.000000 0 -nan 0.000000
275 103 0 0 -nan 0.000000 2147483647.000000 0 -nan 0.000000
276 104 0 0 -nan 0.000000 2147483647.000000 0 -nan 0.000000
277 105 0 0 -nan 0.000000 2147483647.000000 0 -nan 0.000000
278 106 0 0 -nan 0.000000 2147483647.000000 0 -nan 0.000000
279 107 0 0 -nan 0.000000 2147483647.000000 0 -nan 0.000000
280 108 0 0 -nan 0.000000 2147483647.000000 0 -nan 0.000000
281 109 0 0 -nan 0.000000 2147483647.000000 0 -nan 0.000000
282 110 0 0 -nan 0.000000 2147483647.000000 0 -nan 0.000000
283 111 0 0 -nan 0.000000 2147483647.000000 0 -nan 0.000000
284 112 0 0 -nan 0.000000 2147483647.000000 0 -nan 0.000000
285 113 0 0 -nan 0.000000 2147483647.000000 0 -nan 0.000000
286 114 0 0 -nan 0.000000 2147483647.000000 0 -nan 0.000000
287 115 0 0 -nan 0.000000 2147483647.000000 0 -nan 0.000000
288 116 0 0 -nan 0.000000 2147483647.000000 0 -nan 0.000000
289 117 0 0 -nan 0.000000 2147483647.000000 0 -nan 0.000000
290 118 0 0 -nan 0.000000 2147483647.000000 0 -nan 0.000000
291 119 0 0 -nan 0.000000 2147483647.000000 0 -nan 0.000000
292 120 0 0 -nan 0.000000 2147483647.000000 0 -nan 0.000000
293 121 0 0 -nan 0.000000 2147483647.000000 0 -nan 0.000000
294 122 0 0 -nan 0.000000 2147483647.000000 0 -nan 0.000000
295 123 0 0 -nan 0.000000 2147483647.000000 0 -nan 0.000000
296 124 0 0 -nan 0.000000 2147483647.000000 0 -nan 0.000000
297 125 0 0 -nan 0.000000 2147483647.000000 0 -nan 0.000000
298 126 0 0 -nan 0.000000 2147483647.000000 0 -nan 0.000000
299 127 0 0 -nan 0.000000 2147483647.000000 0 -nan 0.000000
345 128 0 0 -nan 0.000000 2147483647.000000 0 -nan 0.000000
346 129 0 0 -nan 0.000000 2147483647.000000 0 -nan 0.000000
347 130 0 0 -nan 0.000000 2147483647.000000 0 -nan 0.000000
348 131 0 0 -nan 0.000000 2147483647.000000 0 -nan 0.000000
349 132 0 0 -nan 0.000000 2147483647.000000 0 -nan 0.000000
350 133 0 0 -nan 0.000000 2147483647.000000 0 -nan 0.000000
351 134 0 0 -nan 0.000000 2147483647.000000 0 -nan 0.000000
352 135 0 0 -nan 0.000000 2147483647.000000 0 -nan 0.000000
353 136 0 0 -nan 0.000000 2147483647.000000 0 -nan 0.000000
354 137 0 0 -nan 0.000000 2147483647.000000 0 -nan 0.000000
355 138 0 0 -nan 0.000000 2147483647.000000 0 -nan 0.000000
356 139 0 0 -nan 0.000000 2147483647.000000 0 -nan 0.000000
357 140 0 0 -nan 0.000000 2147483647.000000 0 -nan 0.000000
358 141 0 0 -nan 0.000000 2147483647.000000 0 -nan 0.000000
359 142 0 0 -nan 0.000000 2147483647.000000 0 -nan 0.000000
360 143 0 0 -nan 0.000000 2147483647.000000 0 -nan 0.000000
361 144 0 0 -nan 0.000000 2147483647.000000 0 -nan 0.000000
362 145 0 0 -nan 0.000000 2147483647.000000 0 -nan 0.000000
363 146 0 0 -nan 0.000000 2147483647.000000 0 -nan 0.000000
364 147 0 0 -nan 0.000000 2147483647.000000 0 -nan 0.000000
365 148 0 0 -nan 0.000000 2147483647.000000 0 -nan 0.000000
366 149 0 0 -nan 0.000000 2147483647.000000 0 -nan 0.000000
367 150 0 0 -nan 0.000000 2147483647.000000 0 -nan 0.000000
368 151 0 0 -nan 0.000000 2147483647.000000 0 -nan 0.000000
369 152 0 0 -nan 0.000000 2147483647.000000 0 -nan 0.000000
370 153 0 0 -nan 0.000000 2147483647.000000 0 -nan 0.000000
371 154 0 0 -nan 0.000000 2147483647.000000 0 -nan 0.000000
372 155 0 0 -nan 0.000000 2147483647.000000 0 -nan 0.000000
373 156 0 0 -nan 0.000000 2147483647.000000 0 -nan 0.000000
374 157 0 0 -nan 0.000000 2147483647.000000 0 -nan 0.000000
375 158 0 0 -nan 0.000000 2147483647.000000 0 -nan 0.000000
376 159 0 0 -nan 0.000000 2147483647.000000 0 -nan 0.000000
422 160 0 0 -nan 0.000000 2147483647.000000 0 -nan 0.000000
423 161 0 0 -nan 0.000000 2147483647.000000 0 -nan 0.000000
424 162 0 0 -nan 0.000000 2147483647.000000 0 -nan 0.000000
425 163 0 0 -nan 0.000000 2147483647.000000 0 -nan 0.000000
426 164 0 0 -nan 0.000000 2147483647.000000 0 -nan 0.000000
427 165 0 0 -nan 0.000000 2147483647.000000 0 -nan 0.000000
428 166 0 0 -nan 0.000000 2147483647.000000 0 -nan 0.000000
429 167 0 0 -nan 0.000000 2147483647.000000 0 -nan 0.000000
430 168 0 0 -nan 0.000000 2147483647.000000 0 -nan 0.000000
431 169 0 0 -nan 0.000000 2147483647.000000 0 -nan 0.000000
432 170 0 0 -nan 0.000000 2147483647.000000 0 -nan 0.000000
433 171 0 0 -nan 0.000000 2147483647.000000 0 -nan 0.000000
434 172 0 0 -nan 0.000000 2147483647.000000 0 -nan 0.000000
435 173 0 0 -nan 0.000000 2147483647.000000 0 -nan 0.000000
436 174 0 0 -nan 0.000000 2147483647.000000 0 -nan 0.000000
437 175 0 0 -nan 0.000000 2147483647.000000 0 -nan 0.000000
438 176 0 0 -nan 0.000000 2147483647.000000 0 -nan 0.000000
439 177 0 0 -nan 0.000000 2147483647.000000 0 -nan 0.000000
440 178 0 0 -nan 0.000000 2147483647.000000 0 -nan 0.000000
441 179 0 0 -nan 0.000000 2147483647.000000 0 -nan 0.000000
442 180 0 0 -nan 0.000000 2147483647.000000 0 -nan 0.000000
443 181 0 0 -nan 0.000000 2147483647.000000 0 -nan 0.000000
444 182 0 0 -nan 0.000000 2147483647.000000 0 -nan 0.000000
445 183 0 0 -nan 0.000000 2147483647.000000 0 -nan 0.000000
446 184 0 0 -nan 0.000000 2147483647.000000 0 -nan 0.000000
447 185 0 0 -nan 0.000000 2147483647.000000 0 -nan 0.000000
448 186 0 0 -nan 0.000000 2147483647.000000 0 -nan 0.000000
449 187 0 0 -nan 0.000000 2147483647.000000 0 -nan 0.000000
450 188 0 0 -nan 0.000000 2147483647.000000 0 -nan 0.000000
451 189 0 0 -nan 0.000000 2147483647.000000 0 -nan 0.000000
452 190 0 0 -nan 0.000000 2147483647.000000 0 -nan 0.000000
453 191 0 0 -nan 0.000000 2147483647.000000 0 -nan 0.000000
499 192 0 0 -nan 0.000000 2147483647.000000 0 -nan 0.000000
500 193 0 0 -nan 0.000000 2147483647.000000 0 -nan 0.000000
501 194 0 0 -nan 0.000000 2147483647.000000 0 -nan 0.000000
502 195 0 0 -nan 0.000000 2147483647.000000 0 -nan 0.000000
503 196 0 0 -nan 0.000000 2147483647.000000 0 -nan 0.000000
504 197 0 0 -nan 0.000000 2147483647.000000 0 -nan 0.000000
505 198 0 0 -nan 0.000000 2147483647.000000 0 -nan 0.000000
506 199 0 0 -nan 0.000000 2147483647.000000 0 -nan 0.000000
507 200 0 0 -nan 0.000000 2147483647.000000 0 -nan 0.000000
508 201 0 0 -nan 0.000000 2147483647.000000 0 -nan 0.000000
509 202 0 0 -nan 0.000000 2147483647.000000 0 -nan 0.000000
510 203 0 0 -nan 0.000000 2147483647.000000 0 -nan 0.000000
511 204 0 0 -nan 0.000000 2147483647.000000 0 -nan 0.000000
512 205 0 0 -nan 0.000000 2147483647.000000 0 -nan 0.000000
513 206 0 0 -nan 0.000000 2147483647.000000 0 -nan 0.000000
514 207 0 0 -nan 0.000000 2147483647.000000 0 -nan 0.000000
515 208 0 0 -nan 0.000000 2147483647.000000 0 -nan 0.000000
516 209 0 0 -nan 0.000000 2147483647.000000 0 -nan 0.000000
517 210 0 0 -nan 0.000000 2147483647.000000 0 -nan 0.000000
518 211 0 0 -nan 0.000000 2147483647.000000 0 -nan 0.000000
519 212 0 0 -nan 0.000000 2147483647.000000 0 -nan 0.000000
520 213 0 0 -nan 0.000000 2147483647.000000 0 -nan 0.000000
521 214 0 0 -nan 0.000000 2147483647.000000 0 -nan 0.000000
522 215 0 0 -nan 0.000000 2147483647.000000 0 -nan 0.000000
523 216 0 0 -nan 0.000000 2147483647.000000 0 -nan 0.000000
524 217 0 0 -nan 0.000000 2147483647.000000 0 -nan 0.000000
525 218 0 0 -nan 0.000000 2147483647.000000 0 -nan 0.000000
526 219 0 0 -nan 0.000000 2147483647.000000 0 -nan 0.000000
527 220 0 0 -nan 0.000000 2147483647.000000 0 -nan 0.000000
528 221 0 0 -nan 0.000000 2147483647.000000 0 -nan 0.000000
529 222 0 0 -nan 0.000000 2147483647.000000 0 -nan 0.000000
530 223 0 0 -nan 0.000000 2147483647.000000 0 -nan 0.000000
576 224 0 0 -nan 0.000000 2147483647.000000 0 -nan 0.000000
577 225 0 0 -nan 0.000000 2147483647.000000 0 -nan 0.000000
578 226 0 0 -nan 0.000000 2147483647.000000 0 -nan 0.000000
579 227 0 0 -nan 0.000000 2147483647.000000 0 -nan 0.000000
580 228 0 0 -nan 0.000000 2147483647.000000 0 -nan 0.000000
581 229 0 0 -nan 0.000000 2147483647.000000 0 -nan 0.000000
582 230 0 0 -nan 0.000000 2147483647.000000 0 -nan 0.000000
583 231 0 0 -nan 0.000000 2147483647.000000 0 -nan 0.000000
584 232 0 0 -nan 0.000000 2147483647.000000 0 -nan 0.000000
585 233 0 0 -nan 0.000000 2147483647.000000 0 -nan 0.000000
586 234 0 0 -nan 0.000000 2147483647.000000 0 -nan 0.000000
587 235 0 0 -nan 0.000000 2147483647.000000 0 -nan 0.000000
588 236 0 0 -nan 0.000000 2147483647.000000 0 -nan 0.000000
589 237 0 0 -nan 0.000000 2147483647.000000 0 -nan 0.000000
590 238 0 0 -nan 0.000000 2147483647.000000 0 -nan 0.000000
591 239 0 0 -nan 0.000000 2147483647.000000 0 -nan 0.000000
592 240 0 0 -nan 0.000000 2147483647.000000 0 -nan 0.000000
593 241 0 0 -nan 0.000000 2147483647.000000 0 -nan 0.000000
594 242 0 0 -nan 0.000000 2147483647.000000 0 -nan 0.000000
595 243 0 0 -nan 0.000000 2147483647.000000 0 -nan 0.000000
596 244 0 0 -nan 0.000000 2147483647.000000 0 -nan 0.000000
597 245 0 0 -nan 0.000000 2147483647.000000 0 -nan 0.000000
598 246 0 0 -nan 0.000000 2147483647.000000 0 -nan 0.000000
599 247 0 0 -nan 0.000000 2147483647.000000 0 -nan 0.000000
600 248 0 0 -nan 0.000000 2147483647.000000 0 -nan 0.000000
601 249 0 0 -nan 0.000000 2147483647.000000 0 -nan 0.000000
602 250 0 0 -nan 0.000000 2147483647.000000 0 -nan 0.000000
603 251 0 0 -nan 0.000000 2147483647.000000 0 -nan 0.000000
604 252 0 0 -nan 0.000000 2147483647.000000 0 -nan 0.000000
605 253 0 0 -nan 0.000000 2147483647.000000 0 -nan 0.000000
606 254 0 0 -nan 0.000000 2147483647.000000 0 -nan 0.000000
607 255 0 0 -nan 0.000000 2147483647.000000 0 -nan 0.000000
653 256 0 0 -nan 0.000000 2147483647.000000 0 -nan 0.000000
654 257 0 0 -nan 0.000000 2147483647.000000 0 -nan 0.000000
655 258 0 0 -nan 0.000000 2147483647.000000 0 -nan 0.000000
656 259 0 0 -nan 0.000000 2147483647.000000 0 -nan 0.000000
657 260 0 0 -nan 0.000000 2147483647.000000 0 -nan 0.000000
658 261 0 0 -nan 0.000000 2147483647.000000 0 -nan 0.000000
659 262 0 0 -nan 0.000000 2147483647.000000 0 -nan 0.000000
660 263 0 0 -nan 0.000000 2147483647.000000 0 -nan 0.000000
661 264 0 0 -nan 0.000000 2147483647.000000 0 -nan 0.000000
662 265 0 0 -nan 0.000000 2147483647.000000 0 -nan 0.000000
663 266 0 0 -nan 0.000000 2147483647.000000 0 -nan 0.000000
664 267 0 0 -nan 0.000000 2147483647.000000 0 -nan 0.000000
665 268 0 0 -nan 0.000000 2147483647.000000 0 -nan 0.000000
666 269 0 0 -nan 0.000000 2147483647.000000 0 -nan 0.000000
667 270 0 0 -nan 0.000000 2147483647.000000 0 -nan 0.000000
668 271 0 0 -nan 0.000000 2147483647.000000 0 -nan 0.000000
669 272 0 0 -nan 0.000000 2147483647.000000 0 -nan 0.000000
670 273 0 0 -nan 0.000000 2147483647.000000 0 -nan 0.000000
671 274 0 0 -nan 0.000000 2147483647.000000 0 -nan 0.000000
672 275 0 0 -nan 0.000000 2147483647.000000 0 -nan 0.000000
673 276 0 0 -nan 0.000000 2147483647.000000 0 -nan 0.000000
674 277 0 0 -nan 0.000000 2147483647.000000 0 -nan 0.000000
675 278 0 0 -nan 0.000000 2147483647.000000 0 -nan 0.000000
676 279 0 0 -nan 0.000000 2147483647.000000 0 -nan 0.000000
677 280 0 0 -nan 0.000000 2147483647.000000 0 -nan 0.000000
678 281 0 0 -nan 0.000000 2147483647.000000 0 -nan 0.000000
679 282 0 0 -nan 0.000000 2147483647.000000 0 -nan 0.000000
680 283 0 0 -nan 0.000000 2147483647.000000 0 -nan 0.000000
681 284 0 0 -nan 0.000000 2147483647.000000 0 -nan 0.000000
682 285 0 0 -nan 0.000000 2147483647.000000 0 -nan 0.000000
683 286 0 0 -nan 0.000000 2147483647.000000 0 -nan 0.000000
684 287 0 0 -nan 0.000000 2147483647.000000 0 -nan 0.000000
730 288 0 0 -nan 0.000000 2147483647.000000 0 -nan 0.000000
731 289 0 0 -nan 0.000000 2147483647.000000 0 -nan 0.000000
732 290 0 0 -nan 0.000000 2147483647.000000 0 -nan 0.000000
733 291 0 0 -nan 0.000000 2147483647.000000 0 -nan 0.000000
734 292 0 0 -nan 0.000000 2147483647.000000 0 -nan 0.000000
735 293 0 0 -nan 0.000000 2147483647.000000 0 -nan 0.000000
736 294 0 0 -nan 0.000000 2147483647.000000 0 -nan 0.000000
737 295 0 0 -nan 0.000000 2147483647.000000 0 -nan 0.000000
738 296 0 0 -nan 0.000000 2147483647.000000 0 -nan 0.000000
739 297 0 0 -nan 0.000000 2147483647.000000 0 -nan 0.000000
740 298 0 0 -nan 0.000000 2147483647.000000 0 -nan 0.000000
741 299 0 0 -nan 0.000000 2147483647.000000 0 -nan 0.000000
742 300 0 0 -nan 0.000000 2147483647.000000 0 -nan 0.000000
743 301 0 0 -nan 0.000000 2147483647.000000 0 -nan 0.000000
744 302 0 0 -nan 0.000000 2147483647.000000 0 -nan 0.000000
745 303 0 0 -nan 0.000000 2147483647.000000 0 -nan 0.000000
746 304 0 0 -nan 0.000000 2147483647.000000 0 -nan 0.000000
747 305 0 0 -nan 0.000000 2147483647.000000 0 -nan 0.000000
748 306 0 0 -nan 0.000000 2147483647.000000 0 -nan 0.000000
749 307 0 0 -nan 0.000000 2147483647.000000 0 -nan 0.000000
750 308 0 0 -nan 0.000000 2147483647.000000 0 -nan 0.000000
751 309 0 0 -nan 0.000000 2147483647.000000 0 -nan 0.000000
752 310 0 0 -nan 0.000000 2147483647.000000 0 -nan 0.000000
753 311 0 0 -nan 0.000000 2147483647.000000 0 -nan 0.000000
754 312 0 0 -nan 0.000000 2147483647.000000 0 -nan 0.000000
755 313 0 0 -nan 0.000000 2147483647.000000 0 -nan 0.000000
756 314 0 0 -nan 0.000000 2147483647.000000 0 -nan 0.000000
757 315 0 0 -nan 0.000000 2147483647.000000 0 -nan 0.000000
758 316 0 0 -nan 0.000000 2147483647.000000 0 -nan 0.000000
759 317 0 0 -nan 0.000000 2147483647.000000 0 -nan 0.000000
760 318 0 0 -nan 0.000000 2147483647.000000 0 -nan 0.000000
761 319 0 0 -nan 0.000000 2147483647.000000 0 -nan 0.000000
807 320 166666794 21504 1454.245747 2001.357580 1441.053854 168 2.000000 20960405.163576
808 321 166666794 21504 1441.478739 1476.825546 1441.053854 168 2.000000 20999475.839793
809 322 166666794 21504 1449.547322 1799.482325 1441.053854 168 2.000000 20952434.591650
810 323 166666794 21504 1449.958693 1832.983602 1441.053854 168 2.000000 20943033.461781
811 324 166666794 21504 1441.445813 1463.760385 1441.053854 168 2.000000 20943911.650732
812 325 166666794 21504 1441.445813 1463.760385 1441.053854 168 2.000000 20961284.356123
813 326 166666794 21504 1442.770364 1529.609565 1441.053854 168 2.000000 20953551.580452
814 327 166666794 21504 1441.482373 1477.107303 1441.053854 168 2.000000 20929526.393011
815 328 166666794 21504 1448.993176 1774.505379 1441.053854 168 2.000000 20960838.899495
816 329 166666794 21504 1449.340787 1797.211910 1441.053854 168 2.000000 20953106.364867
817 330 166666794 21504 1441.482373 1477.107303 1441.053854 168 2.000000 20929058.562274
818 331 166666794 21504 1449.962327 1833.265360 1441.053854 168 2.000000 20943705.464523
819 332 166666794 21504 1441.202526 1463.760385 1441.053854 168 2.000000 21555221.561864
820 333 166666794 21504 1441.478739 1476.825546 1441.053854 168 2.000000 21543719.706573
821 334 166666794 21504 1442.789369 1530.407795 1441.053854 168 2.000000 22964766.278439
822 335 166666794 21504 1441.446715 1463.760385 1441.053854 168 2.000000 23526600.918556
823 336 166666794 21504 1454.243042 2001.206103 1441.053854 168 2.000000 21246944.776183
824 337 166666794 21504 1441.474267 1476.389701 1441.053854 168 2.000000 21225996.567685
825 338 166666794 21504 1449.546420 1799.330848 1441.053854 168 2.000000 21253723.511194
826 339 166666794 21504 1454.821764 2037.183574 1441.053854 168 2.000000 21238497.017615
827 340 166666794 21504 1441.474267 1476.389701 1441.053854 168 2.000000 21226941.193081
828 341 166666794 21504 1441.201625 1463.760385 1441.053854 168 2.000000 21247651.469862
829 342 166666794 21504 1441.201625 1463.760385 1441.053854 168 2.000000 21253475.508786
830 343 166666794 21504 1441.201625 1463.760385 1441.053854 168 2.000000 21238964.788765
831 344 166666794 21504 1449.341688 1797.211910 1441.053854 168 2.000000 21254157.109921
832 345 166666794 21504 1441.484805 1477.031325 1441.053854 168 2.000000 21226429.923887
833 346 166666794 21504 1450.985033 1875.841883 1441.053854 168 2.000000 21238930.294051
834 347 166666794 21504 1450.564620 1840.506036 1441.053854 168 2.000000 21247378.047498
835 348 166666794 21504 591.738319 591.738319 591.738319 168 1.000000 229043.147563
836 349 166666794 21504 591.738319 591.738319 591.738319 168 1.000000 232866.426745
837 350 322560 2500001910 8617.791597 548763.111630 591.738319 612510 1.866667 1945.125279
838 351 322560 2500001910 9692.829582 539490.053505 1441.053854 612510 2.000000 2430.480775
884 352 166666794 21504 1441.445179 1463.760385 1441.053854 168 2.000000 20952009.212392
885 353 166666794 21504 1441.481071 1477.067647 1441.053854 168 2.000000 20927984.617043
886 354 166666794 21504 1442.227829 1506.796487 1441.053854 168 2.000000 20942392.724529
887 355 166666794 21504 1441.445179 1463.760385 1441.053854 168 2.000000 20959741.555792
888 356 166666794 21504 1448.596266 1776.882339 1441.053854 168 2.000000 20958862.892966
889 357 166666794 21504 1441.478840 1476.870801 1441.053854 168 2.000000 20997933.316127
890 358 166666794 21504 1449.958793 1833.028858 1441.053854 168 2.000000 20941252.281638
891 359 166666794 21504 1454.247649 2001.464126 1441.053854 168 2.000000 20950891.847662
892 360 166666794 21504 1449.533808 1797.211910 1441.053854 168 2.000000 20951564.091466
893 361 166666794 21504 1449.961025 1833.225704 1441.053854 168 2.000000 20941924.380769
894 362 166666794 21504 1448.711816 1773.886900 1441.053854 168 2.000000 20959534.578591
895 363 166666794 21504 1441.481071 1477.067647 1441.053854 168 2.000000 20927516.903249
896 364 166666794 21504 1442.783187 1530.121498 1441.053854 168 2.000000 22914018.997804
897 365 166666794 21504 1442.783187 1530.121498 1441.053854 168 2.000000 21569928.141238
898 366 166666794 21504 1441.478840 1476.870801 1441.053854 168 2.000000 21550862.764869
899 367 166666794 21504 1441.446245 1463.760385 1441.053854 168 2.000000 23454914.965178
900 368 166666794 21504 1441.477304 1476.636656 1441.053854 168 2.000000 21225756.972863
901 369 166666794 21504 1454.814804 2036.658568 1441.053854 168 2.000000 21238019.324113
902 370 166666794 21504 1449.546890 1799.409736 1441.053854 168 2.000000 21246466.480064
903 371 166666794 21504 1454.244450 2001.284991 1441.053854 168 2.000000 21253245.223954
904 372 166666794 21504 1441.202094 1463.760385 1441.053854 168 2.000000 21239679.704084
905 373 166666794 21504 1441.202094 1463.760385 1441.053854 168 2.000000 21254428.787951
906 374 166666794 21504 1441.202094 1463.760385 1441.053854 168 2.000000 21248364.942243
907 375 166666794 21504 1441.477304 1476.636656 1441.053854 168 2.000000 21227417.348224
908 376 166666794 21504 1441.475967 1476.427430 1441.053854 168 2.000000 21226667.313734
909 377 166666794 21504 1450.562742 1840.427148 1441.053854 168 2.000000 21254155.833395
910 378 166666794 21504 1450.986192 1876.009950 1441.053854 168 2.000000 21238930.202819
911 379 166666794 21504 1449.341219 1797.211910 1441.053854 168 2.000000 21247615.416021
912 380 166666794 21504 591.738319 591.738319 591.738319 168 1.000000 232389.589587
913 381 166666794 21504 591.738319 591.738319 591.738319 168 1.000000 229041.974812
914 382 322560 2500001910 8616.812564 548761.835104 591.738319 612510 1.866667 1885.807057
915 383 322560 2500001910 9691.742629 548898.237305 1441.053854 612510 2.000000 2445.590903
961 384 166666794 21504 1441.203850 1463.760385 1441.053854 168 2.000000 20961350.325885
962 385 166666794 21504 1441.484241 1477.075143 1441.053854 168 2.000000 20929570.675063
963 386 166666794 21504 1441.203850 1463.760385 1441.053854 168 2.000000 20953618.427573
964 387 166666794 21504 1441.203850 1463.760385 1441.053854 168 2.000000 20943978.763625
965 388 166666794 21504 1449.960915 1832.999639 1441.053854 168 2.000000 20943705.912866
966 389 166666794 21504 1450.555718 1840.132147 1441.053854 168 2.000000 20960839.334327
967 390 166666794 21504 1441.480962 1476.841583 1441.053854 168 2.000000 20929059.617598
968 391 166666794 21504 1449.339463 1797.211910 1441.053854 168 2.000000 20953107.290647
969 392 166666794 21504 1441.484241 1477.075143 1441.053854 168 2.000000 20999475.839793
970 393 166666794 21504 1449.548646 1799.704736 1441.053854 168 2.000000 20952434.704388
971 394 166666794 21504 1454.249718 2001.579991 1441.053854 168 2.000000 20960405.489214
972 395 166666794 21504 1449.964194 1833.233199 1441.053854 168 2.000000 20943033.425668
973 396 166666794 21504 1441.444489 1463.760385 1441.053854 168 2.000000 21555156.163758
974 397 166666794 21504 1441.480962 1476.841583 1441.053854 168 2.000000 21543677.013529
975 398 166666794 21504 1441.444489 1463.760385 1441.053854 168 2.000000 22964767.404609
976 399 166666794 21504 1442.749046 1528.802077 1441.053854 168 2.000000 23526617.139935
977 400 166666794 21504 1441.447905 1463.760385 1441.053854 168 2.000000 21247584.714164
978 401 166666794 21504 1442.776640 1529.961049 1441.053854 168 2.000000 21253409.852051
979 402 166666794 21504 1441.479253 1476.656670 1441.053854 168 2.000000 21226941.357357
980 403 166666794 21504 1441.200434 1463.760385 1441.053854 168 2.000000 21238964.949122
981 404 166666794 21504 1448.736657 1775.664352 1441.053854 168 2.000000 21253918.103822
982 405 166666794 21504 1441.479015 1476.833534 1441.053854 168 2.000000 21226429.877520
983 406 166666794 21504 1450.994781 1876.308860 1441.053854 168 2.000000 21238930.293159
984 407 166666794 21504 1450.569382 1840.706043 1441.053854 168 2.000000 21247378.501352
985 408 166666794 21504 1441.479253 1476.656670 1441.053854 168 2.000000 21225996.602014
986 409 166666794 21504 1448.602840 1777.583281 1441.053854 168 2.000000 21253723.748359
987 410 166666794 21504 1454.811211 2036.785776 1441.053854 168 2.000000 21238497.339196
988 411 166666794 21504 1454.239470 2001.006096 1441.053854 168 2.000000 21246944.752774
989 412 166666794 21504 591.738319 591.738319 591.738319 168 1.000000 232866.426745
990 413 166666794 21504 591.738319 591.738319 591.738319 168 1.000000 229042.743103
991 414 322560 2500001910 8617.787675 548762.524111 591.738319 612510 1.866667 1981.179246
992 415 322560 2500001910 9692.836145 539251.634926 1441.053854 612510 2.000000 2430.284315
1038 416 166666794 21504 1441.443097 1463.760385 1441.053854 168 2.000000 20939723.233166
1039 417 166666794 21504 1441.480795 1476.995660 1441.053854 168 2.000000 20925576.216648
1040 418 166666794 21504 1442.610826 1506.446676 1441.053854 168 2.000000 20956857.207169
1041 419 166666794 21504 1441.443097 1463.760385 1441.053854 168 2.000000 20949601.191634
1042 420 166666794 21504 1441.205243 1463.760385 1441.053854 168 2.000000 20949189.442936
1043 421 166666794 21504 1441.205243 1463.760385 1441.053854 168 2.000000 20939311.629654
1044 422 166666794 21504 1441.481687 1477.019080 1441.053854 168 2.000000 20924903.649046
1045 423 166666794 21504 1453.848422 1979.107406 1441.053854 168 2.000000 20956207.008847
1046 424 166666794 21504 1449.550038 1799.938682 1441.053854 168 2.000000 20948721.706397
1047 425 166666794 21504 1449.961641 1833.177137 1441.053854 168 2.000000 20938843.678956
1048 426 166666794 21504 1441.481687 1477.019080 1441.053854 168 2.000000 20995524.903339
1049 427 166666794 21504 1449.550038 1799.938682 1441.053854 168 2.000000 20955977.585405
1050 428 166666794 21504 1441.480795 1476.995660 1441.053854 168 2.000000 21565595.567206
1051 429 166666794 21504 1449.960749 1833.153717 1441.053854 168 2.000000 21578062.363258
1052 430 166666794 21504 1449.338070 1797.211910 1441.053854 168 2.000000 21584727.692105
1053 431 166666794 21504 1441.202035 1463.760385 1441.053854 168 2.000000 21593811.428298
1054 432 166666794 21504 1441.480065 1476.720700 1441.053854 168 2.000000 21224795.632453
1055 433 166666794 21504 1441.202035 1463.760385 1441.053854 168 2.000000 21237057.670632
1056 434 166666794 21504 1441.446304 1463.760385 1441.053854 168 2.000000 21252218.599150
1057 435 166666794 21504 1441.202035 1463.760385 1441.053854 168 2.000000 21245505.542985
1058 436 166666794 21504 1450.989188 1876.103845 1441.053854 168 2.000000 21235831.467789
1059 437 166666794 21504 1450.562976 1840.436999 1441.053854 168 2.000000 21251772.785441
1060 438 166666794 21504 1441.482693 1477.075960 1441.053854 168 2.000000 21223092.077508
1061 439 166666794 21504 1450.562976 1840.436999 1441.053854 168 2.000000 21243802.356853
1062 440 166666794 21504 1454.244274 2001.275140 1441.053854 168 2.000000 21251577.884096
1063 441 166666794 21504 1454.244274 2001.275140 1441.053854 168 2.000000 21243607.132749
1064 442 166666794 21504 1454.821295 2037.297246 1441.053854 168 2.000000 21235636.422677
1065 443 166666794 21504 1441.480065 1476.720700 1441.053854 168 2.000000 21222897.275509
1066 444 166666794 21504 591.738319 591.738319 591.738319 168 1.000000 232151.171008
1067 445 166666794 21504 591.738319 591.738319 591.738319 168 1.000000 229042.777022
1068 446 322560 2500001910 8591.305080 548762.972968 591.738319 612510 1.866667 2474.818622
1069 447 322560 2500001910 9670.624684 528624.978257 1441.053854 612510 2.000000 1900.239266
1115 448 166666794 21504 1441.481947 1477.069872 1441.053854 168 2.000000 20928255.089714
1116 449 166666794 21504 1441.443439 1463.760385 1441.053854 168 2.000000 20942835.768628
1117 450 166666794 21504 1441.443439 1463.760385 1441.053854 168 2.000000 20952237.221483
1118 451 166666794 21504 1441.443439 1463.760385 1441.053854 168 2.000000 20960207.765777
1119 452 166666794 21504 1449.336550 1797.211910 1441.053854 168 2.000000 20952268.552959
1120 453 166666794 21504 1441.484206 1477.037065 1441.053854 168 2.000000 20928221.078466
1121 454 166666794 21504 1448.975425 1774.505379 1441.053854 168 2.000000 20960239.260789
1122 455 166666794 21504 1450.979609 1875.971658 1441.053854 168 2.000000 20942628.751379
1123 456 166666794 21504 1449.544111 1799.881244 1441.053854 168 2.000000 20959089.917636
1124 457 166666794 21504 1441.481947 1477.069872 1441.053854 168 2.000000 20998637.218599
1125 458 166666794 21504 1454.834269 2037.739710 1441.053854 168 2.000000 20941479.803325
1126 459 166666794 21504 1449.544111 1799.881244 1441.053854 168 2.000000 20951119.133613
1127 460 166666794 21504 1441.212349 1464.073201 1441.053854 168 2.000000 21562352.945729
1128 461 166666794 21504 1441.212349 1464.073201 1441.053854 168 2.000000 21570221.534172
1129 462 166666794 21504 1441.212349 1464.073201 1441.053854 168 2.000000 22970999.692193
1130 463 166666794 21504 1441.478367 1476.779016 1441.053854 168 2.000000 23462089.533726
1131 464 166666794 21504 1449.958321 1832.937073 1441.053854 168 2.000000 21238496.775342
1132 465 166666794 21504 1454.247797 2001.472402 1441.053854 168 2.000000 21247420.980740
1133 466 166666794 21504 1441.478367 1476.779016 1441.053854 168 2.000000 21226472.539752
1134 467 166666794 21504 1454.247797 2001.472402 1441.053854 168 2.000000 21253484.588745
1135 468 166666794 21504 1449.960006 1833.117972 1441.053854 168 2.000000 21239168.789887
1136 469 166666794 21504 1449.533808 1797.211910 1441.053854 168 2.000000 21253918.473579
1137 470 166666794 21504 1449.533808 1797.211910 1441.053854 168 2.000000 21247854.884336
1138 471 166666794 21504 1441.480052 1476.959915 1441.053854 168 2.000000 21226906.555222
1139 472 166666794 21504 1442.227682 1506.788211 1441.053854 168 2.000000 21241067.691602
1140 473 166666794 21504 1442.227682 1506.788211 1441.053854 168 2.000000 21255578.318075
1141 474 166666794 21504 1442.227682 1506.788211 1441.053854 168 2.000000 21249753.624278
1142 475 166666794 21504 1441.480052 1476.959915 1441.053854 168 2.000000 21228805.080842
1143 476 166666794 21504 591.738319 591.738319 591.738319 168 1.000000 229041.915812
1144 477 166666794 21504 591.738319 591.738319 591.738319 168 1.000000 232389.589587
1145 478 322560 2500001910 8617.213226 548762.893867 591.738319 612510 1.866667 1914.572168
1146 479 322560 2500001910 9691.726144 548238.401874 1441.053854 612510 2.000000 2437.980475
1192 480 166666794 21504 1449.549458 1799.841213 1441.053854 168 2.000000 20952434.274358
1193 481 166666794 21504 1449.965228 1833.311968 1441.053854 168 2.000000 20943032.766816
1194 482 166666794 21504 1454.252155 2001.716468 1441.053854 168 2.000000 20960404.919999
1195 483 166666794 21504 1441.485274 1477.153912 1441.053854 168 2.000000 20999475.839793
1196 484 166666794 21504 1449.338650 1797.211910 1441.053854 168 2.000000 20953106.523168
1197 485 166666794 21504 1441.478517 1476.634273 1441.053854 168 2.000000 20929058.762235
1198 486 166666794 21504 1449.958471 1832.792330 1441.053854 168 2.000000 20943705.158702
1199 487 166666794 21504 1448.993176 1774.505379 1441.053854 168 2.000000 20960839.464108
1200 488 166666794 21504 1441.478517 1476.634273 1441.053854 168 2.000000 20929526.832576
1201 489 166666794 21504 1441.443677 1463.760385 1441.053854 168 2.000000 20943912.453807
1202 490 166666794 21504 1441.443677 1463.760385 1441.053854 168 2.000000 20961284.064478
1203 491 166666794 21504 1442.763955 1529.250677 1441.053854 168 2.000000 20953552.283579
1204 492 166666794 21504 1441.204662 1463.760385 1441.053854 168 2.000000 22965069.543339
1205 493 166666794 21504 1441.204662 1463.760385 1441.053854 168 2.000000 21555219.373394
1206 494 166666794 21504 1441.485274 1477.153912 1441.053854 168 2.000000 21543717.762903
1207 495 166666794 21504 1460.129064 2248.430938 1441.053854 168 2.000000 23526732.653212
1208 496 166666794 21504 1449.988385 1835.285384 1441.053854 168 2.000000 21254189.644477
1209 497 166666794 21504 1441.053854 1441.053854 1441.053854 168 2.000000 21248603.108490
1210 498 166666794 21504 1450.987610 1875.995356 1441.053854 168 2.000000 21238690.876544
1211 499 166666794 21504 1441.480264 1476.814074 1441.053854 168 2.000000 21226190.382563
1212 500 166666794 21504 1441.477975 1476.590682 1441.053854 168 2.000000 21226471.979456
1213 501 166666794 21504 1454.818353 2037.013831 1441.053854 168 2.000000 21238972.367210
1214 502 166666794 21504 1449.533808 1797.211910 1441.053854 168 2.000000 21247419.984390
1215 503 166666794 21504 1448.994497 1797.211910 1441.053854 168 2.000000 21253960.082100
1216 504 166666794 21504 1441.593164 1486.355925 1441.053854 168 2.000000 21248118.010555
1217 505 166666794 21504 1446.939028 1688.231180 1441.053854 168 2.000000 21252273.819324
1218 506 166666794 21504 1441.477975 1476.590682 1441.053854 168 2.000000 21224078.990058
1219 507 166666794 21504 1441.201907 1463.760385 1441.053854 168 2.000000 21237056.360283
1220 508 166666794 21504 591.738319 591.738319 591.738319 168 1.000000 232866.426745
1221 509 166666794 21504 591.738319 591.738319 591.738319 168 1.000000 229042.316657
1222 510 322560 2500001910 8617.764919 548566.083810 591.738319 612510 1.866667 2133.551965
1223 511 322560 2500001910 9692.823011 539490.053505 1441.053854 612510 2.000000 2430.219322
1269 512 166666794 21504 1441.053854 1441.053854 1441.053854 168 2.000000 20942434.937055
1270 513 166666794 21504 1441.447304 1463.760385 1441.053854 168 2.000000 20952052.111130
1271 514 166666794 21504 1441.480584 1477.058137 1441.053854 168 2.000000 20928027.295655
1272 515 166666794 21504 1441.447304 1463.760385 1441.053854 168 2.000000 20959784.459473
1273 516 166666794 21504 1449.342277 1797.211910 1441.053854 168 2.000000 20958862.665323
1274 517 166666794 21504 1441.480584 1477.058137 1441.053854 168 2.000000 20997933.316127
1275 518 166666794 21504 1449.386626 1797.211910 1441.053854 168 2.000000 20950891.376266
1276 519 166666794 21504 1450.988837 1876.221600 1441.053854 168 2.000000 20941252.273790
1277 520 166666794 21504 1441.475717 1476.670520 1441.053854 168 2.000000 20927355.440117
1278 521 166666794 21504 1441.201036 1463.760385 1441.053854 168 2.000000 20951403.018109
1279 522 166666794 21504 1454.815187 2037.111488 1441.053854 168 2.000000 20941763.349120
1280 523 166666794 21504 1441.201036 1463.760385 1441.053854 168 2.000000 20959373.795381
1281 524 166666794 21504 1449.545832 1799.231949 1441.053854 168 2.000000 22914614.494449
1282 525 166666794 21504 1449.680990 1819.918442 1441.053854 168 2.000000 21570284.702309
1283 526 166666794 21504 1441.475717 1476.670520 1441.053854 168 2.000000 21551153.108830
1284 527 166666794 21504 1449.983082 1833.870395 1441.053854 168 2.000000 23457090.258855
1285 528 166666794 21504 1454.792296 2037.049648 1441.053854 168 2.000000 21247888.413311
1286 529 166666794 21504 1441.580333 1485.278096 1441.053854 168 2.000000 21239917.748967
1287 530 166666794 21504 1441.477611 1476.678649 1441.053854 168 2.000000 21225951.980891
1288 531 166666794 21504 1454.205203 1999.087166 1441.053854 168 2.000000 21254666.853818
1289 532 166666794 21504 1449.985742 1835.174393 1441.053854 168 2.000000 21246228.264258
1290 533 166666794 21504 1449.668966 1819.918442 1441.053854 168 2.000000 21253007.176156
1291 534 166666794 21504 1454.811638 2036.707757 1441.053854 168 2.000000 21237542.484627
1292 535 166666794 21504 1441.474823 1476.523517 1441.053854 168 2.000000 21225280.452879
1293 536 166666794 21504 1442.135117 1486.466916 1441.053854 168 2.000000 21248081.566650
1294 537 166666794 21504 1442.135117 1486.466916 1441.053854 168 2.000000 21254144.987592
1295 538 166666794 21504 1441.580333 1485.278096 1441.053854 168 2.000000 21239395.386952
1296 539 166666794 21504 1441.474823 1476.523517 1441.053854 168 2.000000 21227178.138950
1297 540 166666794 21504 591.738319 591.738319 591.738319 168 1.000000 229042.137901
1298 541 166666794 21504 591.738319 591.738319 591.738319 168 1.000000 232866.426745
1299 542 322560 2500001910 8616.820697 548796.018368 591.738319 612510 1.866667 1961.464527
1300 543 322560 2500001910 9691.587671 549016.896792 1441.053854 612510 2.000000 2429.873590
1346 544 166666794 21504 1441.203672 1463.760385 1441.053854 168 2.000000 20943512.755790
1347 545 166666794 21504 1454.204836 2001.550111 1441.053854 168 2.000000 20952913.847350
1348 546 166666794 21504 1441.482724 1477.049305 1441.053854 168 2.000000 20928866.175479
1349 547 166666794 21504 1441.203672 1463.760385 1441.053854 168 2.000000 20960646.542151
1350 548 166666794 21504 1441.482673 1477.072134 1441.053854 168 2.000000 20929538.681247
1351 549 166666794 21504 1441.444667 1463.760385 1441.053854 168 2.000000 20961295.952183
1352 550 166666794 21504 1441.444667 1463.760385 1441.053854 168 2.000000 20943923.678985
1353 551 166666794 21504 1441.594486 1463.760385 1441.053854 168 2.000000 20953563.657929
1354 552 166666794 21504 1449.962627 1833.230191 1441.053854 168 2.000000 20943001.587267
1355 553 166666794 21504 1448.978516 1774.505379 1441.053854 168 2.000000 20960373.455618
1356 554 166666794 21504 1441.482673 1477.072134 1441.053854 168 2.000000 20999443.985932
1357 555 166666794 21504 1450.571090 1842.624973 1441.053854 168 2.000000 20952403.333324
1358 556 166666794 21504 1449.962678 1833.207362 1441.053854 168 2.000000 21555705.464941
1359 557 166666794 21504 1441.482724 1477.049305 1441.053854 168 2.000000 21544203.892846
1360 558 166666794 21504 1449.548468 1799.674856 1441.053854 168 2.000000 22965794.229411
1361 559 166666794 21504 1454.236884 2000.983200 1441.053854 168 2.000000 23527674.352228
1362 560 166666794 21504 1450.989659 1876.214258 1441.053854 168 2.000000 21237975.738732
1363 561 166666794 21504 1454.792296 2037.049648 1441.053854 168 2.000000 21253713.100471
1364 562 166666794 21504 1441.590132 1486.101215 1441.053854 168 2.000000 21247888.856980
1365 563 166666794 21504 1441.484561 1477.222178 1441.053854 168 2.000000 21225713.367806
1366 564 166666794 21504 1449.533808 1797.211910 1441.053854 168 2.000000 21246943.156672
1367 565 166666794 21504 1454.824920 2037.517226 1441.053854 168 2.000000 21238257.082446
1368 566 166666794 21504 1449.994449 1835.540094 1441.053854 168 2.000000 21253483.647983
1369 567 166666794 21504 1441.482293 1476.904875 1441.053854 168 2.000000 21225995.140470
1370 568 166666794 21504 1441.482293 1476.904875 1441.053854 168 2.000000 21226940.096037
1371 569 166666794 21504 1441.590132 1486.101215 1441.053854 168 2.000000 21247604.637961
1372 570 166666794 21504 1441.202475 1463.760385 1441.053854 168 2.000000 21238963.867719
1373 571 166666794 21504 1442.126410 1486.101215 1441.053854 168 2.000000 21253429.706776
1374 572 166666794 21504 591.738319 591.738319 591.738319 168 1.000000 229042.355076
1375 573 166666794 21504 591.738319 591.738319 591.738319 168 1.000000 232389.589587
1376 574 322560 2500001910 8617.785608 548566.486850 591.738319 612510 1.866667 1939.126886
1377 575 322560 2500001910 9692.775720 539978.243929 1441.053854 612510 2.000000 2423.122458
1423 576 166666794 21504 1453.838837 1978.570627 1441.053854 168 2.000000 20956206.679039
1424 577 166666794 21504 1441.480208 1476.835935 1441.053854 168 2.000000 20924904.108884
1425 578 166666794 21504 1441.202047 1463.760385 1441.053854 168 2.000000 20939312.114178
1426 579 166666794 21504 1441.202047 1463.760385 1441.053854 168 2.000000 20949189.990654
1427 580 166666794 21504 1441.482760 1477.002610 1441.053854 168 2.000000 20925576.073505
1428 581 166666794 21504 1442.623606 1506.983455 1441.053854 168 2.000000 20956856.790452
1429 582 166666794 21504 1441.446292 1463.760385 1441.053854 168 2.000000 20949600.789586
1430 583 166666794 21504 1441.446292 1463.760385 1441.053854 168 2.000000 20939722.689981
1431 584 166666794 21504 1449.546843 1799.401903 1441.053854 168 2.000000 20948721.886296
1432 585 166666794 21504 1449.960162 1832.993992 1441.053854 168 2.000000 20938843.719453
1433 586 166666794 21504 1449.546843 1799.401903 1441.053854 168 2.000000 20955977.530318
1434 587 166666794 21504 1441.480208 1476.835935 1441.053854 168 2.000000 20995524.903339
1435 588 166666794 21504 1449.341265 1797.211910 1441.053854 168 2.000000 21584726.771732
1436 589 166666794 21504 1441.482760 1477.002610 1441.053854 168 2.000000 21565594.988057
1437 590 166666794 21504 1449.962714 1833.160667 1441.053854 168 2.000000 21577823.416549
1438 591 166666794 21504 1441.203522 1463.760385 1441.053854 168 2.000000 21593334.364552
1439 592 166666794 21504 1441.203522 1463.760385 1441.053854 168 2.000000 21245504.998661
1440 593 166666794 21504 1441.444817 1463.760385 1441.053854 168 2.000000 21252218.684276
1441 594 166666794 21504 1441.203522 1463.760385 1441.053854 168 2.000000 21237057.429461
1442 595 166666794 21504 1441.481011 1476.819120 1441.053854 168 2.000000 21224795.497083
1443 596 166666794 21504 1454.829348 2037.630479 1441.053854 168 2.000000 21235635.639541
1444 597 166666794 21504 1441.481011 1476.819120 1441.053854 168 2.000000 21222897.072676
1445 598 166666794 21504 1454.248735 2001.524944 1441.053854 168 2.000000 21251577.305505
1446 599 166666794 21504 1454.248735 2001.524944 1441.053854 168 2.000000 21243606.690682
1447 600 166666794 21504 1450.557029 1840.187194 1441.053854 168 2.000000 21243801.931658
1448 601 166666794 21504 1450.557029 1840.187194 1441.053854 168 2.000000 21251534.801454
1449 602 166666794 21504 1450.984186 1875.952461 1441.053854 168 2.000000 21235831.600414
1450 603 166666794 21504 1441.484798 1477.159389 1441.053854 168 2.000000 21223092.220420
1451 604 166666794 21504 591.738319 591.738319 591.738319 168 1.000000 229042.203163
1452 605 166666794 21504 591.738319 591.738319 591.738319 168 1.000000 232151.171008
1453 606 322560 2500001910 8591.304808 548763.407560 591.738319 612510 1.866667 2475.362945
1454 607 322560 2500001910 9670.624344 528624.978257 1441.053854 612510 2.000000 1900.164190
1500 608 166666794 21504 1441.594486 1463.760385 1441.053854 168 2.000000 20957118.062520
1501 609 166666794 21504 1441.442355 1463.760385 1441.053854 168 2.000000 20939984.470315
1502 610 166666794 21504 1441.442355 1463.760385 1441.053854 168 2.000000 20949862.638895
1503 611 166666794 21504 1441.479364 1476.827947 1441.053854 168 2.000000 20925837.455034
1504 612 166666794 21504 1441.205985 1463.760385 1441.053854 168 2.000000 20948735.791596
1505 613 166666794 21504 1441.482938 1477.224100 1441.053854 168 2.000000 20924449.699404
1506 614 166666794 21504 1441.205985 1463.760385 1441.053854 168 2.000000 20938857.697976
1507 615 166666794 21504 1453.850649 1979.232094 1441.053854 168 2.000000 20955991.566223
1508 616 166666794 21504 1441.479364 1476.827947 1441.053854 168 2.000000 20995277.930433
1509 617 166666794 21504 1449.959317 1832.986003 1441.053854 168 2.000000 20938823.981456
1510 618 166666794 21504 1450.564152 1842.624973 1441.053854 168 2.000000 20955957.725163
1511 619 166666794 21504 1449.337328 1797.211910 1441.053854 168 2.000000 20948702.519682
1512 620 166666794 21504 1449.962892 1833.382157 1441.053854 168 2.000000 21574529.271411
1513 621 166666794 21504 1441.482938 1477.224100 1441.053854 168 2.000000 21563027.781591
1514 622 166666794 21504 1449.550781 1800.063370 1441.053854 168 2.000000 21582159.208738
1515 623 166666794 21504 1454.243586 2001.299894 1441.053854 168 2.000000 21589528.962034
1516 624 166666794 21504 1441.592225 1486.277036 1441.053854 168 2.000000 21251805.961224
1517 625 166666794 21504 1441.480122 1476.787891 1441.053854 168 2.000000 21223090.902578
1518 626 166666794 21504 1450.983398 1876.019854 1441.053854 168 2.000000 21236068.674690
1519 627 166666794 21504 1450.557866 1840.222364 1441.053854 168 2.000000 21243801.044292
1520 628 166666794 21504 1454.823835 2037.223812 1441.053854 168 2.000000 21235873.636371
1521 629 166666794 21504 1441.479386 1476.851344 1441.053854 168 2.000000 21223849.516331
1522 630 166666794 21504 1454.248107 2001.489775 1441.053854 168 2.000000 21244321.077878
1523 631 166666794 21504 1449.533808 1797.211910 1441.053854 168 2.000000 21251576.602498
1524 632 166666794 21504 1441.592225 1486.277036 1441.053854 168 2.000000 21251998.876620
1525 633 166666794 21504 1441.203313 1463.760385 1441.053854 168 2.000000 21245742.792041
1526 634 166666794 21504 1441.203313 1463.760385 1441.053854 168 2.000000 21236818.143005
1527 635 166666794 21504 1441.479386 1476.851344 1441.053854 168 2.000000 21225032.817939
1528 636 166666794 21504 591.738319 591.738319 591.738319 168 1.000000 232151.171008
1529 637 166666794 21504 591.738319 591.738319 591.738319 168 1.000000 229042.198755
1530 638 322560 2500001910 8591.217774 548566.790025 591.738319 612510 1.866667 2474.900546
1531 639 322560 2500001910 9670.581115 529601.359105 1441.053854 612510 2.000000 1900.020497
1577 640 0 0 -nan 0.000000 2147483647.000000 0 -nan 0.000000
1578 641 0 0 -nan 0.000000 2147483647.000000 0 -nan 0.000000
1579 642 0 0 -nan 0.000000 2147483647.000000 0 -nan 0.000000
1580 643 0 0 -nan 0.000000 2147483647.000000 0 -nan 0.000000
1581 644 0 0 -nan 0.000000 2147483647.000000 0 -nan 0.000000
1582 645 0 0 -nan 0.000000 2147483647.000000 0 -nan 0.000000
1583 646 0 0 -nan 0.000000 2147483647.000000 0 -nan 0.000000
1584 647 0 0 -nan 0.000000 2147483647.000000 0 -nan 0.000000
1585 648 0 0 -nan 0.000000 2147483647.000000 0 -nan 0.000000
1586 649 0 0 -nan 0.000000 2147483647.000000 0 -nan 0.000000
1587 650 0 0 -nan 0.000000 2147483647.000000 0 -nan 0.000000
1588 651 0 0 -nan 0.000000 2147483647.000000 0 -nan 0.000000
1589 652 0 0 -nan 0.000000 2147483647.000000 0 -nan 0.000000
1590 653 0 0 -nan 0.000000 2147483647.000000 0 -nan 0.000000
1591 654 0 0 -nan 0.000000 2147483647.000000 0 -nan 0.000000
1592 655 0 0 -nan 0.000000 2147483647.000000 0 -nan 0.000000
1593 656 0 0 -nan 0.000000 2147483647.000000 0 -nan 0.000000
1594 657 0 0 -nan 0.000000 2147483647.000000 0 -nan 0.000000
1595 658 0 0 -nan 0.000000 2147483647.000000 0 -nan 0.000000
1596 659 0 0 -nan 0.000000 2147483647.000000 0 -nan 0.000000
1597 660 0 0 -nan 0.000000 2147483647.000000 0 -nan 0.000000
1598 661 0 0 -nan 0.000000 2147483647.000000 0 -nan 0.000000
1599 662 0 0 -nan 0.000000 2147483647.000000 0 -nan 0.000000
1600 663 0 0 -nan 0.000000 2147483647.000000 0 -nan 0.000000
1601 664 0 0 -nan 0.000000 2147483647.000000 0 -nan 0.000000
1602 665 0 0 -nan 0.000000 2147483647.000000 0 -nan 0.000000
1603 666 0 0 -nan 0.000000 2147483647.000000 0 -nan 0.000000
1604 667 0 0 -nan 0.000000 2147483647.000000 0 -nan 0.000000
1605 668 0 0 -nan 0.000000 2147483647.000000 0 -nan 0.000000
1606 669 0 0 -nan 0.000000 2147483647.000000 0 -nan 0.000000
1607 670 0 0 -nan 0.000000 2147483647.000000 0 -nan 0.000000
1608 671 0 0 -nan 0.000000 2147483647.000000 0 -nan 0.000000
1654 672 0 0 -nan 0.000000 2147483647.000000 0 -nan 0.000000
1655 673 0 0 -nan 0.000000 2147483647.000000 0 -nan 0.000000
1656 674 0 0 -nan 0.000000 2147483647.000000 0 -nan 0.000000
1657 675 0 0 -nan 0.000000 2147483647.000000 0 -nan 0.000000
1658 676 0 0 -nan 0.000000 2147483647.000000 0 -nan 0.000000
1659 677 0 0 -nan 0.000000 2147483647.000000 0 -nan 0.000000
1660 678 0 0 -nan 0.000000 2147483647.000000 0 -nan 0.000000
1661 679 0 0 -nan 0.000000 2147483647.000000 0 -nan 0.000000
1662 680 0 0 -nan 0.000000 2147483647.000000 0 -nan 0.000000
1663 681 0 0 -nan 0.000000 2147483647.000000 0 -nan 0.000000
1664 682 0 0 -nan 0.000000 2147483647.000000 0 -nan 0.000000
1665 683 0 0 -nan 0.000000 2147483647.000000 0 -nan 0.000000
1666 684 0 0 -nan 0.000000 2147483647.000000 0 -nan 0.000000
1667 685 0 0 -nan 0.000000 2147483647.000000 0 -nan 0.000000
1668 686 0 0 -nan 0.000000 2147483647.000000 0 -nan 0.000000
1669 687 0 0 -nan 0.000000 2147483647.000000 0 -nan 0.000000
1670 688 0 0 -nan 0.000000 2147483647.000000 0 -nan 0.000000
1671 689 0 0 -nan 0.000000 2147483647.000000 0 -nan 0.000000
1672 690 0 0 -nan 0.000000 2147483647.000000 0 -nan 0.000000
1673 691 0 0 -nan 0.000000 2147483647.000000 0 -nan 0.000000
1674 692 0 0 -nan 0.000000 2147483647.000000 0 -nan 0.000000
1675 693 0 0 -nan 0.000000 2147483647.000000 0 -nan 0.000000
1676 694 0 0 -nan 0.000000 2147483647.000000 0 -nan 0.000000
1677 695 0 0 -nan 0.000000 2147483647.000000 0 -nan 0.000000
1678 696 0 0 -nan 0.000000 2147483647.000000 0 -nan 0.000000
1679 697 0 0 -nan 0.000000 2147483647.000000 0 -nan 0.000000
1680 698 0 0 -nan 0.000000 2147483647.000000 0 -nan 0.000000
1681 699 0 0 -nan 0.000000 2147483647.000000 0 -nan 0.000000
1682 700 0 0 -nan 0.000000 2147483647.000000 0 -nan 0.000000
1683 701 0 0 -nan 0.000000 2147483647.000000 0 -nan 0.000000
1684 702 0 0 -nan 0.000000 2147483647.000000 0 -nan 0.000000
1685 703 0 0 -nan 0.000000 2147483647.000000 0 -nan 0.000000
1731 704 0 0 -nan 0.000000 2147483647.000000 0 -nan 0.000000
1732 705 0 0 -nan 0.000000 2147483647.000000 0 -nan 0.000000
1733 706 0 0 -nan 0.000000 2147483647.000000 0 -nan 0.000000
1734 707 0 0 -nan 0.000000 2147483647.000000 0 -nan 0.000000
1735 708 0 0 -nan 0.000000 2147483647.000000 0 -nan 0.000000
1736 709 0 0 -nan 0.000000 2147483647.000000 0 -nan 0.000000
1737 710 0 0 -nan 0.000000 2147483647.000000 0 -nan 0.000000
1738 711 0 0 -nan 0.000000 2147483647.000000 0 -nan 0.000000
1739 712 0 0 -nan 0.000000 2147483647.000000 0 -nan 0.000000
1740 713 0 0 -nan 0.000000 2147483647.000000 0 -nan 0.000000
1741 714 0 0 -nan 0.000000 2147483647.000000 0 -nan 0.000000
1742 715 0 0 -nan 0.000000 2147483647.000000 0 -nan 0.000000
1743 716 0 0 -nan 0.000000 2147483647.000000 0 -nan 0.000000
1744 717 0 0 -nan 0.000000 2147483647.000000 0 -nan 0.000000
1745 718 0 0 -nan 0.000000 2147483647.000000 0 -nan 0.000000
1746 719 0 0 -nan 0.000000 2147483647.000000 0 -nan 0.000000
1747 720 0 0 -nan 0.000000 2147483647.000000 0 -nan 0.000000
1748 721 0 0 -nan 0.000000 2147483647.000000 0 -nan 0.000000
1749 722 0 0 -nan 0.000000 2147483647.000000 0 -nan 0.000000
1750 723 0 0 -nan 0.000000 2147483647.000000 0 -nan 0.000000
1751 724 0 0 -nan 0.000000 2147483647.000000 0 -nan 0.000000
1752 725 0 0 -nan 0.000000 2147483647.000000 0 -nan 0.000000
1753 726 0 0 -nan 0.000000 2147483647.000000 0 -nan 0.000000
1754 727 0 0 -nan 0.000000 2147483647.000000 0 -nan 0.000000
1755 728 0 0 -nan 0.000000 2147483647.000000 0 -nan 0.000000
1756 729 0 0 -nan 0.000000 2147483647.000000 0 -nan 0.000000
1757 730 0 0 -nan 0.000000 2147483647.000000 0 -nan 0.000000
1758 731 0 0 -nan 0.000000 2147483647.000000 0 -nan 0.000000
1759 732 0 0 -nan 0.000000 2147483647.000000 0 -nan 0.000000
1760 733 0 0 -nan 0.000000 2147483647.000000 0 -nan 0.000000
1761 734 0 0 -nan 0.000000 2147483647.000000 0 -nan 0.000000
1762 735 0 0 -nan 0.000000 2147483647.000000 0 -nan 0.000000
1808 736 0 0 -nan 0.000000 2147483647.000000 0 -nan 0.000000
1809 737 0 0 -nan 0.000000 2147483647.000000 0 -nan 0.000000
1810 738 0 0 -nan 0.000000 2147483647.000000 0 -nan 0.000000
1811 739 0 0 -nan 0.000000 2147483647.000000 0 -nan 0.000000
1812 740 0 0 -nan 0.000000 2147483647.000000 0 -nan 0.000000
1813 741 0 0 -nan 0.000000 2147483647.000000 0 -nan 0.000000
1814 742 0 0 -nan 0.000000 2147483647.000000 0 -nan 0.000000
1815 743 0 0 -nan 0.000000 2147483647.000000 0 -nan 0.000000
1816 744 0 0 -nan 0.000000 2147483647.000000 0 -nan 0.000000
1817 745 0 0 -nan 0.000000 2147483647.000000 0 -nan 0.000000
1818 746 0 0 -nan 0.000000 2147483647.000000 0 -nan 0.000000
1819 747 0 0 -nan 0.000000 2147483647.000000 0 -nan 0.000000
1820 748 0 0 -nan 0.000000 2147483647.000000 0 -nan 0.000000
1821 749 0 0 -nan 0.000000 2147483647.000000 0 -nan 0.000000
1822 750 0 0 -nan 0.000000 2147483647.000000 0 -nan 0.000000
1823 751 0 0 -nan 0.000000 2147483647.000000 0 -nan 0.000000
1824 752 0 0 -nan 0.000000 2147483647.000000 0 -nan 0.000000
1825 753 0 0 -nan 0.000000 2147483647.000000 0 -nan 0.000000
1826 754 0 0 -nan 0.000000 2147483647.000000 0 -nan 0.000000
1827 755 0 0 -nan 0.000000 2147483647.000000 0 -nan 0.000000
1828 756 0 0 -nan 0.000000 2147483647.000000 0 -nan 0.000000
1829 757 0 0 -nan 0.000000 2147483647.000000 0 -nan 0.000000
1830 758 0 0 -nan 0.000000 2147483647.000000 0 -nan 0.000000
1831 759 0 0 -nan 0.000000 2147483647.000000 0 -nan 0.000000
1832 760 0 0 -nan 0.000000 2147483647.000000 0 -nan 0.000000
1833 761 0 0 -nan 0.000000 2147483647.000000 0 -nan 0.000000
1834 762 0 0 -nan 0.000000 2147483647.000000 0 -nan 0.000000
1835 763 0 0 -nan 0.000000 2147483647.000000 0 -nan 0.000000
1836 764 0 0 -nan 0.000000 2147483647.000000 0 -nan 0.000000
1837 765 0 0 -nan 0.000000 2147483647.000000 0 -nan 0.000000
1838 766 0 0 -nan 0.000000 2147483647.000000 0 -nan 0.000000
1839 767 0 0 -nan 0.000000 2147483647.000000 0 -nan 0.000000
1885 768 0 0 -nan 0.000000 2147483647.000000 0 -nan 0.000000
1886 769 0 0 -nan 0.000000 2147483647.000000 0 -nan 0.000000
1887 770 0 0 -nan 0.000000 2147483647.000000 0 -nan 0.000000
1888 771 0 0 -nan 0.000000 2147483647.000000 0 -nan 0.000000
1889 772 0 0 -nan 0.000000 2147483647.000000 0 -nan 0.000000
1890 773 0 0 -nan 0.000000 2147483647.000000 0 -nan 0.000000
1891 774 0 0 -nan 0.000000 2147483647.000000 0 -nan 0.000000
1892 775 0 0 -nan 0.000000 2147483647.000000 0 -nan 0.000000
1893 776 0 0 -nan 0.000000 2147483647.000000 0 -nan 0.000000
1894 777 0 0 -nan 0.000000 2147483647.000000 0 -nan 0.000000
1895 778 0 0 -nan 0.000000 2147483647.000000 0 -nan 0.000000
1896 779 0 0 -nan 0.000000 2147483647.000000 0 -nan 0.000000
1897 780 0 0 -nan 0.000000 2147483647.000000 0 -nan 0.000000
1898 781 0 0 -nan 0.000000 2147483647.000000 0 -nan 0.000000
1899 782 0 0 -nan 0.000000 2147483647.000000 0 -nan 0.000000
1900 783 0 0 -nan 0.000000 2147483647.000000 0 -nan 0.000000
1901 784 0 0 -nan 0.000000 2147483647.000000 0 -nan 0.000000
1902 785 0 0 -nan 0.000000 2147483647.000000 0 -nan 0.000000
1903 786 0 0 -nan 0.000000 2147483647.000000 0 -nan 0.000000
1904 787 0 0 -nan 0.000000 2147483647.000000 0 -nan 0.000000
1905 788 0 0 -nan 0.000000 2147483647.000000 0 -nan 0.000000
1906 789 0 0 -nan 0.000000 2147483647.000000 0 -nan 0.000000
1907 790 0 0 -nan 0.000000 2147483647.000000 0 -nan 0.000000
1908 791 0 0 -nan 0.000000 2147483647.000000 0 -nan 0.000000
1909 792 0 0 -nan 0.000000 2147483647.000000 0 -nan 0.000000
1910 793 0 0 -nan 0.000000 2147483647.000000 0 -nan 0.000000
1911 794 0 0 -nan 0.000000 2147483647.000000 0 -nan 0.000000
1912 795 0 0 -nan 0.000000 2147483647.000000 0 -nan 0.000000
1913 796 0 0 -nan 0.000000 2147483647.000000 0 -nan 0.000000
1914 797 0 0 -nan 0.000000 2147483647.000000 0 -nan 0.000000
1915 798 0 0 -nan 0.000000 2147483647.000000 0 -nan 0.000000
1916 799 0 0 -nan 0.000000 2147483647.000000 0 -nan 0.000000
1962 800 0 0 -nan 0.000000 2147483647.000000 0 -nan 0.000000
1963 801 0 0 -nan 0.000000 2147483647.000000 0 -nan 0.000000
1964 802 0 0 -nan 0.000000 2147483647.000000 0 -nan 0.000000
1965 803 0 0 -nan 0.000000 2147483647.000000 0 -nan 0.000000
1966 804 0 0 -nan 0.000000 2147483647.000000 0 -nan 0.000000
1967 805 0 0 -nan 0.000000 2147483647.000000 0 -nan 0.000000
1968 806 0 0 -nan 0.000000 2147483647.000000 0 -nan 0.000000
1969 807 0 0 -nan 0.000000 2147483647.000000 0 -nan 0.000000
1970 808 0 0 -nan 0.000000 2147483647.000000 0 -nan 0.000000
1971 809 0 0 -nan 0.000000 2147483647.000000 0 -nan 0.000000
1972 810 0 0 -nan 0.000000 2147483647.000000 0 -nan 0.000000
1973 811 0 0 -nan 0.000000 2147483647.000000 0 -nan 0.000000
1974 812 0 0 -nan 0.000000 2147483647.000000 0 -nan 0.000000
1975 813 0 0 -nan 0.000000 2147483647.000000 0 -nan 0.000000
1976 814 0 0 -nan 0.000000 2147483647.000000 0 -nan 0.000000
1977 815 0 0 -nan 0.000000 2147483647.000000 0 -nan 0.000000
1978 816 0 0 -nan 0.000000 2147483647.000000 0 -nan 0.000000
1979 817 0 0 -nan 0.000000 2147483647.000000 0 -nan 0.000000
1980 818 0 0 -nan 0.000000 2147483647.000000 0 -nan 0.000000
1981 819 0 0 -nan 0.000000 2147483647.000000 0 -nan 0.000000
1982 820 0 0 -nan 0.000000 2147483647.000000 0 -nan 0.000000
1983 821 0 0 -nan 0.000000 2147483647.000000 0 -nan 0.000000
1984 822 0 0 -nan 0.000000 2147483647.000000 0 -nan 0.000000
1985 823 0 0 -nan 0.000000 2147483647.000000 0 -nan 0.000000
1986 824 0 0 -nan 0.000000 2147483647.000000 0 -nan 0.000000
1987 825 0 0 -nan 0.000000 2147483647.000000 0 -nan 0.000000
1988 826 0 0 -nan 0.000000 2147483647.000000 0 -nan 0.000000
1989 827 0 0 -nan 0.000000 2147483647.000000 0 -nan 0.000000
1990 828 0 0 -nan 0.000000 2147483647.000000 0 -nan 0.000000
1991 829 0 0 -nan 0.000000 2147483647.000000 0 -nan 0.000000
1992 830 0 0 -nan 0.000000 2147483647.000000 0 -nan 0.000000
1993 831 0 0 -nan 0.000000 2147483647.000000 0 -nan 0.000000
2039 832 0 0 -nan 0.000000 2147483647.000000 0 -nan 0.000000
2040 833 0 0 -nan 0.000000 2147483647.000000 0 -nan 0.000000
2041 834 0 0 -nan 0.000000 2147483647.000000 0 -nan 0.000000
2042 835 0 0 -nan 0.000000 2147483647.000000 0 -nan 0.000000
2043 836 0 0 -nan 0.000000 2147483647.000000 0 -nan 0.000000
2044 837 0 0 -nan 0.000000 2147483647.000000 0 -nan 0.000000
2045 838 0 0 -nan 0.000000 2147483647.000000 0 -nan 0.000000
2046 839 0 0 -nan 0.000000 2147483647.000000 0 -nan 0.000000
2047 840 0 0 -nan 0.000000 2147483647.000000 0 -nan 0.000000
2048 841 0 0 -nan 0.000000 2147483647.000000 0 -nan 0.000000
2049 842 0 0 -nan 0.000000 2147483647.000000 0 -nan 0.000000
2050 843 0 0 -nan 0.000000 2147483647.000000 0 -nan 0.000000
2051 844 0 0 -nan 0.000000 2147483647.000000 0 -nan 0.000000
2052 845 0 0 -nan 0.000000 2147483647.000000 0 -nan 0.000000
2053 846 0 0 -nan 0.000000 2147483647.000000 0 -nan 0.000000
2054 847 0 0 -nan 0.000000 2147483647.000000 0 -nan 0.000000
2055 848 0 0 -nan 0.000000 2147483647.000000 0 -nan 0.000000
2056 849 0 0 -nan 0.000000 2147483647.000000 0 -nan 0.000000
2057 850 0 0 -nan 0.000000 2147483647.000000 0 -nan 0.000000
2058 851 0 0 -nan 0.000000 2147483647.000000 0 -nan 0.000000
2059 852 0 0 -nan 0.000000 2147483647.000000 0 -nan 0.000000
2060 853 0 0 -nan 0.000000 2147483647.000000 0 -nan 0.000000
2061 854 0 0 -nan 0.000000 2147483647.000000 0 -nan 0.000000
2062 855 0 0 -nan 0.000000 2147483647.000000 0 -nan 0.000000
2063 856 0 0 -nan 0.000000 2147483647.000000 0 -nan 0.000000
2064 857 0 0 -nan 0.000000 2147483647.000000 0 -nan 0.000000
2065 858 0 0 -nan 0.000000 2147483647.000000 0 -nan 0.000000
2066 859 0 0 -nan 0.000000 2147483647.000000 0 -nan 0.000000
2067 860 0 0 -nan 0.000000 2147483647.000000 0 -nan 0.000000
2068 861 0 0 -nan 0.000000 2147483647.000000 0 -nan 0.000000
2069 862 0 0 -nan 0.000000 2147483647.000000 0 -nan 0.000000
2070 863 0 0 -nan 0.000000 2147483647.000000 0 -nan 0.000000
2116 864 0 0 -nan 0.000000 2147483647.000000 0 -nan 0.000000
2117 865 0 0 -nan 0.000000 2147483647.000000 0 -nan 0.000000
2118 866 0 0 -nan 0.000000 2147483647.000000 0 -nan 0.000000
2119 867 0 0 -nan 0.000000 2147483647.000000 0 -nan 0.000000
2120 868 0 0 -nan 0.000000 2147483647.000000 0 -nan 0.000000
2121 869 0 0 -nan 0.000000 2147483647.000000 0 -nan 0.000000
2122 870 0 0 -nan 0.000000 2147483647.000000 0 -nan 0.000000
2123 871 0 0 -nan 0.000000 2147483647.000000 0 -nan 0.000000
2124 872 0 0 -nan 0.000000 2147483647.000000 0 -nan 0.000000
2125 873 0 0 -nan 0.000000 2147483647.000000 0 -nan 0.000000
2126 874 0 0 -nan 0.000000 2147483647.000000 0 -nan 0.000000
2127 875 0 0 -nan 0.000000 2147483647.000000 0 -nan 0.000000
2128 876 0 0 -nan 0.000000 2147483647.000000 0 -nan 0.000000
2129 877 0 0 -nan 0.000000 2147483647.000000 0 -nan 0.000000
2130 878 0 0 -nan 0.000000 2147483647.000000 0 -nan 0.000000
2131 879 0 0 -nan 0.000000 2147483647.000000 0 -nan 0.000000
2132 880 0 0 -nan 0.000000 2147483647.000000 0 -nan 0.000000
2133 881 0 0 -nan 0.000000 2147483647.000000 0 -nan 0.000000
2134 882 0 0 -nan 0.000000 2147483647.000000 0 -nan 0.000000
2135 883 0 0 -nan 0.000000 2147483647.000000 0 -nan 0.000000
2136 884 0 0 -nan 0.000000 2147483647.000000 0 -nan 0.000000
2137 885 0 0 -nan 0.000000 2147483647.000000 0 -nan 0.000000
2138 886 0 0 -nan 0.000000 2147483647.000000 0 -nan 0.000000
2139 887 0 0 -nan 0.000000 2147483647.000000 0 -nan 0.000000
2140 888 0 0 -nan 0.000000 2147483647.000000 0 -nan 0.000000
2141 889 0 0 -nan 0.000000 2147483647.000000 0 -nan 0.000000
2142 890 0 0 -nan 0.000000 2147483647.000000 0 -nan 0.000000
2143 891 0 0 -nan 0.000000 2147483647.000000 0 -nan 0.000000
2144 892 0 0 -nan 0.000000 2147483647.000000 0 -nan 0.000000
2145 893 0 0 -nan 0.000000 2147483647.000000 0 -nan 0.000000
2146 894 0 0 -nan 0.000000 2147483647.000000 0 -nan 0.000000
2147 895 0 0 -nan 0.000000 2147483647.000000 0 -nan 0.000000
2193 896 0 0 -nan 0.000000 2147483647.000000 0 -nan 0.000000
2194 897 0 0 -nan 0.000000 2147483647.000000 0 -nan 0.000000
2195 898 0 0 -nan 0.000000 2147483647.000000 0 -nan 0.000000
2196 899 0 0 -nan 0.000000 2147483647.000000 0 -nan 0.000000
2197 900 0 0 -nan 0.000000 2147483647.000000 0 -nan 0.000000
2198 901 0 0 -nan 0.000000 2147483647.000000 0 -nan 0.000000
2199 902 0 0 -nan 0.000000 2147483647.000000 0 -nan 0.000000
2200 903 0 0 -nan 0.000000 2147483647.000000 0 -nan 0.000000
2201 904 0 0 -nan 0.000000 2147483647.000000 0 -nan 0.000000
2202 905 0 0 -nan 0.000000 2147483647.000000 0 -nan 0.000000
2203 906 0 0 -nan 0.000000 2147483647.000000 0 -nan 0.000000
2204 907 0 0 -nan 0.000000 2147483647.000000 0 -nan 0.000000
2205 908 0 0 -nan 0.000000 2147483647.000000 0 -nan 0.000000
2206 909 0 0 -nan 0.000000 2147483647.000000 0 -nan 0.000000
2207 910 0 0 -nan 0.000000 2147483647.000000 0 -nan 0.000000
2208 911 0 0 -nan 0.000000 2147483647.000000 0 -nan 0.000000
2209 912 0 0 -nan 0.000000 2147483647.000000 0 -nan 0.000000
2210 913 0 0 -nan 0.000000 2147483647.000000 0 -nan 0.000000
2211 914 0 0 -nan 0.000000 2147483647.000000 0 -nan 0.000000
2212 915 0 0 -nan 0.000000 2147483647.000000 0 -nan 0.000000
2213 916 0 0 -nan 0.000000 2147483647.000000 0 -nan 0.000000
2214 917 0 0 -nan 0.000000 2147483647.000000 0 -nan 0.000000
2215 918 0 0 -nan 0.000000 2147483647.000000 0 -nan 0.000000
2216 919 0 0 -nan 0.000000 2147483647.000000 0 -nan 0.000000
2217 920 0 0 -nan 0.000000 2147483647.000000 0 -nan 0.000000
2218 921 0 0 -nan 0.000000 2147483647.000000 0 -nan 0.000000
2219 922 0 0 -nan 0.000000 2147483647.000000 0 -nan 0.000000
2220 923 0 0 -nan 0.000000 2147483647.000000 0 -nan 0.000000
2221 924 0 0 -nan 0.000000 2147483647.000000 0 -nan 0.000000
2222 925 0 0 -nan 0.000000 2147483647.000000 0 -nan 0.000000
2223 926 0 0 -nan 0.000000 2147483647.000000 0 -nan 0.000000
2224 927 0 0 -nan 0.000000 2147483647.000000 0 -nan 0.000000
2270 928 0 0 -nan 0.000000 2147483647.000000 0 -nan 0.000000
2271 929 0 0 -nan 0.000000 2147483647.000000 0 -nan 0.000000
2272 930 0 0 -nan 0.000000 2147483647.000000 0 -nan 0.000000
2273 931 0 0 -nan 0.000000 2147483647.000000 0 -nan 0.000000
2274 932 0 0 -nan 0.000000 2147483647.000000 0 -nan 0.000000
2275 933 0 0 -nan 0.000000 2147483647.000000 0 -nan 0.000000
2276 934 0 0 -nan 0.000000 2147483647.000000 0 -nan 0.000000
2277 935 0 0 -nan 0.000000 2147483647.000000 0 -nan 0.000000
2278 936 0 0 -nan 0.000000 2147483647.000000 0 -nan 0.000000
2279 937 0 0 -nan 0.000000 2147483647.000000 0 -nan 0.000000
2280 938 0 0 -nan 0.000000 2147483647.000000 0 -nan 0.000000
2281 939 0 0 -nan 0.000000 2147483647.000000 0 -nan 0.000000
2282 940 0 0 -nan 0.000000 2147483647.000000 0 -nan 0.000000
2283 941 0 0 -nan 0.000000 2147483647.000000 0 -nan 0.000000
2284 942 0 0 -nan 0.000000 2147483647.000000 0 -nan 0.000000
2285 943 0 0 -nan 0.000000 2147483647.000000 0 -nan 0.000000
2286 944 0 0 -nan 0.000000 2147483647.000000 0 -nan 0.000000
2287 945 0 0 -nan 0.000000 2147483647.000000 0 -nan 0.000000
2288 946 0 0 -nan 0.000000 2147483647.000000 0 -nan 0.000000
2289 947 0 0 -nan 0.000000 2147483647.000000 0 -nan 0.000000
2290 948 0 0 -nan 0.000000 2147483647.000000 0 -nan 0.000000
2291 949 0 0 -nan 0.000000 2147483647.000000 0 -nan 0.000000
2292 950 0 0 -nan 0.000000 2147483647.000000 0 -nan 0.000000
2293 951 0 0 -nan 0.000000 2147483647.000000 0 -nan 0.000000
2294 952 0 0 -nan 0.000000 2147483647.000000 0 -nan 0.000000
2295 953 0 0 -nan 0.000000 2147483647.000000 0 -nan 0.000000
2296 954 0 0 -nan 0.000000 2147483647.000000 0 -nan 0.000000
2297 955 0 0 -nan 0.000000 2147483647.000000 0 -nan 0.000000
2298 956 0 0 -nan 0.000000 2147483647.000000 0 -nan 0.000000
2299 957 0 0 -nan 0.000000 2147483647.000000 0 -nan 0.000000
2300 958 0 0 -nan 0.000000 2147483647.000000 0 -nan 0.000000
2301 959 0 0 -nan 0.000000 2147483647.000000 0 -nan 0.000000
2347 960 0 0 -nan 0.000000 2147483647.000000 0 -nan 0.000000
2348 961 0 0 -nan 0.000000 2147483647.000000 0 -nan 0.000000
2349 962 0 0 -nan 0.000000 2147483647.000000 0 -nan 0.000000
2350 963 0 0 -nan 0.000000 2147483647.000000 0 -nan 0.000000
2351 964 0 0 -nan 0.000000 2147483647.000000 0 -nan 0.000000
2352 965 0 0 -nan 0.000000 2147483647.000000 0 -nan 0.000000
2353 966 0 0 -nan 0.000000 2147483647.000000 0 -nan 0.000000
2354 967 0 0 -nan 0.000000 2147483647.000000 0 -nan 0.000000
2355 968 0 0 -nan 0.000000 2147483647.000000 0 -nan 0.000000
2356 969 0 0 -nan 0.000000 2147483647.000000 0 -nan 0.000000
2357 970 0 0 -nan 0.000000 2147483647.000000 0 -nan 0.000000
2358 971 0 0 -nan 0.000000 2147483647.000000 0 -nan 0.000000
2359 972 0 0 -nan 0.000000 2147483647.000000 0 -nan 0.000000
2360 973 0 0 -nan 0.000000 2147483647.000000 0 -nan 0.000000
2361 974 0 0 -nan 0.000000 2147483647.000000 0 -nan 0.000000
2362 975 0 0 -nan 0.000000 2147483647.000000 0 -nan 0.000000
2363 976 0 0 -nan 0.000000 2147483647.000000 0 -nan 0.000000
2364 977 0 0 -nan 0.000000 2147483647.000000 0 -nan 0.000000
2365 978 0 0 -nan 0.000000 2147483647.000000 0 -nan 0.000000
2366 979 0 0 -nan 0.000000 2147483647.000000 0 -nan 0.000000
2367 980 0 0 -nan 0.000000 2147483647.000000 0 -nan 0.000000
2368 981 0 0 -nan 0.000000 2147483647.000000 0 -nan 0.000000
2369 982 0 0 -nan 0.000000 2147483647.000000 0 -nan 0.000000
2370 983 0 0 -nan 0.000000 2147483647.000000 0 -nan 0.000000
2371 984 0 0 -nan 0.000000 2147483647.000000 0 -nan 0.000000
2372 985 0 0 -nan 0.000000 2147483647.000000 0 -nan 0.000000
2373 986 0 0 -nan 0.000000 2147483647.000000 0 -nan 0.000000
2374 987 0 0 -nan 0.000000 2147483647.000000 0 -nan 0.000000
2375 988 0 0 -nan 0.000000 2147483647.000000 0 -nan 0.000000
2376 989 0 0 -nan 0.000000 2147483647.000000 0 -nan 0.000000
2377 990 0 0 -nan 0.000000 2147483647.000000 0 -nan 0.000000
2378 991 0 0 -nan 0.000000 2147483647.000000 0 -nan 0.000000
2424 992 0 0 -nan 0.000000 2147483647.000000 0 -nan 0.000000
2425 993 0 0 -nan 0.000000 2147483647.000000 0 -nan 0.000000
2426 994 0 0 -nan 0.000000 2147483647.000000 0 -nan 0.000000
2427 995 0 0 -nan 0.000000 2147483647.000000 0 -nan 0.000000
2428 996 0 0 -nan 0.000000 2147483647.000000 0 -nan 0.000000
2429 997 0 0 -nan 0.000000 2147483647.000000 0 -nan 0.000000
2430 998 0 0 -nan 0.000000 2147483647.000000 0 -nan 0.000000
2431 999 0 0 -nan 0.000000 2147483647.000000 0 -nan 0.000000
2432 1000 0 0 -nan 0.000000 2147483647.000000 0 -nan 0.000000
2433 1001 0 0 -nan 0.000000 2147483647.000000 0 -nan 0.000000
2434 1002 0 0 -nan 0.000000 2147483647.000000 0 -nan 0.000000
2435 1003 0 0 -nan 0.000000 2147483647.000000 0 -nan 0.000000
2436 1004 0 0 -nan 0.000000 2147483647.000000 0 -nan 0.000000
2437 1005 0 0 -nan 0.000000 2147483647.000000 0 -nan 0.000000
2438 1006 0 0 -nan 0.000000 2147483647.000000 0 -nan 0.000000
2439 1007 0 0 -nan 0.000000 2147483647.000000 0 -nan 0.000000
2440 1008 0 0 -nan 0.000000 2147483647.000000 0 -nan 0.000000
2441 1009 0 0 -nan 0.000000 2147483647.000000 0 -nan 0.000000
2442 1010 0 0 -nan 0.000000 2147483647.000000 0 -nan 0.000000
2443 1011 0 0 -nan 0.000000 2147483647.000000 0 -nan 0.000000
2444 1012 0 0 -nan 0.000000 2147483647.000000 0 -nan 0.000000
2445 1013 0 0 -nan 0.000000 2147483647.000000 0 -nan 0.000000
2446 1014 0 0 -nan 0.000000 2147483647.000000 0 -nan 0.000000
2447 1015 0 0 -nan 0.000000 2147483647.000000 0 -nan 0.000000
2448 1016 0 0 -nan 0.000000 2147483647.000000 0 -nan 0.000000
2449 1017 0 0 -nan 0.000000 2147483647.000000 0 -nan 0.000000
2450 1018 0 0 -nan 0.000000 2147483647.000000 0 -nan 0.000000
2451 1019 0 0 -nan 0.000000 2147483647.000000 0 -nan 0.000000
2452 1020 0 0 -nan 0.000000 2147483647.000000 0 -nan 0.000000
2453 1021 0 0 -nan 0.000000 2147483647.000000 0 -nan 0.000000
2454 1022 0 0 -nan 0.000000 2147483647.000000 0 -nan 0.000000
2455 1023 0 0 -nan 0.000000 2147483647.000000 0 -nan 0.000000
2501 1024 0 0 -nan 0.000000 2147483647.000000 0 -nan 0.000000
2502 1025 0 0 -nan 0.000000 2147483647.000000 0 -nan 0.000000
2503 1026 0 0 -nan 0.000000 2147483647.000000 0 -nan 0.000000
2504 1027 0 0 -nan 0.000000 2147483647.000000 0 -nan 0.000000
2505 1028 0 0 -nan 0.000000 2147483647.000000 0 -nan 0.000000
2506 1029 0 0 -nan 0.000000 2147483647.000000 0 -nan 0.000000
2507 1030 0 0 -nan 0.000000 2147483647.000000 0 -nan 0.000000
2508 1031 0 0 -nan 0.000000 2147483647.000000 0 -nan 0.000000
2509 1032 0 0 -nan 0.000000 2147483647.000000 0 -nan 0.000000
2510 1033 0 0 -nan 0.000000 2147483647.000000 0 -nan 0.000000
2511 1034 0 0 -nan 0.000000 2147483647.000000 0 -nan 0.000000
2512 1035 0 0 -nan 0.000000 2147483647.000000 0 -nan 0.000000
2513 1036 0 0 -nan 0.000000 2147483647.000000 0 -nan 0.000000
2514 1037 0 0 -nan 0.000000 2147483647.000000 0 -nan 0.000000
2515 1038 0 0 -nan 0.000000 2147483647.000000 0 -nan 0.000000
2516 1039 0 0 -nan 0.000000 2147483647.000000 0 -nan 0.000000
2517 1040 0 0 -nan 0.000000 2147483647.000000 0 -nan 0.000000
2518 1041 0 0 -nan 0.000000 2147483647.000000 0 -nan 0.000000
2519 1042 0 0 -nan 0.000000 2147483647.000000 0 -nan 0.000000
2520 1043 0 0 -nan 0.000000 2147483647.000000 0 -nan 0.000000
2521 1044 0 0 -nan 0.000000 2147483647.000000 0 -nan 0.000000
2522 1045 0 0 -nan 0.000000 2147483647.000000 0 -nan 0.000000
2523 1046 0 0 -nan 0.000000 2147483647.000000 0 -nan 0.000000
2524 1047 0 0 -nan 0.000000 2147483647.000000 0 -nan 0.000000
2525 1048 0 0 -nan 0.000000 2147483647.000000 0 -nan 0.000000
2526 1049 0 0 -nan 0.000000 2147483647.000000 0 -nan 0.000000
2527 1050 0 0 -nan 0.000000 2147483647.000000 0 -nan 0.000000
2528 1051 0 0 -nan 0.000000 2147483647.000000 0 -nan 0.000000
2529 1052 0 0 -nan 0.000000 2147483647.000000 0 -nan 0.000000
2530 1053 0 0 -nan 0.000000 2147483647.000000 0 -nan 0.000000
2531 1054 0 0 -nan 0.000000 2147483647.000000 0 -nan 0.000000
2532 1055 0 0 -nan 0.000000 2147483647.000000 0 -nan 0.000000
