# Format <LP ID> <Terminal ID> <Job ID> <Local Rank> <Total sends> <Total Recvs> <Bytes sent> <Bytes recvd> <Send time> <Comm. time> <Compute time> <Avg msg time> <Max Msg Time>
6 0 -1 -1 0 0 0 0 0.000000 0.000000 0.000000 -nan 0.000000
7 1 -1 -1 0 0 0 0 0.000000 0.000000 0.000000 -nan 0.000000
8 2 -1 -1 0 0 0 0 0.000000 0.000000 0.000000 -nan 0.000000
9 3 -1 -1 0 0 0 0 0.000000 0.000000 0.000000 -nan 0.000000
10 4 -1 -1 0 0 0 0 0.000000 0.000000 0.000000 -nan 0.000000
11 5 -1 -1 0 0 0 0 0.000000 0.000000 0.000000 -nan 0.000000
12 6 -1 -1 0 0 0 0 0.000000 0.000000 0.000000 -nan 0.000000
13 7 -1 -1 0 0 0 0 0.000000 0.000000 0.000000 -nan 0.000000
14 8 -1 -1 0 0 0 0 0.000000 0.000000 0.000000 -nan 0.000000
15 9 -1 -1 0 0 0 0 0.000000 0.000000 0.000000 -nan 0.000000
16 10 -1 -1 0 0 0 0 0.000000 0.000000 0.000000 -nan 0.000000
17 11 -1 -1 0 0 0 0 0.000000 0.000000 0.000000 -nan 0.000000
18 12 -1 -1 0 0 0 0 0.000000 0.000000 0.000000 -nan 0.000000
19 13 -1 -1 0 0 0 0 0.000000 0.000000 0.000000 -nan 0.000000
20 14 -1 -1 0 0 0 0 0.000000 0.000000 0.000000 -nan 0.000000
21 15 -1 -1 0 0 0 0 0.000000 0.000000 0.000000 -nan 0.000000
22 16 -1 -1 0 0 0 0 0.000000 0.000000 0.000000 -nan 0.000000
23 17 -1 -1 0 0 0 0 0.000000 0.000000 0.000000 -nan 0.000000
24 18 -1 -1 0 0 0 0 0.000000 0.000000 0.000000 -nan 0.000000
25 19 -1 -1 0 0 0 0 0.000000 0.000000 0.000000 -nan 0.000000
26 20 -1 -1 0 0 0 0 0.000000 0.000000 0.000000 -nan 0.000000
27 21 -1 -1 0 0 0 0 0.000000 0.000000 0.000000 -nan 0.000000
28 22 -1 -1 0 0 0 0 0.000000 0.000000 0.000000 -nan 0.000000
29 23 -1 -1 0 0 0 0 0.000000 0.000000 0.000000 -nan 0.000000
30 24 -1 -1 0 0 0 0 0.000000 0.000000 0.000000 -nan 0.000000
31 25 -1 -1 0 0 0 0 0.000000 0.000000 0.000000 -nan 0.000000
32 26 -1 -1 0 0 0 0 0.000000 0.000000 0.000000 -nan 0.000000
33 27 -1 -1 0 0 0 0 0.000000 0.000000 0.000000 -nan 0.000000
34 28 -1 -1 0 0 0 0 0.000000 0.000000 0.000000 -nan 0.000000
35 29 -1 -1 0 0 0 0 0.000000 0.000000 0.000000 -nan 0.000000
83 30 -1 -1 0 0 0 0 0.000000 0.000000 0.000000 -nan 0.000000
84 31 -1 -1 0 0 0 0 0.000000 0.000000 0.000000 -nan 0.000000
85 32 -1 -1 0 0 0 0 0.000000 0.000000 0.000000 -nan 0.000000
86 33 -1 -1 0 0 0 0 0.000000 0.000000 0.000000 -nan 0.000000
87 34 -1 -1 0 0 0 0 0.000000 0.000000 0.000000 -nan 0.000000
88 35 -1 -1 0 0 0 0 0.000000 0.000000 0.000000 -nan 0.000000
89 36 -1 -1 0 0 0 0 0.000000 0.000000 0.000000 -nan 0.000000
90 37 -1 -1 0 0 0 0 0.000000 0.000000 0.000000 -nan 0.000000
91 38 -1 -1 0 0 0 0 0.000000 0.000000 0.000000 -nan 0.000000
92 39 -1 -1 0 0 0 0 0.000000 0.000000 0.000000 -nan 0.000000
93 40 -1 -1 0 0 0 0 0.000000 0.000000 0.000000 -nan 0.000000
94 41 -1 -1 0 0 0 0 0.000000 0.000000 0.000000 -nan 0.000000
95 42 -1 -1 0 0 0 0 0.000000 0.000000 0.000000 -nan 0.000000
96 43 -1 -1 0 0 0 0 0.000000 0.000000 0.000000 -nan 0.000000
97 44 -1 -1 0 0 0 0 0.000000 0.000000 0.000000 -nan 0.000000
98 45 -1 -1 0 0 0 0 0.000000 0.000000 0.000000 -nan 0.000000
99 46 -1 -1 0 0 0 0 0.000000 0.000000 0.000000 -nan 0.000000
100 47 -1 -1 0 0 0 0 0.000000 0.000000 0.000000 -nan 0.000000
101 48 -1 -1 0 0 0 0 0.000000 0.000000 0.000000 -nan 0.000000
102 49 -1 -1 0 0 0 0 0.000000 0.000000 0.000000 -nan 0.000000
103 50 -1 -1 0 0 0 0 0.000000 0.000000 0.000000 -nan 0.000000
104 51 -1 -1 0 0 0 0 0.000000 0.000000 0.000000 -nan 0.000000
105 52 -1 -1 0 0 0 0 0.000000 0.000000 0.000000 -nan 0.000000
106 53 -1 -1 0 0 0 0 0.000000 0.000000 0.000000 -nan 0.000000
107 54 -1 -1 0 0 0 0 0.000000 0.000000 0.000000 -nan 0.000000
108 55 -1 -1 0 0 0 0 0.000000 0.000000 0.000000 -nan 0.000000
109 56 -1 -1 0 0 0 0 0.000000 0.000000 0.000000 -nan 0.000000
110 57 -1 -1 0 0 0 0 0.000000 0.000000 0.000000 -nan 0.000000
111 58 -1 -1 0 0 0 0 0.000000 0.000000 0.000000 -nan 0.000000
112 59 -1 -1 0 0 0 0 0.000000 0.000000 0.000000 -nan 0.000000
160 60 -1 -1 0 0 0 0 0.000000 0.000000 0.000000 -nan 0.000000
161 61 -1 -1 0 0 0 0 0.000000 0.000000 0.000000 -nan 0.000000
162 62 -1 -1 0 0 0 0 0.000000 0.000000 0.000000 -nan 0.000000
163 63 -1 -1 0 0 0 0 0.000000 0.000000 0.000000 -nan 0.000000
164 64 -1 -1 0 0 0 0 0.000000 0.000000 0.000000 -nan 0.000000
165 65 -1 -1 0 0 0 0 0.000000 0.000000 0.000000 -nan 0.000000
166 66 -1 -1 0 0 0 0 0.000000 0.000000 0.000000 -nan 0.000000
167 67 -1 -1 0 0 0 0 0.000000 0.000000 0.000000 -nan 0.000000
168 68 -1 -1 0 0 0 0 0.000000 0.000000 0.000000 -nan 0.000000
169 69 -1 -1 0 0 0 0 0.000000 0.000000 0.000000 -nan 0.000000
170 70 -1 -1 0 0 0 0 0.000000 0.000000 0.000000 -nan 0.000000
171 71 -1 -1 0 0 0 0 0.000000 0.000000 0.000000 -nan 0.000000
172 72 -1 -1 0 0 0 0 0.000000 0.000000 0.000000 -nan 0.000000
173 73 -1 -1 0 0 0 0 0.000000 0.000000 0.000000 -nan 0.000000
174 74 -1 -1 0 0 0 0 0.000000 0.000000 0.000000 -nan 0.000000
175 75 -1 -1 0 0 0 0 0.000000 0.000000 0.000000 -nan 0.000000
176 76 -1 -1 0 0 0 0 0.000000 0.000000 0.000000 -nan 0.000000
177 77 -1 -1 0 0 0 0 0.000000 0.000000 0.000000 -nan 0.000000
178 78 -1 -1 0 0 0 0 0.000000 0.000000 0.000000 -nan 0.000000
179 79 -1 -1 0 0 0 0 0.000000 0.000000 0.000000 -nan 0.000000
180 80 -1 -1 0 0 0 0 0.000000 0.000000 0.000000 -nan 0.000000
181 81 -1 -1 0 0 0 0 0.000000 0.000000 0.000000 -nan 0.000000
182 82 -1 -1 0 0 0 0 0.000000 0.000000 0.000000 -nan 0.000000
183 83 -1 -1 0 0 0 0 0.000000 0.000000 0.000000 -nan 0.000000
184 84 -1 -1 0 0 0 0 0.000000 0.000000 0.000000 -nan 0.000000
185 85 -1 -1 0 0 0 0 0.000000 0.000000 0.000000 -nan 0.000000
186 86 -1 -1 0 0 0 0 0.000000 0.000000 0.000000 -nan 0.000000
187 87 -1 -1 0 0 0 0 0.000000 0.000000 0.000000 -nan 0.000000
188 88 -1 -1 0 0 0 0 0.000000 0.000000 0.000000 -nan 0.000000
189 89 -1 -1 0 0 0 0 0.000000 0.000000 0.000000 -nan 0.000000
237 90 -1 -1 0 0 0 0 0.000000 0.000000 0.000000 -nan 0.000000
238 91 -1 -1 0 0 0 0 0.000000 0.000000 0.000000 -nan 0.000000
239 92 -1 -1 0 0 0 0 0.000000 0.000000 0.000000 -nan 0.000000
240 93 -1 -1 0 0 0 0 0.000000 0.000000 0.000000 -nan 0.000000
241 94 -1 -1 0 0 0 0 0.000000 0.000000 0.000000 -nan 0.000000
242 95 -1 -1 0 0 0 0 0.000000 0.000000 0.000000 -nan 0.000000
243 96 -1 -1 0 0 0 0 0.000000 0.000000 0.000000 -nan 0.000000
244 97 -1 -1 0 0 0 0 0.000000 0.000000 0.000000 -nan 0.000000
245 98 -1 -1 0 0 0 0 0.000000 0.000000 0.000000 -nan 0.000000
246 99 -1 -1 0 0 0 0 0.000000 0.000000 0.000000 -nan 0.000000
247 100 -1 -1 0 0 0 0 0.000000 0.000000 0.000000 -nan 0.000000
248 101 -1 -1 0 0 0 0 0.000000 0.000000 0.000000 -nan 0.000000
249 102 -1 -1 0 0 0 0 0.000000 0.000000 0.000000 -nan 0.000000
250 103 -1 -1 0 0 0 0 0.000000 0.000000 0.000000 -nan 0.000000
251 104 -1 -1 0 0 0 0 0.000000 0.000000 0.000000 -nan 0.000000
252 105 -1 -1 0 0 0 0 0.000000 0.000000 0.000000 -nan 0.000000
253 106 -1 -1 0 0 0 0 0.000000 0.000000 0.000000 -nan 0.000000
254 107 -1 -1 0 0 0 0 0.000000 0.000000 0.000000 -nan 0.000000
255 108 -1 -1 0 0 0 0 0.000000 0.000000 0.000000 -nan 0.000000
256 109 -1 -1 0 0 0 0 0.000000 0.000000 0.000000 -nan 0.000000
257 110 -1 -1 0 0 0 0 0.000000 0.000000 0.000000 -nan 0.000000
258 111 -1 -1 0 0 0 0 0.000000 0.000000 0.000000 -nan 0.000000
259 112 -1 -1 0 0 0 0 0.000000 0.000000 0.000000 -nan 0.000000
260 113 -1 -1 0 0 0 0 0.000000 0.000000 0.000000 -nan 0.000000
261 114 -1 -1 0 0 0 0 0.000000 0.000000 0.000000 -nan 0.000000
262 115 -1 -1 0 0 0 0 0.000000 0.000000 0.000000 -nan 0.000000
263 116 -1 -1 0 0 0 0 0.000000 0.000000 0.000000 -nan 0.000000
264 117 -1 -1 0 0 0 0 0.000000 0.000000 0.000000 -nan 0.000000
265 118 -1 -1 0 0 0 0 0.000000 0.000000 0.000000 -nan 0.000000
266 119 -1 -1 0 0 0 0 0.000000 0.000000 0.000000 -nan 0.000000
314 120 -1 -1 0 0 0 0 0.000000 0.000000 0.000000 -nan 0.000000
315 121 -1 -1 0 0 0 0 0.000000 0.000000 0.000000 -nan 0.000000
316 122 -1 -1 0 0 0 0 0.000000 0.000000 0.000000 -nan 0.000000
317 123 -1 -1 0 0 0 0 0.000000 0.000000 0.000000 -nan 0.000000
318 124 -1 -1 0 0 0 0 0.000000 0.000000 0.000000 -nan 0.000000
319 125 -1 -1 0 0 0 0 0.000000 0.000000 0.000000 -nan 0.000000
320 126 -1 -1 0 0 0 0 0.000000 0.000000 0.000000 -nan 0.000000
321 127 -1 -1 0 0 0 0 0.000000 0.000000 0.000000 -nan 0.000000
322 128 -1 -1 0 0 0 0 0.000000 0.000000 0.000000 -nan 0.000000
323 129 -1 -1 0 0 0 0 0.000000 0.000000 0.000000 -nan 0.000000
324 130 -1 -1 0 0 0 0 0.000000 0.000000 0.000000 -nan 0.000000
325 131 -1 -1 0 0 0 0 0.000000 0.000000 0.000000 -nan 0.000000
326 132 -1 -1 0 0 0 0 0.000000 0.000000 0.000000 -nan 0.000000
327 133 -1 -1 0 0 0 0 0.000000 0.000000 0.000000 -nan 0.000000
328 134 -1 -1 0 0 0 0 0.000000 0.000000 0.000000 -nan 0.000000
329 135 -1 -1 0 0 0 0 0.000000 0.000000 0.000000 -nan 0.000000
330 136 -1 -1 0 0 0 0 0.000000 0.000000 0.000000 -nan 0.000000
331 137 -1 -1 0 0 0 0 0.000000 0.000000 0.000000 -nan 0.000000
332 138 -1 -1 0 0 0 0 0.000000 0.000000 0.000000 -nan 0.000000
333 139 -1 -1 0 0 0 0 0.000000 0.000000 0.000000 -nan 0.000000
334 140 -1 -1 0 0 0 0 0.000000 0.000000 0.000000 -nan 0.000000
335 141 -1 -1 0 0 0 0 0.000000 0.000000 0.000000 -nan 0.000000
336 142 -1 -1 0 0 0 0 0.000000 0.000000 0.000000 -nan 0.000000
337 143 -1 -1 0 0 0 0 0.000000 0.000000 0.000000 -nan 0.000000
338 144 -1 -1 0 0 0 0 0.000000 0.000000 0.000000 -nan 0.000000
339 145 -1 -1 0 0 0 0 0.000000 0.000000 0.000000 -nan 0.000000
340 146 -1 -1 0 0 0 0 0.000000 0.000000 0.000000 -nan 0.000000
341 147 -1 -1 0 0 0 0 0.000000 0.000000 0.000000 -nan 0.000000
342 148 -1 -1 0 0 0 0 0.000000 0.000000 0.000000 -nan 0.000000
343 149 -1 -1 0 0 0 0 0.000000 0.000000 0.000000 -nan 0.000000
391 150 -1 -1 0 0 0 0 0.000000 0.000000 0.000000 -nan 0.000000
392 151 -1 -1 0 0 0 0 0.000000 0.000000 0.000000 -nan 0.000000
393 152 -1 -1 0 0 0 0 0.000000 0.000000 0.000000 -nan 0.000000
394 153 -1 -1 0 0 0 0 0.000000 0.000000 0.000000 -nan 0.000000
395 154 -1 -1 0 0 0 0 0.000000 0.000000 0.000000 -nan 0.000000
396 155 -1 -1 0 0 0 0 0.000000 0.000000 0.000000 -nan 0.000000
397 156 -1 -1 0 0 0 0 0.000000 0.000000 0.000000 -nan 0.000000
398 157 -1 -1 0 0 0 0 0.000000 0.000000 0.000000 -nan 0.000000
399 158 -1 -1 0 0 0 0 0.000000 0.000000 0.000000 -nan 0.000000
400 159 -1 -1 0 0 0 0 0.000000 0.000000 0.000000 -nan 0.000000
401 160 -1 -1 0 0 0 0 0.000000 0.000000 0.000000 -nan 0.000000
402 161 -1 -1 0 0 0 0 0.000000 0.000000 0.000000 -nan 0.000000
403 162 -1 -1 0 0 0 0 0.000000 0.000000 0.000000 -nan 0.000000
404 163 -1 -1 0 0 0 0 0.000000 0.000000 0.000000 -nan 0.000000
405 164 -1 -1 0 0 0 0 0.000000 0.000000 0.000000 -nan 0.000000
406 165 -1 -1 0 0 0 0 0.000000 0.000000 0.000000 -nan 0.000000
407 166 -1 -1 0 0 0 0 0.000000 0.000000 0.000000 -nan 0.000000
408 167 -1 -1 0 0 0 0 0.000000 0.000000 0.000000 -nan 0.000000
409 168 -1 -1 0 0 0 0 0.000000 0.000000 0.000000 -nan 0.000000
410 169 -1 -1 0 0 0 0 0.000000 0.000000 0.000000 -nan 0.000000
411 170 -1 -1 0 0 0 0 0.000000 0.000000 0.000000 -nan 0.000000
412 171 -1 -1 0 0 0 0 0.000000 0.000000 0.000000 -nan 0.000000
413 172 -1 -1 0 0 0 0 0.000000 0.000000 0.000000 -nan 0.000000
414 173 -1 -1 0 0 0 0 0.000000 0.000000 0.000000 -nan 0.000000
415 174 -1 -1 0 0 0 0 0.000000 0.000000 0.000000 -nan 0.000000
416 175 -1 -1 0 0 0 0 0.000000 0.000000 0.000000 -nan 0.000000
417 176 -1 -1 0 0 0 0 0.000000 0.000000 0.000000 -nan 0.000000
418 177 -1 -1 0 0 0 0 0.000000 0.000000 0.000000 -nan 0.000000
419 178 -1 -1 0 0 0 0 0.000000 0.000000 0.000000 -nan 0.000000
420 179 -1 -1 0 0 0 0 0.000000 0.000000 0.000000 -nan 0.000000
468 180 -1 -1 0 0 0 0 0.000000 0.000000 0.000000 -nan 0.000000
469 181 -1 -1 0 0 0 0 0.000000 0.000000 0.000000 -nan 0.000000
470 182 -1 -1 0 0 0 0 0.000000 0.000000 0.000000 -nan 0.000000
471 183 -1 -1 0 0 0 0 0.000000 0.000000 0.000000 -nan 0.000000
472 184 -1 -1 0 0 0 0 0.000000 0.000000 0.000000 -nan 0.000000
473 185 -1 -1 0 0 0 0 0.000000 0.000000 0.000000 -nan 0.000000
474 186 -1 -1 0 0 0 0 0.000000 0.000000 0.000000 -nan 0.000000
475 187 -1 -1 0 0 0 0 0.000000 0.000000 0.000000 -nan 0.000000
476 188 -1 -1 0 0 0 0 0.000000 0.000000 0.000000 -nan 0.000000
477 189 -1 -1 0 0 0 0 0.000000 0.000000 0.000000 -nan 0.000000
478 190 -1 -1 0 0 0 0 0.000000 0.000000 0.000000 -nan 0.000000
479 191 -1 -1 0 0 0 0 0.000000 0.000000 0.000000 -nan 0.000000
480 192 -1 -1 0 0 0 0 0.000000 0.000000 0.000000 -nan 0.000000
481 193 -1 -1 0 0 0 0 0.000000 0.000000 0.000000 -nan 0.000000
482 194 -1 -1 0 0 0 0 0.000000 0.000000 0.000000 -nan 0.000000
483 195 -1 -1 0 0 0 0 0.000000 0.000000 0.000000 -nan 0.000000
484 196 -1 -1 0 0 0 0 0.000000 0.000000 0.000000 -nan 0.000000
485 197 -1 -1 0 0 0 0 0.000000 0.000000 0.000000 -nan 0.000000
486 198 -1 -1 0 0 0 0 0.000000 0.000000 0.000000 -nan 0.000000
487 199 -1 -1 0 0 0 0 0.000000 0.000000 0.000000 -nan 0.000000
488 200 -1 -1 0 0 0 0 0.000000 0.000000 0.000000 -nan 0.000000
489 201 -1 -1 0 0 0 0 0.000000 0.000000 0.000000 -nan 0.000000
490 202 -1 -1 0 0 0 0 0.000000 0.000000 0.000000 -nan 0.000000
491 203 -1 -1 0 0 0 0 0.000000 0.000000 0.000000 -nan 0.000000
492 204 -1 -1 0 0 0 0 0.000000 0.000000 0.000000 -nan 0.000000
493 205 -1 -1 0 0 0 0 0.000000 0.000000 0.000000 -nan 0.000000
494 206 -1 -1 0 0 0 0 0.000000 0.000000 0.000000 -nan 0.000000
495 207 -1 -1 0 0 0 0 0.000000 0.000000 0.000000 -nan 0.000000
496 208 -1 -1 0 0 0 0 0.000000 0.000000 0.000000 -nan 0.000000
497 209 -1 -1 0 0 0 0 0.000000 0.000000 0.000000 -nan 0.000000
545 210 -1 -1 0 0 0 0 0.000000 0.000000 0.000000 -nan 0.000000
546 211 -1 -1 0 0 0 0 0.000000 0.000000 0.000000 -nan 0.000000
547 212 -1 -1 0 0 0 0 0.000000 0.000000 0.000000 -nan 0.000000
548 213 -1 -1 0 0 0 0 0.000000 0.000000 0.000000 -nan 0.000000
549 214 -1 -1 0 0 0 0 0.000000 0.000000 0.000000 -nan 0.000000
550 215 -1 -1 0 0 0 0 0.000000 0.000000 0.000000 -nan 0.000000
551 216 -1 -1 0 0 0 0 0.000000 0.000000 0.000000 -nan 0.000000
552 217 -1 -1 0 0 0 0 0.000000 0.000000 0.000000 -nan 0.000000
553 218 -1 -1 0 0 0 0 0.000000 0.000000 0.000000 -nan 0.000000
554 219 -1 -1 0 0 0 0 0.000000 0.000000 0.000000 -nan 0.000000
555 220 -1 -1 0 0 0 0 0.000000 0.000000 0.000000 -nan 0.000000
556 221 -1 -1 0 0 0 0 0.000000 0.000000 0.000000 -nan 0.000000
557 222 -1 -1 0 0 0 0 0.000000 0.000000 0.000000 -nan 0.000000
558 223 -1 -1 0 0 0 0 0.000000 0.000000 0.000000 -nan 0.000000
559 224 -1 -1 0 0 0 0 0.000000 0.000000 0.000000 -nan 0.000000
560 225 -1 -1 0 0 0 0 0.000000 0.000000 0.000000 -nan 0.000000
561 226 -1 -1 0 0 0 0 0.000000 0.000000 0.000000 -nan 0.000000
562 227 -1 -1 0 0 0 0 0.000000 0.000000 0.000000 -nan 0.000000
563 228 -1 -1 0 0 0 0 0.000000 0.000000 0.000000 -nan 0.000000
564 229 -1 -1 0 0 0 0 0.000000 0.000000 0.000000 -nan 0.000000
565 230 -1 -1 0 0 0 0 0.000000 0.000000 0.000000 -nan 0.000000
566 231 -1 -1 0 0 0 0 0.000000 0.000000 0.000000 -nan 0.000000
567 232 -1 -1 0 0 0 0 0.000000 0.000000 0.000000 -nan 0.000000
568 233 -1 -1 0 0 0 0 0.000000 0.000000 0.000000 -nan 0.000000
569 234 -1 -1 0 0 0 0 0.000000 0.000000 0.000000 -nan 0.000000
570 235 -1 -1 0 0 0 0 0.000000 0.000000 0.000000 -nan 0.000000
571 236 -1 -1 0 0 0 0 0.000000 0.000000 0.000000 -nan 0.000000
572 237 -1 -1 0 0 0 0 0.000000 0.000000 0.000000 -nan 0.000000
573 238 -1 -1 0 0 0 0 0.000000 0.000000 0.000000 -nan 0.000000
574 239 -1 -1 0 0 0 0 0.000000 0.000000 0.000000 -nan 0.000000
622 240 -1 -1 0 0 0 0 0.000000 0.000000 0.000000 -nan 0.000000
623 241 -1 -1 0 0 0 0 0.000000 0.000000 0.000000 -nan 0.000000
624 242 -1 -1 0 0 0 0 0.000000 0.000000 0.000000 -nan 0.000000
625 243 -1 -1 0 0 0 0 0.000000 0.000000 0.000000 -nan 0.000000
626 244 -1 -1 0 0 0 0 0.000000 0.000000 0.000000 -nan 0.000000
627 245 -1 -1 0 0 0 0 0.000000 0.000000 0.000000 -nan 0.000000
628 246 -1 -1 0 0 0 0 0.000000 0.000000 0.000000 -nan 0.000000
629 247 -1 -1 0 0 0 0 0.000000 0.000000 0.000000 -nan 0.000000
630 248 -1 -1 0 0 0 0 0.000000 0.000000 0.000000 -nan 0.000000
631 249 -1 -1 0 0 0 0 0.000000 0.000000 0.000000 -nan 0.000000
632 250 -1 -1 0 0 0 0 0.000000 0.000000 0.000000 -nan 0.000000
633 251 -1 -1 0 0 0 0 0.000000 0.000000 0.000000 -nan 0.000000
634 252 -1 -1 0 0 0 0 0.000000 0.000000 0.000000 -nan 0.000000
635 253 -1 -1 0 0 0 0 0.000000 0.000000 0.000000 -nan 0.000000
636 254 -1 -1 0 0 0 0 0.000000 0.000000 0.000000 -nan 0.000000
637 255 -1 -1 0 0 0 0 0.000000 0.000000 0.000000 -nan 0.000000
638 256 -1 -1 0 0 0 0 0.000000 0.000000 0.000000 -nan 0.000000
639 257 -1 -1 0 0 0 0 0.000000 0.000000 0.000000 -nan 0.000000
640 258 -1 -1 0 0 0 0 0.000000 0.000000 0.000000 -nan 0.000000
641 259 -1 -1 0 0 0 0 0.000000 0.000000 0.000000 -nan 0.000000
642 260 -1 -1 0 0 0 0 0.000000 0.000000 0.000000 -nan 0.000000
643 261 -1 -1 0 0 0 0 0.000000 0.000000 0.000000 -nan 0.000000
644 262 -1 -1 0 0 0 0 0.000000 0.000000 0.000000 -nan 0.000000
645 263 -1 -1 0 0 0 0 0.000000 0.000000 0.000000 -nan 0.000000
646 264 -1 -1 0 0 0 0 0.000000 0.000000 0.000000 -nan 0.000000
647 265 -1 -1 0 0 0 0 0.000000 0.000000 0.000000 -nan 0.000000
648 266 -1 -1 0 0 0 0 0.000000 0.000000 0.000000 -nan 0.000000
649 267 -1 -1 0 0 0 0 0.000000 0.000000 0.000000 -nan 0.000000
650 268 -1 -1 0 0 0 0 0.000000 0.000000 0.000000 -nan 0.000000
651 269 -1 -1 0 0 0 0 0.000000 0.000000 0.000000 -nan 0.000000
699 270 -1 -1 0 0 0 0 0.000000 0.000000 0.000000 -nan 0.000000
700 271 -1 -1 0 0 0 0 0.000000 0.000000 0.000000 -nan 0.000000
701 272 -1 -1 0 0 0 0 0.000000 0.000000 0.000000 -nan 0.000000
702 273 -1 -1 0 0 0 0 0.000000 0.000000 0.000000 -nan 0.000000
703 274 -1 -1 0 0 0 0 0.000000 0.000000 0.000000 -nan 0.000000
704 275 -1 -1 0 0 0 0 0.000000 0.000000 0.000000 -nan 0.000000
705 276 -1 -1 0 0 0 0 0.000000 0.000000 0.000000 -nan 0.000000
706 277 -1 -1 0 0 0 0 0.000000 0.000000 0.000000 -nan 0.000000
707 278 -1 -1 0 0 0 0 0.000000 0.000000 0.000000 -nan 0.000000
708 279 -1 -1 0 0 0 0 0.000000 0.000000 0.000000 -nan 0.000000
709 280 -1 -1 0 0 0 0 0.000000 0.000000 0.000000 -nan 0.000000
710 281 -1 -1 0 0 0 0 0.000000 0.000000 0.000000 -nan 0.000000
711 282 -1 -1 0 0 0 0 0.000000 0.000000 0.000000 -nan 0.000000
712 283 -1 -1 0 0 0 0 0.000000 0.000000 0.000000 -nan 0.000000
713 284 -1 -1 0 0 0 0 0.000000 0.000000 0.000000 -nan 0.000000
714 285 -1 -1 0 0 0 0 0.000000 0.000000 0.000000 -nan 0.000000
715 286 -1 -1 0 0 0 0 0.000000 0.000000 0.000000 -nan 0.000000
716 287 -1 -1 0 0 0 0 0.000000 0.000000 0.000000 -nan 0.000000
717 288 -1 -1 0 0 0 0 0.000000 0.000000 0.000000 -nan 0.000000
718 289 -1 -1 0 0 0 0 0.000000 0.000000 0.000000 -nan 0.000000
719 290 -1 -1 0 0 0 0 0.000000 0.000000 0.000000 -nan 0.000000
720 291 -1 -1 0 0 0 0 0.000000 0.000000 0.000000 -nan 0.000000
721 292 -1 -1 0 0 0 0 0.000000 0.000000 0.000000 -nan 0.000000
722 293 -1 -1 0 0 0 0 0.000000 0.000000 0.000000 -nan 0.000000
723 294 -1 -1 0 0 0 0 0.000000 0.000000 0.000000 -nan 0.000000
724 295 -1 -1 0 0 0 0 0.000000 0.000000 0.000000 -nan 0.000000
725 296 -1 -1 0 0 0 0 0.000000 0.000000 0.000000 -nan 0.000000
726 297 -1 -1 0 0 0 0 0.000000 0.000000 0.000000 -nan 0.000000
727 298 -1 -1 0 0 0 0 0.000000 0.000000 0.000000 -nan 0.000000
728 299 -1 -1 0 0 0 0 0.000000 0.000000 0.000000 -nan 0.000000
776 300 0 0 0 0 0 0 0.000000 6198462039.019569 100000000.000000 -nan 6298462039.019569
777 301 0 1 0 0 0 0 0.000000 6174778171.361518 100000000.000000 -nan 6274778171.361518
778 302 0 2 0 0 0 0 0.000000 6190567416.322879 100000000.000000 -nan 6290567416.322879
779 303 0 3 0 0 0 0 0.000000 6182672794.632417 100000000.000000 -nan 6282672794.632417
780 304 0 4 0 0 0 0 0.000000 6187935875.506121 100000000.000000 -nan 6287935875.506121
781 305 0 5 0 0 0 0 0.000000 6203725120.176772 100000000.000000 -nan 6303725120.176772
782 306 0 6 0 0 0 0 0.000000 6195830497.787526 100000000.000000 -nan 6295830497.787526
783 307 0 7 0 0 0 0 0.000000 6180041253.256184 100000000.000000 -nan 6280041253.256184
784 308 0 8 0 0 0 0 0.000000 6201093579.198206 100000000.000000 -nan 6301093579.198206
785 309 0 9 0 0 0 0 0.000000 6193198956.845059 100000000.000000 -nan 6293198956.845059
786 310 0 10 0 0 0 0 0.000000 6177409712.840151 100000000.000000 -nan 6277409712.840151
787 311 0 11 0 0 0 0 0.000000 6185304334.585462 100000000.000000 -nan 6285304334.585462
788 312 0 12 0 0 0 0 0.000000 6208988201.519675 100000000.000000 -nan 6308988201.519675
789 313 0 13 0 0 0 0 0.000000 6206356660.147048 100000000.000000 -nan 6306356660.147048
790 314 0 14 0 0 0 0 0.000000 6211619742.749696 100000000.000000 -nan 6311619742.749696
791 315 0 15 0 0 0 0 0.000000 6205998081.332804 100000000.000000 -nan 6305998081.332804
792 316 0 16 0 0 0 0 0.000000 6190208836.748594 100000000.000000 -nan 6290208836.748594
793 317 0 17 0 0 0 0 0.000000 6174419592.487646 100000000.000000 -nan 6274419592.487646
794 318 0 18 0 0 0 0 0.000000 6198103458.953377 100000000.000000 -nan 6298103458.953377
795 319 0 19 0 0 0 0 0.000000 6182314214.886545 100000000.000000 -nan 6282314214.886545
796 320 0 20 0 0 0 0 0.000000 6179682673.882468 100000000.000000 -nan 6279682673.882468
797 321 0 21 0 0 0 0 0.000000 6195471918.332417 100000000.000000 -nan 6295471918.332417
798 322 0 22 0 0 0 0 0.000000 6200734999.923560 100000000.000000 -nan 6300734999.923560
799 323 0 23 0 0 0 0 0.000000 6187577295.506318 100000000.000000 -nan 6287577295.506318
800 324 0 24 0 0 0 0 0.000000 6203366540.809821 100000000.000000 -nan 6303366540.809821
801 325 0 25 0 0 0 0 0.000000 6177051132.806071 100000000.000000 -nan 6277051132.806071
802 326 0 26 0 0 0 0 0.000000 6184945755.418488 100000000.000000 -nan 6284945755.418488
803 327 0 27 0 0 0 0 0.000000 6192840377.547153 100000000.000000 -nan 6292840377.547153
804 328 0 28 0 0 0 0 0.000000 6106917109.134139 100000000.000000 -nan 6206917109.134139
805 329 0 29 0 0 0 0 0.000000 6104285568.204101 100000000.000000 -nan 6204285568.204101
853 330 0 30 0 0 0 0 0.000000 6195828717.562266 100000000.000000 -nan 6295828717.562266
854 331 0 31 0 0 0 0 0.000000 6180039472.870544 100000000.000000 -nan 6280039472.870544
855 332 0 32 0 0 0 0 0.000000 6187934095.275932 100000000.000000 -nan 6287934095.275932
856 333 0 33 0 0 0 0 0.000000 6203723339.624533 100000000.000000 -nan 6303723339.624533
857 334 0 34 0 0 0 0 0.000000 6198460258.102952 100000000.000000 -nan 6298460258.102952
858 335 0 35 0 0 0 0 0.000000 6174776391.878947 100000000.000000 -nan 6274776391.878947
859 336 0 36 0 0 0 0 0.000000 6182671014.080135 100000000.000000 -nan 6282671014.080135
860 337 0 37 0 0 0 0 0.000000 6190565636.126774 100000000.000000 -nan 6290565636.126774
861 338 0 38 0 0 0 0 0.000000 6193197177.318731 100000000.000000 -nan 6293197177.318731
862 339 0 39 0 0 0 0 0.000000 6185302554.466566 100000000.000000 -nan 6285302554.466566
863 340 0 40 0 0 0 0 0.000000 6201091799.007936 100000000.000000 -nan 6301091799.007936
864 341 0 41 0 0 0 0 0.000000 6177407932.349245 100000000.000000 -nan 6277407932.349245
865 342 0 42 0 0 0 0 0.000000 6211617962.105393 100000000.000000 -nan 6311617962.105393
866 343 0 43 0 0 0 0 0.000000 6208986421.376992 100000000.000000 -nan 6308986421.376992
867 344 0 44 0 0 0 0 0.000000 6206354879.980798 100000000.000000 -nan 6306354879.980798
868 345 0 45 0 0 0 0 0.000000 6205998081.274845 100000000.000000 -nan 6305998081.274845
869 346 0 46 0 0 0 0 0.000000 6174419592.500875 100000000.000000 -nan 6274419592.500875
870 347 0 47 0 0 0 0 0.000000 6182314214.120711 100000000.000000 -nan 6282314214.120711
871 348 0 48 0 0 0 0 0.000000 6190208836.234235 100000000.000000 -nan 6290208836.234235
872 349 0 49 0 0 0 0 0.000000 6198103458.480396 100000000.000000 -nan 6298103458.480396
873 350 0 50 0 0 0 0 0.000000 6187577295.291567 100000000.000000 -nan 6287577295.291567
874 351 0 51 0 0 0 0 0.000000 6203366540.130303 100000000.000000 -nan 6303366540.130303
875 352 0 52 0 0 0 0 0.000000 6195471917.713166 100000000.000000 -nan 6295471917.713166
876 353 0 53 0 0 0 0 0.000000 6179682672.903126 100000000.000000 -nan 6279682672.903126
877 354 0 54 0 0 0 0 0.000000 6177051132.600999 100000000.000000 -nan 6277051132.600999
878 355 0 55 0 0 0 0 0.000000 6200734999.840947 100000000.000000 -nan 6300734999.840947
879 356 0 56 0 0 0 0 0.000000 6184945755.038292 100000000.000000 -nan 6284945755.038292
880 357 0 57 0 0 0 0 0.000000 6192840377.186598 100000000.000000 -nan 6292840377.186598
881 358 0 58 0 0 0 0 0.000000 6104285567.936717 100000000.000000 -nan 6204285567.936717
882 359 0 59 0 0 0 0 0.000000 6106917109.168223 100000000.000000 -nan 6206917109.168223
930 360 0 60 0 0 0 0 0.000000 6203725120.342844 100000000.000000 -nan 6303725120.342844
931 361 0 61 0 0 0 0 0.000000 6180041253.764565 100000000.000000 -nan 6280041253.764565
932 362 0 62 0 0 0 0 0.000000 6195830498.428571 100000000.000000 -nan 6295830498.428571
933 363 0 63 0 0 0 0 0.000000 6187935876.065704 100000000.000000 -nan 6287935876.065704
934 364 0 64 0 0 0 0 0.000000 6185304335.628273 100000000.000000 -nan 6285304335.628273
935 365 0 65 0 0 0 0 0.000000 6201093579.972664 100000000.000000 -nan 6301093579.972664
936 366 0 66 0 0 0 0 0.000000 6177409713.462426 100000000.000000 -nan 6277409713.462426
937 367 0 67 0 0 0 0 0.000000 6193198957.517393 100000000.000000 -nan 6293198957.517393
938 368 0 68 0 0 0 0 0.000000 6174778172.248840 100000000.000000 -nan 6274778172.248840
939 369 0 69 0 0 0 0 0.000000 6190567416.307125 100000000.000000 -nan 6290567416.307125
940 370 0 70 0 0 0 0 0.000000 6198462039.017783 100000000.000000 -nan 6298462039.017783
941 371 0 71 0 0 0 0 0.000000 6182672794.788098 100000000.000000 -nan 6282672794.788098
942 372 0 72 0 0 0 0 0.000000 6208988202.041580 100000000.000000 -nan 6308988202.041580
943 373 0 73 0 0 0 0 0.000000 6206356661.830820 100000000.000000 -nan 6306356661.830820
944 374 0 74 0 0 0 0 0.000000 6211619743.155793 100000000.000000 -nan 6311619743.155793
945 375 0 75 0 0 0 0 0.000000 6205998081.533553 100000000.000000 -nan 6305998081.533553
946 376 0 76 0 0 0 0 0.000000 6195471918.747839 100000000.000000 -nan 6295471918.747839
947 377 0 77 0 0 0 0 0.000000 6200734999.649756 100000000.000000 -nan 6300734999.649756
948 378 0 78 0 0 0 0 0.000000 6179682674.215219 100000000.000000 -nan 6279682674.215219
949 379 0 79 0 0 0 0 0.000000 6187577296.634038 100000000.000000 -nan 6287577296.634038
950 380 0 80 0 0 0 0 0.000000 6203366540.385487 100000000.000000 -nan 6303366540.385487
951 381 0 81 0 0 0 0 0.000000 6177051133.551573 100000000.000000 -nan 6277051133.551573
952 382 0 82 0 0 0 0 0.000000 6184945755.573852 100000000.000000 -nan 6284945755.573852
953 383 0 83 0 0 0 0 0.000000 6192840377.784697 100000000.000000 -nan 6292840377.784697
954 384 0 84 0 0 0 0 0.000000 6174419592.593026 100000000.000000 -nan 6274419592.593026
955 385 0 85 0 0 0 0 0.000000 6198103459.531490 100000000.000000 -nan 6298103459.531490
956 386 0 86 0 0 0 0 0.000000 6182314214.465297 100000000.000000 -nan 6282314214.465297
957 387 0 87 0 0 0 0 0.000000 6190208837.575622 100000000.000000 -nan 6290208837.575622
958 388 0 88 0 0 0 0 0.000000 6104285568.981226 100000000.000000 -nan 6204285568.981226
959 389 0 89 0 0 0 0 0.000000 6106917109.125105 100000000.000000 -nan 6206917109.125105
1007 390 0 90 0 0 0 0 0.000000 6187938601.103321 100000000.000000 -nan 6287938601.103321
1008 391 0 91 0 0 0 0 0.000000 6180043979.663356 100000000.000000 -nan 6280043979.663356
1009 392 0 92 0 0 0 0 0.000000 6203727845.833465 100000000.000000 -nan 6303727845.833465
1010 393 0 93 0 0 0 0 0.000000 6195833223.783056 100000000.000000 -nan 6295833223.783056
1011 394 0 94 0 0 0 0 0.000000 6193201682.258701 100000000.000000 -nan 6293201682.258701
1012 395 0 95 0 0 0 0 0.000000 6185307060.850353 100000000.000000 -nan 6285307060.850353
1013 396 0 96 0 0 0 0 0.000000 6177412438.342772 100000000.000000 -nan 6277412438.342772
1014 397 0 97 0 0 0 0 0.000000 6201096305.585814 100000000.000000 -nan 6301096305.585814
1015 398 0 98 0 0 0 0 0.000000 6190570141.788307 100000000.000000 -nan 6290570141.788307
1016 399 0 99 0 0 0 0 0.000000 6182675519.954743 100000000.000000 -nan 6282675519.954743
1017 400 0 100 0 0 0 0 0.000000 6174780898.268919 100000000.000000 -nan 6274780898.268919
1018 401 0 101 0 0 0 0 0.000000 6198464764.632530 100000000.000000 -nan 6298464764.632530
1019 402 0 102 0 0 0 0 0.000000 6206359386.338652 100000000.000000 -nan 6306359386.338652
1020 403 0 103 0 0 0 0 0.000000 6208990927.066864 100000000.000000 -nan 6308990927.066864
1021 404 0 104 0 0 0 0 0.000000 6211622467.857312 100000000.000000 -nan 6311622467.857312
1022 405 0 105 0 0 0 0 0.000000 6000998080.811049 100000000.000000 -nan 6100998080.811049
1023 406 0 106 0 0 0 0 0.000000 5974682673.547328 100000000.000000 -nan 6074682673.547328
1024 407 0 107 0 0 0 0 0.000000 5982577295.709821 100000000.000000 -nan 6082577295.709821
1025 408 0 108 0 0 0 0 0.000000 5998366540.087751 100000000.000000 -nan 6098366540.087751
1026 409 0 109 0 0 0 0 0.000000 5990471917.810394 100000000.000000 -nan 6090471917.810394
1027 410 0 110 0 0 0 0 0.000000 5979945755.245677 100000000.000000 -nan 6079945755.245677
1028 411 0 111 0 0 0 0 0.000000 5995734999.527925 100000000.000000 -nan 6095734999.527925
1029 412 0 112 0 0 0 0 0.000000 5972051132.774627 100000000.000000 -nan 6072051132.774627
1030 413 0 113 0 0 0 0 0.000000 5987840377.223164 100000000.000000 -nan 6087840377.223164
1031 414 0 114 0 0 0 0 0.000000 5993103458.832464 100000000.000000 -nan 6093103458.832464
1032 415 0 115 0 0 0 0 0.000000 5985208835.833768 100000000.000000 -nan 6085208835.833768
1033 416 0 116 0 0 0 0 0.000000 5977314213.661829 100000000.000000 -nan 6077314213.661829
1034 417 0 117 0 0 0 0 0.000000 5969419591.708041 100000000.000000 -nan 6069419591.708041
1035 418 0 118 0 0 0 0 0.000000 5899285568.024584 100000000.000000 -nan 5999285568.024584
1036 419 0 119 0 0 0 0 0.000000 5901917108.245553 100000000.000000 -nan 6001917108.245553
1084 420 0 120 0 0 0 0 0.000000 6180039938.485866 100000000.000000 -nan 6280039938.485866
1085 421 0 121 0 0 0 0 0.000000 6187934561.200338 100000000.000000 -nan 6287934561.200338
1086 422 0 122 0 0 0 0 0.000000 6195829183.356812 100000000.000000 -nan 6295829183.356812
1087 423 0 123 0 0 0 0 0.000000 6203723805.417251 100000000.000000 -nan 6303723805.417251
1088 424 0 124 0 0 0 0 0.000000 6193197641.725287 100000000.000000 -nan 6293197641.725287
1089 425 0 125 0 0 0 0 0.000000 6177408398.063042 100000000.000000 -nan 6277408398.063042
1090 426 0 126 0 0 0 0 0.000000 6201092264.256403 100000000.000000 -nan 6301092264.256403
1091 427 0 127 0 0 0 0 0.000000 6185303020.374067 100000000.000000 -nan 6285303020.374067
1092 428 0 128 0 0 0 0 0.000000 6198460723.760851 100000000.000000 -nan 6298460723.760851
1093 429 0 129 0 0 0 0 0.000000 6174776856.956547 100000000.000000 -nan 6274776856.956547
1094 430 0 130 0 0 0 0 0.000000 6182671479.569293 100000000.000000 -nan 6282671479.569293
1095 431 0 131 0 0 0 0 0.000000 6190566101.572486 100000000.000000 -nan 6290566101.572486
1096 432 0 132 0 0 0 0 0.000000 6206355346.269478 100000000.000000 -nan 6306355346.269478
1097 433 0 133 0 0 0 0 0.000000 6208986886.610098 100000000.000000 -nan 6308986886.610098
1098 434 0 134 0 0 0 0 0.000000 6211618427.591810 100000000.000000 -nan 6311618427.591810
1099 435 0 135 0 0 0 0 0.000000 6205998080.920969 100000000.000000 -nan 6305998080.920969
1100 436 0 136 0 0 0 0 0.000000 6182314213.834306 100000000.000000 -nan 6282314213.834306
1101 437 0 137 0 0 0 0 0.000000 6190208836.339088 100000000.000000 -nan 6290208836.339088
1102 438 0 138 0 0 0 0 0.000000 6174419592.131147 100000000.000000 -nan 6274419592.131147
1103 439 0 139 0 0 0 0 0.000000 6198103458.612515 100000000.000000 -nan 6298103458.612515
1104 440 0 140 0 0 0 0 0.000000 6184945754.755608 100000000.000000 -nan 6284945754.755608
1105 441 0 141 0 0 0 0 0.000000 6200734999.710313 100000000.000000 -nan 6300734999.710313
1106 442 0 142 0 0 0 0 0.000000 6192840377.068521 100000000.000000 -nan 6292840377.068521
1107 443 0 143 0 0 0 0 0.000000 6177051132.698240 100000000.000000 -nan 6277051132.698240
1108 444 0 144 0 0 0 0 0.000000 6187577295.596767 100000000.000000 -nan 6287577295.596767
1109 445 0 145 0 0 0 0 0.000000 6203366540.576706 100000000.000000 -nan 6303366540.576706
1110 446 0 146 0 0 0 0 0.000000 6195471918.114063 100000000.000000 -nan 6295471918.114063
1111 447 0 147 0 0 0 0 0.000000 6179682673.290294 100000000.000000 -nan 6279682673.290294
1112 448 0 148 0 0 0 0 0.000000 6106917108.539242 100000000.000000 -nan 6206917108.539242
1113 449 0 149 0 0 0 0 0.000000 6104285567.016392 100000000.000000 -nan 6204285567.016392
1161 450 0 150 0 0 0 0 0.000000 6190567417.199733 100000000.000000 -nan 6290567417.199733
1162 451 0 151 0 0 0 0 0.000000 6182672794.317215 100000000.000000 -nan 6282672794.317215
1163 452 0 152 0 0 0 0 0.000000 6198462039.323057 100000000.000000 -nan 6298462039.323057
1164 453 0 153 0 0 0 0 0.000000 6174778172.543219 100000000.000000 -nan 6274778172.543219
1165 454 0 154 0 0 0 0 0.000000 6193198957.692393 100000000.000000 -nan 6293198957.692393
1166 455 0 155 0 0 0 0 0.000000 6177409712.893848 100000000.000000 -nan 6277409712.893848
1167 456 0 156 0 0 0 0 0.000000 6185304335.511799 100000000.000000 -nan 6285304335.511799
1168 457 0 157 0 0 0 0 0.000000 6201093579.734211 100000000.000000 -nan 6301093579.734211
1169 458 0 158 0 0 0 0 0.000000 6180041253.574886 100000000.000000 -nan 6280041253.574886
1170 459 0 159 0 0 0 0 0.000000 6187935875.981182 100000000.000000 -nan 6287935875.981182
1171 460 0 160 0 0 0 0 0.000000 6203725120.731458 100000000.000000 -nan 6303725120.731458
1172 461 0 161 0 0 0 0 0.000000 6195830498.193375 100000000.000000 -nan 6295830498.193375
1173 462 0 162 0 0 0 0 0.000000 6211619742.639532 100000000.000000 -nan 6311619742.639532
1174 463 0 163 0 0 0 0 0.000000 6208988201.743577 100000000.000000 -nan 6308988201.743577
1175 464 0 164 0 0 0 0 0.000000 6206356661.157828 100000000.000000 -nan 6306356661.157828
1176 465 0 165 0 0 0 0 0.000000 6205998080.363534 100000000.000000 -nan 6305998080.363534
1177 466 0 166 0 0 0 0 0.000000 6203366539.528531 100000000.000000 -nan 6303366539.528531
1178 467 0 167 0 0 0 0 0.000000 6195471917.314126 100000000.000000 -nan 6295471917.314126
1179 468 0 168 0 0 0 0 0.000000 6184945754.059525 100000000.000000 -nan 6284945754.059525
1180 469 0 169 0 0 0 0 0.000000 6179682672.535310 100000000.000000 -nan 6279682672.535310
1181 470 0 170 0 0 0 0 0.000000 6177051131.686255 100000000.000000 -nan 6277051131.686255
1182 471 0 171 0 0 0 0 0.000000 6187577294.556001 100000000.000000 -nan 6287577294.556001
1183 472 0 172 0 0 0 0 0.000000 6192840376.511863 100000000.000000 -nan 6292840376.511863
1184 473 0 173 0 0 0 0 0.000000 6200734998.758787 100000000.000000 -nan 6300734998.758787
1185 474 0 174 0 0 0 0 0.000000 6190208836.021060 100000000.000000 -nan 6290208836.021060
1186 475 0 175 0 0 0 0 0.000000 6198103457.918603 100000000.000000 -nan 6298103457.918603
1187 476 0 176 0 0 0 0 0.000000 6174419590.953927 100000000.000000 -nan 6274419590.953927
1188 477 0 177 0 0 0 0 0.000000 6182314213.362047 100000000.000000 -nan 6282314213.362047
1189 478 0 178 0 0 0 0 0.000000 6104285567.134881 100000000.000000 -nan 6204285567.134881
1190 479 0 179 0 0 0 0 0.000000 6106917106.968614 100000000.000000 -nan 6206917106.968614
1238 480 0 180 0 0 0 0 0.000000 6187934140.535599 100000000.000000 -nan 6287934140.535599
1239 481 0 181 0 0 0 0 0.000000 6195828761.596045 100000000.000000 -nan 6295828761.596045
1240 482 0 182 0 0 0 0 0.000000 6180039517.384943 100000000.000000 -nan 6280039517.384943
1241 483 0 183 0 0 0 0 0.000000 6203723384.667882 100000000.000000 -nan 6303723384.667882
1242 484 0 184 0 0 0 0 0.000000 6198460302.950245 100000000.000000 -nan 6298460302.950245
1243 485 0 185 0 0 0 0 0.000000 6174776435.833287 100000000.000000 -nan 6274776435.833287
1244 486 0 186 0 0 0 0 0.000000 6190565680.945517 100000000.000000 -nan 6290565680.945517
1245 487 0 187 0 0 0 0 0.000000 6182671058.325098 100000000.000000 -nan 6282671058.325098
1246 488 0 188 0 0 0 0 0.000000 6177407977.319934 100000000.000000 -nan 6277407977.319934
1247 489 0 189 0 0 0 0 0.000000 6193197221.087854 100000000.000000 -nan 6293197221.087854
1248 490 0 190 0 0 0 0 0.000000 6185302599.114829 100000000.000000 -nan 6285302599.114829
1249 491 0 191 0 0 0 0 0.000000 6201091843.637359 100000000.000000 -nan 6301091843.637359
1250 492 0 192 0 0 0 0 0.000000 6211618006.678363 100000000.000000 -nan 6311618006.678363
1251 493 0 193 0 0 0 0 0.000000 6208986466.337347 100000000.000000 -nan 6308986466.337347
1252 494 0 194 0 0 0 0 0.000000 6206354925.050621 100000000.000000 -nan 6306354925.050621
1253 495 0 195 0 0 0 0 0.000000 6205998080.390771 100000000.000000 -nan 6305998080.390771
1254 496 0 196 0 0 0 0 0.000000 6192840376.271734 100000000.000000 -nan 6292840376.271734
1255 497 0 197 0 0 0 0 0.000000 6187577294.877623 100000000.000000 -nan 6287577294.877623
1256 498 0 198 0 0 0 0 0.000000 6177051131.534709 100000000.000000 -nan 6277051131.534709
1257 499 0 199 0 0 0 0 0.000000 6203366539.885303 100000000.000000 -nan 6303366539.885303
1258 500 0 200 0 0 0 0 0.000000 6190208836.005645 100000000.000000 -nan 6290208836.005645
1259 501 0 201 0 0 0 0 0.000000 6198103457.894519 100000000.000000 -nan 6298103457.894519
1260 502 0 202 0 0 0 0 0.000000 6182314213.473894 100000000.000000 -nan 6282314213.473894
1261 503 0 203 0 0 0 0 0.000000 6174419591.110928 100000000.000000 -nan 6274419591.110928
1262 504 0 204 0 0 0 0 0.000000 6195471917.158481 100000000.000000 -nan 6295471917.158481
1263 505 0 205 0 0 0 0 0.000000 6200734999.080351 100000000.000000 -nan 6300734999.080351
1264 506 0 206 0 0 0 0 0.000000 6184945754.230083 100000000.000000 -nan 6284945754.230083
1265 507 0 207 0 0 0 0 0.000000 6179682672.662759 100000000.000000 -nan 6279682672.662759
1266 508 0 208 0 0 0 0 0.000000 6106917107.837152 100000000.000000 -nan 6206917107.837152
1267 509 0 209 0 0 0 0 0.000000 6104285567.163709 100000000.000000 -nan 6204285567.163709
1315 510 0 210 0 0 0 0 0.000000 6185304347.172364 100000000.000000 -nan 6285304347.172364
1316 511 0 211 0 0 0 0 0.000000 6193198969.374438 100000000.000000 -nan 6293198969.374438
1317 512 0 212 0 0 0 0 0.000000 6177409724.799544 100000000.000000 -nan 6277409724.799544
1318 513 0 213 0 0 0 0 0.000000 6201093591.609915 100000000.000000 -nan 6301093591.609915
1319 514 0 214 0 0 0 0 0.000000 6180041265.608516 100000000.000000 -nan 6280041265.608516
1320 515 0 215 0 0 0 0 0.000000 6203725132.425495 100000000.000000 -nan 6303725132.425495
1321 516 0 216 0 0 0 0 0.000000 6187935888.413425 100000000.000000 -nan 6287935888.413425
1322 517 0 217 0 0 0 0 0.000000 6195830510.098967 100000000.000000 -nan 6295830510.098967
1323 518 0 218 0 0 0 0 0.000000 6182672805.846169 100000000.000000 -nan 6282672805.846169
1324 519 0 219 0 0 0 0 0.000000 6198462050.937674 100000000.000000 -nan 6298462050.937674
1325 520 0 220 0 0 0 0 0.000000 6174778184.419783 100000000.000000 -nan 6274778184.419783
1326 521 0 221 0 0 0 0 0.000000 6190567428.491671 100000000.000000 -nan 6290567428.491671
1327 522 0 222 0 0 0 0 0.000000 6208988214.072354 100000000.000000 -nan 6308988214.072354
1328 523 0 223 0 0 0 0 0.000000 6206356672.968481 100000000.000000 -nan 6306356672.968481
1329 524 0 224 0 0 0 0 0.000000 6211619754.427252 100000000.000000 -nan 6311619754.427252
1330 525 0 225 0 0 0 0 0.000000 6205998080.070062 100000000.000000 -nan 6305998080.070062
1331 526 0 226 0 0 0 0 0.000000 6182314213.499832 100000000.000000 -nan 6282314213.499832
1332 527 0 227 0 0 0 0 0.000000 6203366539.209259 100000000.000000 -nan 6303366539.209259
1333 528 0 228 0 0 0 0 0.000000 6192840376.485456 100000000.000000 -nan 6292840376.485456
1334 529 0 229 0 0 0 0 0.000000 6177051132.068534 100000000.000000 -nan 6277051132.068534
1335 530 0 230 0 0 0 0 0.000000 6190208835.767828 100000000.000000 -nan 6290208835.767828
1336 531 0 231 0 0 0 0 0.000000 6184945753.857757 100000000.000000 -nan 6284945753.857757
1337 532 0 232 0 0 0 0 0.000000 6198103457.802320 100000000.000000 -nan 6298103457.802320
1338 533 0 233 0 0 0 0 0.000000 6174419591.487085 100000000.000000 -nan 6274419591.487085
1339 534 0 234 0 0 0 0 0.000000 6179682673.551929 100000000.000000 -nan 6279682673.551929
1340 535 0 235 0 0 0 0 0.000000 6195471917.750454 100000000.000000 -nan 6295471917.750454
1341 536 0 236 0 0 0 0 0.000000 6187577294.888922 100000000.000000 -nan 6287577294.888922
1342 537 0 237 0 0 0 0 0.000000 6200734998.670605 100000000.000000 -nan 6300734998.670605
1343 538 0 238 0 0 0 0 0.000000 6106917107.796297 100000000.000000 -nan 6206917107.796297
1344 539 0 239 0 0 0 0 0.000000 6104285567.315291 100000000.000000 -nan 6204285567.315291
1392 540 0 240 0 0 0 0 0.000000 6201096305.203347 100000000.000000 -nan 6301096305.203347
1393 541 0 241 0 0 0 0 0.000000 6177412438.772220 100000000.000000 -nan 6277412438.772220
1394 542 0 242 0 0 0 0 0.000000 6185307061.077998 100000000.000000 -nan 6285307061.077998
1395 543 0 243 0 0 0 0 0.000000 6193201682.738868 100000000.000000 -nan 6293201682.738868
1396 544 0 244 0 0 0 0 0.000000 6180043979.760360 100000000.000000 -nan 6280043979.760360
1397 545 0 245 0 0 0 0 0.000000 6203727846.199553 100000000.000000 -nan 6303727846.199553
1398 546 0 246 0 0 0 0 0.000000 6195833223.722616 100000000.000000 -nan 6295833223.722616
1399 547 0 247 0 0 0 0 0.000000 6187938601.782815 100000000.000000 -nan 6287938601.782815
1400 548 0 248 0 0 0 0 0.000000 6190570142.799623 100000000.000000 -nan 6290570142.799623
1401 549 0 249 0 0 0 0 0.000000 6182675519.984346 100000000.000000 -nan 6282675519.984346
1402 550 0 250 0 0 0 0 0.000000 6198464764.694438 100000000.000000 -nan 6298464764.694438
1403 551 0 251 0 0 0 0 0.000000 6174780897.887723 100000000.000000 -nan 6274780897.887723
1404 552 0 252 0 0 0 0 0.000000 6211622468.419057 100000000.000000 -nan 6311622468.419057
1405 553 0 253 0 0 0 0 0.000000 6206359386.985236 100000000.000000 -nan 6306359386.985236
1406 554 0 254 0 0 0 0 0.000000 6208990927.321446 100000000.000000 -nan 6308990927.321446
1407 555 0 255 0 0 0 0 0.000000 6000998080.870792 100000000.000000 -nan 6100998080.870792
1408 556 0 256 0 0 0 0 0.000000 5990471917.976611 100000000.000000 -nan 6090471917.976611
1409 557 0 257 0 0 0 0 0.000000 5998366540.509491 100000000.000000 -nan 6098366540.509491
1410 558 0 258 0 0 0 0 0.000000 5982577295.950598 100000000.000000 -nan 6082577295.950598
1411 559 0 259 0 0 0 0 0.000000 5974682673.672791 100000000.000000 -nan 6074682673.672791
1412 560 0 260 0 0 0 0 0.000000 5977314214.644359 100000000.000000 -nan 6077314214.644359
1413 561 0 261 0 0 0 0 0.000000 5969419592.249527 100000000.000000 -nan 6069419592.249527
1414 562 0 262 0 0 0 0 0.000000 5993103458.854485 100000000.000000 -nan 6093103458.854485
1415 563 0 263 0 0 0 0 0.000000 5985208836.642013 100000000.000000 -nan 6085208836.642013
1416 564 0 264 0 0 0 0 0.000000 5987840376.885742 100000000.000000 -nan 6087840376.885742
1417 565 0 265 0 0 0 0 0.000000 5995734999.681979 100000000.000000 -nan 6095734999.681979
1418 566 0 266 0 0 0 0 0.000000 5979945754.695118 100000000.000000 -nan 6079945754.695118
1419 567 0 267 0 0 0 0 0.000000 5972051132.925717 100000000.000000 -nan 6072051132.925717
1420 568 0 268 0 0 0 0 0.000000 5901917108.707503 100000000.000000 -nan 6001917108.707503
1421 569 0 269 0 0 0 0 0.000000 5899285567.718891 100000000.000000 -nan 5999285567.718891
1469 570 0 270 0 0 0 0 0.000000 6203727630.224654 100000000.000000 -nan 6303727630.224654
1470 571 0 271 0 0 0 0 0.000000 6187938385.067365 100000000.000000 -nan 6287938385.067365
1471 572 0 272 0 0 0 0 0.000000 6195833007.534079 100000000.000000 -nan 6295833007.534079
1472 573 0 273 0 0 0 0 0.000000 6180043763.441109 100000000.000000 -nan 6280043763.441109
1473 574 0 274 0 0 0 0 0.000000 6193201467.336997 100000000.000000 -nan 6293201467.336997
1474 575 0 275 0 0 0 0 0.000000 6177412221.883777 100000000.000000 -nan 6277412221.883777
1475 576 0 276 0 0 0 0 0.000000 6185306844.652280 100000000.000000 -nan 6285306844.652280
1476 577 0 277 0 0 0 0 0.000000 6201096088.859321 100000000.000000 -nan 6301096088.859321
1477 578 0 278 0 0 0 0 0.000000 6174780681.624844 100000000.000000 -nan 6274780681.624844
1478 579 0 279 0 0 0 0 0.000000 6182675304.285925 100000000.000000 -nan 6282675304.285925
1479 580 0 280 0 0 0 0 0.000000 6198464548.132209 100000000.000000 -nan 6298464548.132209
1480 581 0 281 0 0 0 0 0.000000 6190569926.367429 100000000.000000 -nan 6290569926.367429
1481 582 0 282 0 0 0 0 0.000000 6208990711.437943 100000000.000000 -nan 6308990711.437943
1482 583 0 283 0 0 0 0 0.000000 6206359169.993227 100000000.000000 -nan 6306359169.993227
1483 584 0 284 0 0 0 0 0.000000 6211622252.591865 100000000.000000 -nan 6311622252.591865
1484 585 0 285 0 0 0 0 0.000000 6000998080.271112 100000000.000000 -nan 6100998080.271112
1485 586 0 286 0 0 0 0 0.000000 5995734999.006784 100000000.000000 -nan 6095734999.006784
1486 587 0 287 0 0 0 0 0.000000 5972051132.509286 100000000.000000 -nan 6072051132.509286
1487 588 0 288 0 0 0 0 0.000000 5979945754.115173 100000000.000000 -nan 6079945754.115173
1488 589 0 289 0 0 0 0 0.000000 5985208835.236763 100000000.000000 -nan 6085208835.236763
1489 590 0 290 0 0 0 0 0.000000 5977314213.411082 100000000.000000 -nan 6077314213.411082
1490 591 0 291 0 0 0 0 0.000000 5969419591.386211 100000000.000000 -nan 6069419591.386211
1491 592 0 292 0 0 0 0 0.000000 5987840376.812958 100000000.000000 -nan 6087840376.812958
1492 593 0 293 0 0 0 0 0.000000 5993103458.327500 100000000.000000 -nan 6093103458.327500
1493 594 0 294 0 0 0 0 0.000000 5998366539.592220 100000000.000000 -nan 6098366539.592220
1494 595 0 295 0 0 0 0 0.000000 5990471917.744929 100000000.000000 -nan 6090471917.744929
1495 596 0 296 0 0 0 0 0.000000 5982577295.055445 100000000.000000 -nan 6082577295.055445
1496 597 0 297 0 0 0 0 0.000000 5974682672.711933 100000000.000000 -nan 6074682672.711933
1497 598 0 298 0 0 0 0 0.000000 5899285567.444917 100000000.000000 -nan 5999285567.444917
1498 599 0 299 0 0 0 0 0.000000 5901917107.902790 100000000.000000 -nan 6001917107.902790
1546 600 -1 -1 0 0 0 0 0.000000 0.000000 0.000000 -nan 0.000000
1547 601 -1 -1 0 0 0 0 0.000000 0.000000 0.000000 -nan 0.000000
1548 602 -1 -1 0 0 0 0 0.000000 0.000000 0.000000 -nan 0.000000
1549 603 -1 -1 0 0 0 0 0.000000 0.000000 0.000000 -nan 0.000000
1550 604 -1 -1 0 0 0 0 0.000000 0.000000 0.000000 -nan 0.000000
1551 605 -1 -1 0 0 0 0 0.000000 0.000000 0.000000 -nan 0.000000
1552 606 -1 -1 0 0 0 0 0.000000 0.000000 0.000000 -nan 0.000000
1553 607 -1 -1 0 0 0 0 0.000000 0.000000 0.000000 -nan 0.000000
1554 608 -1 -1 0 0 0 0 0.000000 0.000000 0.000000 -nan 0.000000
1555 609 -1 -1 0 0 0 0 0.000000 0.000000 0.000000 -nan 0.000000
1556 610 -1 -1 0 0 0 0 0.000000 0.000000 0.000000 -nan 0.000000
1557 611 -1 -1 0 0 0 0 0.000000 0.000000 0.000000 -nan 0.000000
1558 612 -1 -1 0 0 0 0 0.000000 0.000000 0.000000 -nan 0.000000
1559 613 -1 -1 0 0 0 0 0.000000 0.000000 0.000000 -nan 0.000000
1560 614 -1 -1 0 0 0 0 0.000000 0.000000 0.000000 -nan 0.000000
1561 615 -1 -1 0 0 0 0 0.000000 0.000000 0.000000 -nan 0.000000
1562 616 -1 -1 0 0 0 0 0.000000 0.000000 0.000000 -nan 0.000000
1563 617 -1 -1 0 0 0 0 0.000000 0.000000 0.000000 -nan 0.000000
1564 618 -1 -1 0 0 0 0 0.000000 0.000000 0.000000 -nan 0.000000
1565 619 -1 -1 0 0 0 0 0.000000 0.000000 0.000000 -nan 0.000000
1566 620 -1 -1 0 0 0 0 0.000000 0.000000 0.000000 -nan 0.000000
1567 621 -1 -1 0 0 0 0 0.000000 0.000000 0.000000 -nan 0.000000
1568 622 -1 -1 0 0 0 0 0.000000 0.000000 0.000000 -nan 0.000000
1569 623 -1 -1 0 0 0 0 0.000000 0.000000 0.000000 -nan 0.000000
1570 624 -1 -1 0 0 0 0 0.000000 0.000000 0.000000 -nan 0.000000
1571 625 -1 -1 0 0 0 0 0.000000 0.000000 0.000000 -nan 0.000000
1572 626 -1 -1 0 0 0 0 0.000000 0.000000 0.000000 -nan 0.000000
1573 627 -1 -1 0 0 0 0 0.000000 0.000000 0.000000 -nan 0.000000
1574 628 -1 -1 0 0 0 0 0.000000 0.000000 0.000000 -nan 0.000000
1575 629 -1 -1 0 0 0 0 0.000000 0.000000 0.000000 -nan 0.000000
1623 630 -1 -1 0 0 0 0 0.000000 0.000000 0.000000 -nan 0.000000
1624 631 -1 -1 0 0 0 0 0.000000 0.000000 0.000000 -nan 0.000000
1625 632 -1 -1 0 0 0 0 0.000000 0.000000 0.000000 -nan 0.000000
1626 633 -1 -1 0 0 0 0 0.000000 0.000000 0.000000 -nan 0.000000
1627 634 -1 -1 0 0 0 0 0.000000 0.000000 0.000000 -nan 0.000000
1628 635 -1 -1 0 0 0 0 0.000000 0.000000 0.000000 -nan 0.000000
1629 636 -1 -1 0 0 0 0 0.000000 0.000000 0.000000 -nan 0.000000
1630 637 -1 -1 0 0 0 0 0.000000 0.000000 0.000000 -nan 0.000000
1631 638 -1 -1 0 0 0 0 0.000000 0.000000 0.000000 -nan 0.000000
1632 639 -1 -1 0 0 0 0 0.000000 0.000000 0.000000 -nan 0.000000
1633 640 -1 -1 0 0 0 0 0.000000 0.000000 0.000000 -nan 0.000000
1634 641 -1 -1 0 0 0 0 0.000000 0.000000 0.000000 -nan 0.000000
1635 642 -1 -1 0 0 0 0 0.000000 0.000000 0.000000 -nan 0.000000
1636 643 -1 -1 0 0 0 0 0.000000 0.000000 0.000000 -nan 0.000000
1637 644 -1 -1 0 0 0 0 0.000000 0.000000 0.000000 -nan 0.000000
1638 645 -1 -1 0 0 0 0 0.000000 0.000000 0.000000 -nan 0.000000
1639 646 -1 -1 0 0 0 0 0.000000 0.000000 0.000000 -nan 0.000000
1640 647 -1 -1 0 0 0 0 0.000000 0.000000 0.000000 -nan 0.000000
1641 648 -1 -1 0 0 0 0 0.000000 0.000000 0.000000 -nan 0.000000
1642 649 -1 -1 0 0 0 0 0.000000 0.000000 0.000000 -nan 0.000000
1643 650 -1 -1 0 0 0 0 0.000000 0.000000 0.000000 -nan 0.000000
1644 651 -1 -1 0 0 0 0 0.000000 0.000000 0.000000 -nan 0.000000
1645 652 -1 -1 0 0 0 0 0.000000 0.000000 0.000000 -nan 0.000000
1646 653 -1 -1 0 0 0 0 0.000000 0.000000 0.000000 -nan 0.000000
1647 654 -1 -1 0 0 0 0 0.000000 0.000000 0.000000 -nan 0.000000
1648 655 -1 -1 0 0 0 0 0.000000 0.000000 0.000000 -nan 0.000000
1649 656 -1 -1 0 0 0 0 0.000000 0.000000 0.000000 -nan 0.000000
1650 657 -1 -1 0 0 0 0 0.000000 0.000000 0.000000 -nan 0.000000
1651 658 -1 -1 0 0 0 0 0.000000 0.000000 0.000000 -nan 0.000000
1652 659 -1 -1 0 0 0 0 0.000000 0.000000 0.000000 -nan 0.000000
1700 660 -1 -1 0 0 0 0 0.000000 0.000000 0.000000 -nan 0.000000
1701 661 -1 -1 0 0 0 0 0.000000 0.000000 0.000000 -nan 0.000000
1702 662 -1 -1 0 0 0 0 0.000000 0.000000 0.000000 -nan 0.000000
1703 663 -1 -1 0 0 0 0 0.000000 0.000000 0.000000 -nan 0.000000
1704 664 -1 -1 0 0 0 0 0.000000 0.000000 0.000000 -nan 0.000000
1705 665 -1 -1 0 0 0 0 0.000000 0.000000 0.000000 -nan 0.000000
1706 666 -1 -1 0 0 0 0 0.000000 0.000000 0.000000 -nan 0.000000
1707 667 -1 -1 0 0 0 0 0.000000 0.000000 0.000000 -nan 0.000000
1708 668 -1 -1 0 0 0 0 0.000000 0.000000 0.000000 -nan 0.000000
1709 669 -1 -1 0 0 0 0 0.000000 0.000000 0.000000 -nan 0.000000
1710 670 -1 -1 0 0 0 0 0.000000 0.000000 0.000000 -nan 0.000000
1711 671 -1 -1 0 0 0 0 0.000000 0.000000 0.000000 -nan 0.000000
1712 672 -1 -1 0 0 0 0 0.000000 0.000000 0.000000 -nan 0.000000
1713 673 -1 -1 0 0 0 0 0.000000 0.000000 0.000000 -nan 0.000000
1714 674 -1 -1 0 0 0 0 0.000000 0.000000 0.000000 -nan 0.000000
1715 675 -1 -1 0 0 0 0 0.000000 0.000000 0.000000 -nan 0.000000
1716 676 -1 -1 0 0 0 0 0.000000 0.000000 0.000000 -nan 0.000000
1717 677 -1 -1 0 0 0 0 0.000000 0.000000 0.000000 -nan 0.000000
1718 678 -1 -1 0 0 0 0 0.000000 0.000000 0.000000 -nan 0.000000
1719 679 -1 -1 0 0 0 0 0.000000 0.000000 0.000000 -nan 0.000000
1720 680 -1 -1 0 0 0 0 0.000000 0.000000 0.000000 -nan 0.000000
1721 681 -1 -1 0 0 0 0 0.000000 0.000000 0.000000 -nan 0.000000
1722 682 -1 -1 0 0 0 0 0.000000 0.000000 0.000000 -nan 0.000000
1723 683 -1 -1 0 0 0 0 0.000000 0.000000 0.000000 -nan 0.000000
1724 684 -1 -1 0 0 0 0 0.000000 0.000000 0.000000 -nan 0.000000
1725 685 -1 -1 0 0 0 0 0.000000 0.000000 0.000000 -nan 0.000000
1726 686 -1 -1 0 0 0 0 0.000000 0.000000 0.000000 -nan 0.000000
1727 687 -1 -1 0 0 0 0 0.000000 0.000000 0.000000 -nan 0.000000
1728 688 -1 -1 0 0 0 0 0.000000 0.000000 0.000000 -nan 0.000000
1729 689 -1 -1 0 0 0 0 0.000000 0.000000 0.000000 -nan 0.000000
1777 690 -1 -1 0 0 0 0 0.000000 0.000000 0.000000 -nan 0.000000
1778 691 -1 -1 0 0 0 0 0.000000 0.000000 0.000000 -nan 0.000000
1779 692 -1 -1 0 0 0 0 0.000000 0.000000 0.000000 -nan 0.000000
1780 693 -1 -1 0 0 0 0 0.000000 0.000000 0.000000 -nan 0.000000
1781 694 -1 -1 0 0 0 0 0.000000 0.000000 0.000000 -nan 0.000000
1782 695 -1 -1 0 0 0 0 0.000000 0.000000 0.000000 -nan 0.000000
1783 696 -1 -1 0 0 0 0 0.000000 0.000000 0.000000 -nan 0.000000
1784 697 -1 -1 0 0 0 0 0.000000 0.000000 0.000000 -nan 0.000000
1785 698 -1 -1 0 0 0 0 0.000000 0.000000 0.000000 -nan 0.000000
1786 699 -1 -1 0 0 0 0 0.000000 0.000000 0.000000 -nan 0.000000
1787 700 -1 -1 0 0 0 0 0.000000 0.000000 0.000000 -nan 0.000000
1788 701 -1 -1 0 0 0 0 0.000000 0.000000 0.000000 -nan 0.000000
1789 702 -1 -1 0 0 0 0 0.000000 0.000000 0.000000 -nan 0.000000
1790 703 -1 -1 0 0 0 0 0.000000 0.000000 0.000000 -nan 0.000000
1791 704 -1 -1 0 0 0 0 0.000000 0.000000 0.000000 -nan 0.000000
1792 705 -1 -1 0 0 0 0 0.000000 0.000000 0.000000 -nan 0.000000
1793 706 -1 -1 0 0 0 0 0.000000 0.000000 0.000000 -nan 0.000000
1794 707 -1 -1 0 0 0 0 0.000000 0.000000 0.000000 -nan 0.000000
1795 708 -1 -1 0 0 0 0 0.000000 0.000000 0.000000 -nan 0.000000
1796 709 -1 -1 0 0 0 0 0.000000 0.000000 0.000000 -nan 0.000000
1797 710 -1 -1 0 0 0 0 0.000000 0.000000 0.000000 -nan 0.000000
1798 711 -1 -1 0 0 0 0 0.000000 0.000000 0.000000 -nan 0.000000
1799 712 -1 -1 0 0 0 0 0.000000 0.000000 0.000000 -nan 0.000000
1800 713 -1 -1 0 0 0 0 0.000000 0.000000 0.000000 -nan 0.000000
1801 714 -1 -1 0 0 0 0 0.000000 0.000000 0.000000 -nan 0.000000
1802 715 -1 -1 0 0 0 0 0.000000 0.000000 0.000000 -nan 0.000000
1803 716 -1 -1 0 0 0 0 0.000000 0.000000 0.000000 -nan 0.000000
1804 717 -1 -1 0 0 0 0 0.000000 0.000000 0.000000 -nan 0.000000
1805 718 -1 -1 0 0 0 0 0.000000 0.000000 0.000000 -nan 0.000000
1806 719 -1 -1 0 0 0 0 0.000000 0.000000 0.000000 -nan 0.000000
1854 720 -1 -1 0 0 0 0 0.000000 0.000000 0.000000 -nan 0.000000
1855 721 -1 -1 0 0 0 0 0.000000 0.000000 0.000000 -nan 0.000000
1856 722 -1 -1 0 0 0 0 0.000000 0.000000 0.000000 -nan 0.000000
1857 723 -1 -1 0 0 0 0 0.000000 0.000000 0.000000 -nan 0.000000
1858 724 -1 -1 0 0 0 0 0.000000 0.000000 0.000000 -nan 0.000000
1859 725 -1 -1 0 0 0 0 0.000000 0.000000 0.000000 -nan 0.000000
1860 726 -1 -1 0 0 0 0 0.000000 0.000000 0.000000 -nan 0.000000
1861 727 -1 -1 0 0 0 0 0.000000 0.000000 0.000000 -nan 0.000000
1862 728 -1 -1 0 0 0 0 0.000000 0.000000 0.000000 -nan 0.000000
1863 729 -1 -1 0 0 0 0 0.000000 0.000000 0.000000 -nan 0.000000
1864 730 -1 -1 0 0 0 0 0.000000 0.000000 0.000000 -nan 0.000000
1865 731 -1 -1 0 0 0 0 0.000000 0.000000 0.000000 -nan 0.000000
1866 732 -1 -1 0 0 0 0 0.000000 0.000000 0.000000 -nan 0.000000
1867 733 -1 -1 0 0 0 0 0.000000 0.000000 0.000000 -nan 0.000000
1868 734 -1 -1 0 0 0 0 0.000000 0.000000 0.000000 -nan 0.000000
1869 735 -1 -1 0 0 0 0 0.000000 0.000000 0.000000 -nan 0.000000
1870 736 -1 -1 0 0 0 0 0.000000 0.000000 0.000000 -nan 0.000000
1871 737 -1 -1 0 0 0 0 0.000000 0.000000 0.000000 -nan 0.000000
1872 738 -1 -1 0 0 0 0 0.000000 0.000000 0.000000 -nan 0.000000
1873 739 -1 -1 0 0 0 0 0.000000 0.000000 0.000000 -nan 0.000000
1874 740 -1 -1 0 0 0 0 0.000000 0.000000 0.000000 -nan 0.000000
1875 741 -1 -1 0 0 0 0 0.000000 0.000000 0.000000 -nan 0.000000
1876 742 -1 -1 0 0 0 0 0.000000 0.000000 0.000000 -nan 0.000000
1877 743 -1 -1 0 0 0 0 0.000000 0.000000 0.000000 -nan 0.000000
1878 744 -1 -1 0 0 0 0 0.000000 0.000000 0.000000 -nan 0.000000
1879 745 -1 -1 0 0 0 0 0.000000 0.000000 0.000000 -nan 0.000000
1880 746 -1 -1 0 0 0 0 0.000000 0.000000 0.000000 -nan 0.000000
1881 747 -1 -1 0 0 0 0 0.000000 0.000000 0.000000 -nan 0.000000
1882 748 -1 -1 0 0 0 0 0.000000 0.000000 0.000000 -nan 0.000000
1883 749 -1 -1 0 0 0 0 0.000000 0.000000 0.000000 -nan 0.000000
1931 750 -1 -1 0 0 0 0 0.000000 0.000000 0.000000 -nan 0.000000
1932 751 -1 -1 0 0 0 0 0.000000 0.000000 0.000000 -nan 0.000000
1933 752 -1 -1 0 0 0 0 0.000000 0.000000 0.000000 -nan 0.000000
1934 753 -1 -1 0 0 0 0 0.000000 0.000000 0.000000 -nan 0.000000
1935 754 -1 -1 0 0 0 0 0.000000 0.000000 0.000000 -nan 0.000000
1936 755 -1 -1 0 0 0 0 0.000000 0.000000 0.000000 -nan 0.000000
1937 756 -1 -1 0 0 0 0 0.000000 0.000000 0.000000 -nan 0.000000
1938 757 -1 -1 0 0 0 0 0.000000 0.000000 0.000000 -nan 0.000000
1939 758 -1 -1 0 0 0 0 0.000000 0.000000 0.000000 -nan 0.000000
1940 759 -1 -1 0 0 0 0 0.000000 0.000000 0.000000 -nan 0.000000
1941 760 -1 -1 0 0 0 0 0.000000 0.000000 0.000000 -nan 0.000000
1942 761 -1 -1 0 0 0 0 0.000000 0.000000 0.000000 -nan 0.000000
1943 762 -1 -1 0 0 0 0 0.000000 0.000000 0.000000 -nan 0.000000
1944 763 -1 -1 0 0 0 0 0.000000 0.000000 0.000000 -nan 0.000000
1945 764 -1 -1 0 0 0 0 0.000000 0.000000 0.000000 -nan 0.000000
1946 765 -1 -1 0 0 0 0 0.000000 0.000000 0.000000 -nan 0.000000
1947 766 -1 -1 0 0 0 0 0.000000 0.000000 0.000000 -nan 0.000000
1948 767 -1 -1 0 0 0 0 0.000000 0.000000 0.000000 -nan 0.000000
1949 768 -1 -1 0 0 0 0 0.000000 0.000000 0.000000 -nan 0.000000
1950 769 -1 -1 0 0 0 0 0.000000 0.000000 0.000000 -nan 0.000000
1951 770 -1 -1 0 0 0 0 0.000000 0.000000 0.000000 -nan 0.000000
1952 771 -1 -1 0 0 0 0 0.000000 0.000000 0.000000 -nan 0.000000
1953 772 -1 -1 0 0 0 0 0.000000 0.000000 0.000000 -nan 0.000000
1954 773 -1 -1 0 0 0 0 0.000000 0.000000 0.000000 -nan 0.000000
1955 774 -1 -1 0 0 0 0 0.000000 0.000000 0.000000 -nan 0.000000
1956 775 -1 -1 0 0 0 0 0.000000 0.000000 0.000000 -nan 0.000000
1957 776 -1 -1 0 0 0 0 0.000000 0.000000 0.000000 -nan 0.000000
1958 777 -1 -1 0 0 0 0 0.000000 0.000000 0.000000 -nan 0.000000
1959 778 -1 -1 0 0 0 0 0.000000 0.000000 0.000000 -nan 0.000000
1960 779 -1 -1 0 0 0 0 0.000000 0.000000 0.000000 -nan 0.000000
2008 780 -1 -1 0 0 0 0 0.000000 0.000000 0.000000 -nan 0.000000
2009 781 -1 -1 0 0 0 0 0.000000 0.000000 0.000000 -nan 0.000000
2010 782 -1 -1 0 0 0 0 0.000000 0.000000 0.000000 -nan 0.000000
2011 783 -1 -1 0 0 0 0 0.000000 0.000000 0.000000 -nan 0.000000
2012 784 -1 -1 0 0 0 0 0.000000 0.000000 0.000000 -nan 0.000000
2013 785 -1 -1 0 0 0 0 0.000000 0.000000 0.000000 -nan 0.000000
2014 786 -1 -1 0 0 0 0 0.000000 0.000000 0.000000 -nan 0.000000
2015 787 -1 -1 0 0 0 0 0.000000 0.000000 0.000000 -nan 0.000000
2016 788 -1 -1 0 0 0 0 0.000000 0.000000 0.000000 -nan 0.000000
2017 789 -1 -1 0 0 0 0 0.000000 0.000000 0.000000 -nan 0.000000
2018 790 -1 -1 0 0 0 0 0.000000 0.000000 0.000000 -nan 0.000000
2019 791 -1 -1 0 0 0 0 0.000000 0.000000 0.000000 -nan 0.000000
2020 792 -1 -1 0 0 0 0 0.000000 0.000000 0.000000 -nan 0.000000
2021 793 -1 -1 0 0 0 0 0.000000 0.000000 0.000000 -nan 0.000000
2022 794 -1 -1 0 0 0 0 0.000000 0.000000 0.000000 -nan 0.000000
2023 795 -1 -1 0 0 0 0 0.000000 0.000000 0.000000 -nan 0.000000
2024 796 -1 -1 0 0 0 0 0.000000 0.000000 0.000000 -nan 0.000000
2025 797 -1 -1 0 0 0 0 0.000000 0.000000 0.000000 -nan 0.000000
2026 798 -1 -1 0 0 0 0 0.000000 0.000000 0.000000 -nan 0.000000
2027 799 -1 -1 0 0 0 0 0.000000 0.000000 0.000000 -nan 0.000000
2028 800 -1 -1 0 0 0 0 0.000000 0.000000 0.000000 -nan 0.000000
2029 801 -1 -1 0 0 0 0 0.000000 0.000000 0.000000 -nan 0.000000
2030 802 -1 -1 0 0 0 0 0.000000 0.000000 0.000000 -nan 0.000000
2031 803 -1 -1 0 0 0 0 0.000000 0.000000 0.000000 -nan 0.000000
2032 804 -1 -1 0 0 0 0 0.000000 0.000000 0.000000 -nan 0.000000
2033 805 -1 -1 0 0 0 0 0.000000 0.000000 0.000000 -nan 0.000000
2034 806 -1 -1 0 0 0 0 0.000000 0.000000 0.000000 -nan 0.000000
2035 807 -1 -1 0 0 0 0 0.000000 0.000000 0.000000 -nan 0.000000
2036 808 -1 -1 0 0 0 0 0.000000 0.000000 0.000000 -nan 0.000000
2037 809 -1 -1 0 0 0 0 0.000000 0.000000 0.000000 -nan 0.000000
2085 810 -1 -1 0 0 0 0 0.000000 0.000000 0.000000 -nan 0.000000
2086 811 -1 -1 0 0 0 0 0.000000 0.000000 0.000000 -nan 0.000000
2087 812 -1 -1 0 0 0 0 0.000000 0.000000 0.000000 -nan 0.000000
2088 813 -1 -1 0 0 0 0 0.000000 0.000000 0.000000 -nan 0.000000
2089 814 -1 -1 0 0 0 0 0.000000 0.000000 0.000000 -nan 0.000000
2090 815 -1 -1 0 0 0 0 0.000000 0.000000 0.000000 -nan 0.000000
2091 816 -1 -1 0 0 0 0 0.000000 0.000000 0.000000 -nan 0.000000
2092 817 -1 -1 0 0 0 0 0.000000 0.000000 0.000000 -nan 0.000000
2093 818 -1 -1 0 0 0 0 0.000000 0.000000 0.000000 -nan 0.000000
2094 819 -1 -1 0 0 0 0 0.000000 0.000000 0.000000 -nan 0.000000
2095 820 -1 -1 0 0 0 0 0.000000 0.000000 0.000000 -nan 0.000000
2096 821 -1 -1 0 0 0 0 0.000000 0.000000 0.000000 -nan 0.000000
2097 822 -1 -1 0 0 0 0 0.000000 0.000000 0.000000 -nan 0.000000
2098 823 -1 -1 0 0 0 0 0.000000 0.000000 0.000000 -nan 0.000000
2099 824 -1 -1 0 0 0 0 0.000000 0.000000 0.000000 -nan 0.000000
2100 825 -1 -1 0 0 0 0 0.000000 0.000000 0.000000 -nan 0.000000
2101 826 -1 -1 0 0 0 0 0.000000 0.000000 0.000000 -nan 0.000000
2102 827 -1 -1 0 0 0 0 0.000000 0.000000 0.000000 -nan 0.000000
2103 828 -1 -1 0 0 0 0 0.000000 0.000000 0.000000 -nan 0.000000
2104 829 -1 -1 0 0 0 0 0.000000 0.000000 0.000000 -nan 0.000000
2105 830 -1 -1 0 0 0 0 0.000000 0.000000 0.000000 -nan 0.000000
2106 831 -1 -1 0 0 0 0 0.000000 0.000000 0.000000 -nan 0.000000
2107 832 -1 -1 0 0 0 0 0.000000 0.000000 0.000000 -nan 0.000000
2108 833 -1 -1 0 0 0 0 0.000000 0.000000 0.000000 -nan 0.000000
2109 834 -1 -1 0 0 0 0 0.000000 0.000000 0.000000 -nan 0.000000
2110 835 -1 -1 0 0 0 0 0.000000 0.000000 0.000000 -nan 0.000000
2111 836 -1 -1 0 0 0 0 0.000000 0.000000 0.000000 -nan 0.000000
2112 837 -1 -1 0 0 0 0 0.000000 0.000000 0.000000 -nan 0.000000
2113 838 -1 -1 0 0 0 0 0.000000 0.000000 0.000000 -nan 0.000000
2114 839 -1 -1 0 0 0 0 0.000000 0.000000 0.000000 -nan 0.000000
2162 840 -1 -1 0 0 0 0 0.000000 0.000000 0.000000 -nan 0.000000
2163 841 -1 -1 0 0 0 0 0.000000 0.000000 0.000000 -nan 0.000000
2164 842 -1 -1 0 0 0 0 0.000000 0.000000 0.000000 -nan 0.000000
2165 843 -1 -1 0 0 0 0 0.000000 0.000000 0.000000 -nan 0.000000
2166 844 -1 -1 0 0 0 0 0.000000 0.000000 0.000000 -nan 0.000000
2167 845 -1 -1 0 0 0 0 0.000000 0.000000 0.000000 -nan 0.000000
2168 846 -1 -1 0 0 0 0 0.000000 0.000000 0.000000 -nan 0.000000
2169 847 -1 -1 0 0 0 0 0.000000 0.000000 0.000000 -nan 0.000000
2170 848 -1 -1 0 0 0 0 0.000000 0.000000 0.000000 -nan 0.000000
2171 849 -1 -1 0 0 0 0 0.000000 0.000000 0.000000 -nan 0.000000
2172 850 -1 -1 0 0 0 0 0.000000 0.000000 0.000000 -nan 0.000000
2173 851 -1 -1 0 0 0 0 0.000000 0.000000 0.000000 -nan 0.000000
2174 852 -1 -1 0 0 0 0 0.000000 0.000000 0.000000 -nan 0.000000
2175 853 -1 -1 0 0 0 0 0.000000 0.000000 0.000000 -nan 0.000000
2176 854 -1 -1 0 0 0 0 0.000000 0.000000 0.000000 -nan 0.000000
2177 855 -1 -1 0 0 0 0 0.000000 0.000000 0.000000 -nan 0.000000
2178 856 -1 -1 0 0 0 0 0.000000 0.000000 0.000000 -nan 0.000000
2179 857 -1 -1 0 0 0 0 0.000000 0.000000 0.000000 -nan 0.000000
2180 858 -1 -1 0 0 0 0 0.000000 0.000000 0.000000 -nan 0.000000
2181 859 -1 -1 0 0 0 0 0.000000 0.000000 0.000000 -nan 0.000000
2182 860 -1 -1 0 0 0 0 0.000000 0.000000 0.000000 -nan 0.000000
2183 861 -1 -1 0 0 0 0 0.000000 0.000000 0.000000 -nan 0.000000
2184 862 -1 -1 0 0 0 0 0.000000 0.000000 0.000000 -nan 0.000000
2185 863 -1 -1 0 0 0 0 0.000000 0.000000 0.000000 -nan 0.000000
2186 864 -1 -1 0 0 0 0 0.000000 0.000000 0.000000 -nan 0.000000
2187 865 -1 -1 0 0 0 0 0.000000 0.000000 0.000000 -nan 0.000000
2188 866 -1 -1 0 0 0 0 0.000000 0.000000 0.000000 -nan 0.000000
2189 867 -1 -1 0 0 0 0 0.000000 0.000000 0.000000 -nan 0.000000
2190 868 -1 -1 0 0 0 0 0.000000 0.000000 0.000000 -nan 0.000000
2191 869 -1 -1 0 0 0 0 0.000000 0.000000 0.000000 -nan 0.000000
2239 870 -1 -1 0 0 0 0 0.000000 0.000000 0.000000 -nan 0.000000
2240 871 -1 -1 0 0 0 0 0.000000 0.000000 0.000000 -nan 0.000000
2241 872 -1 -1 0 0 0 0 0.000000 0.000000 0.000000 -nan 0.000000
2242 873 -1 -1 0 0 0 0 0.000000 0.000000 0.000000 -nan 0.000000
2243 874 -1 -1 0 0 0 0 0.000000 0.000000 0.000000 -nan 0.000000
2244 875 -1 -1 0 0 0 0 0.000000 0.000000 0.000000 -nan 0.000000
2245 876 -1 -1 0 0 0 0 0.000000 0.000000 0.000000 -nan 0.000000
2246 877 -1 -1 0 0 0 0 0.000000 0.000000 0.000000 -nan 0.000000
2247 878 -1 -1 0 0 0 0 0.000000 0.000000 0.000000 -nan 0.000000
2248 879 -1 -1 0 0 0 0 0.000000 0.000000 0.000000 -nan 0.000000
2249 880 -1 -1 0 0 0 0 0.000000 0.000000 0.000000 -nan 0.000000
2250 881 -1 -1 0 0 0 0 0.000000 0.000000 0.000000 -nan 0.000000
2251 882 -1 -1 0 0 0 0 0.000000 0.000000 0.000000 -nan 0.000000
2252 883 -1 -1 0 0 0 0 0.000000 0.000000 0.000000 -nan 0.000000
2253 884 -1 -1 0 0 0 0 0.000000 0.000000 0.000000 -nan 0.000000
2254 885 -1 -1 0 0 0 0 0.000000 0.000000 0.000000 -nan 0.000000
2255 886 -1 -1 0 0 0 0 0.000000 0.000000 0.000000 -nan 0.000000
2256 887 -1 -1 0 0 0 0 0.000000 0.000000 0.000000 -nan 0.000000
2257 888 -1 -1 0 0 0 0 0.000000 0.000000 0.000000 -nan 0.000000
2258 889 -1 -1 0 0 0 0 0.000000 0.000000 0.000000 -nan 0.000000
2259 890 -1 -1 0 0 0 0 0.000000 0.000000 0.000000 -nan 0.000000
2260 891 -1 -1 0 0 0 0 0.000000 0.000000 0.000000 -nan 0.000000
2261 892 -1 -1 0 0 0 0 0.000000 0.000000 0.000000 -nan 0.000000
2262 893 -1 -1 0 0 0 0 0.000000 0.000000 0.000000 -nan 0.000000
2263 894 -1 -1 0 0 0 0 0.000000 0.000000 0.000000 -nan 0.000000
2264 895 -1 -1 0 0 0 0 0.000000 0.000000 0.000000 -nan 0.000000
2265 896 -1 -1 0 0 0 0 0.000000 0.000000 0.000000 -nan 0.000000
2266 897 -1 -1 0 0 0 0 0.000000 0.000000 0.000000 -nan 0.000000
2267 898 -1 -1 0 0 0 0 0.000000 0.000000 0.000000 -nan 0.000000
2268 899 -1 -1 0 0 0 0 0.000000 0.000000 0.000000 -nan 0.000000
2316 900 -1 -1 0 0 0 0 0.000000 0.000000 0.000000 -nan 0.000000
2317 901 -1 -1 0 0 0 0 0.000000 0.000000 0.000000 -nan 0.000000
2318 902 -1 -1 0 0 0 0 0.000000 0.000000 0.000000 -nan 0.000000
2319 903 -1 -1 0 0 0 0 0.000000 0.000000 0.000000 -nan 0.000000
2320 904 -1 -1 0 0 0 0 0.000000 0.000000 0.000000 -nan 0.000000
2321 905 -1 -1 0 0 0 0 0.000000 0.000000 0.000000 -nan 0.000000
2322 906 -1 -1 0 0 0 0 0.000000 0.000000 0.000000 -nan 0.000000
2323 907 -1 -1 0 0 0 0 0.000000 0.000000 0.000000 -nan 0.000000
2324 908 -1 -1 0 0 0 0 0.000000 0.000000 0.000000 -nan 0.000000
2325 909 -1 -1 0 0 0 0 0.000000 0.000000 0.000000 -nan 0.000000
2326 910 -1 -1 0 0 0 0 0.000000 0.000000 0.000000 -nan 0.000000
2327 911 -1 -1 0 0 0 0 0.000000 0.000000 0.000000 -nan 0.000000
2328 912 -1 -1 0 0 0 0 0.000000 0.000000 0.000000 -nan 0.000000
2329 913 -1 -1 0 0 0 0 0.000000 0.000000 0.000000 -nan 0.000000
2330 914 -1 -1 0 0 0 0 0.000000 0.000000 0.000000 -nan 0.000000
2331 915 -1 -1 0 0 0 0 0.000000 0.000000 0.000000 -nan 0.000000
2332 916 -1 -1 0 0 0 0 0.000000 0.000000 0.000000 -nan 0.000000
2333 917 -1 -1 0 0 0 0 0.000000 0.000000 0.000000 -nan 0.000000
2334 918 -1 -1 0 0 0 0 0.000000 0.000000 0.000000 -nan 0.000000
2335 919 -1 -1 0 0 0 0 0.000000 0.000000 0.000000 -nan 0.000000
2336 920 -1 -1 0 0 0 0 0.000000 0.000000 0.000000 -nan 0.000000
2337 921 -1 -1 0 0 0 0 0.000000 0.000000 0.000000 -nan 0.000000
2338 922 -1 -1 0 0 0 0 0.000000 0.000000 0.000000 -nan 0.000000
2339 923 -1 -1 0 0 0 0 0.000000 0.000000 0.000000 -nan 0.000000
2340 924 -1 -1 0 0 0 0 0.000000 0.000000 0.000000 -nan 0.000000
2341 925 -1 -1 0 0 0 0 0.000000 0.000000 0.000000 -nan 0.000000
2342 926 -1 -1 0 0 0 0 0.000000 0.000000 0.000000 -nan 0.000000
2343 927 -1 -1 0 0 0 0 0.000000 0.000000 0.000000 -nan 0.000000
2344 928 -1 -1 0 0 0 0 0.000000 0.000000 0.000000 -nan 0.000000
2345 929 -1 -1 0 0 0 0 0.000000 0.000000 0.000000 -nan 0.000000
2393 930 -1 -1 0 0 0 0 0.000000 0.000000 0.000000 -nan 0.000000
2394 931 -1 -1 0 0 0 0 0.000000 0.000000 0.000000 -nan 0.000000
2395 932 -1 -1 0 0 0 0 0.000000 0.000000 0.000000 -nan 0.000000
2396 933 -1 -1 0 0 0 0 0.000000 0.000000 0.000000 -nan 0.000000
2397 934 -1 -1 0 0 0 0 0.000000 0.000000 0.000000 -nan 0.000000
2398 935 -1 -1 0 0 0 0 0.000000 0.000000 0.000000 -nan 0.000000
2399 936 -1 -1 0 0 0 0 0.000000 0.000000 0.000000 -nan 0.000000
2400 937 -1 -1 0 0 0 0 0.000000 0.000000 0.000000 -nan 0.000000
2401 938 -1 -1 0 0 0 0 0.000000 0.000000 0.000000 -nan 0.000000
2402 939 -1 -1 0 0 0 0 0.000000 0.000000 0.000000 -nan 0.000000
2403 940 -1 -1 0 0 0 0 0.000000 0.000000 0.000000 -nan 0.000000
2404 941 -1 -1 0 0 0 0 0.000000 0.000000 0.000000 -nan 0.000000
2405 942 -1 -1 0 0 0 0 0.000000 0.000000 0.000000 -nan 0.000000
2406 943 -1 -1 0 0 0 0 0.000000 0.000000 0.000000 -nan 0.000000
2407 944 -1 -1 0 0 0 0 0.000000 0.000000 0.000000 -nan 0.000000
2408 945 -1 -1 0 0 0 0 0.000000 0.000000 0.000000 -nan 0.000000
2409 946 -1 -1 0 0 0 0 0.000000 0.000000 0.000000 -nan 0.000000
2410 947 -1 -1 0 0 0 0 0.000000 0.000000 0.000000 -nan 0.000000
2411 948 -1 -1 0 0 0 0 0.000000 0.000000 0.000000 -nan 0.000000
2412 949 -1 -1 0 0 0 0 0.000000 0.000000 0.000000 -nan 0.000000
2413 950 -1 -1 0 0 0 0 0.000000 0.000000 0.000000 -nan 0.000000
2414 951 -1 -1 0 0 0 0 0.000000 0.000000 0.000000 -nan 0.000000
2415 952 -1 -1 0 0 0 0 0.000000 0.000000 0.000000 -nan 0.000000
2416 953 -1 -1 0 0 0 0 0.000000 0.000000 0.000000 -nan 0.000000
2417 954 -1 -1 0 0 0 0 0.000000 0.000000 0.000000 -nan 0.000000
2418 955 -1 -1 0 0 0 0 0.000000 0.000000 0.000000 -nan 0.000000
2419 956 -1 -1 0 0 0 0 0.000000 0.000000 0.000000 -nan 0.000000
2420 957 -1 -1 0 0 0 0 0.000000 0.000000 0.000000 -nan 0.000000
2421 958 -1 -1 0 0 0 0 0.000000 0.000000 0.000000 -nan 0.000000
2422 959 -1 -1 0 0 0 0 0.000000 0.000000 0.000000 -nan 0.000000
2470 960 -1 -1 0 0 0 0 0.000000 0.000000 0.000000 -nan 0.000000
2471 961 -1 -1 0 0 0 0 0.000000 0.000000 0.000000 -nan 0.000000
2472 962 -1 -1 0 0 0 0 0.000000 0.000000 0.000000 -nan 0.000000
2473 963 -1 -1 0 0 0 0 0.000000 0.000000 0.000000 -nan 0.000000
2474 964 -1 -1 0 0 0 0 0.000000 0.000000 0.000000 -nan 0.000000
2475 965 -1 -1 0 0 0 0 0.000000 0.000000 0.000000 -nan 0.000000
2476 966 -1 -1 0 0 0 0 0.000000 0.000000 0.000000 -nan 0.000000
2477 967 -1 -1 0 0 0 0 0.000000 0.000000 0.000000 -nan 0.000000
2478 968 -1 -1 0 0 0 0 0.000000 0.000000 0.000000 -nan 0.000000
2479 969 -1 -1 0 0 0 0 0.000000 0.000000 0.000000 -nan 0.000000
2480 970 -1 -1 0 0 0 0 0.000000 0.000000 0.000000 -nan 0.000000
2481 971 -1 -1 0 0 0 0 0.000000 0.000000 0.000000 -nan 0.000000
2482 972 -1 -1 0 0 0 0 0.000000 0.000000 0.000000 -nan 0.000000
2483 973 -1 -1 0 0 0 0 0.000000 0.000000 0.000000 -nan 0.000000
2484 974 -1 -1 0 0 0 0 0.000000 0.000000 0.000000 -nan 0.000000
2485 975 -1 -1 0 0 0 0 0.000000 0.000000 0.000000 -nan 0.000000
2486 976 -1 -1 0 0 0 0 0.000000 0.000000 0.000000 -nan 0.000000
2487 977 -1 -1 0 0 0 0 0.000000 0.000000 0.000000 -nan 0.000000
2488 978 -1 -1 0 0 0 0 0.000000 0.000000 0.000000 -nan 0.000000
2489 979 -1 -1 0 0 0 0 0.000000 0.000000 0.000000 -nan 0.000000
2490 980 -1 -1 0 0 0 0 0.000000 0.000000 0.000000 -nan 0.000000
2491 981 -1 -1 0 0 0 0 0.000000 0.000000 0.000000 -nan 0.000000
2492 982 -1 -1 0 0 0 0 0.000000 0.000000 0.000000 -nan 0.000000
2493 983 -1 -1 0 0 0 0 0.000000 0.000000 0.000000 -nan 0.000000
2494 984 -1 -1 0 0 0 0 0.000000 0.000000 0.000000 -nan 0.000000
2495 985 -1 -1 0 0 0 0 0.000000 0.000000 0.000000 -nan 0.000000
2496 986 -1 -1 0 0 0 0 0.000000 0.000000 0.000000 -nan 0.000000
2497 987 -1 -1 0 0 0 0 0.000000 0.000000 0.000000 -nan 0.000000
2498 988 -1 -1 0 0 0 0 0.000000 0.000000 0.000000 -nan 0.000000
2499 989 -1 -1 0 0 0 0 0.000000 0.000000 0.000000 -nan 0.000000