# format: <LP> <max used general> <max used token...>
4 18446737609709551616 0 0
5 18446737609709551616 0 0
81 18446737609709551616 0 0
82 18446737609709551616 0 0
158 18446737609709551616 0 0
159 18446737609709551616 0 0
235 18446737609709551616 0 0
236 18446737609709551616 0 0
312 18446737609709551616 0 0
313 18446737609709551616 0 0
389 18446737609709551616 0 0
390 18446737609709551616 0 0
466 18446737609709551616 0 0
467 18446737609709551616 0 0
543 18446737609709551616 0 0
544 18446737609709551616 0 0
620 18446737609709551616 0 0
621 18446737609709551616 0 0
697 18446737609709551616 0 0
698 18446737609709551616 0 0
774 18446737609709551616 60000000 60000000
775 18446737609709551616 60000000 60000000
851 18446737609709551616 60000000 60000000
852 18446737609709551616 60000000 60000000
928 18446737609709551616 60000000 60000000
929 18446737609709551616 60000000 60000000
1005 18446737609709551616 60000000 60000000
1006 18446737609709551616 60000000 60000000
1082 18446737609709551616 60000000 60000000
1083 18446737609709551616 60000000 60000000
1159 18446737609709551616 60000000 60000000
1160 18446737609709551616 60000000 60000000
1236 18446737609709551616 60000000 60000000
1237 18446737609709551616 60000000 60000000
1313 18446737609709551616 60000000 60000000
1314 18446737609709551616 60000000 60000000
1390 18446737609709551616 60000000 60000000
1391 18446737609709551616 60000000 60000000
1467 18446737609709551616 60000000 60000000
1468 18446737609709551616 60000000 60000000
1544 18446737609709551616 0 0
1545 18446737609709551616 0 0
1621 18446737609709551616 0 0
1622 18446737609709551616 0 0
1698 18446737609709551616 0 0
1699 18446737609709551616 0 0
1775 18446737609709551616 0 0
1776 18446737609709551616 0 0
1852 18446737609709551616 0 0
1853 18446737609709551616 0 0
1929 18446737609709551616 0 0
1930 18446737609709551616 0 0
2006 18446737609709551616 0 0
2007 18446737609709551616 0 0
2083 18446737609709551616 0 0
2084 18446737609709551616 0 0
2160 18446737609709551616 0 0
2161 18446737609709551616 0 0
2237 18446737609709551616 0 0
2238 18446737609709551616 0 0
2314 18446737609709551616 0 0
2315 18446737609709551616 0 0
2391 18446737609709551616 0 0
2392 18446737609709551616 0 0
2468 18446737609709551616 0 0
2469 18446737609709551616 0 0
