# Format <LP id> <Workload type> <client id> <Bytes written> <Bytes read> <Synthetic data Received> <Time to write bytes > <Total elapsed time>
6  0 0 0 0 0.000000 271328870.999270
7  1 0 0 0 0.000000 271328872.431755
8  2 0 0 0 0.000000 271328235.717674
9  3 0 0 0 0.000000 271328237.266075
10  4 0 0 0 0.000000 271326878.312844
11  5 0 0 0 0.000000 271327705.506026
12 nekbone 6 0 0 0 0.000000 271326681.046360
13  7 0 0 0 0.000000 271328870.999270
14  8 0 0 0 0.000000 271326709.488716
15  9 0 0 0 0.000000 271328450.203435
16 nekbone 10 0 0 0 0.000000 271328237.136832
17  11 0 0 0 0.000000 271328334.118881
18  12 0 0 0 0.000000 271328872.418428
19 nekbone 13 0 0 0 0.000000 271328533.534187
20 nekbone 14 0 0 0 0.000000 271328235.717674
21  15 0 0 0 0.000000 271328335.538040
22  16 0 0 0 0.000000 271328870.999270
23  17 0 0 0 0.000000 271328872.431755
24 nekbone 18 0 0 0 0.000000 271328235.717674
25  19 0 0 0 0.000000 271328237.266075
26  20 0 0 0 0.000000 271326878.312844
27  21 0 0 0 0.000000 271327705.506026
28  22 0 0 0 0.000000 271326681.046360
29  23 0 0 0 0.000000 271328870.999270
30 nekbone 24 0 0 0 0.000000 271326709.488716
31  25 0 0 0 0.000000 271328450.203435
32  26 0 0 0 0.000000 271328237.136832
33  27 0 0 0 0.000000 271328334.118881
34  28 0 0 0 0.000000 271328872.418428
35  29 0 0 0 0.000000 271328533.534187
83  30 0 0 0 0.000000 271328533.534187
84  31 0 0 0 0.000000 271328235.717674
85  32 0 0 0 0.000000 271328335.538040
86  33 0 0 0 0.000000 271328870.999270
87 nekbone 34 0 0 0 0.000000 271328872.431755
88  35 0 0 0 0.000000 271328235.717674
89  36 0 0 0 0.000000 271328237.266075
90  37 0 0 0 0.000000 271326878.312844
91 nekbone 38 0 0 0 0.000000 271327705.506026
92  39 0 0 0 0.000000 271326681.046360
93  40 0 0 0 0.000000 271328870.999270
94 nekbone 41 0 0 0 0.000000 271326709.488716
95  42 0 0 0 0.000000 271328450.203435
96  43 0 0 0 0.000000 271328237.136832
97  44 0 0 0 0.000000 271328334.118881
98  45 0 0 0 0.000000 271328872.418428
99 nekbone 46 0 0 0 0.000000 271328533.534187
100  47 0 0 0 0.000000 271328235.717674
101  48 0 0 0 0.000000 271328335.538040
102  49 0 0 0 0.000000 271328870.999270
103  50 0 0 0 0.000000 271328872.431755
104 nekbone 51 0 0 0 0.000000 271328235.717674
105 nekbone 52 0 0 0 0.000000 271328237.266075
106  53 0 0 0 0.000000 271326878.312844
107 nekbone 54 0 0 0 0.000000 271327705.506026
108 nekbone 55 0 0 0 0.000000 271326681.046360
109  56 0 0 0 0.000000 271328870.999270
110  57 0 0 0 0.000000 271326709.488716
111 nekbone 58 0 0 0 0.000000 271328450.203435
112 nekbone 59 0 0 0 0.000000 271328237.136832
160  60 0 0 0 0.000000 271328237.136832
161  61 0 0 0 0.000000 271328334.118881
162 nekbone 62 0 0 0 0.000000 271328872.418428
163 nekbone 63 0 0 0 0.000000 271328533.534187
164  64 0 0 0 0.000000 271328235.717674
165  65 0 0 0 0.000000 271328335.538040
166  66 0 0 0 0.000000 271328870.999270
167  67 0 0 0 0.000000 271328872.431755
168  68 0 0 0 0.000000 271328235.717674
169 nekbone 69 0 0 0 0.000000 271328237.266075
170  70 0 0 0 0.000000 271326878.312844
171  71 0 0 0 0.000000 271327705.506026
172  72 0 0 0 0.000000 271326681.046360
173 nekbone 73 0 0 0 0.000000 271328870.999270
174  74 0 0 0 0.000000 271326709.488716
175 nekbone 75 0 0 0 0.000000 271328450.203435
176  76 0 0 0 0.000000 271328237.136832
177  77 0 0 0 0.000000 271328334.118881
178 nekbone 78 0 0 0 0.000000 271328872.418428
179  79 0 0 0 0.000000 271328533.534187
180  80 0 0 0 0.000000 271328235.717674
181  81 0 0 0 0.000000 271328335.538040
182  82 0 0 0 0.000000 271328870.999270
183  83 0 0 0 0.000000 271328872.431755
184  84 0 0 0 0.000000 271328235.717674
185 nekbone 85 0 0 0 0.000000 271328237.266075
186 nekbone 86 0 0 0 0.000000 271326878.312844
187  87 0 0 0 0.000000 271327705.506026
188  88 0 0 0 0.000000 271326681.046360
189 nekbone 89 0 0 0 0.000000 271328870.999270
237  90 0 0 0 0.000000 271328870.999270
238 nekbone 91 0 0 0 0.000000 271326709.488716
239  92 0 0 0 0.000000 271328450.203435
240  93 0 0 0 0.000000 271328237.136832
241 nekbone 94 0 0 0 0.000000 271328334.118881
242  95 0 0 0 0.000000 271328872.418428
243 nekbone 96 0 0 0 0.000000 271328533.534187
244 nekbone 97 0 0 0 0.000000 271328235.717674
245  98 0 0 0 0.000000 271328335.538040
246 nekbone 99 0 0 0 0.000000 271328870.999270
247 nekbone 100 0 0 0 0.000000 271328872.431755
248 nekbone 101 0 0 0 0.000000 271328235.717674
249  102 0 0 0 0.000000 271328237.266075
250 nekbone 103 0 0 0 0.000000 271326878.312844
251  104 0 0 0 0.000000 271327705.506026
252 nekbone 105 0 0 0 0.000000 271326681.046360
253 nekbone 106 0 0 0 0.000000 271328870.999270
254 nekbone 107 0 0 0 0.000000 271326709.488716
255  108 0 0 0 0.000000 271328450.203435
256  109 0 0 0 0.000000 271328237.136832
257  110 0 0 0 0.000000 271328334.118881
258  111 0 0 0 0.000000 271328872.418428
259 nekbone 112 0 0 0 0.000000 271328533.534187
260 nekbone 113 0 0 0 0.000000 271328235.717674
261  114 0 0 0 0.000000 271328335.538040
262  115 0 0 0 0.000000 271328870.999270
263 nekbone 116 0 0 0 0.000000 271328872.431755
264  117 0 0 0 0.000000 271328235.717674
265  118 0 0 0 0.000000 271328237.266075
266  119 0 0 0 0.000000 271326878.312844
314 nekbone 120 0 0 0 0.000000 271326878.312844
315  121 0 0 0 0.000000 271327705.506026
316 nekbone 122 0 0 0 0.000000 271326681.046360
317 nekbone 123 0 0 0 0.000000 271328870.999270
318 nekbone 124 0 0 0 0.000000 271326709.488716
319  125 0 0 0 0.000000 271328450.203435
320 nekbone 126 0 0 0 0.000000 271328237.136832
321  127 0 0 0 0.000000 271328334.118881
322  128 0 0 0 0.000000 271328872.418428
323  129 0 0 0 0.000000 271328533.534187
324  130 0 0 0 0.000000 271328235.717674
325  131 0 0 0 0.000000 271328335.538040
326  132 0 0 0 0.000000 271328870.999270
327 nekbone 133 0 0 0 0.000000 271328872.431755
328 nekbone 134 0 0 0 0.000000 271328235.717674
329 nekbone 135 0 0 0 0.000000 271328237.266075
330  136 0 0 0 0.000000 271326878.312844
331  137 0 0 0 0.000000 271327705.506026
332  138 0 0 0 0.000000 271326681.046360
333  139 0 0 0 0.000000 271328870.999270
334  140 0 0 0 0.000000 271326709.488716
335 nekbone 141 0 0 0 0.000000 271328450.203435
336  142 0 0 0 0.000000 271328237.136832
337 nekbone 143 0 0 0 0.000000 271328334.118881
338  144 0 0 0 0.000000 271328872.418428
339 nekbone 145 0 0 0 0.000000 271328533.534187
340  146 0 0 0 0.000000 271328235.717674
341  147 0 0 0 0.000000 271328335.538040
342  148 0 0 0 0.000000 271328870.999270
343 nekbone 149 0 0 0 0.000000 271328872.431755
391  150 0 0 0 0.000000 271328872.431755
392  151 0 0 0 0.000000 271328235.717674
393 nekbone 152 0 0 0 0.000000 271328237.266075
394  153 0 0 0 0.000000 271326878.312844
395  154 0 0 0 0.000000 271327705.506026
396 nekbone 155 0 0 0 0.000000 271326681.046360
397 nekbone 156 0 0 0 0.000000 271328870.999270
398  157 0 0 0 0.000000 271326709.488716
399  158 0 0 0 0.000000 271328450.203435
400 nekbone 159 0 0 0 0.000000 271328237.136832
401  160 0 0 0 0.000000 271328334.118881
402 nekbone 161 0 0 0 0.000000 271328872.418428
403  162 0 0 0 0.000000 271328533.534187
404  163 0 0 0 0.000000 271328235.717674
405 nekbone 164 0 0 0 0.000000 271328335.538040
406 nekbone 165 0 0 0 0.000000 271328870.999270
407 nekbone 166 0 0 0 0.000000 271328872.431755
408 nekbone 167 0 0 0 0.000000 271328235.717674
409  168 0 0 0 0.000000 271328237.266075
410  169 0 0 0 0.000000 271326878.312844
411  170 0 0 0 0.000000 271327705.506026
412 nekbone 171 0 0 0 0.000000 271326681.046360
413  172 0 0 0 0.000000 271328870.999270
414  173 0 0 0 0.000000 271326709.488716
415  174 0 0 0 0.000000 271328450.203435
416  175 0 0 0 0.000000 271328237.136832
417  176 0 0 0 0.000000 271328334.118881
418  177 0 0 0 0.000000 271328872.418428
419  178 0 0 0 0.000000 271328533.534187
420 nekbone 179 0 0 0 0.000000 271328235.717674
468  180 0 0 0 0.000000 271328235.717674
469  181 0 0 0 0.000000 271328335.538040
470  182 0 0 0 0.000000 271328870.999270
471  183 0 0 0 0.000000 271328872.431755
472 nekbone 184 0 0 0 0.000000 271328235.717674
473  185 0 0 0 0.000000 271328237.266075
474  186 0 0 0 0.000000 271326878.312844
475  187 0 0 0 0.000000 271327705.506026
476 nekbone 188 0 0 0 0.000000 271326681.046360
477 nekbone 189 0 0 0 0.000000 271328870.999270
478 nekbone 190 0 0 0 0.000000 271326709.488716
479 nekbone 191 0 0 0 0.000000 271328450.203435
480 nekbone 192 0 0 0 0.000000 271328237.136832
481  193 0 0 0 0.000000 271328334.118881
482  194 0 0 0 0.000000 271328872.418428
483  195 0 0 0 0.000000 271328533.534187
484 nekbone 196 0 0 0 0.000000 271328235.717674
485 nekbone 197 0 0 0 0.000000 271328335.538040
486  198 0 0 0 0.000000 271328870.999270
487  199 0 0 0 0.000000 271328872.431755
488  200 0 0 0 0.000000 271328235.717674
489  201 0 0 0 0.000000 271328237.266075
490 nekbone 202 0 0 0 0.000000 271326878.312844
491  203 0 0 0 0.000000 271327705.506026
492  204 0 0 0 0.000000 271326681.046360
493 nekbone 205 0 0 0 0.000000 271328870.999270
494  206 0 0 0 0.000000 271326709.488716
495  207 0 0 0 0.000000 271328450.203435
496  208 0 0 0 0.000000 271328237.136832
497  209 0 0 0 0.000000 271328334.118881
545  210 0 0 0 0.000000 271328334.118881
546 nekbone 211 0 0 0 0.000000 271328872.418428
547  212 0 0 0 0.000000 271328533.534187
548  213 0 0 0 0.000000 271328235.717674
549  214 0 0 0 0.000000 271328335.538040
550  215 0 0 0 0.000000 271328870.999270
551 nekbone 216 0 0 0 0.000000 271328872.431755
552  217 0 0 0 0.000000 271328235.717674
553 nekbone 218 0 0 0 0.000000 271328237.266075
554 nekbone 219 0 0 0 0.000000 271326878.312844
555  220 0 0 0 0.000000 271327705.506026
556  221 0 0 0 0.000000 271326681.046360
557 nekbone 222 0 0 0 0.000000 271328870.999270
558 nekbone 223 0 0 0 0.000000 271326709.488716
559  224 0 0 0 0.000000 271328450.203435
560  225 0 0 0 0.000000 271328237.136832
561  226 0 0 0 0.000000 271328334.118881
562  227 0 0 0 0.000000 271328872.418428
563 nekbone 228 0 0 0 0.000000 271328533.534187
564  229 0 0 0 0.000000 271328235.717674
565  230 0 0 0 0.000000 271328335.538040
566  231 0 0 0 0.000000 271328870.999270
567  232 0 0 0 0.000000 271328872.431755
568 nekbone 233 0 0 0 0.000000 271328235.717674
569 nekbone 234 0 0 0 0.000000 271328237.266075
570 nekbone 235 0 0 0 0.000000 271326878.312844
571  236 0 0 0 0.000000 271327705.506026
572  237 0 0 0 0.000000 271326681.046360
573  238 0 0 0 0.000000 271328870.999270
574  239 0 0 0 0.000000 271326709.488716
622 nekbone 240 0 0 0 0.000000 271326709.488716
623  241 0 0 0 0.000000 271328450.203435
624 nekbone 242 0 0 0 0.000000 271328237.136832
625  243 0 0 0 0.000000 271328334.118881
626  244 0 0 0 0.000000 271328872.418428
627  245 0 0 0 0.000000 271328533.534187
628  246 0 0 0 0.000000 271328235.717674
629  247 0 0 0 0.000000 271328335.538040
630 nekbone 248 0 0 0 0.000000 271328870.999270
631  249 0 0 0 0.000000 271328872.431755
632  250 0 0 0 0.000000 271328235.717674
633  251 0 0 0 0.000000 271328237.266075
634 nekbone 252 0 0 0 0.000000 271326878.312844
635  253 0 0 0 0.000000 271327705.506026
636  254 0 0 0 0.000000 271326681.046360
637  255 0 0 0 0.000000 271328870.999270
638 nekbone 256 0 0 0 0.000000 271326709.488716
639  257 0 0 0 0.000000 271328450.203435
640  258 0 0 0 0.000000 271328237.136832
641  259 0 0 0 0.000000 271328334.118881
642  260 0 0 0 0.000000 271328872.418428
643 nekbone 261 0 0 0 0.000000 271328533.534187
644  262 0 0 0 0.000000 271328235.717674
645  263 0 0 0 0.000000 271328335.538040
646 nekbone 264 0 0 0 0.000000 271328870.999270
647 nekbone 265 0 0 0 0.000000 271328872.431755
648  266 0 0 0 0.000000 271328235.717674
649 nekbone 267 0 0 0 0.000000 271328237.266075
650  268 0 0 0 0.000000 271326878.312844
651 nekbone 269 0 0 0 0.000000 271327705.506026
699  270 0 0 0 0.000000 271327705.506026
700  271 0 0 0 0.000000 271326681.046360
701  272 0 0 0 0.000000 271328870.999270
702  273 0 0 0 0.000000 271326709.488716
703  274 0 0 0 0.000000 271328450.203435
704 nekbone 275 0 0 0 0.000000 271328237.136832
705 nekbone 276 0 0 0 0.000000 271328334.118881
706 nekbone 277 0 0 0 0.000000 271328872.418428
707  278 0 0 0 0.000000 271328533.534187
708  279 0 0 0 0.000000 271328235.717674
709  280 0 0 0 0.000000 271328335.538040
710  281 0 0 0 0.000000 271328870.999270
711 nekbone 282 0 0 0 0.000000 271328872.431755
712  283 0 0 0 0.000000 271328235.717674
713 nekbone 284 0 0 0 0.000000 271328237.266075
714  285 0 0 0 0.000000 271326878.312844
715  286 0 0 0 0.000000 271327705.506026
716  287 0 0 0 0.000000 271326681.046360
717  288 0 0 0 0.000000 271328870.999270
718  289 0 0 0 0.000000 271326709.488716
719 nekbone 290 0 0 0 0.000000 271328450.203435
720  291 0 0 0 0.000000 271328237.136832
721  292 0 0 0 0.000000 271328334.118881
722  293 0 0 0 0.000000 271328872.418428
723  294 0 0 0 0.000000 271328533.534187
724 nekbone 295 0 0 0 0.000000 271328235.717674
725  296 0 0 0 0.000000 271328335.538040
726 nekbone 297 0 0 0 0.000000 271328870.999270
727 nekbone 298 0 0 0 0.000000 271328872.431755
728  299 0 0 0 0.000000 271328235.717674
776 nekbone 300 0 0 0 0.000000 271328235.717674
777  301 0 0 0 0.000000 271328237.266075
778  302 0 0 0 0.000000 271326878.312844
779  303 0 0 0 0.000000 271327705.506026
780  304 0 0 0 0.000000 271326681.046360
781  305 0 0 0 0.000000 271328870.999270
782  306 0 0 0 0.000000 271326709.488716
783 nekbone 307 0 0 0 0.000000 271328450.203435
784 nekbone 308 0 0 0 0.000000 271328237.136832
785  309 0 0 0 0.000000 271328334.118881
786 nekbone 310 0 0 0 0.000000 271328872.418428
787  311 0 0 0 0.000000 271328533.534187
788  312 0 0 0 0.000000 271328235.717674
789 nekbone 313 0 0 0 0.000000 271328335.538040
790 nekbone 314 0 0 0 0.000000 271328870.999270
791 nekbone 315 0 0 0 0.000000 271328872.431755
792 nekbone 316 0 0 0 0.000000 271328235.717674
793 nekbone 317 0 0 0 0.000000 271328237.266075
794  318 0 0 0 0.000000 271326878.312844
795  319 0 0 0 0.000000 271327705.506026
796  320 0 0 0 0.000000 271326681.046360
797  321 0 0 0 0.000000 271328870.999270
798  322 0 0 0 0.000000 271326709.488716
799 nekbone 323 0 0 0 0.000000 271328450.203435
800  324 0 0 0 0.000000 271328237.136832
801 nekbone 325 0 0 0 0.000000 271328334.118881
802  326 0 0 0 0.000000 271328872.418428
803  327 0 0 0 0.000000 271328533.534187
804  328 0 0 0 0.000000 271328235.717674
805  329 0 0 0 0.000000 271328335.538040
853 nekbone 330 0 0 0 0.000000 271328335.538040
854  331 0 0 0 0.000000 271328870.999270
855  332 0 0 0 0.000000 271328872.431755
856 nekbone 333 0 0 0 0.000000 271328235.717674
857 nekbone 334 0 0 0 0.000000 271328237.266075
858 nekbone 335 0 0 0 0.000000 271326878.312844
859 nekbone 336 0 0 0 0.000000 271327705.506026
860 nekbone 337 0 0 0 0.000000 271326681.046360
861 nekbone 338 0 0 0 0.000000 271328870.999270
862  339 0 0 0 0.000000 271326709.488716
863 nekbone 340 0 0 0 0.000000 271328450.203435
864  341 0 0 0 0.000000 271328237.136832
865  342 0 0 0 0.000000 271328334.118881
866 nekbone 343 0 0 0 0.000000 271328872.418428
867  344 0 0 0 0.000000 271328533.534187
868  345 0 0 0 0.000000 271328235.717674
869 nekbone 346 0 0 0 0.000000 271328335.538040
870  347 0 0 0 0.000000 271328870.999270
871  348 0 0 0 0.000000 271328872.431755
872  349 0 0 0 0.000000 271328235.717674
873  350 0 0 0 0.000000 271328237.266075
874 nekbone 351 0 0 0 0.000000 271326878.312844
875  352 0 0 0 0.000000 271327705.506026
876 nekbone 353 0 0 0 0.000000 271326681.046360
877 nekbone 354 0 0 0 0.000000 271328870.999270
878  355 0 0 0 0.000000 271326709.488716
879 nekbone 356 0 0 0 0.000000 271328450.203435
880  357 0 0 0 0.000000 271328237.136832
881  358 0 0 0 0.000000 271328334.118881
882  359 0 0 0 0.000000 271328872.418428
930 nekbone 360 0 0 0 0.000000 271328872.418428
931 nekbone 361 0 0 0 0.000000 271328533.534187
932  362 0 0 0 0.000000 271328235.717674
933 nekbone 363 0 0 0 0.000000 271328335.538040
934  364 0 0 0 0.000000 271328870.999270
935  365 0 0 0 0.000000 271328872.431755
936 nekbone 366 0 0 0 0.000000 271328235.717674
937  367 0 0 0 0.000000 271328237.266075
938 nekbone 368 0 0 0 0.000000 271326878.312844
939 nekbone 369 0 0 0 0.000000 271327705.506026
940  370 0 0 0 0.000000 271326681.046360
941  371 0 0 0 0.000000 271328870.999270
942  372 0 0 0 0.000000 271326709.488716
943  373 0 0 0 0.000000 271328450.203435
944  374 0 0 0 0.000000 271328237.136832
945 nekbone 375 0 0 0 0.000000 271328334.118881
946  376 0 0 0 0.000000 271328872.418428
947  377 0 0 0 0.000000 271328533.534187
948  378 0 0 0 0.000000 271328235.717674
949  379 0 0 0 0.000000 271328335.538040
950  380 0 0 0 0.000000 271328870.999270
951  381 0 0 0 0.000000 271328872.431755
952  382 0 0 0 0.000000 271328235.717674
953  383 0 0 0 0.000000 271328237.266075
954 nekbone 384 0 0 0 0.000000 271326878.312844
955 nekbone 385 0 0 0 0.000000 271327705.506026
956  386 0 0 0 0.000000 271326681.046360
957  387 0 0 0 0.000000 271328870.999270
958  388 0 0 0 0.000000 271326709.488716
959  389 0 0 0 0.000000 271328450.203435
1007  390 0 0 0 0.000000 271328450.203435
1008  391 0 0 0 0.000000 271328237.136832
1009 nekbone 392 0 0 0 0.000000 271328334.118881
1010  393 0 0 0 0.000000 271328872.418428
1011  394 0 0 0 0.000000 271328533.534187
1012 nekbone 395 0 0 0 0.000000 271328235.717674
1013  396 0 0 0 0.000000 271328335.538040
1014 nekbone 397 0 0 0 0.000000 271328870.999270
1015  398 0 0 0 0.000000 271328872.431755
1016  399 0 0 0 0.000000 271328235.717674
1017  400 0 0 0 0.000000 271328237.266075
1018  401 0 0 0 0.000000 271326878.312844
1019  402 0 0 0 0.000000 271327705.506026
1020 nekbone 403 0 0 0 0.000000 271326681.046360
1021  404 0 0 0 0.000000 271328870.999270
1022 nekbone 405 0 0 0 0.000000 271326709.488716
1023  406 0 0 0 0.000000 271328450.203435
1024 nekbone 407 0 0 0 0.000000 271328237.136832
1025 nekbone 408 0 0 0 0.000000 271328334.118881
1026  409 0 0 0 0.000000 271328872.418428
1027  410 0 0 0 0.000000 271328533.534187
1028  411 0 0 0 0.000000 271328235.717674
1029 nekbone 412 0 0 0 0.000000 271328335.538040
1030  413 0 0 0 0.000000 271328870.999270
1031  414 0 0 0 0.000000 271328872.431755
1032 nekbone 415 0 0 0 0.000000 271328235.717674
1033  416 0 0 0 0.000000 271328237.266075
1034  417 0 0 0 0.000000 271326878.312844
1035  418 0 0 0 0.000000 271327705.506026
1036  419 0 0 0 0.000000 271326681.046360
1084  420 0 0 0 0.000000 271326681.046360
1085  421 0 0 0 0.000000 271328870.999270
1086  422 0 0 0 0.000000 271326709.488716
1087  423 0 0 0 0.000000 271328450.203435
1088 nekbone 424 0 0 0 0.000000 271328237.136832
1089  425 0 0 0 0.000000 271328334.118881
1090  426 0 0 0 0.000000 271328872.418428
1091 nekbone 427 0 0 0 0.000000 271328533.534187
1092 nekbone 428 0 0 0 0.000000 271328235.717674
1093  429 0 0 0 0.000000 271328335.538040
1094  430 0 0 0 0.000000 271328870.999270
1095 nekbone 431 0 0 0 0.000000 271328872.431755
1096  432 0 0 0 0.000000 271328235.717674
1097  433 0 0 0 0.000000 271328237.266075
1098 nekbone 434 0 0 0 0.000000 271326878.312844
1099  435 0 0 0 0.000000 271327705.506026
1100 nekbone 436 0 0 0 0.000000 271326681.046360
1101 nekbone 437 0 0 0 0.000000 271328870.999270
1102  438 0 0 0 0.000000 271326709.488716
1103  439 0 0 0 0.000000 271328450.203435
1104 nekbone 440 0 0 0 0.000000 271328237.136832
1105  441 0 0 0 0.000000 271328334.118881
1106  442 0 0 0 0.000000 271328872.418428
1107  443 0 0 0 0.000000 271328533.534187
1108 nekbone 444 0 0 0 0.000000 271328235.717674
1109  445 0 0 0 0.000000 271328335.538040
1110  446 0 0 0 0.000000 271328870.999270
1111 nekbone 447 0 0 0 0.000000 271328872.431755
1112  448 0 0 0 0.000000 271328235.717674
1113  449 0 0 0 0.000000 271328237.266075
1161  450 0 0 0 0.000000 271328237.266075
1162  451 0 0 0 0.000000 271326878.312844
1163  452 0 0 0 0.000000 271327705.506026
1164  453 0 0 0 0.000000 271326681.046360
1165  454 0 0 0 0.000000 271328870.999270
1166 nekbone 455 0 0 0 0.000000 271326709.488716
1167  456 0 0 0 0.000000 271328450.203435
1168 nekbone 457 0 0 0 0.000000 271328237.136832
1169  458 0 0 0 0.000000 271328334.118881
1170 nekbone 459 0 0 0 0.000000 271328872.418428
1171  460 0 0 0 0.000000 271328533.534187
1172  461 0 0 0 0.000000 271328235.717674
1173 nekbone 462 0 0 0 0.000000 271328335.538040
1174  463 0 0 0 0.000000 271328870.999270
1175  464 0 0 0 0.000000 271328872.431755
1176  465 0 0 0 0.000000 271328235.717674
1177  466 0 0 0 0.000000 271328237.266075
1178 nekbone 467 0 0 0 0.000000 271326878.312844
1179  468 0 0 0 0.000000 271327705.506026
1180  469 0 0 0 0.000000 271326681.046360
1181 nekbone 470 0 0 0 0.000000 271328870.999270
1182  471 0 0 0 0.000000 271326709.488716
1183 nekbone 472 0 0 0 0.000000 271328450.203435
1184  473 0 0 0 0.000000 271328237.136832
1185  474 0 0 0 0.000000 271328334.118881
1186  475 0 0 0 0.000000 271328872.418428
1187 nekbone 476 0 0 0 0.000000 271328533.534187
1188 nekbone 477 0 0 0 0.000000 271328235.717674
1189  478 0 0 0 0.000000 271328335.538040
1190  479 0 0 0 0.000000 271328870.999270
1238 nekbone 480 0 0 0 0.000000 271328870.999270
1239 nekbone 481 0 0 0 0.000000 271328872.431755
1240  482 0 0 0 0.000000 271328235.717674
1241 nekbone 483 0 0 0 0.000000 271328237.266075
1242  484 0 0 0 0.000000 271326878.312844
1243 nekbone 485 0 0 0 0.000000 271327705.506026
1244  486 0 0 0 0.000000 271326681.046360
1245  487 0 0 0 0.000000 271328870.999270
1246  488 0 0 0 0.000000 271326709.488716
1247  489 0 0 0 0.000000 271328450.203435
1248  490 0 0 0 0.000000 271328237.136832
1249  491 0 0 0 0.000000 271328334.118881
1250 nekbone 492 0 0 0 0.000000 271328872.418428
1251  493 0 0 0 0.000000 271328533.534187
1252  494 0 0 0 0.000000 271328235.717674
1253  495 0 0 0 0.000000 271328335.538040
1254  496 0 0 0 0.000000 271328870.999270
1255  497 0 0 0 0.000000 271328872.431755
1256  498 0 0 0 0.000000 271328235.717674
1257 nekbone 499 0 0 0 0.000000 271328237.266075
1258  500 0 0 0 0.000000 271326878.312844
1259  501 0 0 0 0.000000 271327705.506026
1260  502 0 0 0 0.000000 271326681.046360
1261  503 0 0 0 0.000000 271328870.999270
1262  504 0 0 0 0.000000 271326709.488716
1263  505 0 0 0 0.000000 271328450.203435
1264  506 0 0 0 0.000000 271328237.136832
1265  507 0 0 0 0.000000 271328334.118881
1266  508 0 0 0 0.000000 271328872.418428
1267  509 0 0 0 0.000000 271328533.534187
1315 nekbone 510 0 0 0 0.000000 271328533.534187
1316  511 0 0 0 0.000000 271328235.717674
1317  512 0 0 0 0.000000 271328335.538040
1318  513 0 0 0 0.000000 271328870.999270
1319 nekbone 514 0 0 0 0.000000 271328872.431755
1320  515 0 0 0 0.000000 271328235.717674
1321 nekbone 516 0 0 0 0.000000 271328237.266075
1322  517 0 0 0 0.000000 271326878.312844
1323  518 0 0 0 0.000000 271327705.506026
1324  519 0 0 0 0.000000 271326681.046360
1325 nekbone 520 0 0 0 0.000000 271328870.999270
1326 nekbone 521 0 0 0 0.000000 271326709.488716
1327  522 0 0 0 0.000000 271328450.203435
1328 nekbone 523 0 0 0 0.000000 271328237.136832
1329  524 0 0 0 0.000000 271328334.118881
1330 nekbone 525 0 0 0 0.000000 271328872.418428
1331 nekbone 526 0 0 0 0.000000 271328533.534187
1332 nekbone 527 0 0 0 0.000000 271328235.717674
1333 nekbone 528 0 0 0 0.000000 271328335.538040
1334  529 0 0 0 0.000000 271328870.999270
1335 nekbone 530 0 0 0 0.000000 271328872.431755
1336 nekbone 531 0 0 0 0.000000 271328235.717674
1337  532 0 0 0 0.000000 271328237.266075
1338  533 0 0 0 0.000000 271326878.312844
1339 nekbone 534 0 0 0 0.000000 271327705.506026
1340 nekbone 535 0 0 0 0.000000 271326681.046360
1341  536 0 0 0 0.000000 271328870.999270
1342  537 0 0 0 0.000000 271326709.488716
1343 nekbone 538 0 0 0 0.000000 271328450.203435
1344  539 0 0 0 0.000000 271328237.136832
1392 nekbone 540 0 0 0 0.000000 271328237.136832
1393  541 0 0 0 0.000000 271328334.118881
1394  542 0 0 0 0.000000 271328872.418428
1395  543 0 0 0 0.000000 271328533.534187
1396 nekbone 544 0 0 0 0.000000 271328235.717674
1397 nekbone 545 0 0 0 0.000000 271328335.538040
1398 nekbone 546 0 0 0 0.000000 271328870.999270
1399  547 0 0 0 0.000000 271328872.431755
1400  548 0 0 0 0.000000 271328235.717674
1401 nekbone 549 0 0 0 0.000000 271328237.266075
1402  550 0 0 0 0.000000 271326878.312844
1403  551 0 0 0 0.000000 271327705.506026
1404  552 0 0 0 0.000000 271326681.046360
1405 nekbone 553 0 0 0 0.000000 271328870.999270
1406  554 0 0 0 0.000000 271326709.488716
1407  555 0 0 0 0.000000 271328450.203435
1408 nekbone 556 0 0 0 0.000000 271328237.136832
1409  557 0 0 0 0.000000 271328334.118881
1410  558 0 0 0 0.000000 271328872.418428
1411  559 0 0 0 0.000000 271328533.534187
1412 nekbone 560 0 0 0 0.000000 271328235.717674
1413 nekbone 561 0 0 0 0.000000 271328335.538040
1414 nekbone 562 0 0 0 0.000000 271328870.999270
1415  563 0 0 0 0.000000 271328872.431755
1416 nekbone 564 0 0 0 0.000000 271328235.717674
1417 nekbone 565 0 0 0 0.000000 271328237.266075
1418 nekbone 566 0 0 0 0.000000 271326878.312844
1419  567 0 0 0 0.000000 271327705.506026
1420 nekbone 568 0 0 0 0.000000 271326681.046360
1421 nekbone 569 0 0 0 0.000000 271328870.999270
1469  570 0 0 0 0.000000 271328870.999270
1470 nekbone 571 0 0 0 0.000000 271326709.488716
1471  572 0 0 0 0.000000 271328450.203435
1472 nekbone 573 0 0 0 0.000000 271328237.136832
1473  574 0 0 0 0.000000 271328334.118881
1474  575 0 0 0 0.000000 271328872.418428
1475 nekbone 576 0 0 0 0.000000 271328533.534187
1476  577 0 0 0 0.000000 271328235.717674
1477  578 0 0 0 0.000000 271328335.538040
1478 nekbone 579 0 0 0 0.000000 271328870.999270
1479  580 0 0 0 0.000000 271328872.431755
1480 nekbone 581 0 0 0 0.000000 271328235.717674
1481  582 0 0 0 0.000000 271328237.266075
1482  583 0 0 0 0.000000 271326878.312844
1483  584 0 0 0 0.000000 271327705.506026
1484 nekbone 585 0 0 0 0.000000 271326681.046360
1485  586 0 0 0 0.000000 271328870.999270
1486  587 0 0 0 0.000000 271326709.488716
1487  588 0 0 0 0.000000 271328450.203435
1488 nekbone 589 0 0 0 0.000000 271328237.136832
1489  590 0 0 0 0.000000 271328334.118881
1490  591 0 0 0 0.000000 271328872.418428
1491  592 0 0 0 0.000000 271328533.534187
1492  593 0 0 0 0.000000 271328235.717674
1493  594 0 0 0 0.000000 271328335.538040
1494 nekbone 595 0 0 0 0.000000 271328870.999270
1495 nekbone 596 0 0 0 0.000000 271328872.431755
1496 nekbone 597 0 0 0 0.000000 271328235.717674
1497  598 0 0 0 0.000000 271328237.266075
1498  599 0 0 0 0.000000 271326878.312844
1546 nekbone 600 0 0 0 0.000000 271326878.312844
1547 nekbone 601 0 0 0 0.000000 271327705.506026
1548  602 0 0 0 0.000000 271326681.046360
1549  603 0 0 0 0.000000 271328870.999270
1550  604 0 0 0 0.000000 271326709.488716
1551 nekbone 605 0 0 0 0.000000 271328450.203435
1552 nekbone 606 0 0 0 0.000000 271328237.136832
1553  607 0 0 0 0.000000 271328334.118881
1554  608 0 0 0 0.000000 271328872.418428
1555  609 0 0 0 0.000000 271328533.534187
1556 nekbone 610 0 0 0 0.000000 271328235.717674
1557 nekbone 611 0 0 0 0.000000 271328335.538040
1558  612 0 0 0 0.000000 271328870.999270
1559  613 0 0 0 0.000000 271328872.431755
1560  614 0 0 0 0.000000 271328235.717674
1561 nekbone 615 0 0 0 0.000000 271328237.266075
1562  616 0 0 0 0.000000 271326878.312844
1563  617 0 0 0 0.000000 271327705.506026
1564  618 0 0 0 0.000000 271326681.046360
1565  619 0 0 0 0.000000 271328870.999270
1566  620 0 0 0 0.000000 271326709.488716
1567  621 0 0 0 0.000000 271328450.203435
1568 nekbone 622 0 0 0 0.000000 271328237.136832
1569 nekbone 623 0 0 0 0.000000 271328334.118881
1570  624 0 0 0 0.000000 271328872.418428
1571 nekbone 625 0 0 0 0.000000 271328533.534187
1572  626 0 0 0 0.000000 271328235.717674
1573  627 0 0 0 0.000000 271328335.538040
1574  628 0 0 0 0.000000 271328870.999270
1575 nekbone 629 0 0 0 0.000000 271328872.431755
1623  630 0 0 0 0.000000 271328872.431755
1624  631 0 0 0 0.000000 271328235.717674
1625 nekbone 632 0 0 0 0.000000 271328237.266075
1626 nekbone 633 0 0 0 0.000000 271326878.312844
1627 nekbone 634 0 0 0 0.000000 271327705.506026
1628 nekbone 635 0 0 0 0.000000 271326681.046360
1629  636 0 0 0 0.000000 271328870.999270
1630  637 0 0 0 0.000000 271326709.488716
1631  638 0 0 0 0.000000 271328450.203435
1632 nekbone 639 0 0 0 0.000000 271328237.136832
1633  640 0 0 0 0.000000 271328334.118881
1634  641 0 0 0 0.000000 271328872.418428
1635 nekbone 642 0 0 0 0.000000 271328533.534187
1636 nekbone 643 0 0 0 0.000000 271328235.717674
1637  644 0 0 0 0.000000 271328335.538040
1638 nekbone 645 0 0 0 0.000000 271328870.999270
1639  646 0 0 0 0.000000 271328872.431755
1640  647 0 0 0 0.000000 271328235.717674
1641 nekbone 648 0 0 0 0.000000 271328237.266075
1642  649 0 0 0 0.000000 271326878.312844
1643  650 0 0 0 0.000000 271327705.506026
1644  651 0 0 0 0.000000 271326681.046360
1645  652 0 0 0 0.000000 271328870.999270
1646  653 0 0 0 0.000000 271326709.488716
1647  654 0 0 0 0.000000 271328450.203435
1648  655 0 0 0 0.000000 271328237.136832
1649  656 0 0 0 0.000000 271328334.118881
1650  657 0 0 0 0.000000 271328872.418428
1651 nekbone 658 0 0 0 0.000000 271328533.534187
1652  659 0 0 0 0.000000 271328235.717674
1700  660 0 0 0 0.000000 271328235.717674
1701  661 0 0 0 0.000000 271328335.538040
1702 nekbone 662 0 0 0 0.000000 271328870.999270
1703  663 0 0 0 0.000000 271328872.431755
1704  664 0 0 0 0.000000 271328235.717674
1705 nekbone 665 0 0 0 0.000000 271328237.266075
1706  666 0 0 0 0.000000 271326878.312844
1707 nekbone 667 0 0 0 0.000000 271327705.506026
1708  668 0 0 0 0.000000 271326681.046360
1709 nekbone 669 0 0 0 0.000000 271328870.999270
1710  670 0 0 0 0.000000 271326709.488716
1711 nekbone 671 0 0 0 0.000000 271328450.203435
1712  672 0 0 0 0.000000 271328237.136832
1713  673 0 0 0 0.000000 271328334.118881
1714 nekbone 674 0 0 0 0.000000 271328872.418428
1715  675 0 0 0 0.000000 271328533.534187
1716  676 0 0 0 0.000000 271328235.717674
1717  677 0 0 0 0.000000 271328335.538040
1718  678 0 0 0 0.000000 271328870.999270
1719  679 0 0 0 0.000000 271328872.431755
1720  680 0 0 0 0.000000 271328235.717674
1721  681 0 0 0 0.000000 271328237.266075
1722  682 0 0 0 0.000000 271326878.312844
1723  683 0 0 0 0.000000 271327705.506026
1724  684 0 0 0 0.000000 271326681.046360
1725  685 0 0 0 0.000000 271328870.999270
1726  686 0 0 0 0.000000 271326709.488716
1727 nekbone 687 0 0 0 0.000000 271328450.203435
1728 nekbone 688 0 0 0 0.000000 271328237.136832
1729  689 0 0 0 0.000000 271328334.118881
1777  690 0 0 0 0.000000 271328334.118881
1778  691 0 0 0 0.000000 271328872.418428
1779 nekbone 692 0 0 0 0.000000 271328533.534187
1780 nekbone 693 0 0 0 0.000000 271328235.717674
1781 nekbone 694 0 0 0 0.000000 271328335.538040
1782 nekbone 695 0 0 0 0.000000 271328870.999270
1783  696 0 0 0 0.000000 271328872.431755
1784  697 0 0 0 0.000000 271328235.717674
1785  698 0 0 0 0.000000 271328237.266075
1786  699 0 0 0 0.000000 271326878.312844
1787  700 0 0 0 0.000000 271327705.506026
1788  701 0 0 0 0.000000 271326681.046360
1789  702 0 0 0 0.000000 271328870.999270
1790  703 0 0 0 0.000000 271326709.488716
1791 nekbone 704 0 0 0 0.000000 271328450.203435
1792  705 0 0 0 0.000000 271328237.136832
1793  706 0 0 0 0.000000 271328334.118881
1794  707 0 0 0 0.000000 271328872.418428
1795 nekbone 708 0 0 0 0.000000 271328533.534187
1796  709 0 0 0 0.000000 271328235.717674
1797 nekbone 710 0 0 0 0.000000 271328335.538040
1798  711 0 0 0 0.000000 271328870.999270
1799 nekbone 712 0 0 0 0.000000 271328872.431755
1800  713 0 0 0 0.000000 271328235.717674
1801  714 0 0 0 0.000000 271328237.266075
1802  715 0 0 0 0.000000 271326878.312844
1803 nekbone 716 0 0 0 0.000000 271327705.506026
1804  717 0 0 0 0.000000 271326681.046360
1805  718 0 0 0 0.000000 271328870.999270
1806  719 0 0 0 0.000000 271326709.488716
1854  720 0 0 0 0.000000 271326709.488716
1855  721 0 0 0 0.000000 271328450.203435
1856  722 0 0 0 0.000000 271328237.136832
1857  723 0 0 0 0.000000 271328334.118881
1858  724 0 0 0 0.000000 271328872.418428
1859 nekbone 725 0 0 0 0.000000 271328533.534187
1860  726 0 0 0 0.000000 271328235.717674
1861 nekbone 727 0 0 0 0.000000 271328335.538040
1862  728 0 0 0 0.000000 271328870.999270
1863 nekbone 729 0 0 0 0.000000 271328872.431755
1864  730 0 0 0 0.000000 271328235.717674
1865 nekbone 731 0 0 0 0.000000 271328237.266075
1866 nekbone 732 0 0 0 0.000000 271326878.312844
1867 nekbone 733 0 0 0 0.000000 271327705.506026
1868  734 0 0 0 0.000000 271326681.046360
1869  735 0 0 0 0.000000 271328870.999270
1870  736 0 0 0 0.000000 271326709.488716
1871  737 0 0 0 0.000000 271328450.203435
1872  738 0 0 0 0.000000 271328237.136832
1873  739 0 0 0 0.000000 271328334.118881
1874 nekbone 740 0 0 0 0.000000 271328872.418428
1875  741 0 0 0 0.000000 271328533.534187
1876  742 0 0 0 0.000000 271328235.717674
1877  743 0 0 0 0.000000 271328335.538040
1878  744 0 0 0 0.000000 271328870.999270
1879 nekbone 745 0 0 0 0.000000 271328872.431755
1880 nekbone 746 0 0 0 0.000000 271328235.717674
1881  747 0 0 0 0.000000 271328237.266075
1882  748 0 0 0 0.000000 271326878.312844
1883 nekbone 749 0 0 0 0.000000 271327705.506026
1931  750 0 0 0 0.000000 271327705.506026
1932  751 0 0 0 0.000000 271326681.046360
1933  752 0 0 0 0.000000 271328870.999270
1934  753 0 0 0 0.000000 271326709.488716
1935 nekbone 754 0 0 0 0.000000 271328450.203435
1936  755 0 0 0 0.000000 271328237.136832
1937  756 0 0 0 0.000000 271328334.118881
1938 nekbone 757 0 0 0 0.000000 271328872.418428
1939  758 0 0 0 0.000000 271328533.534187
1940  759 0 0 0 0.000000 271328235.717674
1941  760 0 0 0 0.000000 271328335.538040
1942  761 0 0 0 0.000000 271328870.999270
1943  762 0 0 0 0.000000 271328872.431755
1944 nekbone 763 0 0 0 0.000000 271328235.717674
1945 nekbone 764 0 0 0 0.000000 271328237.266075
1946  765 0 0 0 0.000000 271326878.312844
1947  766 0 0 0 0.000000 271327705.506026
1948  767 0 0 0 0.000000 271326681.046360
1949  768 0 0 0 0.000000 271328870.999270
1950  769 0 0 0 0.000000 271326709.488716
1951 nekbone 770 0 0 0 0.000000 271328450.203435
1952  771 0 0 0 0.000000 271328237.136832
1953  772 0 0 0 0.000000 271328334.118881
1954 nekbone 773 0 0 0 0.000000 271328872.418428
1955  774 0 0 0 0.000000 271328533.534187
1956  775 0 0 0 0.000000 271328235.717674
1957  776 0 0 0 0.000000 271328335.538040
1958 nekbone 777 0 0 0 0.000000 271328870.999270
1959 nekbone 778 0 0 0 0.000000 271328872.431755
1960  779 0 0 0 0.000000 271328235.717674
2008  780 0 0 0 0.000000 271328235.717674
2009  781 0 0 0 0.000000 271328237.266075
2010  782 0 0 0 0.000000 271326878.312844
2011  783 0 0 0 0.000000 271327705.506026
2012 nekbone 784 0 0 0 0.000000 271326681.046360
2013  785 0 0 0 0.000000 271328870.999270
2014  786 0 0 0 0.000000 271326709.488716
2015  787 0 0 0 0.000000 271328450.203435
2016  788 0 0 0 0.000000 271328237.136832
2017  789 0 0 0 0.000000 271328334.118881
2018  790 0 0 0 0.000000 271328872.418428
2019 nekbone 791 0 0 0 0.000000 271328533.534187
2020  792 0 0 0 0.000000 271328235.717674
2021  793 0 0 0 0.000000 271328335.538040
2022  794 0 0 0 0.000000 271328870.999270
2023  795 0 0 0 0.000000 271328872.431755
2024  796 0 0 0 0.000000 271328235.717674
2025  797 0 0 0 0.000000 271328237.266075
2026  798 0 0 0 0.000000 271326878.312844
2027  799 0 0 0 0.000000 271327705.506026
2028  800 0 0 0 0.000000 271326681.046360
2029 nekbone 801 0 0 0 0.000000 271328870.999270
2030  802 0 0 0 0.000000 271326709.488716
2031 nekbone 803 0 0 0 0.000000 271328450.203435
2032  804 0 0 0 0.000000 271328237.136832
2033  805 0 0 0 0.000000 271328334.118881
2034  806 0 0 0 0.000000 271328872.418428
2035  807 0 0 0 0.000000 271328533.534187
2036  808 0 0 0 0.000000 271328235.717674
2037  809 0 0 0 0.000000 271328335.538040
2085 nekbone 810 0 0 0 0.000000 271328335.538040
2086 nekbone 811 0 0 0 0.000000 271328870.999270
2087  812 0 0 0 0.000000 271328872.431755
2088 nekbone 813 0 0 0 0.000000 271328235.717674
2089  814 0 0 0 0.000000 271328237.266075
2090 nekbone 815 0 0 0 0.000000 271326878.312844
2091 nekbone 816 0 0 0 0.000000 271327705.506026
2092  817 0 0 0 0.000000 271326681.046360
2093 nekbone 818 0 0 0 0.000000 271328870.999270
2094  819 0 0 0 0.000000 271326709.488716
2095  820 0 0 0 0.000000 271328450.203435
2096 nekbone 821 0 0 0 0.000000 271328237.136832
2097  822 0 0 0 0.000000 271328334.118881
2098  823 0 0 0 0.000000 271328872.418428
2099 nekbone 824 0 0 0 0.000000 271328533.534187
2100  825 0 0 0 0.000000 271328235.717674
2101  826 0 0 0 0.000000 271328335.538040
2102  827 0 0 0 0.000000 271328870.999270
2103  828 0 0 0 0.000000 271328872.431755
2104 nekbone 829 0 0 0 0.000000 271328235.717674
2105 nekbone 830 0 0 0 0.000000 271328237.266075
2106  831 0 0 0 0.000000 271326878.312844
2107 nekbone 832 0 0 0 0.000000 271327705.506026
2108  833 0 0 0 0.000000 271326681.046360
2109 nekbone 834 0 0 0 0.000000 271328870.999270
2110  835 0 0 0 0.000000 271326709.488716
2111  836 0 0 0 0.000000 271328450.203435
2112  837 0 0 0 0.000000 271328237.136832
2113 nekbone 838 0 0 0 0.000000 271328334.118881
2114  839 0 0 0 0.000000 271328872.418428
2162  840 0 0 0 0.000000 271328872.418428
2163  841 0 0 0 0.000000 271328533.534187
2164  842 0 0 0 0.000000 271328235.717674
2165  843 0 0 0 0.000000 271328335.538040
2166  844 0 0 0 0.000000 271328870.999270
2167 nekbone 845 0 0 0 0.000000 271328872.431755
2168  846 0 0 0 0.000000 271328235.717674
2169  847 0 0 0 0.000000 271328237.266075
2170  848 0 0 0 0.000000 271326878.312844
2171  849 0 0 0 0.000000 271327705.506026
2172  850 0 0 0 0.000000 271326681.046360
2173  851 0 0 0 0.000000 271328870.999270
2174  852 0 0 0 0.000000 271326709.488716
2175 nekbone 853 0 0 0 0.000000 271328450.203435
2176  854 0 0 0 0.000000 271328237.136832
2177  855 0 0 0 0.000000 271328334.118881
2178 nekbone 856 0 0 0 0.000000 271328872.418428
2179  857 0 0 0 0.000000 271328533.534187
2180  858 0 0 0 0.000000 271328235.717674
2181  859 0 0 0 0.000000 271328335.538040
2182  860 0 0 0 0.000000 271328870.999270
2183 nekbone 861 0 0 0 0.000000 271328872.431755
2184  862 0 0 0 0.000000 271328235.717674
2185  863 0 0 0 0.000000 271328237.266075
2186  864 0 0 0 0.000000 271326878.312844
2187 nekbone 865 0 0 0 0.000000 271327705.506026
2188  866 0 0 0 0.000000 271326681.046360
2189  867 0 0 0 0.000000 271328870.999270
2190 nekbone 868 0 0 0 0.000000 271326709.488716
2191  869 0 0 0 0.000000 271328450.203435
2239 nekbone 870 0 0 0 0.000000 271328450.203435
2240 nekbone 871 0 0 0 0.000000 271328237.136832
2241  872 0 0 0 0.000000 271328334.118881
2242 nekbone 873 0 0 0 0.000000 271328872.418428
2243 nekbone 874 0 0 0 0.000000 271328533.534187
2244  875 0 0 0 0.000000 271328235.717674
2245  876 0 0 0 0.000000 271328335.538040
2246 nekbone 877 0 0 0 0.000000 271328870.999270
2247 nekbone 878 0 0 0 0.000000 271328872.431755
2248  879 0 0 0 0.000000 271328235.717674
2249 nekbone 880 0 0 0 0.000000 271328237.266075
2250 nekbone 881 0 0 0 0.000000 271326878.312844
2251  882 0 0 0 0.000000 271327705.506026
2252  883 0 0 0 0.000000 271326681.046360
2253  884 0 0 0 0.000000 271328870.999270
2254  885 0 0 0 0.000000 271326709.488716
2255  886 0 0 0 0.000000 271328450.203435
2256 nekbone 887 0 0 0 0.000000 271328237.136832
2257  888 0 0 0 0.000000 271328334.118881
2258  889 0 0 0 0.000000 271328872.418428
2259 nekbone 890 0 0 0 0.000000 271328533.534187
2260 nekbone 891 0 0 0 0.000000 271328235.717674
2261  892 0 0 0 0.000000 271328335.538040
2262  893 0 0 0 0.000000 271328870.999270
2263  894 0 0 0 0.000000 271328872.431755
2264  895 0 0 0 0.000000 271328235.717674
2265  896 0 0 0 0.000000 271328237.266075
2266  897 0 0 0 0.000000 271326878.312844
2267 nekbone 898 0 0 0 0.000000 271327705.506026
2268  899 0 0 0 0.000000 271326681.046360
2316  900 0 0 0 0.000000 271326681.046360
2317  901 0 0 0 0.000000 271328870.999270
2318  902 0 0 0 0.000000 271326709.488716
2319  903 0 0 0 0.000000 271328450.203435
2320  904 0 0 0 0.000000 271328237.136832
2321  905 0 0 0 0.000000 271328334.118881
2322  906 0 0 0 0.000000 271328872.418428
2323  907 0 0 0 0.000000 271328533.534187
2324  908 0 0 0 0.000000 271328235.717674
2325  909 0 0 0 0.000000 271328335.538040
2326  910 0 0 0 0.000000 271328870.999270
2327  911 0 0 0 0.000000 271328872.431755
2328  912 0 0 0 0.000000 271328235.717674
2329  913 0 0 0 0.000000 271328237.266075
2330  914 0 0 0 0.000000 271326878.312844
2331  915 0 0 0 0.000000 271327705.506026
2332  916 0 0 0 0.000000 271326681.046360
2333  917 0 0 0 0.000000 271328870.999270
2334  918 0 0 0 0.000000 271326709.488716
2335  919 0 0 0 0.000000 271328450.203435
2336  920 0 0 0 0.000000 271328237.136832
2337  921 0 0 0 0.000000 271328334.118881
2338  922 0 0 0 0.000000 271328872.418428
2339  923 0 0 0 0.000000 271328533.534187
2340  924 0 0 0 0.000000 271328235.717674
2341  925 0 0 0 0.000000 271328335.538040
2342  926 0 0 0 0.000000 271328870.999270
2343  927 0 0 0 0.000000 271328872.431755
2344  928 0 0 0 0.000000 271328235.717674
2345  929 0 0 0 0.000000 271328237.266075
2393  930 0 0 0 0.000000 271328237.266075
2394  931 0 0 0 0.000000 271326878.312844
2395  932 0 0 0 0.000000 271327705.506026
2396  933 0 0 0 0.000000 271326681.046360
2397  934 0 0 0 0.000000 271328870.999270
2398  935 0 0 0 0.000000 271326709.488716
2399  936 0 0 0 0.000000 271328450.203435
2400  937 0 0 0 0.000000 271328237.136832
2401  938 0 0 0 0.000000 271328334.118881
2402  939 0 0 0 0.000000 271328872.418428
2403  940 0 0 0 0.000000 271328533.534187
2404  941 0 0 0 0.000000 271328235.717674
2405  942 0 0 0 0.000000 271328335.538040
2406  943 0 0 0 0.000000 271328870.999270
2407  944 0 0 0 0.000000 271328872.431755
2408  945 0 0 0 0.000000 271328235.717674
2409  946 0 0 0 0.000000 271328237.266075
2410  947 0 0 0 0.000000 271326878.312844
2411  948 0 0 0 0.000000 271327705.506026
2412  949 0 0 0 0.000000 271326681.046360
2413  950 0 0 0 0.000000 271328870.999270
2414  951 0 0 0 0.000000 271326709.488716
2415  952 0 0 0 0.000000 271328450.203435
2416  953 0 0 0 0.000000 271328237.136832
2417  954 0 0 0 0.000000 271328334.118881
2418  955 0 0 0 0.000000 271328872.418428
2419  956 0 0 0 0.000000 271328533.534187
2420  957 0 0 0 0.000000 271328235.717674
2421  958 0 0 0 0.000000 271328335.538040
2422  959 0 0 0 0.000000 271328870.999270
2470  960 0 0 0 0.000000 271328870.999270
2471  961 0 0 0 0.000000 271328872.431755
2472  962 0 0 0 0.000000 271328235.717674
2473  963 0 0 0 0.000000 271328237.266075
2474  964 0 0 0 0.000000 271326878.312844
2475  965 0 0 0 0.000000 271327705.506026
2476  966 0 0 0 0.000000 271326681.046360
2477  967 0 0 0 0.000000 271328870.999270
2478  968 0 0 0 0.000000 271326709.488716
2479  969 0 0 0 0.000000 271328450.203435
2480  970 0 0 0 0.000000 271328237.136832
2481  971 0 0 0 0.000000 271328334.118881
2482  972 0 0 0 0.000000 271328872.418428
2483  973 0 0 0 0.000000 271328533.534187
2484  974 0 0 0 0.000000 271328235.717674
2485  975 0 0 0 0.000000 271328335.538040
2486  976 0 0 0 0.000000 271328870.999270
2487  977 0 0 0 0.000000 271328872.431755
2488  978 0 0 0 0.000000 271328235.717674
2489  979 0 0 0 0.000000 271328237.266075
2490  980 0 0 0 0.000000 271326878.312844
2491  981 0 0 0 0.000000 271327705.506026
2492  982 0 0 0 0.000000 271326681.046360
2493  983 0 0 0 0.000000 271328870.999270
2494  984 0 0 0 0.000000 271326709.488716
2495  985 0 0 0 0.000000 271328450.203435
2496  986 0 0 0 0.000000 271328237.136832
2497  987 0 0 0 0.000000 271328334.118881
2498  988 0 0 0 0.000000 271328872.418428
2499  989 0 0 0 0.000000 271328533.534187