# Format <LP id> <Terminal ID> <Total Data Sent> <Total Data Received> <Avg packet latency> <Max packet Latency> <Min packet Latency> <# Packets finished> <Avg Hops> <Avg Busy Time (over rails)>
37 0 0 0 -nan 0.000000 2147483647.000000 0 -nan 0.000000
38 1 0 0 -nan 0.000000 2147483647.000000 0 -nan 0.000000
39 2 0 0 -nan 0.000000 2147483647.000000 0 -nan 0.000000
40 3 0 0 -nan 0.000000 2147483647.000000 0 -nan 0.000000
41 4 0 0 -nan 0.000000 2147483647.000000 0 -nan 0.000000
42 5 0 0 -nan 0.000000 2147483647.000000 0 -nan 0.000000
43 6 641195712 641195712 14936.190488 148956.289355 1488.474874 182943 4.994195 222578541.112910
44 7 0 0 -nan 0.000000 2147483647.000000 0 -nan 0.000000
45 8 0 0 -nan 0.000000 2147483647.000000 0 -nan 0.000000
46 9 0 0 -nan 0.000000 2147483647.000000 0 -nan 0.000000
47 10 532939872 532939872 16890.251358 133795.407268 2315.083877 152037 4.950091 228765506.918553
48 11 0 0 -nan 0.000000 2147483647.000000 0 -nan 0.000000
49 12 0 0 -nan 0.000000 2147483647.000000 0 -nan 0.000000
50 13 641195712 641195712 17947.306170 107844.549739 1403.446161 182943 5.097041 241564101.848788
51 14 641210160 641210160 15780.373566 145717.912594 2315.083877 184749 5.027475 194751663.092966
52 15 0 0 -nan 0.000000 2147483647.000000 0 -nan 0.000000
53 16 0 0 -nan 0.000000 2147483647.000000 0 -nan 0.000000
54 17 0 0 -nan 0.000000 2147483647.000000 0 -nan 0.000000
55 18 425290704 425290704 15874.217763 107821.906065 2315.083877 110307 5.125794 172189745.473391
56 19 0 0 -nan 0.000000 2147483647.000000 0 -nan 0.000000
57 20 0 0 -nan 0.000000 2147483647.000000 0 -nan 0.000000
58 21 0 0 -nan 0.000000 2147483647.000000 0 -nan 0.000000
59 22 0 0 -nan 0.000000 2147483647.000000 0 -nan 0.000000
60 23 0 0 -nan 0.000000 2147483647.000000 0 -nan 0.000000
61 24 532939872 532939872 16663.823800 125315.385000 2315.083877 152037 4.954110 196566188.816226
62 25 0 0 -nan 0.000000 2147483647.000000 0 -nan 0.000000
63 26 0 0 -nan 0.000000 2147483647.000000 0 -nan 0.000000
64 27 0 0 -nan 0.000000 2147483647.000000 0 -nan 0.000000
65 28 0 0 -nan 0.000000 2147483647.000000 0 -nan 0.000000
66 29 0 0 -nan 0.000000 2147483647.000000 0 -nan 0.000000
67 30 0 0 -nan 0.000000 2147483647.000000 0 -nan 0.000000
68 31 0 0 -nan 0.000000 2147483647.000000 0 -nan 0.000000
114 32 0 0 -nan 0.000000 2147483647.000000 0 -nan 0.000000
115 33 0 0 -nan 0.000000 2147483647.000000 0 -nan 0.000000
116 34 0 0 -nan 0.000000 2147483647.000000 0 -nan 0.000000
117 35 0 0 -nan 0.000000 2147483647.000000 0 -nan 0.000000
118 36 641195712 641195712 17510.259819 121644.521190 1403.446161 182943 4.606719 186999862.745040
119 37 0 0 -nan 0.000000 2147483647.000000 0 -nan 0.000000
120 38 0 0 -nan 0.000000 2147483647.000000 0 -nan 0.000000
121 39 0 0 -nan 0.000000 2147483647.000000 0 -nan 0.000000
122 40 425391840 425391840 23134.993838 152160.575911 1403.446161 122949 5.066393 141287510.008178
123 41 0 0 -nan 0.000000 2147483647.000000 0 -nan 0.000000
124 42 0 0 -nan 0.000000 2147483647.000000 0 -nan 0.000000
125 43 532939872 532939872 23117.451804 137220.093060 1650.246643 152037 5.160994 194900623.502372
126 44 0 0 -nan 0.000000 2147483647.000000 0 -nan 0.000000
127 45 0 0 -nan 0.000000 2147483647.000000 0 -nan 0.000000
128 46 0 0 -nan 0.000000 2147483647.000000 0 -nan 0.000000
129 47 0 0 -nan 0.000000 2147483647.000000 0 -nan 0.000000
130 48 425391840 425391840 19603.816786 143358.667530 1403.446161 122949 5.076747 193248998.412677
131 49 0 0 -nan 0.000000 2147483647.000000 0 -nan 0.000000
132 50 0 0 -nan 0.000000 2147483647.000000 0 -nan 0.000000
133 51 0 0 -nan 0.000000 2147483647.000000 0 -nan 0.000000
134 52 0 0 -nan 0.000000 2147483647.000000 0 -nan 0.000000
135 53 532939872 532939872 16612.318800 154761.470894 2315.083877 152037 4.945316 149153694.824632
136 54 532939872 532939872 18313.412629 156962.175013 1405.796642 152037 4.934273 189823990.495396
137 55 0 0 -nan 0.000000 2147483647.000000 0 -nan 0.000000
138 56 532838736 532838736 22671.146637 146257.817224 1488.474874 139395 5.091201 141069880.096069
139 57 641195712 641195712 17442.183866 152631.479829 1405.796642 182943 4.586461 229288188.120174
140 58 0 0 -nan 0.000000 2147483647.000000 0 -nan 0.000000
141 59 0 0 -nan 0.000000 2147483647.000000 0 -nan 0.000000
142 60 641195712 641195712 15469.090861 122723.915136 1650.246643 182943 4.859650 209798794.752308
143 61 532954320 532954320 17692.897507 138815.608716 2315.083877 153843 4.983607 167560269.347156
144 62 0 0 -nan 0.000000 2147483647.000000 0 -nan 0.000000
145 63 0 0 -nan 0.000000 2147483647.000000 0 -nan 0.000000
191 64 0 0 -nan 0.000000 2147483647.000000 0 -nan 0.000000
192 65 0 0 -nan 0.000000 2147483647.000000 0 -nan 0.000000
193 66 641195712 641195712 19846.845442 136753.057902 1405.796642 182943 4.958118 177859825.894808
194 67 532939872 532939872 19588.152437 161600.990554 1490.991427 152037 5.064300 186923935.648139
195 68 0 0 -nan 0.000000 2147483647.000000 0 -nan 0.000000
196 69 0 0 -nan 0.000000 2147483647.000000 0 -nan 0.000000
197 70 0 0 -nan 0.000000 2147483647.000000 0 -nan 0.000000
198 71 0 0 -nan 0.000000 2147483647.000000 0 -nan 0.000000
199 72 0 0 -nan 0.000000 2147483647.000000 0 -nan 0.000000
200 73 425290704 425290704 20395.928607 165750.035868 2315.083877 110307 5.069334 179808619.058193
201 74 0 0 -nan 0.000000 2147483647.000000 0 -nan 0.000000
202 75 0 0 -nan 0.000000 2147483647.000000 0 -nan 0.000000
203 76 0 0 -nan 0.000000 2147483647.000000 0 -nan 0.000000
204 77 532939872 532939872 18151.461007 148995.342144 1405.796642 152037 4.921539 116213213.003501
205 78 0 0 -nan 0.000000 2147483647.000000 0 -nan 0.000000
206 79 532939872 532939872 20043.695119 128134.282036 1490.991427 152037 5.014299 185772175.905731
207 80 0 0 -nan 0.000000 2147483647.000000 0 -nan 0.000000
208 81 0 0 -nan 0.000000 2147483647.000000 0 -nan 0.000000
209 82 532939872 532939872 19269.604141 132673.722549 1405.796642 152037 4.590435 226168617.051749
210 83 0 0 -nan 0.000000 2147483647.000000 0 -nan 0.000000
211 84 0 0 -nan 0.000000 2147483647.000000 0 -nan 0.000000
212 85 0 0 -nan 0.000000 2147483647.000000 0 -nan 0.000000
213 86 0 0 -nan 0.000000 2147483647.000000 0 -nan 0.000000
214 87 0 0 -nan 0.000000 2147483647.000000 0 -nan 0.000000
215 88 0 0 -nan 0.000000 2147483647.000000 0 -nan 0.000000
216 89 641195712 641195712 15793.588085 132111.674370 577.768481 182943 4.894678 185911743.647539
217 90 641210160 641210160 16418.794510 154271.724904 577.768481 184749 4.908497 199122265.148407
218 91 0 0 -nan 0.000000 2147483647.000000 0 -nan 0.000000
219 92 0 0 -nan 0.000000 2147483647.000000 0 -nan 0.000000
220 93 532939872 532939872 17051.909630 142254.891038 2315.083877 152037 4.936785 172462058.866264
221 94 0 0 -nan 0.000000 2147483647.000000 0 -nan 0.000000
222 95 0 0 -nan 0.000000 2147483647.000000 0 -nan 0.000000
268 96 0 0 -nan 0.000000 2147483647.000000 0 -nan 0.000000
269 97 641195712 641195712 24524.693959 171951.053898 1403.446161 182943 4.905654 174868790.238088
270 98 0 0 -nan 0.000000 2147483647.000000 0 -nan 0.000000
271 99 0 0 -nan 0.000000 2147483647.000000 0 -nan 0.000000
272 100 641195712 641195712 29345.726479 199928.415609 577.768481 182943 5.110384 217249419.741377
273 101 0 0 -nan 0.000000 2147483647.000000 0 -nan 0.000000
274 102 532939872 532939872 30133.289221 205811.700319 1650.246643 152037 5.162888 176952692.803910
275 103 641195712 641195712 22433.864880 176659.610210 577.768481 182943 4.876464 152597630.254330
276 104 0 0 -nan 0.000000 2147483647.000000 0 -nan 0.000000
277 105 532939872 532939872 27918.216034 171519.512845 576.837158 152037 4.890178 198882397.260029
278 106 641195712 641195712 28447.385379 194078.885315 577.768481 182943 4.998076 229232572.098419
279 107 532838736 532838736 22886.773012 163423.784221 1752.712886 139395 4.516554 136279979.453250
280 108 0 0 -nan 0.000000 2147483647.000000 0 -nan 0.000000
281 109 532939872 532939872 24784.548998 196281.584164 1650.246643 152037 5.119182 129433428.930377
282 110 0 0 -nan 0.000000 2147483647.000000 0 -nan 0.000000
283 111 532939872 532939872 24676.816835 161218.073517 2315.083877 152037 5.002039 134015179.596340
284 112 641195712 641195712 21414.447006 181779.075173 1405.796642 182943 5.016185 229580602.898228
285 113 532939872 532939872 25409.944513 162134.112796 1650.246643 152037 5.123259 128380178.887914
286 114 0 0 -nan 0.000000 2147483647.000000 0 -nan 0.000000
287 115 0 0 -nan 0.000000 2147483647.000000 0 -nan 0.000000
288 116 0 0 -nan 0.000000 2147483647.000000 0 -nan 0.000000
289 117 0 0 -nan 0.000000 2147483647.000000 0 -nan 0.000000
290 118 425391840 425391840 25168.223553 161160.189279 1403.446161 122949 5.084856 161358052.060206
291 119 532954320 532954320 19684.755578 154235.140465 1490.991427 153843 4.248864 211694307.461419
292 120 0 0 -nan 0.000000 2147483647.000000 0 -nan 0.000000
293 121 0 0 -nan 0.000000 2147483647.000000 0 -nan 0.000000
294 122 532939872 532939872 22794.966549 167501.703631 1490.991427 152037 4.928274 165850869.664900
295 123 0 0 -nan 0.000000 2147483647.000000 0 -nan 0.000000
296 124 0 0 -nan 0.000000 2147483647.000000 0 -nan 0.000000
297 125 0 0 -nan 0.000000 2147483647.000000 0 -nan 0.000000
298 126 0 0 -nan 0.000000 2147483647.000000 0 -nan 0.000000
299 127 0 0 -nan 0.000000 2147483647.000000 0 -nan 0.000000
345 128 641195712 641195712 20162.511850 153116.649502 2315.083877 182943 4.918598 222647470.013398
346 129 0 0 -nan 0.000000 2147483647.000000 0 -nan 0.000000
347 130 532939872 532939872 23383.779282 150072.060716 2315.083877 152037 4.830587 129985633.029711
348 131 425290704 425290704 18891.021397 147999.990006 1405.796642 110307 4.407019 127327557.593662
349 132 425406288 425406288 14629.351093 169159.928225 1403.446161 124755 4.052968 103870369.058557
350 133 0 0 -nan 0.000000 2147483647.000000 0 -nan 0.000000
351 134 532838736 532838736 19519.309892 136837.717947 1403.446161 139395 5.011959 167909334.774232
352 135 0 0 -nan 0.000000 2147483647.000000 0 -nan 0.000000
353 136 0 0 -nan 0.000000 2147483647.000000 0 -nan 0.000000
354 137 0 0 -nan 0.000000 2147483647.000000 0 -nan 0.000000
355 138 0 0 -nan 0.000000 2147483647.000000 0 -nan 0.000000
356 139 0 0 -nan 0.000000 2147483647.000000 0 -nan 0.000000
357 140 0 0 -nan 0.000000 2147483647.000000 0 -nan 0.000000
358 141 532939872 532939872 23787.755823 150824.746475 2315.083877 152037 4.981110 188684862.030074
359 142 532838736 532838736 22548.326798 151839.554976 2319.019588 139395 4.848359 141726498.102859
360 143 532954320 532954320 19149.737673 195177.963334 1405.796642 153843 4.636201 112237510.744182
361 144 0 0 -nan 0.000000 2147483647.000000 0 -nan 0.000000
362 145 0 0 -nan 0.000000 2147483647.000000 0 -nan 0.000000
363 146 0 0 -nan 0.000000 2147483647.000000 0 -nan 0.000000
364 147 0 0 -nan 0.000000 2147483647.000000 0 -nan 0.000000
365 148 0 0 -nan 0.000000 2147483647.000000 0 -nan 0.000000
366 149 532954320 532954320 19443.351026 129855.340428 1405.796642 153843 4.846889 168979381.796274
367 150 0 0 -nan 0.000000 2147483647.000000 0 -nan 0.000000
368 151 532939872 532939872 21510.424397 165102.770246 2315.083877 152037 5.014490 177800200.349222
369 152 0 0 -nan 0.000000 2147483647.000000 0 -nan 0.000000
370 153 425391840 425391840 16570.327068 120877.955318 2323.961980 122949 4.653710 154323999.436498
371 154 0 0 -nan 0.000000 2147483647.000000 0 -nan 0.000000
372 155 0 0 -nan 0.000000 2147483647.000000 0 -nan 0.000000
373 156 0 0 -nan 0.000000 2147483647.000000 0 -nan 0.000000
374 157 425391840 425391840 19636.705856 182162.365769 1488.474874 122949 4.737379 161277147.033567
375 158 0 0 -nan 0.000000 2147483647.000000 0 -nan 0.000000
376 159 0 0 -nan 0.000000 2147483647.000000 0 -nan 0.000000
422 160 0 0 -nan 0.000000 2147483647.000000 0 -nan 0.000000
423 161 0 0 -nan 0.000000 2147483647.000000 0 -nan 0.000000
424 162 532838736 532838736 20430.246267 174688.207623 1403.446161 139395 5.042233 160520052.769143
425 163 0 0 -nan 0.000000 2147483647.000000 0 -nan 0.000000
426 164 0 0 -nan 0.000000 2147483647.000000 0 -nan 0.000000
427 165 318546768 318546768 19629.027367 176649.226508 1403.446161 95073 4.109421 56890873.617350
428 166 532939872 532939872 23639.787902 172773.441307 1405.796642 152037 5.087840 213440262.233303
429 167 0 0 -nan 0.000000 2147483647.000000 0 -nan 0.000000
430 168 0 0 -nan 0.000000 2147483647.000000 0 -nan 0.000000
431 169 532939872 532939872 19933.925456 170357.460062 2315.083877 152037 5.101824 175610182.203531
432 170 0 0 -nan 0.000000 2147483647.000000 0 -nan 0.000000
433 171 425391840 425391840 17108.154572 175482.775694 2315.083877 122949 4.816989 157031378.265809
434 172 0 0 -nan 0.000000 2147483647.000000 0 -nan 0.000000
435 173 0 0 -nan 0.000000 2147483647.000000 0 -nan 0.000000
436 174 641195712 641195712 18683.871459 182905.961611 1752.712886 182943 4.909895 201740822.420261
437 175 641195712 641195712 18112.242267 179791.560821 2315.083877 182943 4.603505 244252777.149599
438 176 641195712 641195712 19106.977849 166805.915262 1403.446161 182943 4.384142 54556058.301799
439 177 425391840 425391840 20816.926861 178231.618715 1752.712886 122949 4.117431 178281500.139821
440 178 0 0 -nan 0.000000 2147483647.000000 0 -nan 0.000000
441 179 0 0 -nan 0.000000 2147483647.000000 0 -nan 0.000000
442 180 0 0 -nan 0.000000 2147483647.000000 0 -nan 0.000000
443 181 425391840 425391840 18502.250761 161608.190097 1405.796642 122949 4.732979 159609865.936226
444 182 0 0 -nan 0.000000 2147483647.000000 0 -nan 0.000000
445 183 0 0 -nan 0.000000 2147483647.000000 0 -nan 0.000000
446 184 0 0 -nan 0.000000 2147483647.000000 0 -nan 0.000000
447 185 0 0 -nan 0.000000 2147483647.000000 0 -nan 0.000000
448 186 0 0 -nan 0.000000 2147483647.000000 0 -nan 0.000000
449 187 0 0 -nan 0.000000 2147483647.000000 0 -nan 0.000000
450 188 0 0 -nan 0.000000 2147483647.000000 0 -nan 0.000000
451 189 641195712 641195712 18413.572407 149776.719503 1403.446161 182943 4.841973 209340912.332860
452 190 0 0 -nan 0.000000 2147483647.000000 0 -nan 0.000000
453 191 0 0 -nan 0.000000 2147483647.000000 0 -nan 0.000000
499 192 0 0 -nan 0.000000 2147483647.000000 0 -nan 0.000000
500 193 0 0 -nan 0.000000 2147483647.000000 0 -nan 0.000000
501 194 0 0 -nan 0.000000 2147483647.000000 0 -nan 0.000000
502 195 0 0 -nan 0.000000 2147483647.000000 0 -nan 0.000000
503 196 641195712 641195712 21198.681251 167358.460022 1752.712886 182943 4.769786 160448327.608209
504 197 0 0 -nan 0.000000 2147483647.000000 0 -nan 0.000000
505 198 0 0 -nan 0.000000 2147483647.000000 0 -nan 0.000000
506 199 0 0 -nan 0.000000 2147483647.000000 0 -nan 0.000000
507 200 641195712 641195712 22096.361650 159471.380738 1490.991427 182943 4.950258 163083034.400562
508 201 641210160 641210160 26765.306281 176422.273230 674.626029 184749 5.107075 170412720.001297
509 202 532954320 532954320 21537.483100 188989.430042 674.626029 153843 4.663384 61956437.340854
510 203 532939872 532939872 27740.779088 206245.613236 1403.446161 152037 4.996968 156767861.677980
511 204 532954320 532954320 22693.591944 188214.848333 1405.796642 153843 4.363247 253706860.659667
512 205 0 0 -nan 0.000000 2147483647.000000 0 -nan 0.000000
513 206 0 0 -nan 0.000000 2147483647.000000 0 -nan 0.000000
514 207 0 0 -nan 0.000000 2147483647.000000 0 -nan 0.000000
515 208 532939872 532939872 24156.733077 172213.757041 1488.474874 152037 4.873208 147324966.667777
516 209 641195712 641195712 19148.791751 167519.325778 1405.796642 182943 4.486649 62503671.466950
517 210 0 0 -nan 0.000000 2147483647.000000 0 -nan 0.000000
518 211 0 0 -nan 0.000000 2147483647.000000 0 -nan 0.000000
519 212 0 0 -nan 0.000000 2147483647.000000 0 -nan 0.000000
520 213 0 0 -nan 0.000000 2147483647.000000 0 -nan 0.000000
521 214 641195712 641195712 17799.280608 177464.968968 1405.796642 182943 4.515931 178447141.119079
522 215 0 0 -nan 0.000000 2147483647.000000 0 -nan 0.000000
523 216 0 0 -nan 0.000000 2147483647.000000 0 -nan 0.000000
524 217 532939872 532939872 20565.347029 175533.137077 1403.446161 152037 4.976039 224480918.457061
525 218 0 0 -nan 0.000000 2147483647.000000 0 -nan 0.000000
526 219 0 0 -nan 0.000000 2147483647.000000 0 -nan 0.000000
527 220 0 0 -nan 0.000000 2147483647.000000 0 -nan 0.000000
528 221 0 0 -nan 0.000000 2147483647.000000 0 -nan 0.000000
529 222 0 0 -nan 0.000000 2147483647.000000 0 -nan 0.000000
530 223 0 0 -nan 0.000000 2147483647.000000 0 -nan 0.000000
576 224 0 0 -nan 0.000000 2147483647.000000 0 -nan 0.000000
577 225 532838736 532838736 21676.720937 150752.082073 2315.083877 139395 4.905169 211380795.078118
578 226 0 0 -nan 0.000000 2147483647.000000 0 -nan 0.000000
579 227 0 0 -nan 0.000000 2147483647.000000 0 -nan 0.000000
580 228 0 0 -nan 0.000000 2147483647.000000 0 -nan 0.000000
581 229 0 0 -nan 0.000000 2147483647.000000 0 -nan 0.000000
582 230 532939872 532939872 17356.318661 157271.100965 1405.796642 152037 4.940666 134807742.353095
583 231 0 0 -nan 0.000000 2147483647.000000 0 -nan 0.000000
584 232 641195712 641195712 18023.080232 129351.520550 1405.796642 182943 5.100091 164556504.676062
585 233 425391840 425391840 17809.598821 142198.571245 2315.083877 122949 4.748416 169265602.171065
586 234 0 0 -nan 0.000000 2147483647.000000 0 -nan 0.000000
587 235 0 0 -nan 0.000000 2147483647.000000 0 -nan 0.000000
588 236 532954320 532954320 19088.637477 136790.186832 1405.796642 153843 4.828156 200363783.380064
589 237 641195712 641195712 17629.407958 145808.765912 1403.446161 182943 4.855206 223923244.559794
590 238 0 0 -nan 0.000000 2147483647.000000 0 -nan 0.000000
591 239 0 0 -nan 0.000000 2147483647.000000 0 -nan 0.000000
592 240 0 0 -nan 0.000000 2147483647.000000 0 -nan 0.000000
593 241 0 0 -nan 0.000000 2147483647.000000 0 -nan 0.000000
594 242 532939872 532939872 18890.030744 153985.502536 1403.446161 152037 4.803226 128214544.906200
595 243 0 0 -nan 0.000000 2147483647.000000 0 -nan 0.000000
596 244 0 0 -nan 0.000000 2147483647.000000 0 -nan 0.000000
597 245 0 0 -nan 0.000000 2147483647.000000 0 -nan 0.000000
598 246 0 0 -nan 0.000000 2147483647.000000 0 -nan 0.000000
599 247 641195712 641195712 17533.605574 135610.057000 1403.446161 182943 4.993315 207794075.367405
600 248 641195712 641195712 15844.627715 164293.631034 577.768481 182943 4.781238 190083476.862619
601 249 532954320 532954320 21083.940863 131028.727598 577.768481 153843 4.907880 162287256.563349
602 250 0 0 -nan 0.000000 2147483647.000000 0 -nan 0.000000
603 251 0 0 -nan 0.000000 2147483647.000000 0 -nan 0.000000
604 252 0 0 -nan 0.000000 2147483647.000000 0 -nan 0.000000
605 253 0 0 -nan 0.000000 2147483647.000000 0 -nan 0.000000
606 254 0 0 -nan 0.000000 2147483647.000000 0 -nan 0.000000
607 255 0 0 -nan 0.000000 2147483647.000000 0 -nan 0.000000
653 256 318445632 318445632 19709.366278 156314.482583 1403.446161 82431 4.859301 113125185.006520
654 257 0 0 -nan 0.000000 2147483647.000000 0 -nan 0.000000
655 258 532939872 532939872 22073.525297 144626.581924 1405.796642 152037 5.079744 154910723.173385
656 259 0 0 -nan 0.000000 2147483647.000000 0 -nan 0.000000
657 260 0 0 -nan 0.000000 2147483647.000000 0 -nan 0.000000
658 261 0 0 -nan 0.000000 2147483647.000000 0 -nan 0.000000
659 262 0 0 -nan 0.000000 2147483647.000000 0 -nan 0.000000
660 263 0 0 -nan 0.000000 2147483647.000000 0 -nan 0.000000
661 264 532939872 532939872 18413.519488 125886.646175 2241.317006 152037 4.700928 214207509.593903
662 265 0 0 -nan 0.000000 2147483647.000000 0 -nan 0.000000
663 266 0 0 -nan 0.000000 2147483647.000000 0 -nan 0.000000
664 267 0 0 -nan 0.000000 2147483647.000000 0 -nan 0.000000
665 268 425391840 425391840 20074.234216 130488.162073 1405.796642 122949 4.969117 199810183.940570
666 269 0 0 -nan 0.000000 2147483647.000000 0 -nan 0.000000
667 270 0 0 -nan 0.000000 2147483647.000000 0 -nan 0.000000
668 271 0 0 -nan 0.000000 2147483647.000000 0 -nan 0.000000
669 272 532939872 532939872 18090.391796 125166.686103 1403.446161 152037 4.730500 220027483.767319
670 273 0 0 -nan 0.000000 2147483647.000000 0 -nan 0.000000
671 274 0 0 -nan 0.000000 2147483647.000000 0 -nan 0.000000
672 275 0 0 -nan 0.000000 2147483647.000000 0 -nan 0.000000
673 276 0 0 -nan 0.000000 2147483647.000000 0 -nan 0.000000
674 277 641195712 641195712 15297.336585 135828.143447 1403.446161 182943 4.849472 227186743.045122
675 278 0 0 -nan 0.000000 2147483647.000000 0 -nan 0.000000
676 279 0 0 -nan 0.000000 2147483647.000000 0 -nan 0.000000
677 280 425391840 425391840 20152.690575 134528.855185 576.837158 122949 4.908873 120027225.047505
678 281 532939872 532939872 23148.006331 154261.202781 1488.474874 152037 4.975861 125052666.438523
679 282 0 0 -nan 0.000000 2147483647.000000 0 -nan 0.000000
680 283 641094576 641094576 21802.792370 137255.354041 2728.333501 170301 4.911486 233548229.103442
681 284 0 0 -nan 0.000000 2147483647.000000 0 -nan 0.000000
682 285 641195712 641195712 17534.723487 131453.141526 1650.246643 182943 4.977643 163151881.885387
683 286 0 0 -nan 0.000000 2147483647.000000 0 -nan 0.000000
684 287 0 0 -nan 0.000000 2147483647.000000 0 -nan 0.000000
730 288 0 0 -nan 0.000000 2147483647.000000 0 -nan 0.000000
731 289 0 0 -nan 0.000000 2147483647.000000 0 -nan 0.000000
732 290 0 0 -nan 0.000000 2147483647.000000 0 -nan 0.000000
733 291 0 0 -nan 0.000000 2147483647.000000 0 -nan 0.000000
734 292 0 0 -nan 0.000000 2147483647.000000 0 -nan 0.000000
735 293 641195712 641195712 17567.793667 153717.530954 2315.083877 182943 4.856338 244532259.895918
736 294 532939872 532939872 17873.248797 138941.788278 1752.712886 152037 5.142735 165149983.715322
737 295 641195712 641195712 18222.989453 133807.463742 1490.991427 182943 4.968794 154465642.817328
738 296 0 0 -nan 0.000000 2147483647.000000 0 -nan 0.000000
739 297 0 0 -nan 0.000000 2147483647.000000 0 -nan 0.000000
740 298 0 0 -nan 0.000000 2147483647.000000 0 -nan 0.000000
741 299 0 0 -nan 0.000000 2147483647.000000 0 -nan 0.000000
742 300 641210160 641210160 18897.786213 163547.683248 2315.083877 184749 4.976465 232105490.375155
743 301 0 0 -nan 0.000000 2147483647.000000 0 -nan 0.000000
744 302 532939872 532939872 20735.129374 131809.546905 2315.083877 152037 4.992962 123956416.060382
745 303 0 0 -nan 0.000000 2147483647.000000 0 -nan 0.000000
746 304 0 0 -nan 0.000000 2147483647.000000 0 -nan 0.000000
747 305 0 0 -nan 0.000000 2147483647.000000 0 -nan 0.000000
748 306 0 0 -nan 0.000000 2147483647.000000 0 -nan 0.000000
749 307 0 0 -nan 0.000000 2147483647.000000 0 -nan 0.000000
750 308 532939872 532939872 18796.786493 137541.125880 1403.446161 152037 5.046647 211015299.478607
751 309 0 0 -nan 0.000000 2147483647.000000 0 -nan 0.000000
752 310 0 0 -nan 0.000000 2147483647.000000 0 -nan 0.000000
753 311 0 0 -nan 0.000000 2147483647.000000 0 -nan 0.000000
754 312 0 0 -nan 0.000000 2147483647.000000 0 -nan 0.000000
755 313 641195712 641195712 17250.882212 163581.991359 1650.246643 182943 4.834850 207142013.603803
756 314 0 0 -nan 0.000000 2147483647.000000 0 -nan 0.000000
757 315 641195712 641195712 17820.851820 137814.465233 2315.083877 182943 4.915870 198115833.313534
758 316 532939872 532939872 17076.164855 115099.271628 2315.083877 152037 4.860968 150847488.580040
759 317 0 0 -nan 0.000000 2147483647.000000 0 -nan 0.000000
760 318 0 0 -nan 0.000000 2147483647.000000 0 -nan 0.000000
761 319 0 0 -nan 0.000000 2147483647.000000 0 -nan 0.000000
807 320 641195712 641195712 15773.560970 158081.022445 2315.083877 182943 4.472978 62449850.465401
808 321 0 0 -nan 0.000000 2147483647.000000 0 -nan 0.000000
809 322 0 0 -nan 0.000000 2147483647.000000 0 -nan 0.000000
810 323 0 0 -nan 0.000000 2147483647.000000 0 -nan 0.000000
811 324 0 0 -nan 0.000000 2147483647.000000 0 -nan 0.000000
812 325 0 0 -nan 0.000000 2147483647.000000 0 -nan 0.000000
813 326 0 0 -nan 0.000000 2147483647.000000 0 -nan 0.000000
814 327 425391840 425391840 18068.012940 162537.885747 1403.446161 122949 4.264362 157428092.973886
815 328 425290704 425290704 20661.388577 156269.422039 2315.083877 110307 4.894368 154011928.332865
816 329 0 0 -nan 0.000000 2147483647.000000 0 -nan 0.000000
817 330 532939872 532939872 17219.362858 121800.735427 1488.474874 152037 4.826891 202902712.571225
818 331 0 0 -nan 0.000000 2147483647.000000 0 -nan 0.000000
819 332 0 0 -nan 0.000000 2147483647.000000 0 -nan 0.000000
820 333 532939872 532939872 17084.994742 165839.085181 2315.083877 152037 4.431974 168459635.297461
821 334 641210160 641210160 19959.489069 170331.837130 2315.083877 184749 5.020417 219524113.474703
822 335 532939872 532939872 18890.809331 140926.381323 1650.246643 152037 4.861396 161449258.308202
823 336 532939872 532939872 19317.533554 146758.325171 1403.446161 152037 4.884298 187644118.748375
824 337 641195712 641195712 17791.585789 182238.112635 1403.446161 182943 4.332841 191559408.308270
825 338 0 0 -nan 0.000000 2147483647.000000 0 -nan 0.000000
826 339 0 0 -nan 0.000000 2147483647.000000 0 -nan 0.000000
827 340 0 0 -nan 0.000000 2147483647.000000 0 -nan 0.000000
828 341 0 0 -nan 0.000000 2147483647.000000 0 -nan 0.000000
829 342 0 0 -nan 0.000000 2147483647.000000 0 -nan 0.000000
830 343 532939872 532939872 17884.096746 150902.627115 2315.083877 152037 4.911410 150450480.094413
831 344 0 0 -nan 0.000000 2147483647.000000 0 -nan 0.000000
832 345 532939872 532939872 19788.436351 159719.811164 1403.446161 152037 5.080836 135050208.055967
833 346 0 0 -nan 0.000000 2147483647.000000 0 -nan 0.000000
834 347 0 0 -nan 0.000000 2147483647.000000 0 -nan 0.000000
835 348 0 0 -nan 0.000000 2147483647.000000 0 -nan 0.000000
836 349 0 0 -nan 0.000000 2147483647.000000 0 -nan 0.000000
837 350 0 0 -nan 0.000000 2147483647.000000 0 -nan 0.000000
838 351 0 0 -nan 0.000000 2147483647.000000 0 -nan 0.000000
884 352 532838736 532838736 26026.845342 161955.709386 2315.083877 139395 5.145177 196884209.026757
885 353 0 0 -nan 0.000000 2147483647.000000 0 -nan 0.000000
886 354 0 0 -nan 0.000000 2147483647.000000 0 -nan 0.000000
887 355 532939872 532939872 20929.394885 176558.428375 1650.246643 152037 5.016904 134987794.707693
888 356 641195712 641195712 26793.356368 162802.616215 1403.446161 182943 5.104289 240123109.507433
889 357 425391840 425391840 27183.756844 171606.372059 2181.497926 122949 4.837729 162831806.745690
890 358 532939872 532939872 26496.783239 174269.241066 1403.446161 152037 5.127041 150639122.971783
891 359 641195712 641195712 22762.514632 152160.756879 1403.446161 182943 5.220429 222144344.226478
892 360 532954320 532954320 22908.131353 140252.802905 1403.446161 153843 5.008561 142723490.648899
893 361 0 0 -nan 0.000000 2147483647.000000 0 -nan 0.000000
894 362 532939872 532939872 18661.787445 153758.410325 1403.446161 152037 4.327322 164117437.558594
895 363 0 0 -nan 0.000000 2147483647.000000 0 -nan 0.000000
896 364 0 0 -nan 0.000000 2147483647.000000 0 -nan 0.000000
897 365 532939872 532939872 20878.733701 171738.096756 2315.083877 152037 5.233108 177967157.670610
898 366 0 0 -nan 0.000000 2147483647.000000 0 -nan 0.000000
899 367 0 0 -nan 0.000000 2147483647.000000 0 -nan 0.000000
900 368 532939872 532939872 20559.375341 153500.913473 1650.246643 152037 4.996271 125901424.239140
901 369 0 0 -nan 0.000000 2147483647.000000 0 -nan 0.000000
902 370 0 0 -nan 0.000000 2147483647.000000 0 -nan 0.000000
903 371 0 0 -nan 0.000000 2147483647.000000 0 -nan 0.000000
904 372 0 0 -nan 0.000000 2147483647.000000 0 -nan 0.000000
905 373 641195712 641195712 19778.290442 130428.185618 577.768481 182943 4.590419 230212689.019217
906 374 0 0 -nan 0.000000 2147483647.000000 0 -nan 0.000000
907 375 532939872 532939872 22663.434678 172184.899651 577.768481 152037 4.982945 162934835.542471
908 376 318445632 318445632 21961.222396 143909.690085 1488.474874 82431 4.990319 144186369.744935
909 377 0 0 -nan 0.000000 2147483647.000000 0 -nan 0.000000
910 378 641195712 641195712 22614.751907 163030.718191 1490.991427 182943 5.188512 238435450.388371
911 379 0 0 -nan 0.000000 2147483647.000000 0 -nan 0.000000
912 380 0 0 -nan 0.000000 2147483647.000000 0 -nan 0.000000
913 381 0 0 -nan 0.000000 2147483647.000000 0 -nan 0.000000
914 382 0 0 -nan 0.000000 2147483647.000000 0 -nan 0.000000
915 383 0 0 -nan 0.000000 2147483647.000000 0 -nan 0.000000
961 384 532939872 532939872 20588.141429 157407.745959 2315.083877 152037 4.921651 182007541.201055
962 385 425391840 425391840 20431.050942 148083.261327 2315.083877 122949 4.235537 57356920.801398
963 386 0 0 -nan 0.000000 2147483647.000000 0 -nan 0.000000
964 387 532939872 532939872 21699.097511 156475.304973 2315.083877 152037 4.943369 166853692.826977
965 388 0 0 -nan 0.000000 2147483647.000000 0 -nan 0.000000
966 389 0 0 -nan 0.000000 2147483647.000000 0 -nan 0.000000
967 390 641195712 641195712 15699.487239 154879.500898 2315.083877 182943 4.832784 173400652.955503
968 391 0 0 -nan 0.000000 2147483647.000000 0 -nan 0.000000
969 392 641195712 641195712 18056.634083 163706.909887 1650.246643 182943 4.981819 180645283.581498
970 393 641094576 641094576 21989.048428 173273.634503 2315.083877 170301 5.031896 143963930.235608
971 394 0 0 -nan 0.000000 2147483647.000000 0 -nan 0.000000
972 395 0 0 -nan 0.000000 2147483647.000000 0 -nan 0.000000
973 396 0 0 -nan 0.000000 2147483647.000000 0 -nan 0.000000
974 397 0 0 -nan 0.000000 2147483647.000000 0 -nan 0.000000
975 398 0 0 -nan 0.000000 2147483647.000000 0 -nan 0.000000
976 399 532939872 532939872 16676.395834 162373.328443 1650.246643 152037 4.233298 239863823.261468
977 400 0 0 -nan 0.000000 2147483647.000000 0 -nan 0.000000
978 401 0 0 -nan 0.000000 2147483647.000000 0 -nan 0.000000
979 402 0 0 -nan 0.000000 2147483647.000000 0 -nan 0.000000
980 403 0 0 -nan 0.000000 2147483647.000000 0 -nan 0.000000
981 404 0 0 -nan 0.000000 2147483647.000000 0 -nan 0.000000
982 405 0 0 -nan 0.000000 2147483647.000000 0 -nan 0.000000
983 406 0 0 -nan 0.000000 2147483647.000000 0 -nan 0.000000
984 407 0 0 -nan 0.000000 2147483647.000000 0 -nan 0.000000
985 408 425391840 425391840 18804.325363 169931.231876 1403.446161 122949 4.987727 178500553.121544
986 409 425391840 425391840 23382.917698 178665.116667 2315.083877 122949 5.134047 174747873.356907
987 410 0 0 -nan 0.000000 2147483647.000000 0 -nan 0.000000
988 411 0 0 -nan 0.000000 2147483647.000000 0 -nan 0.000000
989 412 0 0 -nan 0.000000 2147483647.000000 0 -nan 0.000000
990 413 0 0 -nan 0.000000 2147483647.000000 0 -nan 0.000000
991 414 0 0 -nan 0.000000 2147483647.000000 0 -nan 0.000000
992 415 0 0 -nan 0.000000 2147483647.000000 0 -nan 0.000000
1038 416 0 0 -nan 0.000000 2147483647.000000 0 -nan 0.000000
1039 417 0 0 -nan 0.000000 2147483647.000000 0 -nan 0.000000
1040 418 532954320 532954320 16045.337983 129719.947591 1490.991427 153843 4.327470 228391843.858443
1041 419 0 0 -nan 0.000000 2147483647.000000 0 -nan 0.000000
1042 420 0 0 -nan 0.000000 2147483647.000000 0 -nan 0.000000
1043 421 532939872 532939872 19645.518339 132358.857526 2315.083877 152037 5.015378 161705315.284740
1044 422 0 0 -nan 0.000000 2147483647.000000 0 -nan 0.000000
1045 423 532954320 532954320 19688.279440 128622.766155 1405.796642 153843 4.938567 171235305.862930
1046 424 0 0 -nan 0.000000 2147483647.000000 0 -nan 0.000000
1047 425 0 0 -nan 0.000000 2147483647.000000 0 -nan 0.000000
1048 426 0 0 -nan 0.000000 2147483647.000000 0 -nan 0.000000
1049 427 0 0 -nan 0.000000 2147483647.000000 0 -nan 0.000000
1050 428 0 0 -nan 0.000000 2147483647.000000 0 -nan 0.000000
1051 429 425406288 425406288 17669.056957 124419.018309 1405.796642 124755 4.756547 189830951.647789
1052 430 0 0 -nan 0.000000 2147483647.000000 0 -nan 0.000000
1053 431 425290704 425290704 16398.931398 147481.644388 576.837158 110307 4.329879 217427321.701119
1054 432 0 0 -nan 0.000000 2147483647.000000 0 -nan 0.000000
1055 433 532838736 532838736 15869.656808 136809.014194 1403.446161 139395 4.913993 215759780.778117
1056 434 532838736 532838736 18970.670738 134156.848143 1650.246643 139395 5.006277 181305080.571456
1057 435 0 0 -nan 0.000000 2147483647.000000 0 -nan 0.000000
1058 436 0 0 -nan 0.000000 2147483647.000000 0 -nan 0.000000
1059 437 0 0 -nan 0.000000 2147483647.000000 0 -nan 0.000000
1060 438 425290704 425290704 16963.272529 140534.437877 2315.083877 110307 5.094237 214048362.649728
1061 439 0 0 -nan 0.000000 2147483647.000000 0 -nan 0.000000
1062 440 0 0 -nan 0.000000 2147483647.000000 0 -nan 0.000000
1063 441 532939872 532939872 17677.439280 133579.478663 1752.712886 152037 4.956997 142681516.817865
1064 442 0 0 -nan 0.000000 2147483647.000000 0 -nan 0.000000
1065 443 0 0 -nan 0.000000 2147483647.000000 0 -nan 0.000000
1066 444 0 0 -nan 0.000000 2147483647.000000 0 -nan 0.000000
1067 445 0 0 -nan 0.000000 2147483647.000000 0 -nan 0.000000
1068 446 0 0 -nan 0.000000 2147483647.000000 0 -nan 0.000000
1069 447 0 0 -nan 0.000000 2147483647.000000 0 -nan 0.000000
1115 448 0 0 -nan 0.000000 2147483647.000000 0 -nan 0.000000
1116 449 0 0 -nan 0.000000 2147483647.000000 0 -nan 0.000000
1117 450 0 0 -nan 0.000000 2147483647.000000 0 -nan 0.000000
1118 451 0 0 -nan 0.000000 2147483647.000000 0 -nan 0.000000
1119 452 641210160 641210160 16296.148170 122114.804507 1405.796642 184749 4.922332 206708144.393091
1120 453 0 0 -nan 0.000000 2147483647.000000 0 -nan 0.000000
1121 454 0 0 -nan 0.000000 2147483647.000000 0 -nan 0.000000
1122 455 532939872 532939872 20733.624559 145670.801722 1403.446161 152037 5.110210 145064323.557150
1123 456 425391840 425391840 18059.789763 148385.544480 1650.246643 122949 4.949264 156893762.271003
1124 457 0 0 -nan 0.000000 2147483647.000000 0 -nan 0.000000
1125 458 0 0 -nan 0.000000 2147483647.000000 0 -nan 0.000000
1126 459 425391840 425391840 20586.623022 131960.682419 1752.712886 122949 4.926189 161849743.764435
1127 460 0 0 -nan 0.000000 2147483647.000000 0 -nan 0.000000
1128 461 0 0 -nan 0.000000 2147483647.000000 0 -nan 0.000000
1129 462 318561216 318561216 19392.975182 132388.901304 1405.796642 96879 4.776422 217340791.107738
1130 463 0 0 -nan 0.000000 2147483647.000000 0 -nan 0.000000
1131 464 641195712 641195712 17180.637630 141110.123318 2319.019588 182943 4.896121 219712103.643474
1132 465 425391840 425391840 16627.705336 111224.503925 1405.796642 122949 4.961415 138050301.760303
1133 466 0 0 -nan 0.000000 2147483647.000000 0 -nan 0.000000
1134 467 0 0 -nan 0.000000 2147483647.000000 0 -nan 0.000000
1135 468 532954320 532954320 17309.103842 116709.342366 1403.446161 153843 4.937514 174954075.405092
1136 469 0 0 -nan 0.000000 2147483647.000000 0 -nan 0.000000
1137 470 0 0 -nan 0.000000 2147483647.000000 0 -nan 0.000000
1138 471 0 0 -nan 0.000000 2147483647.000000 0 -nan 0.000000
1139 472 532939872 532939872 15595.796950 118366.566182 928.866422 152037 4.212784 173638522.350319
1140 473 0 0 -nan 0.000000 2147483647.000000 0 -nan 0.000000
1141 474 0 0 -nan 0.000000 2147483647.000000 0 -nan 0.000000
1142 475 532939872 532939872 16617.467462 146558.519676 576.837158 152037 4.223419 159032402.073336
1143 476 0 0 -nan 0.000000 2147483647.000000 0 -nan 0.000000
1144 477 0 0 -nan 0.000000 2147483647.000000 0 -nan 0.000000
1145 478 0 0 -nan 0.000000 2147483647.000000 0 -nan 0.000000
1146 479 0 0 -nan 0.000000 2147483647.000000 0 -nan 0.000000
1192 480 0 0 -nan 0.000000 2147483647.000000 0 -nan 0.000000
1193 481 0 0 -nan 0.000000 2147483647.000000 0 -nan 0.000000
1194 482 0 0 -nan 0.000000 2147483647.000000 0 -nan 0.000000
1195 483 0 0 -nan 0.000000 2147483647.000000 0 -nan 0.000000
1196 484 0 0 -nan 0.000000 2147483647.000000 0 -nan 0.000000
1197 485 532939872 532939872 14759.167399 132453.570150 576.837158 152037 4.271907 228817554.838765
1198 486 0 0 -nan 0.000000 2147483647.000000 0 -nan 0.000000
1199 487 532838736 532838736 16934.971996 142821.771995 2315.083877 139395 4.936095 119242035.576734
1200 488 0 0 -nan 0.000000 2147483647.000000 0 -nan 0.000000
1201 489 532954320 532954320 17270.771674 122723.413261 1405.796642 153843 4.813609 168223043.663124
1202 490 0 0 -nan 0.000000 2147483647.000000 0 -nan 0.000000
1203 491 0 0 -nan 0.000000 2147483647.000000 0 -nan 0.000000
1204 492 641195712 641195712 14498.376372 128564.990493 1403.446161 182943 4.503479 181988124.792465
1205 493 0 0 -nan 0.000000 2147483647.000000 0 -nan 0.000000
1206 494 0 0 -nan 0.000000 2147483647.000000 0 -nan 0.000000
1207 495 0 0 -nan 0.000000 2147483647.000000 0 -nan 0.000000
1208 496 0 0 -nan 0.000000 2147483647.000000 0 -nan 0.000000
1209 497 641195712 641195712 15822.322494 127029.439246 1488.474874 182943 4.838518 173220036.025514
1210 498 0 0 -nan 0.000000 2147483647.000000 0 -nan 0.000000
1211 499 0 0 -nan 0.000000 2147483647.000000 0 -nan 0.000000
1212 500 532939872 532939872 16476.496810 135091.995282 1405.796642 152037 4.212797 170807547.072071
1213 501 0 0 -nan 0.000000 2147483647.000000 0 -nan 0.000000
1214 502 641094576 641094576 17489.870698 124619.689011 1488.474874 170301 4.980112 199025279.449954
1215 503 0 0 -nan 0.000000 2147483647.000000 0 -nan 0.000000
1216 504 0 0 -nan 0.000000 2147483647.000000 0 -nan 0.000000
1217 505 0 0 -nan 0.000000 2147483647.000000 0 -nan 0.000000
1218 506 425391840 425391840 15571.714967 142510.475613 1490.991427 122949 4.546194 126916274.143435
1219 507 425391840 425391840 15675.386295 136258.162475 1403.446161 122949 4.038130 150847862.736194
1220 508 0 0 -nan 0.000000 2147483647.000000 0 -nan 0.000000
1221 509 0 0 -nan 0.000000 2147483647.000000 0 -nan 0.000000
1222 510 0 0 -nan 0.000000 2147483647.000000 0 -nan 0.000000
1223 511 0 0 -nan 0.000000 2147483647.000000 0 -nan 0.000000
1269 512 641195712 641195712 18744.071256 112547.505037 2315.083877 182943 4.781965 204504260.032984
1270 513 641195712 641195712 20805.703301 166978.632738 1403.446161 182943 5.003132 214847993.810794
1271 514 0 0 -nan 0.000000 2147483647.000000 0 -nan 0.000000
1272 515 641195712 641195712 19262.329331 156639.973033 1403.446161 182943 5.067300 161798741.996337
1273 516 0 0 -nan 0.000000 2147483647.000000 0 -nan 0.000000
1274 517 425391840 425391840 19492.729307 150926.467900 2319.019588 122949 4.819096 168833337.643266
1275 518 0 0 -nan 0.000000 2147483647.000000 0 -nan 0.000000
1276 519 0 0 -nan 0.000000 2147483647.000000 0 -nan 0.000000
1277 520 0 0 -nan 0.000000 2147483647.000000 0 -nan 0.000000
1278 521 0 0 -nan 0.000000 2147483647.000000 0 -nan 0.000000
1279 522 0 0 -nan 0.000000 2147483647.000000 0 -nan 0.000000
1280 523 0 0 -nan 0.000000 2147483647.000000 0 -nan 0.000000
1281 524 641195712 641195712 15057.409308 131158.929252 1650.246643 182943 5.015863 255933359.372889
1282 525 0 0 -nan 0.000000 2147483647.000000 0 -nan 0.000000
1283 526 0 0 -nan 0.000000 2147483647.000000 0 -nan 0.000000
1284 527 0 0 -nan 0.000000 2147483647.000000 0 -nan 0.000000
1285 528 0 0 -nan 0.000000 2147483647.000000 0 -nan 0.000000
1286 529 0 0 -nan 0.000000 2147483647.000000 0 -nan 0.000000
1287 530 0 0 -nan 0.000000 2147483647.000000 0 -nan 0.000000
1288 531 532939872 532939872 15809.919302 155619.690575 1403.446161 152037 4.733302 206828642.168436
1289 532 0 0 -nan 0.000000 2147483647.000000 0 -nan 0.000000
1290 533 0 0 -nan 0.000000 2147483647.000000 0 -nan 0.000000
1291 534 0 0 -nan 0.000000 2147483647.000000 0 -nan 0.000000
1292 535 0 0 -nan 0.000000 2147483647.000000 0 -nan 0.000000
1293 536 0 0 -nan 0.000000 2147483647.000000 0 -nan 0.000000
1294 537 0 0 -nan 0.000000 2147483647.000000 0 -nan 0.000000
1295 538 0 0 -nan 0.000000 2147483647.000000 0 -nan 0.000000
1296 539 0 0 -nan 0.000000 2147483647.000000 0 -nan 0.000000
1297 540 0 0 -nan 0.000000 2147483647.000000 0 -nan 0.000000
1298 541 0 0 -nan 0.000000 2147483647.000000 0 -nan 0.000000
1299 542 0 0 -nan 0.000000 2147483647.000000 0 -nan 0.000000
1300 543 0 0 -nan 0.000000 2147483647.000000 0 -nan 0.000000
1346 544 425290704 425290704 22461.645363 139144.426974 1650.246643 110307 5.156744 180553369.340033
1347 545 0 0 -nan 0.000000 2147483647.000000 0 -nan 0.000000
1348 546 0 0 -nan 0.000000 2147483647.000000 0 -nan 0.000000
1349 547 0 0 -nan 0.000000 2147483647.000000 0 -nan 0.000000
1350 548 532838736 532838736 24467.688224 176416.786476 1403.446161 139395 5.207045 191283966.714647
1351 549 0 0 -nan 0.000000 2147483647.000000 0 -nan 0.000000
1352 550 425391840 425391840 25183.764962 180358.381893 2315.083877 122949 4.935315 122709149.724425
1353 551 0 0 -nan 0.000000 2147483647.000000 0 -nan 0.000000
1354 552 0 0 -nan 0.000000 2147483647.000000 0 -nan 0.000000
1355 553 0 0 -nan 0.000000 2147483647.000000 0 -nan 0.000000
1356 554 532838736 532838736 21133.548662 164912.133777 1490.991427 139395 5.030891 184219800.352853
1357 555 532939872 532939872 20783.427746 151359.735221 2178.366933 152037 4.952886 124051336.796037
1358 556 0 0 -nan 0.000000 2147483647.000000 0 -nan 0.000000
1359 557 532939872 532939872 22206.869905 177733.880171 2315.083877 152037 4.920875 190646421.929277
1360 558 0 0 -nan 0.000000 2147483647.000000 0 -nan 0.000000
1361 559 425406288 425406288 20665.052714 151314.092395 2728.333501 124755 5.160282 134948883.176541
1362 560 532954320 532954320 24562.490021 171993.093547 1403.446161 153843 5.021808 229967595.880914
1363 561 425290704 425290704 25313.962400 183507.350366 1490.991427 110307 4.625300 126210827.701577
1364 562 425290704 425290704 27331.781508 159936.588043 1403.446161 110307 5.246222 182667969.692368
1365 563 0 0 -nan 0.000000 2147483647.000000 0 -nan 0.000000
1366 564 532954320 532954320 21725.762161 182762.584047 1490.991427 153843 5.004316 174105164.697432
1367 565 425406288 425406288 24021.641262 183316.245371 1488.474874 124755 4.954960 137903348.004326
1368 566 0 0 -nan 0.000000 2147483647.000000 0 -nan 0.000000
1369 567 0 0 -nan 0.000000 2147483647.000000 0 -nan 0.000000
1370 568 425406288 425406288 22342.818388 183601.367898 1405.796642 124755 4.966807 103317532.123782
1371 569 425391840 425391840 21868.863202 148360.761608 1403.446161 122949 4.896429 131804611.026642
1372 570 0 0 -nan 0.000000 2147483647.000000 0 -nan 0.000000
1373 571 0 0 -nan 0.000000 2147483647.000000 0 -nan 0.000000
1374 572 532939872 532939872 24026.496789 176160.262968 1488.474874 152037 5.018147 145139993.473393
1375 573 0 0 -nan 0.000000 2147483647.000000 0 -nan 0.000000
1376 574 0 0 -nan 0.000000 2147483647.000000 0 -nan 0.000000
1377 575 0 0 -nan 0.000000 2147483647.000000 0 -nan 0.000000
1423 576 641195712 641195712 20970.725717 170707.245195 1752.712886 182943 4.969061 162245941.692643
1424 577 0 0 -nan 0.000000 2147483647.000000 0 -nan 0.000000
1425 578 0 0 -nan 0.000000 2147483647.000000 0 -nan 0.000000
1426 579 0 0 -nan 0.000000 2147483647.000000 0 -nan 0.000000
1427 580 641210160 641210160 23681.084258 179556.999741 2315.083877 184749 4.979036 214092559.828467
1428 581 532838736 532838736 27176.208930 179187.266667 1650.246643 139395 5.072291 236050604.183303
1429 582 425406288 425406288 27518.984029 199026.416291 1650.246643 124755 4.823125 117930029.162494
1430 583 0 0 -nan 0.000000 2147483647.000000 0 -nan 0.000000
1431 584 0 0 -nan 0.000000 2147483647.000000 0 -nan 0.000000
1432 585 425391840 425391840 22446.807252 183781.460618 1403.446161 122949 4.865042 115697941.638914
1433 586 0 0 -nan 0.000000 2147483647.000000 0 -nan 0.000000
1434 587 0 0 -nan 0.000000 2147483647.000000 0 -nan 0.000000
1435 588 0 0 -nan 0.000000 2147483647.000000 0 -nan 0.000000
1436 589 532838736 532838736 23185.949755 190771.810784 1650.246643 139395 4.976871 151019420.083012
1437 590 0 0 -nan 0.000000 2147483647.000000 0 -nan 0.000000
1438 591 0 0 -nan 0.000000 2147483647.000000 0 -nan 0.000000
1439 592 425391840 425391840 18875.379740 174402.084400 1403.446161 122949 4.072087 107636776.731250
1440 593 0 0 -nan 0.000000 2147483647.000000 0 -nan 0.000000
1441 594 0 0 -nan 0.000000 2147483647.000000 0 -nan 0.000000
1442 595 0 0 -nan 0.000000 2147483647.000000 0 -nan 0.000000
1443 596 532939872 532939872 25516.754887 162919.260648 1488.474874 152037 4.849583 154780922.830018
1444 597 532939872 532939872 24535.947715 192460.742817 2315.083877 152037 5.033538 205665812.829140
1445 598 425391840 425391840 25184.744413 193602.214656 1752.712886 122949 4.911158 152473296.866298
1446 599 0 0 -nan 0.000000 2147483647.000000 0 -nan 0.000000
1447 600 641195712 641195712 21176.673730 196641.575107 674.626029 182943 4.375729 223943017.574009
1448 601 532939872 532939872 20452.760497 177842.803502 831.088221 152037 4.216007 250726581.418753
1449 602 641195712 641195712 23050.761396 174401.582239 674.626029 182943 5.090629 229786137.257613
1450 603 0 0 -nan 0.000000 2147483647.000000 0 -nan 0.000000
1451 604 425391840 425391840 20721.642277 181560.407103 1405.796642 122949 4.227680 97033645.016549
1452 605 641195712 641195712 22685.932518 175331.366701 1650.246643 182943 4.976741 130182136.952815
1453 606 0 0 -nan 0.000000 2147483647.000000 0 -nan 0.000000
1454 607 0 0 -nan 0.000000 2147483647.000000 0 -nan 0.000000
1500 608 0 0 -nan 0.000000 2147483647.000000 0 -nan 0.000000
1501 609 425391840 425391840 21933.723993 149022.131723 2315.083877 122949 4.577955 157453851.550738
1502 610 0 0 -nan 0.000000 2147483647.000000 0 -nan 0.000000
1503 611 425391840 425391840 18545.872286 148280.698367 2315.083877 122949 4.847490 118369237.576253
1504 612 0 0 -nan 0.000000 2147483647.000000 0 -nan 0.000000
1505 613 0 0 -nan 0.000000 2147483647.000000 0 -nan 0.000000
1506 614 532954320 532954320 15618.494256 178968.014969 1403.446161 153843 4.363507 216104502.493061
1507 615 0 0 -nan 0.000000 2147483647.000000 0 -nan 0.000000
1508 616 0 0 -nan 0.000000 2147483647.000000 0 -nan 0.000000
1509 617 425290704 425290704 20478.811856 149008.202793 3141.692880 110307 5.071401 158061932.548911
1510 618 0 0 -nan 0.000000 2147483647.000000 0 -nan 0.000000
1511 619 641210160 641210160 18226.131738 162240.539290 1405.796642 184749 4.827041 177883817.541797
1512 620 0 0 -nan 0.000000 2147483647.000000 0 -nan 0.000000
1513 621 0 0 -nan 0.000000 2147483647.000000 0 -nan 0.000000
1514 622 0 0 -nan 0.000000 2147483647.000000 0 -nan 0.000000
1515 623 425391840 425391840 17196.549928 157108.642758 1490.991427 122949 4.871646 179486338.190101
1516 624 0 0 -nan 0.000000 2147483647.000000 0 -nan 0.000000
1517 625 0 0 -nan 0.000000 2147483647.000000 0 -nan 0.000000
1518 626 0 0 -nan 0.000000 2147483647.000000 0 -nan 0.000000
1519 627 532939872 532939872 18074.473356 148045.464080 1405.796642 152037 4.909173 202434981.416734
1520 628 0 0 -nan 0.000000 2147483647.000000 0 -nan 0.000000
1521 629 0 0 -nan 0.000000 2147483647.000000 0 -nan 0.000000
1522 630 0 0 -nan 0.000000 2147483647.000000 0 -nan 0.000000
1523 631 0 0 -nan 0.000000 2147483647.000000 0 -nan 0.000000
1524 632 0 0 -nan 0.000000 2147483647.000000 0 -nan 0.000000
1525 633 532838736 532838736 17912.885456 146928.075259 1405.796642 139395 4.278690 224065655.502545
1526 634 641195712 641195712 18287.610550 132648.628206 1403.446161 182943 4.838261 160453896.823912
1527 635 318546768 318546768 19038.910015 159535.513190 2315.083877 95073 4.349668 145534205.021320
1528 636 0 0 -nan 0.000000 2147483647.000000 0 -nan 0.000000
1529 637 0 0 -nan 0.000000 2147483647.000000 0 -nan 0.000000
1530 638 0 0 -nan 0.000000 2147483647.000000 0 -nan 0.000000
1531 639 0 0 -nan 0.000000 2147483647.000000 0 -nan 0.000000
1577 640 425406288 425406288 15998.559173 129011.064104 1490.991427 124755 4.115009 114742691.432107
1578 641 532939872 532939872 22003.266433 153399.965658 2315.083877 152037 4.920934 147560087.049976
1579 642 0 0 -nan 0.000000 2147483647.000000 0 -nan 0.000000
1580 643 0 0 -nan 0.000000 2147483647.000000 0 -nan 0.000000
1581 644 0 0 -nan 0.000000 2147483647.000000 0 -nan 0.000000
1582 645 425391840 425391840 23369.866964 144393.587146 1752.712886 122949 4.771157 179241230.257432
1583 646 641195712 641195712 18503.144699 143060.006779 1403.446161 182943 4.864668 156745999.181354
1584 647 0 0 -nan 0.000000 2147483647.000000 0 -nan 0.000000
1585 648 0 0 -nan 0.000000 2147483647.000000 0 -nan 0.000000
1586 649 0 0 -nan 0.000000 2147483647.000000 0 -nan 0.000000
1587 650 641195712 641195712 18717.109707 173483.072402 1403.446161 182943 5.028206 176105455.144143
1588 651 532954320 532954320 18454.000230 140790.069349 2315.083877 153843 4.786718 177437998.089477
1589 652 0 0 -nan 0.000000 2147483647.000000 0 -nan 0.000000
1590 653 0 0 -nan 0.000000 2147483647.000000 0 -nan 0.000000
1591 654 0 0 -nan 0.000000 2147483647.000000 0 -nan 0.000000
1592 655 532838736 532838736 17889.134846 160688.712689 1403.446161 139395 4.382166 133801836.188334
1593 656 0 0 -nan 0.000000 2147483647.000000 0 -nan 0.000000
1594 657 0 0 -nan 0.000000 2147483647.000000 0 -nan 0.000000
1595 658 0 0 -nan 0.000000 2147483647.000000 0 -nan 0.000000
1596 659 0 0 -nan 0.000000 2147483647.000000 0 -nan 0.000000
1597 660 0 0 -nan 0.000000 2147483647.000000 0 -nan 0.000000
1598 661 0 0 -nan 0.000000 2147483647.000000 0 -nan 0.000000
1599 662 425391840 425391840 21560.866463 134993.351562 1403.446161 122949 4.698769 168608939.039661
1600 663 425391840 425391840 20141.024646 145428.823316 1405.796642 122949 5.034681 148620012.838970
1601 664 0 0 -nan 0.000000 2147483647.000000 0 -nan 0.000000
1602 665 425290704 425290704 15329.787465 148308.361454 2315.083877 110307 4.766488 165998476.215032
1603 666 0 0 -nan 0.000000 2147483647.000000 0 -nan 0.000000
1604 667 0 0 -nan 0.000000 2147483647.000000 0 -nan 0.000000
1605 668 0 0 -nan 0.000000 2147483647.000000 0 -nan 0.000000
1606 669 641195712 641195712 17147.464085 143736.214518 1490.991427 182943 4.891890 235851574.476790
1607 670 0 0 -nan 0.000000 2147483647.000000 0 -nan 0.000000
1608 671 0 0 -nan 0.000000 2147483647.000000 0 -nan 0.000000
1654 672 0 0 -nan 0.000000 2147483647.000000 0 -nan 0.000000
1655 673 0 0 -nan 0.000000 2147483647.000000 0 -nan 0.000000
1656 674 425391840 425391840 16868.427221 121286.270839 2315.083877 122949 4.917218 160771716.736217
1657 675 641210160 641210160 18230.905909 156126.382947 1490.991427 184749 4.836941 118007399.550107
1658 676 532939872 532939872 22148.267053 165819.256867 1405.796642 152037 4.936141 182323100.603487
1659 677 532838736 532838736 23847.445380 164744.706685 2315.083877 139395 5.125370 223625347.603895
1660 678 0 0 -nan 0.000000 2147483647.000000 0 -nan 0.000000
1661 679 0 0 -nan 0.000000 2147483647.000000 0 -nan 0.000000
1662 680 0 0 -nan 0.000000 2147483647.000000 0 -nan 0.000000
1663 681 532939872 532939872 18513.917104 165799.947934 2315.083877 152037 4.883962 197854748.530057
1664 682 0 0 -nan 0.000000 2147483647.000000 0 -nan 0.000000
1665 683 0 0 -nan 0.000000 2147483647.000000 0 -nan 0.000000
1666 684 532939872 532939872 19586.567077 126030.007503 1650.246643 152037 5.055829 222790588.180763
1667 685 532939872 532939872 19777.782756 139014.347014 2315.083877 152037 4.877004 182605913.738062
1668 686 0 0 -nan 0.000000 2147483647.000000 0 -nan 0.000000
1669 687 532939872 532939872 19107.923857 131521.582228 1752.712886 152037 4.956247 204787892.425702
1670 688 0 0 -nan 0.000000 2147483647.000000 0 -nan 0.000000
1671 689 0 0 -nan 0.000000 2147483647.000000 0 -nan 0.000000
1672 690 641195712 641195712 17803.939953 143610.678014 1405.796642 182943 4.997682 227364117.009933
1673 691 0 0 -nan 0.000000 2147483647.000000 0 -nan 0.000000
1674 692 0 0 -nan 0.000000 2147483647.000000 0 -nan 0.000000
1675 693 0 0 -nan 0.000000 2147483647.000000 0 -nan 0.000000
1676 694 0 0 -nan 0.000000 2147483647.000000 0 -nan 0.000000
1677 695 0 0 -nan 0.000000 2147483647.000000 0 -nan 0.000000
1678 696 0 0 -nan 0.000000 2147483647.000000 0 -nan 0.000000
1679 697 0 0 -nan 0.000000 2147483647.000000 0 -nan 0.000000
1680 698 0 0 -nan 0.000000 2147483647.000000 0 -nan 0.000000
1681 699 0 0 -nan 0.000000 2147483647.000000 0 -nan 0.000000
1682 700 641195712 641195712 18566.939891 153521.111010 1650.246643 182943 5.100840 212774197.415553
1683 701 0 0 -nan 0.000000 2147483647.000000 0 -nan 0.000000
1684 702 0 0 -nan 0.000000 2147483647.000000 0 -nan 0.000000
1685 703 0 0 -nan 0.000000 2147483647.000000 0 -nan 0.000000
1731 704 0 0 -nan 0.000000 2147483647.000000 0 -nan 0.000000
1732 705 0 0 -nan 0.000000 2147483647.000000 0 -nan 0.000000
1733 706 641094576 641094576 17960.936397 134611.587389 1752.712886 170301 5.047533 225474438.569770
1734 707 0 0 -nan 0.000000 2147483647.000000 0 -nan 0.000000
1735 708 0 0 -nan 0.000000 2147483647.000000 0 -nan 0.000000
1736 709 641195712 641195712 16852.781856 151110.673620 577.768481 182943 4.884571 184793446.434770
1737 710 0 0 -nan 0.000000 2147483647.000000 0 -nan 0.000000
1738 711 532939872 532939872 16419.785528 136321.108373 576.837158 152037 4.930116 129613791.181500
1739 712 0 0 -nan 0.000000 2147483647.000000 0 -nan 0.000000
1740 713 532939872 532939872 16066.679315 142614.183487 1650.246643 152037 4.853825 130722775.514235
1741 714 0 0 -nan 0.000000 2147483647.000000 0 -nan 0.000000
1742 715 641195712 641195712 16348.278371 130024.829350 2315.083877 182943 4.965066 163508917.831234
1743 716 0 0 -nan 0.000000 2147483647.000000 0 -nan 0.000000
1744 717 0 0 -nan 0.000000 2147483647.000000 0 -nan 0.000000
1745 718 532939872 532939872 13928.396189 141035.377759 1403.446161 152037 4.311470 67212183.334873
1746 719 0 0 -nan 0.000000 2147483647.000000 0 -nan 0.000000
1747 720 0 0 -nan 0.000000 2147483647.000000 0 -nan 0.000000
1748 721 0 0 -nan 0.000000 2147483647.000000 0 -nan 0.000000
1749 722 0 0 -nan 0.000000 2147483647.000000 0 -nan 0.000000
1750 723 0 0 -nan 0.000000 2147483647.000000 0 -nan 0.000000
1751 724 0 0 -nan 0.000000 2147483647.000000 0 -nan 0.000000
1752 725 0 0 -nan 0.000000 2147483647.000000 0 -nan 0.000000
1753 726 0 0 -nan 0.000000 2147483647.000000 0 -nan 0.000000
1754 727 0 0 -nan 0.000000 2147483647.000000 0 -nan 0.000000
1755 728 0 0 -nan 0.000000 2147483647.000000 0 -nan 0.000000
1756 729 0 0 -nan 0.000000 2147483647.000000 0 -nan 0.000000
1757 730 0 0 -nan 0.000000 2147483647.000000 0 -nan 0.000000
1758 731 532939872 532939872 14579.235472 164818.390177 2315.083877 152037 4.286766 130761399.585024
1759 732 532939872 532939872 18381.133588 131985.269251 1650.246643 152037 5.033268 158241440.622307
1760 733 0 0 -nan 0.000000 2147483647.000000 0 -nan 0.000000
1761 734 0 0 -nan 0.000000 2147483647.000000 0 -nan 0.000000
1762 735 0 0 -nan 0.000000 2147483647.000000 0 -nan 0.000000
1808 736 0 0 -nan 0.000000 2147483647.000000 0 -nan 0.000000
1809 737 0 0 -nan 0.000000 2147483647.000000 0 -nan 0.000000
1810 738 641094576 641094576 17385.049528 129580.609042 1490.991427 170301 4.998861 216058078.047467
1811 739 532939872 532939872 15719.282497 145512.788099 2315.083877 152037 4.366944 143461421.205211
1812 740 532939872 532939872 16273.050186 133979.582901 1405.796642 152037 5.005479 175761716.841232
1813 741 532954320 532954320 16815.237786 157982.236660 1490.991427 153843 4.746306 187440146.854977
1814 742 0 0 -nan 0.000000 2147483647.000000 0 -nan 0.000000
1815 743 0 0 -nan 0.000000 2147483647.000000 0 -nan 0.000000
1816 744 0 0 -nan 0.000000 2147483647.000000 0 -nan 0.000000
1817 745 0 0 -nan 0.000000 2147483647.000000 0 -nan 0.000000
1818 746 0 0 -nan 0.000000 2147483647.000000 0 -nan 0.000000
1819 747 0 0 -nan 0.000000 2147483647.000000 0 -nan 0.000000
1820 748 0 0 -nan 0.000000 2147483647.000000 0 -nan 0.000000
1821 749 0 0 -nan 0.000000 2147483647.000000 0 -nan 0.000000
1822 750 532939872 532939872 15208.976102 144298.161340 1490.991427 152037 4.187297 136304555.032708
1823 751 0 0 -nan 0.000000 2147483647.000000 0 -nan 0.000000
1824 752 0 0 -nan 0.000000 2147483647.000000 0 -nan 0.000000
1825 753 0 0 -nan 0.000000 2147483647.000000 0 -nan 0.000000
1826 754 425391840 425391840 16318.526435 150805.603961 1650.246643 122949 4.848140 124973040.488643
1827 755 0 0 -nan 0.000000 2147483647.000000 0 -nan 0.000000
1828 756 641195712 641195712 15067.815705 137496.848917 1403.446161 182943 4.721749 221272395.525328
1829 757 0 0 -nan 0.000000 2147483647.000000 0 -nan 0.000000
1830 758 532939872 532939872 17713.348624 139650.251424 2199.270922 152037 4.931806 197746932.109501
1831 759 0 0 -nan 0.000000 2147483647.000000 0 -nan 0.000000
1832 760 0 0 -nan 0.000000 2147483647.000000 0 -nan 0.000000
1833 761 0 0 -nan 0.000000 2147483647.000000 0 -nan 0.000000
1834 762 532939872 532939872 17227.639908 158187.237170 1650.246643 152037 5.056388 171914999.925970
1835 763 0 0 -nan 0.000000 2147483647.000000 0 -nan 0.000000
1836 764 0 0 -nan 0.000000 2147483647.000000 0 -nan 0.000000
1837 765 0 0 -nan 0.000000 2147483647.000000 0 -nan 0.000000
1838 766 0 0 -nan 0.000000 2147483647.000000 0 -nan 0.000000
1839 767 0 0 -nan 0.000000 2147483647.000000 0 -nan 0.000000
1885 768 0 0 -nan 0.000000 2147483647.000000 0 -nan 0.000000
1886 769 0 0 -nan 0.000000 2147483647.000000 0 -nan 0.000000
1887 770 0 0 -nan 0.000000 2147483647.000000 0 -nan 0.000000
1888 771 0 0 -nan 0.000000 2147483647.000000 0 -nan 0.000000
1889 772 0 0 -nan 0.000000 2147483647.000000 0 -nan 0.000000
1890 773 641210160 641210160 15187.955203 137707.662864 1403.446161 184749 4.781379 152779549.432149
1891 774 0 0 -nan 0.000000 2147483647.000000 0 -nan 0.000000
1892 775 641195712 641195712 16220.872601 156590.460408 1650.246643 182943 4.685984 61340544.814458
1893 776 0 0 -nan 0.000000 2147483647.000000 0 -nan 0.000000
1894 777 425406288 425406288 18141.666964 167266.633608 1405.796642 124755 4.787856 223264749.516382
1895 778 0 0 -nan 0.000000 2147483647.000000 0 -nan 0.000000
1896 779 641195712 641195712 14336.917479 119075.392336 1403.446161 182943 4.581465 233382396.739241
1897 780 641195712 641195712 17258.844967 176268.986608 1488.474874 182943 4.511771 223821916.876501
1898 781 532954320 532954320 18402.889054 156232.031753 1405.796642 153843 4.832823 183561293.663386
1899 782 0 0 -nan 0.000000 2147483647.000000 0 -nan 0.000000
1900 783 0 0 -nan 0.000000 2147483647.000000 0 -nan 0.000000
1901 784 0 0 -nan 0.000000 2147483647.000000 0 -nan 0.000000
1902 785 0 0 -nan 0.000000 2147483647.000000 0 -nan 0.000000
1903 786 0 0 -nan 0.000000 2147483647.000000 0 -nan 0.000000
1904 787 0 0 -nan 0.000000 2147483647.000000 0 -nan 0.000000
1905 788 425391840 425391840 18760.562234 140908.758240 1405.796642 122949 4.971118 145131103.917932
1906 789 0 0 -nan 0.000000 2147483647.000000 0 -nan 0.000000
1907 790 0 0 -nan 0.000000 2147483647.000000 0 -nan 0.000000
1908 791 0 0 -nan 0.000000 2147483647.000000 0 -nan 0.000000
1909 792 0 0 -nan 0.000000 2147483647.000000 0 -nan 0.000000
1910 793 641195712 641195712 14591.231026 122591.125700 1403.446161 182943 4.497002 167391025.016573
1911 794 641195712 641195712 17797.755746 129708.706918 1405.796642 182943 4.906523 180185380.899438
1912 795 0 0 -nan 0.000000 2147483647.000000 0 -nan 0.000000
1913 796 0 0 -nan 0.000000 2147483647.000000 0 -nan 0.000000
1914 797 641210160 641210160 14958.310037 128524.613201 1403.446161 184749 4.816210 163963856.684515
1915 798 0 0 -nan 0.000000 2147483647.000000 0 -nan 0.000000
1916 799 0 0 -nan 0.000000 2147483647.000000 0 -nan 0.000000
1962 800 0 0 -nan 0.000000 2147483647.000000 0 -nan 0.000000
1963 801 0 0 -nan 0.000000 2147483647.000000 0 -nan 0.000000
1964 802 0 0 -nan 0.000000 2147483647.000000 0 -nan 0.000000
1965 803 0 0 -nan 0.000000 2147483647.000000 0 -nan 0.000000
1966 804 641094576 641094576 15503.616862 134995.502880 1405.796642 170301 4.937963 231004722.577956
1967 805 0 0 -nan 0.000000 2147483647.000000 0 -nan 0.000000
1968 806 0 0 -nan 0.000000 2147483647.000000 0 -nan 0.000000
1969 807 425391840 425391840 15955.040313 128357.986634 2315.083877 122949 4.981960 131875246.419516
1970 808 0 0 -nan 0.000000 2147483647.000000 0 -nan 0.000000
1971 809 0 0 -nan 0.000000 2147483647.000000 0 -nan 0.000000
1972 810 0 0 -nan 0.000000 2147483647.000000 0 -nan 0.000000
1973 811 0 0 -nan 0.000000 2147483647.000000 0 -nan 0.000000
1974 812 0 0 -nan 0.000000 2147483647.000000 0 -nan 0.000000
1975 813 532939872 532939872 14146.888286 124504.818939 1403.446161 152037 4.666765 213515242.915646
1976 814 532939872 532939872 17539.190560 143575.257389 1405.796642 152037 4.927820 160692803.784131
1977 815 0 0 -nan 0.000000 2147483647.000000 0 -nan 0.000000
1978 816 0 0 -nan 0.000000 2147483647.000000 0 -nan 0.000000
1979 817 0 0 -nan 0.000000 2147483647.000000 0 -nan 0.000000
1980 818 0 0 -nan 0.000000 2147483647.000000 0 -nan 0.000000
1981 819 0 0 -nan 0.000000 2147483647.000000 0 -nan 0.000000
1982 820 641195712 641195712 15811.495239 141542.879927 2315.083877 182943 5.010167 210643445.161157
1983 821 0 0 -nan 0.000000 2147483647.000000 0 -nan 0.000000
1984 822 0 0 -nan 0.000000 2147483647.000000 0 -nan 0.000000
1985 823 532939872 532939872 16724.770833 121416.969561 1405.796642 152037 4.972743 134146828.074882
1986 824 0 0 -nan 0.000000 2147483647.000000 0 -nan 0.000000
1987 825 0 0 -nan 0.000000 2147483647.000000 0 -nan 0.000000
1988 826 0 0 -nan 0.000000 2147483647.000000 0 -nan 0.000000
1989 827 532939872 532939872 16979.541004 128449.096670 1488.474874 152037 5.009044 170695816.063217
1990 828 532939872 532939872 17786.904029 144667.878451 1488.474874 152037 4.888606 164179562.291163
1991 829 0 0 -nan 0.000000 2147483647.000000 0 -nan 0.000000
1992 830 0 0 -nan 0.000000 2147483647.000000 0 -nan 0.000000
1993 831 0 0 -nan 0.000000 2147483647.000000 0 -nan 0.000000
2039 832 0 0 -nan 0.000000 2147483647.000000 0 -nan 0.000000
2040 833 0 0 -nan 0.000000 2147483647.000000 0 -nan 0.000000
2041 834 0 0 -nan 0.000000 2147483647.000000 0 -nan 0.000000
2042 835 0 0 -nan 0.000000 2147483647.000000 0 -nan 0.000000
2043 836 532939872 532939872 15021.888119 129981.952862 1403.446161 152037 4.620369 216869729.817121
2044 837 0 0 -nan 0.000000 2147483647.000000 0 -nan 0.000000
2045 838 0 0 -nan 0.000000 2147483647.000000 0 -nan 0.000000
2046 839 0 0 -nan 0.000000 2147483647.000000 0 -nan 0.000000
2047 840 0 0 -nan 0.000000 2147483647.000000 0 -nan 0.000000
2048 841 0 0 -nan 0.000000 2147483647.000000 0 -nan 0.000000
2049 842 0 0 -nan 0.000000 2147483647.000000 0 -nan 0.000000
2050 843 641195712 641195712 14733.368640 99264.872672 1488.474874 182943 5.041275 221360643.193974
2051 844 0 0 -nan 0.000000 2147483647.000000 0 -nan 0.000000
2052 845 0 0 -nan 0.000000 2147483647.000000 0 -nan 0.000000
2053 846 0 0 -nan 0.000000 2147483647.000000 0 -nan 0.000000
2054 847 0 0 -nan 0.000000 2147483647.000000 0 -nan 0.000000
2055 848 0 0 -nan 0.000000 2147483647.000000 0 -nan 0.000000
2056 849 0 0 -nan 0.000000 2147483647.000000 0 -nan 0.000000
2057 850 0 0 -nan 0.000000 2147483647.000000 0 -nan 0.000000
2058 851 0 0 -nan 0.000000 2147483647.000000 0 -nan 0.000000
2059 852 0 0 -nan 0.000000 2147483647.000000 0 -nan 0.000000
2060 853 532939872 532939872 15694.536334 131641.522079 1405.796642 152037 5.060689 201015954.134865
2061 854 0 0 -nan 0.000000 2147483647.000000 0 -nan 0.000000
2062 855 318561216 318561216 14042.206360 129589.397062 2315.083877 96879 4.783070 170221801.904580
2063 856 0 0 -nan 0.000000 2147483647.000000 0 -nan 0.000000
2064 857 0 0 -nan 0.000000 2147483647.000000 0 -nan 0.000000
2065 858 0 0 -nan 0.000000 2147483647.000000 0 -nan 0.000000
2066 859 0 0 -nan 0.000000 2147483647.000000 0 -nan 0.000000
2067 860 0 0 -nan 0.000000 2147483647.000000 0 -nan 0.000000
2068 861 0 0 -nan 0.000000 2147483647.000000 0 -nan 0.000000
2069 862 0 0 -nan 0.000000 2147483647.000000 0 -nan 0.000000
2070 863 0 0 -nan 0.000000 2147483647.000000 0 -nan 0.000000
2116 864 318546768 318546768 22313.765066 135034.622316 2315.083877 95073 5.008341 96775241.526661
2117 865 532838736 532838736 23667.156916 152605.670235 1403.446161 139395 5.111812 222528521.216756
2118 866 0 0 -nan 0.000000 2147483647.000000 0 -nan 0.000000
2119 867 532939872 532939872 26257.581907 162495.729738 1403.446161 152037 4.932615 146169597.921618
2120 868 0 0 -nan 0.000000 2147483647.000000 0 -nan 0.000000
2121 869 318546768 318546768 21149.876162 171927.672769 2315.083877 95073 4.935797 100497770.041631
2122 870 641195712 641195712 19942.251764 163075.348246 1403.446161 182943 5.058854 173768394.208262
2123 871 0 0 -nan 0.000000 2147483647.000000 0 -nan 0.000000
2124 872 641195712 641195712 22088.700030 151505.523532 1405.796642 182943 4.603778 211990946.694971
2125 873 0 0 -nan 0.000000 2147483647.000000 0 -nan 0.000000
2126 874 0 0 -nan 0.000000 2147483647.000000 0 -nan 0.000000
2127 875 532954320 532954320 22993.946554 168354.198776 1488.474874 153843 5.043505 147883646.884464
2128 876 0 0 -nan 0.000000 2147483647.000000 0 -nan 0.000000
2129 877 0 0 -nan 0.000000 2147483647.000000 0 -nan 0.000000
2130 878 532939872 532939872 21450.940113 143387.198384 1405.796642 152037 4.999283 153022397.989820
2131 879 0 0 -nan 0.000000 2147483647.000000 0 -nan 0.000000
2132 880 0 0 -nan 0.000000 2147483647.000000 0 -nan 0.000000
2133 881 0 0 -nan 0.000000 2147483647.000000 0 -nan 0.000000
2134 882 0 0 -nan 0.000000 2147483647.000000 0 -nan 0.000000
2135 883 532939872 532939872 20465.587908 155790.989818 2315.083877 152037 5.049791 149088894.725296
2136 884 641195712 641195712 20206.752469 156643.272481 1488.474874 182943 4.460280 220832560.505890
2137 885 0 0 -nan 0.000000 2147483647.000000 0 -nan 0.000000
2138 886 532939872 532939872 20202.351019 168874.290006 1488.474874 152037 4.983425 117349551.110765
2139 887 0 0 -nan 0.000000 2147483647.000000 0 -nan 0.000000
2140 888 641094576 641094576 20355.635774 170837.898568 2315.083877 170301 5.046065 191352945.318457
2141 889 0 0 -nan 0.000000 2147483647.000000 0 -nan 0.000000
2142 890 0 0 -nan 0.000000 2147483647.000000 0 -nan 0.000000
2143 891 0 0 -nan 0.000000 2147483647.000000 0 -nan 0.000000
2144 892 641094576 641094576 20027.831380 140030.258186 1403.446161 170301 4.989384 165940390.258224
2145 893 0 0 -nan 0.000000 2147483647.000000 0 -nan 0.000000
2146 894 0 0 -nan 0.000000 2147483647.000000 0 -nan 0.000000
2147 895 0 0 -nan 0.000000 2147483647.000000 0 -nan 0.000000
2193 896 0 0 -nan 0.000000 2147483647.000000 0 -nan 0.000000
2194 897 0 0 -nan 0.000000 2147483647.000000 0 -nan 0.000000
2195 898 0 0 -nan 0.000000 2147483647.000000 0 -nan 0.000000
2196 899 0 0 -nan 0.000000 2147483647.000000 0 -nan 0.000000
2197 900 0 0 -nan 0.000000 2147483647.000000 0 -nan 0.000000
2198 901 425391840 425391840 16952.081109 136760.771372 1488.474874 122949 4.742340 243325406.902914
2199 902 0 0 -nan 0.000000 2147483647.000000 0 -nan 0.000000
2200 903 0 0 -nan 0.000000 2147483647.000000 0 -nan 0.000000
2201 904 0 0 -nan 0.000000 2147483647.000000 0 -nan 0.000000
2202 905 0 0 -nan 0.000000 2147483647.000000 0 -nan 0.000000
2203 906 0 0 -nan 0.000000 2147483647.000000 0 -nan 0.000000
2204 907 0 0 -nan 0.000000 2147483647.000000 0 -nan 0.000000
2205 908 0 0 -nan 0.000000 2147483647.000000 0 -nan 0.000000
2206 909 641195712 641195712 16548.905203 168360.009339 2319.019588 182943 4.958949 231986781.306204
2207 910 0 0 -nan 0.000000 2147483647.000000 0 -nan 0.000000
2208 911 0 0 -nan 0.000000 2147483647.000000 0 -nan 0.000000
2209 912 641094576 641094576 16952.993333 152045.694148 1403.446161 170301 4.948697 249179544.939304
2210 913 0 0 -nan 0.000000 2147483647.000000 0 -nan 0.000000
2211 914 0 0 -nan 0.000000 2147483647.000000 0 -nan 0.000000
2212 915 0 0 -nan 0.000000 2147483647.000000 0 -nan 0.000000
2213 916 0 0 -nan 0.000000 2147483647.000000 0 -nan 0.000000
2214 917 532939872 532939872 16742.505446 169932.360477 2237.086306 152037 4.843742 181859441.330512
2215 918 0 0 -nan 0.000000 2147483647.000000 0 -nan 0.000000
2216 919 0 0 -nan 0.000000 2147483647.000000 0 -nan 0.000000
2217 920 0 0 -nan 0.000000 2147483647.000000 0 -nan 0.000000
2218 921 641210160 641210160 14749.102506 146826.773637 1490.991427 184749 4.897093 172275089.667760
2219 922 0 0 -nan 0.000000 2147483647.000000 0 -nan 0.000000
2220 923 0 0 -nan 0.000000 2147483647.000000 0 -nan 0.000000
2221 924 532939872 532939872 16851.937546 194220.715244 2315.083877 152037 5.005952 190125857.978224
2222 925 0 0 -nan 0.000000 2147483647.000000 0 -nan 0.000000
2223 926 0 0 -nan 0.000000 2147483647.000000 0 -nan 0.000000
2224 927 0 0 -nan 0.000000 2147483647.000000 0 -nan 0.000000
2270 928 532939872 532939872 22409.607200 178353.670669 2319.019588 152037 5.029578 142320863.996222
2271 929 532939872 532939872 24099.696833 192209.548600 576.837158 152037 4.893098 177702720.997566
2272 930 0 0 -nan 0.000000 2147483647.000000 0 -nan 0.000000
2273 931 641195712 641195712 20788.466405 170365.979001 577.768481 182943 4.908398 157476063.445983
2274 932 425406288 425406288 25041.713892 181174.763061 2315.083877 124755 4.946688 106939543.020411
2275 933 0 0 -nan 0.000000 2147483647.000000 0 -nan 0.000000
2276 934 0 0 -nan 0.000000 2147483647.000000 0 -nan 0.000000
2277 935 532939872 532939872 22109.882554 163486.846223 1403.446161 152037 5.026928 180300670.308695
2278 936 641094576 641094576 20328.824884 187438.740256 918.255579 170301 3.841316 257940677.668912
2279 937 0 0 -nan 0.000000 2147483647.000000 0 -nan 0.000000
2280 938 641094576 641094576 21891.452398 192940.360837 1053.674316 170301 4.499240 243706193.203581
2281 939 532838736 532838736 25967.939322 188015.699331 1405.796642 139395 4.468618 235731690.802854
2282 940 0 0 -nan 0.000000 2147483647.000000 0 -nan 0.000000
2283 941 0 0 -nan 0.000000 2147483647.000000 0 -nan 0.000000
2284 942 0 0 -nan 0.000000 2147483647.000000 0 -nan 0.000000
2285 943 0 0 -nan 0.000000 2147483647.000000 0 -nan 0.000000
2286 944 0 0 -nan 0.000000 2147483647.000000 0 -nan 0.000000
2287 945 641195712 641195712 21701.905935 183439.377187 1403.446161 182943 5.125963 158587233.126714
2288 946 0 0 -nan 0.000000 2147483647.000000 0 -nan 0.000000
2289 947 0 0 -nan 0.000000 2147483647.000000 0 -nan 0.000000
2290 948 532939872 532939872 26285.664277 184993.751017 2315.083877 152037 5.067030 168281384.083098
2291 949 425406288 425406288 23866.021248 184790.233993 1488.474874 124755 4.802982 104995248.498265
2292 950 0 0 -nan 0.000000 2147483647.000000 0 -nan 0.000000
2293 951 0 0 -nan 0.000000 2147483647.000000 0 -nan 0.000000
2294 952 0 0 -nan 0.000000 2147483647.000000 0 -nan 0.000000
2295 953 0 0 -nan 0.000000 2147483647.000000 0 -nan 0.000000
2296 954 0 0 -nan 0.000000 2147483647.000000 0 -nan 0.000000
2297 955 0 0 -nan 0.000000 2147483647.000000 0 -nan 0.000000
2298 956 641094576 641094576 19699.218829 184712.964695 1405.796642 170301 4.926806 214917869.779347
2299 957 0 0 -nan 0.000000 2147483647.000000 0 -nan 0.000000
2300 958 0 0 -nan 0.000000 2147483647.000000 0 -nan 0.000000
2301 959 0 0 -nan 0.000000 2147483647.000000 0 -nan 0.000000
2347 960 0 0 -nan 0.000000 2147483647.000000 0 -nan 0.000000
2348 961 0 0 -nan 0.000000 2147483647.000000 0 -nan 0.000000
2349 962 0 0 -nan 0.000000 2147483647.000000 0 -nan 0.000000
2350 963 0 0 -nan 0.000000 2147483647.000000 0 -nan 0.000000
2351 964 0 0 -nan 0.000000 2147483647.000000 0 -nan 0.000000
2352 965 0 0 -nan 0.000000 2147483647.000000 0 -nan 0.000000
2353 966 0 0 -nan 0.000000 2147483647.000000 0 -nan 0.000000
2354 967 0 0 -nan 0.000000 2147483647.000000 0 -nan 0.000000
2355 968 0 0 -nan 0.000000 2147483647.000000 0 -nan 0.000000
2356 969 0 0 -nan 0.000000 2147483647.000000 0 -nan 0.000000
2357 970 0 0 -nan 0.000000 2147483647.000000 0 -nan 0.000000
2358 971 0 0 -nan 0.000000 2147483647.000000 0 -nan 0.000000
2359 972 0 0 -nan 0.000000 2147483647.000000 0 -nan 0.000000
2360 973 0 0 -nan 0.000000 2147483647.000000 0 -nan 0.000000
2361 974 0 0 -nan 0.000000 2147483647.000000 0 -nan 0.000000
2362 975 0 0 -nan 0.000000 2147483647.000000 0 -nan 0.000000
2363 976 0 0 -nan 0.000000 2147483647.000000 0 -nan 0.000000
2364 977 0 0 -nan 0.000000 2147483647.000000 0 -nan 0.000000
2365 978 0 0 -nan 0.000000 2147483647.000000 0 -nan 0.000000
2366 979 0 0 -nan 0.000000 2147483647.000000 0 -nan 0.000000
2367 980 0 0 -nan 0.000000 2147483647.000000 0 -nan 0.000000
2368 981 0 0 -nan 0.000000 2147483647.000000 0 -nan 0.000000
2369 982 0 0 -nan 0.000000 2147483647.000000 0 -nan 0.000000
2370 983 0 0 -nan 0.000000 2147483647.000000 0 -nan 0.000000
2371 984 0 0 -nan 0.000000 2147483647.000000 0 -nan 0.000000
2372 985 0 0 -nan 0.000000 2147483647.000000 0 -nan 0.000000
2373 986 0 0 -nan 0.000000 2147483647.000000 0 -nan 0.000000
2374 987 0 0 -nan 0.000000 2147483647.000000 0 -nan 0.000000
2375 988 0 0 -nan 0.000000 2147483647.000000 0 -nan 0.000000
2376 989 0 0 -nan 0.000000 2147483647.000000 0 -nan 0.000000
2377 990 0 0 -nan 0.000000 2147483647.000000 0 -nan 0.000000
2378 991 0 0 -nan 0.000000 2147483647.000000 0 -nan 0.000000
2424 992 0 0 -nan 0.000000 2147483647.000000 0 -nan 0.000000
2425 993 0 0 -nan 0.000000 2147483647.000000 0 -nan 0.000000
2426 994 0 0 -nan 0.000000 2147483647.000000 0 -nan 0.000000
2427 995 0 0 -nan 0.000000 2147483647.000000 0 -nan 0.000000
2428 996 0 0 -nan 0.000000 2147483647.000000 0 -nan 0.000000
2429 997 0 0 -nan 0.000000 2147483647.000000 0 -nan 0.000000
2430 998 0 0 -nan 0.000000 2147483647.000000 0 -nan 0.000000
2431 999 0 0 -nan 0.000000 2147483647.000000 0 -nan 0.000000
2432 1000 0 0 -nan 0.000000 2147483647.000000 0 -nan 0.000000
2433 1001 0 0 -nan 0.000000 2147483647.000000 0 -nan 0.000000
2434 1002 0 0 -nan 0.000000 2147483647.000000 0 -nan 0.000000
2435 1003 0 0 -nan 0.000000 2147483647.000000 0 -nan 0.000000
2436 1004 0 0 -nan 0.000000 2147483647.000000 0 -nan 0.000000
2437 1005 0 0 -nan 0.000000 2147483647.000000 0 -nan 0.000000
2438 1006 0 0 -nan 0.000000 2147483647.000000 0 -nan 0.000000
2439 1007 0 0 -nan 0.000000 2147483647.000000 0 -nan 0.000000
2440 1008 0 0 -nan 0.000000 2147483647.000000 0 -nan 0.000000
2441 1009 0 0 -nan 0.000000 2147483647.000000 0 -nan 0.000000
2442 1010 0 0 -nan 0.000000 2147483647.000000 0 -nan 0.000000
2443 1011 0 0 -nan 0.000000 2147483647.000000 0 -nan 0.000000
2444 1012 0 0 -nan 0.000000 2147483647.000000 0 -nan 0.000000
2445 1013 0 0 -nan 0.000000 2147483647.000000 0 -nan 0.000000
2446 1014 0 0 -nan 0.000000 2147483647.000000 0 -nan 0.000000
2447 1015 0 0 -nan 0.000000 2147483647.000000 0 -nan 0.000000
2448 1016 0 0 -nan 0.000000 2147483647.000000 0 -nan 0.000000
2449 1017 0 0 -nan 0.000000 2147483647.000000 0 -nan 0.000000
2450 1018 0 0 -nan 0.000000 2147483647.000000 0 -nan 0.000000
2451 1019 0 0 -nan 0.000000 2147483647.000000 0 -nan 0.000000
2452 1020 0 0 -nan 0.000000 2147483647.000000 0 -nan 0.000000
2453 1021 0 0 -nan 0.000000 2147483647.000000 0 -nan 0.000000
2454 1022 0 0 -nan 0.000000 2147483647.000000 0 -nan 0.000000
2455 1023 0 0 -nan 0.000000 2147483647.000000 0 -nan 0.000000
2501 1024 0 0 -nan 0.000000 2147483647.000000 0 -nan 0.000000
2502 1025 0 0 -nan 0.000000 2147483647.000000 0 -nan 0.000000
2503 1026 0 0 -nan 0.000000 2147483647.000000 0 -nan 0.000000
2504 1027 0 0 -nan 0.000000 2147483647.000000 0 -nan 0.000000
2505 1028 0 0 -nan 0.000000 2147483647.000000 0 -nan 0.000000
2506 1029 0 0 -nan 0.000000 2147483647.000000 0 -nan 0.000000
2507 1030 0 0 -nan 0.000000 2147483647.000000 0 -nan 0.000000
2508 1031 0 0 -nan 0.000000 2147483647.000000 0 -nan 0.000000
2509 1032 0 0 -nan 0.000000 2147483647.000000 0 -nan 0.000000
2510 1033 0 0 -nan 0.000000 2147483647.000000 0 -nan 0.000000
2511 1034 0 0 -nan 0.000000 2147483647.000000 0 -nan 0.000000
2512 1035 0 0 -nan 0.000000 2147483647.000000 0 -nan 0.000000
2513 1036 0 0 -nan 0.000000 2147483647.000000 0 -nan 0.000000
2514 1037 0 0 -nan 0.000000 2147483647.000000 0 -nan 0.000000
2515 1038 0 0 -nan 0.000000 2147483647.000000 0 -nan 0.000000
2516 1039 0 0 -nan 0.000000 2147483647.000000 0 -nan 0.000000
2517 1040 0 0 -nan 0.000000 2147483647.000000 0 -nan 0.000000
2518 1041 0 0 -nan 0.000000 2147483647.000000 0 -nan 0.000000
2519 1042 0 0 -nan 0.000000 2147483647.000000 0 -nan 0.000000
2520 1043 0 0 -nan 0.000000 2147483647.000000 0 -nan 0.000000
2521 1044 0 0 -nan 0.000000 2147483647.000000 0 -nan 0.000000
2522 1045 0 0 -nan 0.000000 2147483647.000000 0 -nan 0.000000
2523 1046 0 0 -nan 0.000000 2147483647.000000 0 -nan 0.000000
2524 1047 0 0 -nan 0.000000 2147483647.000000 0 -nan 0.000000
2525 1048 0 0 -nan 0.000000 2147483647.000000 0 -nan 0.000000
2526 1049 0 0 -nan 0.000000 2147483647.000000 0 -nan 0.000000
2527 1050 0 0 -nan 0.000000 2147483647.000000 0 -nan 0.000000
2528 1051 0 0 -nan 0.000000 2147483647.000000 0 -nan 0.000000
2529 1052 0 0 -nan 0.000000 2147483647.000000 0 -nan 0.000000
2530 1053 0 0 -nan 0.000000 2147483647.000000 0 -nan 0.000000
2531 1054 0 0 -nan 0.000000 2147483647.000000 0 -nan 0.000000
2532 1055 0 0 -nan 0.000000 2147483647.000000 0 -nan 0.000000
