# Format <LP ID> <Terminal ID> <Job ID> <Local Rank> <Total sends> <Total Recvs> <Bytes sent> <Bytes recvd> <Send time> <Comm. time> <Compute time> <Avg msg time> <Max Msg Time>
6 0 -1 -1 0 0 0 0 0.000000 0.000000 0.000000 -nan 0.000000
7 1 -1 -1 0 0 0 0 0.000000 0.000000 0.000000 -nan 0.000000
8 2 -1 -1 0 0 0 0 0.000000 0.000000 0.000000 -nan 0.000000
9 3 -1 -1 0 0 0 0 0.000000 0.000000 0.000000 -nan 0.000000
10 4 -1 -1 0 0 0 0 0.000000 0.000000 0.000000 -nan 0.000000
11 5 -1 -1 0 0 0 0 0.000000 0.000000 0.000000 -nan 0.000000
12 6 0 246 30231 30231 641195712 641195712 863499156.705943 271321329.153884 0.000000 28563.367295 271321329.153884
13 7 -1 -1 0 0 0 0 0.000000 0.000000 0.000000 -nan 0.000000
14 8 -1 -1 0 0 0 0 0.000000 0.000000 0.000000 -nan 0.000000
15 9 -1 -1 0 0 0 0 0.000000 0.000000 0.000000 -nan 0.000000
16 10 0 286 24777 24777 532939872 532939872 714867327.222591 271324560.951254 0.000000 28852.053405 271324560.951254
17 11 -1 -1 0 0 0 0 0.000000 0.000000 0.000000 -nan 0.000000
18 12 -1 -1 0 0 0 0 0.000000 0.000000 0.000000 -nan 0.000000
19 13 0 248 30231 30231 641195712 641195712 877442727.351326 271319179.325354 0.000000 29024.601480 271319179.325354
20 14 0 81 32037 32037 641210160 641210160 914429438.714731 271321030.789070 0.000000 28542.917212 271321030.789070
21 15 -1 -1 0 0 0 0 0.000000 0.000000 0.000000 -nan 0.000000
22 16 -1 -1 0 0 0 0 0.000000 0.000000 0.000000 -nan 0.000000
23 17 -1 -1 0 0 0 0 0.000000 0.000000 0.000000 -nan 0.000000
24 18 0 24 8499 8499 425290704 425290704 462726241.950013 271320388.864357 0.000000 54444.786675 271320388.864357
25 19 -1 -1 0 0 0 0 0.000000 0.000000 0.000000 -nan 0.000000
26 20 -1 -1 0 0 0 0 0.000000 0.000000 0.000000 -nan 0.000000
27 21 -1 -1 0 0 0 0 0.000000 0.000000 0.000000 -nan 0.000000
28 22 -1 -1 0 0 0 0 0.000000 0.000000 0.000000 -nan 0.000000
29 23 -1 -1 0 0 0 0 0.000000 0.000000 0.000000 -nan 0.000000
30 24 0 174 24777 24777 532939872 532939872 721621231.630167 271315864.644749 0.000000 29124.641063 271315864.644749
31 25 -1 -1 0 0 0 0 0.000000 0.000000 0.000000 -nan 0.000000
32 26 -1 -1 0 0 0 0 0.000000 0.000000 0.000000 -nan 0.000000
33 27 -1 -1 0 0 0 0 0.000000 0.000000 0.000000 -nan 0.000000
34 28 -1 -1 0 0 0 0 0.000000 0.000000 0.000000 -nan 0.000000
35 29 -1 -1 0 0 0 0 0.000000 0.000000 0.000000 -nan 0.000000
83 30 -1 -1 0 0 0 0 0.000000 0.000000 0.000000 -nan 0.000000
84 31 -1 -1 0 0 0 0 0.000000 0.000000 0.000000 -nan 0.000000
85 32 -1 -1 0 0 0 0 0.000000 0.000000 0.000000 -nan 0.000000
86 33 -1 -1 0 0 0 0 0.000000 0.000000 0.000000 -nan 0.000000
87 34 0 198 30231 30231 641195712 641195712 882547649.338409 271321328.509293 0.000000 29193.465295 271321328.509293
88 35 -1 -1 0 0 0 0 0.000000 0.000000 0.000000 -nan 0.000000
89 36 -1 -1 0 0 0 0 0.000000 0.000000 0.000000 -nan 0.000000
90 37 -1 -1 0 0 0 0 0.000000 0.000000 0.000000 -nan 0.000000
91 38 0 180 21141 21141 425391840 425391840 585680491.349279 271317439.428072 0.000000 27703.537739 271317439.428072
92 39 -1 -1 0 0 0 0 0.000000 0.000000 0.000000 -nan 0.000000
93 40 -1 -1 0 0 0 0 0.000000 0.000000 0.000000 -nan 0.000000
94 41 0 264 24777 24777 532939872 532939872 794878201.052481 271320009.671841 0.000000 32081.293177 271320009.671841
95 42 -1 -1 0 0 0 0 0.000000 0.000000 0.000000 -nan 0.000000
96 43 -1 -1 0 0 0 0 0.000000 0.000000 0.000000 -nan 0.000000
97 44 -1 -1 0 0 0 0 0.000000 0.000000 0.000000 -nan 0.000000
98 45 -1 -1 0 0 0 0 0.000000 0.000000 0.000000 -nan 0.000000
99 46 0 209 21141 21141 425391840 425391840 594121968.800783 271320006.665447 0.000000 28102.831881 271320006.665447
100 47 -1 -1 0 0 0 0 0.000000 0.000000 0.000000 -nan 0.000000
101 48 -1 -1 0 0 0 0 0.000000 0.000000 0.000000 -nan 0.000000
102 49 -1 -1 0 0 0 0 0.000000 0.000000 0.000000 -nan 0.000000
103 50 -1 -1 0 0 0 0 0.000000 0.000000 0.000000 -nan 0.000000
104 51 0 148 24777 24777 532939872 532939872 754201402.404675 271320586.191798 0.000000 30439.577124 271320586.191798
105 52 0 229 24777 24777 532939872 532939872 737380183.077968 271324477.270703 0.000000 29760.672522 271324477.270703
106 53 -1 -1 0 0 0 0 0.000000 0.000000 0.000000 -nan 0.000000
107 54 0 70 12135 12135 532838736 532838736 674815679.420507 271324029.277992 0.000000 55609.038271 271324029.277992
108 55 0 193 30231 30231 641195712 641195712 956182726.516438 271317690.907606 0.000000 31629.212613 271317690.907606
109 56 -1 -1 0 0 0 0 0.000000 0.000000 0.000000 -nan 0.000000
110 57 -1 -1 0 0 0 0 0.000000 0.000000 0.000000 -nan 0.000000
111 58 0 158 30231 30231 641195712 641195712 965588578.510095 271322243.011170 0.000000 31940.345292 271322243.011170
112 59 0 11 26583 26583 532954320 532954320 770318969.844383 271318897.336203 0.000000 28977.879466 271318897.336203
160 60 -1 -1 0 0 0 0 0.000000 0.000000 0.000000 -nan 0.000000
161 61 -1 -1 0 0 0 0 0.000000 0.000000 0.000000 -nan 0.000000
162 62 0 96 30231 30231 641195712 641195712 942612488.029447 271313052.029418 0.000000 31180.327744 271313052.029418
163 63 0 116 24777 24777 532939872 532939872 777188238.823021 271317439.156801 0.000000 31367.326102 271317439.156801
164 64 -1 -1 0 0 0 0 0.000000 0.000000 0.000000 -nan 0.000000
165 65 -1 -1 0 0 0 0 0.000000 0.000000 0.000000 -nan 0.000000
166 66 -1 -1 0 0 0 0 0.000000 0.000000 0.000000 -nan 0.000000
167 67 -1 -1 0 0 0 0 0.000000 0.000000 0.000000 -nan 0.000000
168 68 -1 -1 0 0 0 0 0.000000 0.000000 0.000000 -nan 0.000000
169 69 0 28 8499 8499 425290704 425290704 497987675.237402 271319475.499809 0.000000 58593.678696 271319475.499809
170 70 -1 -1 0 0 0 0 0.000000 0.000000 0.000000 -nan 0.000000
171 71 -1 -1 0 0 0 0 0.000000 0.000000 0.000000 -nan 0.000000
172 72 -1 -1 0 0 0 0 0.000000 0.000000 0.000000 -nan 0.000000
173 73 0 291 24777 24777 532939872 532939872 733298958.771271 271322903.492863 0.000000 29595.954263 271322903.492863
174 74 -1 -1 0 0 0 0 0.000000 0.000000 0.000000 -nan 0.000000
175 75 0 250 24777 24777 532939872 532939872 754778402.812659 271319094.418579 0.000000 30462.864867 271319094.418579
176 76 -1 -1 0 0 0 0 0.000000 0.000000 0.000000 -nan 0.000000
177 77 -1 -1 0 0 0 0 0.000000 0.000000 0.000000 -nan 0.000000
178 78 0 267 24777 24777 532939872 532939872 764706316.285361 271323731.403988 0.000000 30863.555567 271323731.403988
179 79 -1 -1 0 0 0 0 0.000000 0.000000 0.000000 -nan 0.000000
180 80 -1 -1 0 0 0 0 0.000000 0.000000 0.000000 -nan 0.000000
181 81 -1 -1 0 0 0 0 0.000000 0.000000 0.000000 -nan 0.000000
182 82 -1 -1 0 0 0 0 0.000000 0.000000 0.000000 -nan 0.000000
183 83 -1 -1 0 0 0 0 0.000000 0.000000 0.000000 -nan 0.000000
184 84 -1 -1 0 0 0 0 0.000000 0.000000 0.000000 -nan 0.000000
185 85 0 98 30231 30231 641195712 641195712 921532366.221824 271317177.557022 0.000000 30483.026239 271317177.557022
186 86 0 77 32037 32037 641210160 641210160 920667308.524638 271316728.308508 0.000000 28737.625512 271316728.308508
187 87 -1 -1 0 0 0 0 0.000000 0.000000 0.000000 -nan 0.000000
188 88 -1 -1 0 0 0 0 0.000000 0.000000 0.000000 -nan 0.000000
189 89 0 182 24777 24777 532939872 532939872 753191629.429327 271318182.975008 0.000000 30398.822675 271318182.975008
237 90 -1 -1 0 0 0 0 0.000000 0.000000 0.000000 -nan 0.000000
238 91 0 258 30231 30231 641195712 641195712 988649649.145849 271321392.373461 0.000000 32703.173866 271321392.373461
239 92 -1 -1 0 0 0 0 0.000000 0.000000 0.000000 -nan 0.000000
240 93 -1 -1 0 0 0 0 0.000000 0.000000 0.000000 -nan 0.000000
241 94 0 222 30231 30231 641195712 641195712 1000130592.275878 271322242.128414 0.000000 33082.947712 271322242.128414
242 95 -1 -1 0 0 0 0 0.000000 0.000000 0.000000 -nan 0.000000
243 96 0 283 24777 24777 532939872 532939872 834906573.871310 271323732.447027 0.000000 33696.838757 271323732.447027
244 97 0 188 30231 30231 641195712 641195712 973465612.307806 271315867.454364 0.000000 32200.906762 271315867.454364
245 98 -1 -1 0 0 0 0 0.000000 0.000000 0.000000 -nan 0.000000
246 99 0 266 24777 24777 532939872 532939872 806487541.468315 271322240.553527 0.000000 32549.846288 271322240.553527
247 100 0 262 30231 30231 641195712 641195712 1016410813.958052 271324474.870319 0.000000 33621.475107 271324474.870319
248 101 0 44 12135 12135 532838736 532838736 681102362.348079 271322836.599416 0.000000 56127.100317 271322836.599416
249 102 -1 -1 0 0 0 0 0.000000 0.000000 0.000000 -nan 0.000000
250 103 0 153 24777 24777 532939872 532939872 764927191.958234 271321411.946943 0.000000 30872.470112 271321411.946943
251 104 -1 -1 0 0 0 0 0.000000 0.000000 0.000000 -nan 0.000000
252 105 0 147 24777 24777 532939872 532939872 808551759.432666 271318270.566928 0.000000 32633.158148 271318270.566928
253 106 0 256 30231 30231 641195712 641195712 1012621995.120966 271319986.447366 0.000000 33496.146178 271319986.447366
254 107 0 122 24777 24777 532939872 532939872 764589549.423106 271315948.264243 0.000000 30858.842855 271315948.264243
255 108 -1 -1 0 0 0 0 0.000000 0.000000 0.000000 -nan 0.000000
256 109 -1 -1 0 0 0 0 0.000000 0.000000 0.000000 -nan 0.000000
257 110 -1 -1 0 0 0 0 0.000000 0.000000 0.000000 -nan 0.000000
258 111 -1 -1 0 0 0 0 0.000000 0.000000 0.000000 -nan 0.000000
259 112 0 272 21141 21141 425391840 425391840 639750112.411970 271322492.041248 0.000000 30261.109333 271322492.041248
260 113 0 49 26583 26583 532954320 532954320 776084841.758200 271318565.682890 0.000000 29194.780189 271318565.682890
261 114 -1 -1 0 0 0 0 0.000000 0.000000 0.000000 -nan 0.000000
262 115 -1 -1 0 0 0 0 0.000000 0.000000 0.000000 -nan 0.000000
263 116 0 293 24777 24777 532939872 532939872 753559277.234185 271328451.535681 0.000000 30413.660945 271328451.535681
264 117 -1 -1 0 0 0 0 0.000000 0.000000 0.000000 -nan 0.000000
265 118 -1 -1 0 0 0 0 0.000000 0.000000 0.000000 -nan 0.000000
266 119 -1 -1 0 0 0 0 0.000000 0.000000 0.000000 -nan 0.000000
314 120 0 197 30231 30231 641195712 641195712 960536493.241293 271323155.676297 0.000000 31773.229243 271323155.676297
315 121 -1 -1 0 0 0 0 0.000000 0.000000 0.000000 -nan 0.000000
316 122 0 255 24777 24777 532939872 532939872 789091093.253154 271323303.920465 0.000000 31847.725441 271323303.920465
317 123 0 2 8499 8499 425290704 425290704 562533306.460085 271323449.076382 0.000000 66188.175840 271323449.076382
318 124 0 3 22947 22947 425406288 425406288 605664087.526889 271322043.306382 0.000000 26394.042251 271322043.306382
319 125 -1 -1 0 0 0 0 0.000000 0.000000 0.000000 -nan 0.000000
320 126 0 18 12135 12135 532838736 532838736 714262351.908710 271325005.200036 0.000000 58859.691134 271325005.200036
321 127 -1 -1 0 0 0 0 0.000000 0.000000 0.000000 -nan 0.000000
322 128 -1 -1 0 0 0 0 0.000000 0.000000 0.000000 -nan 0.000000
323 129 -1 -1 0 0 0 0 0.000000 0.000000 0.000000 -nan 0.000000
324 130 -1 -1 0 0 0 0 0.000000 0.000000 0.000000 -nan 0.000000
325 131 -1 -1 0 0 0 0 0.000000 0.000000 0.000000 -nan 0.000000
326 132 -1 -1 0 0 0 0 0.000000 0.000000 0.000000 -nan 0.000000
327 133 0 129 24777 24777 532939872 532939872 822047253.207845 271317691.975247 0.000000 33177.836429 271317691.975247
328 134 0 74 12135 12135 532838736 532838736 700268760.472468 271324362.368301 0.000000 57706.531559 271324362.368301
329 135 0 21 26583 26583 532954320 532954320 775955309.708143 271318562.987444 0.000000 29189.907449 271318562.987444
330 136 -1 -1 0 0 0 0 0.000000 0.000000 0.000000 -nan 0.000000
331 137 -1 -1 0 0 0 0 0.000000 0.000000 0.000000 -nan 0.000000
332 138 -1 -1 0 0 0 0 0.000000 0.000000 0.000000 -nan 0.000000
333 139 -1 -1 0 0 0 0 0.000000 0.000000 0.000000 -nan 0.000000
334 140 -1 -1 0 0 0 0 0.000000 0.000000 0.000000 -nan 0.000000
335 141 0 57 26583 26583 532954320 532954320 816879783.835006 271317244.183171 0.000000 30729.405403 271317244.183171
336 142 -1 -1 0 0 0 0 0.000000 0.000000 0.000000 -nan 0.000000
337 143 0 276 24777 24777 532939872 532939872 800098867.427887 271323732.093023 0.000000 32291.999331 271323732.093023
338 144 -1 -1 0 0 0 0 0.000000 0.000000 0.000000 -nan 0.000000
339 145 0 273 21141 21141 425391840 425391840 593089585.666509 271323980.750848 0.000000 28053.998660 271323980.750848
340 146 -1 -1 0 0 0 0 0.000000 0.000000 0.000000 -nan 0.000000
341 147 -1 -1 0 0 0 0 0.000000 0.000000 0.000000 -nan 0.000000
342 148 -1 -1 0 0 0 0 0.000000 0.000000 0.000000 -nan 0.000000
343 149 0 120 21141 21141 425391840 425391840 593141556.412581 271316861.345168 0.000000 28056.456952 271316861.345168
391 150 -1 -1 0 0 0 0 0.000000 0.000000 0.000000 -nan 0.000000
392 151 -1 -1 0 0 0 0 0.000000 0.000000 0.000000 -nan 0.000000
393 152 0 58 12135 12135 532838736 532838736 680710770.433419 271324366.862535 0.000000 56094.830691 271324366.862535
394 153 -1 -1 0 0 0 0 0.000000 0.000000 0.000000 -nan 0.000000
395 154 -1 -1 0 0 0 0 0.000000 0.000000 0.000000 -nan 0.000000
396 155 0 295 18717 18717 318546768 318546768 450489922.397651 271324887.274133 0.000000 24068.489736 271324887.274133
397 156 0 169 24777 24777 532939872 532939872 772454045.124152 271325725.956020 0.000000 31176.253991 271325725.956020
398 157 -1 -1 0 0 0 0 0.000000 0.000000 0.000000 -nan 0.000000
399 158 -1 -1 0 0 0 0 0.000000 0.000000 0.000000 -nan 0.000000
400 159 0 237 24777 24777 532939872 532939872 779042684.303324 271323981.514906 0.000000 31442.171542 271323981.514906
401 160 -1 -1 0 0 0 0 0.000000 0.000000 0.000000 -nan 0.000000
402 161 0 119 21141 21141 425391840 425391840 597374699.327049 271320417.583121 0.000000 28256.690759 271320417.583121
403 162 -1 -1 0 0 0 0 0.000000 0.000000 0.000000 -nan 0.000000
404 163 -1 -1 0 0 0 0 0.000000 0.000000 0.000000 -nan 0.000000
405 164 0 252 30231 30231 641195712 641195712 951574648.951242 271320754.289040 0.000000 31476.783730 271320754.289040
406 165 0 141 30231 30231 641195712 641195712 996027095.666483 271324808.412397 0.000000 32947.209674 271324808.412397
407 166 0 171 30231 30231 641195712 641195712 929325983.192723 271323732.084078 0.000000 30740.828394 271323732.084078
408 167 0 265 21141 21141 425391840 425391840 614069660.583203 271323156.664607 0.000000 29046.386670 271323156.664607
409 168 -1 -1 0 0 0 0 0.000000 0.000000 0.000000 -nan 0.000000
410 169 -1 -1 0 0 0 0 0.000000 0.000000 0.000000 -nan 0.000000
411 170 -1 -1 0 0 0 0 0.000000 0.000000 0.000000 -nan 0.000000
412 171 0 294 21141 21141 425391840 425391840 578513948.128464 271325965.423762 0.000000 27364.549838 271325965.423762
413 172 -1 -1 0 0 0 0 0.000000 0.000000 0.000000 -nan 0.000000
414 173 -1 -1 0 0 0 0 0.000000 0.000000 0.000000 -nan 0.000000
415 174 -1 -1 0 0 0 0 0.000000 0.000000 0.000000 -nan 0.000000
416 175 -1 -1 0 0 0 0 0.000000 0.000000 0.000000 -nan 0.000000
417 176 -1 -1 0 0 0 0 0.000000 0.000000 0.000000 -nan 0.000000
418 177 -1 -1 0 0 0 0 0.000000 0.000000 0.000000 -nan 0.000000
419 178 -1 -1 0 0 0 0 0.000000 0.000000 0.000000 -nan 0.000000
420 179 0 187 30231 30231 641195712 641195712 920712137.199435 271318267.272055 0.000000 30455.894188 271318267.272055
468 180 -1 -1 0 0 0 0 0.000000 0.000000 0.000000 -nan 0.000000
469 181 -1 -1 0 0 0 0 0.000000 0.000000 0.000000 -nan 0.000000
470 182 -1 -1 0 0 0 0 0.000000 0.000000 0.000000 -nan 0.000000
471 183 -1 -1 0 0 0 0 0.000000 0.000000 0.000000 -nan 0.000000
472 184 0 263 30231 30231 641195712 641195712 915262273.242572 271323397.876771 0.000000 30275.620166 271323397.876771
473 185 -1 -1 0 0 0 0 0.000000 0.000000 0.000000 -nan 0.000000
474 186 -1 -1 0 0 0 0 0.000000 0.000000 0.000000 -nan 0.000000
475 187 -1 -1 0 0 0 0 0.000000 0.000000 0.000000 -nan 0.000000
476 188 0 128 30231 30231 641195712 641195712 995464410.502172 271316840.312012 0.000000 32928.596821 271316840.312012
477 189 0 67 32037 32037 641210160 641210160 985977357.362765 271325188.602243 0.000000 30776.207428 271325188.602243
478 190 0 61 26583 26583 532954320 532954320 783549930.866974 271319473.872675 0.000000 29475.602109 271319473.872675
479 191 0 170 24777 24777 532939872 532939872 785650825.187526 271322240.291418 0.000000 31708.876183 271322240.291418
480 192 0 31 26583 26583 532954320 532954320 731948320.628127 271318647.609597 0.000000 27534.451365 271318647.609597
481 193 -1 -1 0 0 0 0 0.000000 0.000000 0.000000 -nan 0.000000
482 194 -1 -1 0 0 0 0 0.000000 0.000000 0.000000 -nan 0.000000
483 195 -1 -1 0 0 0 0 0.000000 0.000000 0.000000 -nan 0.000000
484 196 0 215 24777 24777 532939872 532939872 700865572.701978 271323564.249000 0.000000 28286.942435 271323564.249000
485 197 0 196 30231 30231 641195712 641195712 959900381.457284 271318184.917379 0.000000 31752.187538 271318184.917379
486 198 -1 -1 0 0 0 0 0.000000 0.000000 0.000000 -nan 0.000000
487 199 -1 -1 0 0 0 0 0.000000 0.000000 0.000000 -nan 0.000000
488 200 -1 -1 0 0 0 0 0.000000 0.000000 0.000000 -nan 0.000000
489 201 -1 -1 0 0 0 0 0.000000 0.000000 0.000000 -nan 0.000000
490 202 0 166 30231 30231 641195712 641195712 884556274.564439 271322819.062773 0.000000 29259.907862 271322819.062773
491 203 -1 -1 0 0 0 0 0.000000 0.000000 0.000000 -nan 0.000000
492 204 -1 -1 0 0 0 0 0.000000 0.000000 0.000000 -nan 0.000000
493 205 0 144 24777 24777 532939872 532939872 729371332.971128 271319345.637075 0.000000 29437.435241 271319345.637075
494 206 -1 -1 0 0 0 0 0.000000 0.000000 0.000000 -nan 0.000000
495 207 -1 -1 0 0 0 0 0.000000 0.000000 0.000000 -nan 0.000000
496 208 -1 -1 0 0 0 0 0.000000 0.000000 0.000000 -nan 0.000000
497 209 -1 -1 0 0 0 0 0.000000 0.000000 0.000000 -nan 0.000000
545 210 -1 -1 0 0 0 0 0.000000 0.000000 0.000000 -nan 0.000000
546 211 0 12 12135 12135 532838736 532838736 700694430.779571 271322176.702589 0.000000 57741.609459 271322176.702589
547 212 -1 -1 0 0 0 0 0.000000 0.000000 0.000000 -nan 0.000000
548 213 -1 -1 0 0 0 0 0.000000 0.000000 0.000000 -nan 0.000000
549 214 -1 -1 0 0 0 0 0.000000 0.000000 0.000000 -nan 0.000000
550 215 -1 -1 0 0 0 0 0.000000 0.000000 0.000000 -nan 0.000000
551 216 0 177 24777 24777 532939872 532939872 739469034.947884 271318516.774269 0.000000 29844.978607 271318516.774269
552 217 -1 -1 0 0 0 0 0.000000 0.000000 0.000000 -nan 0.000000
553 218 0 103 30231 30231 641195712 641195712 946947723.889193 271319991.268091 0.000000 31323.731398 271319991.268091
554 219 0 289 21141 21141 425391840 425391840 598672900.808643 271323984.106292 0.000000 28318.097574 271323984.106292
555 220 -1 -1 0 0 0 0 0.000000 0.000000 0.000000 -nan 0.000000
556 221 -1 -1 0 0 0 0 0.000000 0.000000 0.000000 -nan 0.000000
557 222 0 69 26583 26583 532954320 532954320 797867547.212701 271318563.161349 0.000000 30014.202581 271318563.161349
558 223 0 201 30231 30231 641195712 641195712 911802169.919226 271320839.384265 0.000000 30161.164696 271320839.384265
559 224 -1 -1 0 0 0 0 0.000000 0.000000 0.000000 -nan 0.000000
560 225 -1 -1 0 0 0 0 0.000000 0.000000 0.000000 -nan 0.000000
561 226 -1 -1 0 0 0 0 0.000000 0.000000 0.000000 -nan 0.000000
562 227 -1 -1 0 0 0 0 0.000000 0.000000 0.000000 -nan 0.000000
563 228 0 185 24777 24777 532939872 532939872 732223931.010394 271318265.790816 0.000000 29552.566130 271318265.790816
564 229 -1 -1 0 0 0 0 0.000000 0.000000 0.000000 -nan 0.000000
565 230 -1 -1 0 0 0 0 0.000000 0.000000 0.000000 -nan 0.000000
566 231 -1 -1 0 0 0 0 0.000000 0.000000 0.000000 -nan 0.000000
567 232 -1 -1 0 0 0 0 0.000000 0.000000 0.000000 -nan 0.000000
568 233 0 233 30231 30231 641195712 641195712 945051295.607488 271325726.707246 0.000000 31261.000152 271325726.707246
569 234 0 97 30231 30231 641195712 641195712 954216811.600409 271317691.484978 0.000000 31564.182845 271317691.484978
570 235 0 75 26583 26583 532954320 532954320 772223014.043247 271321214.996974 0.000000 29049.505851 271321214.996974
571 236 -1 -1 0 0 0 0 0.000000 0.000000 0.000000 -nan 0.000000
572 237 -1 -1 0 0 0 0 0.000000 0.000000 0.000000 -nan 0.000000
573 238 -1 -1 0 0 0 0 0.000000 0.000000 0.000000 -nan 0.000000
574 239 -1 -1 0 0 0 0 0.000000 0.000000 0.000000 -nan 0.000000
622 240 0 0 6075 6075 318445632 318445632 390397548.377971 271321217.009779 0.000000 64262.970926 271321217.009779
623 241 -1 -1 0 0 0 0 0.000000 0.000000 0.000000 -nan 0.000000
624 242 0 181 24777 24777 532939872 532939872 723335603.487015 271320499.538105 0.000000 29193.833131 271320499.538105
625 243 -1 -1 0 0 0 0 0.000000 0.000000 0.000000 -nan 0.000000
626 244 -1 -1 0 0 0 0 0.000000 0.000000 0.000000 -nan 0.000000
627 245 -1 -1 0 0 0 0 0.000000 0.000000 0.000000 -nan 0.000000
628 246 -1 -1 0 0 0 0 0.000000 0.000000 0.000000 -nan 0.000000
629 247 -1 -1 0 0 0 0 0.000000 0.000000 0.000000 -nan 0.000000
630 248 0 135 24777 24777 532939872 532939872 730192168.496685 271320251.649353 0.000000 29470.564172 271320251.649353
631 249 -1 -1 0 0 0 0 0.000000 0.000000 0.000000 -nan 0.000000
632 250 -1 -1 0 0 0 0 0.000000 0.000000 0.000000 -nan 0.000000
633 251 -1 -1 0 0 0 0 0.000000 0.000000 0.000000 -nan 0.000000
634 252 0 239 21141 21141 425391840 425391840 559076576.539841 271320986.617379 0.000000 26445.133936 271320986.617379
635 253 -1 -1 0 0 0 0 0.000000 0.000000 0.000000 -nan 0.000000
636 254 -1 -1 0 0 0 0 0.000000 0.000000 0.000000 -nan 0.000000
637 255 -1 -1 0 0 0 0 0.000000 0.000000 0.000000 -nan 0.000000
638 256 0 183 24777 24777 532939872 532939872 713763191.302275 271320417.298385 0.000000 28807.490467 271320417.298385
639 257 -1 -1 0 0 0 0 0.000000 0.000000 0.000000 -nan 0.000000
640 258 -1 -1 0 0 0 0 0.000000 0.000000 0.000000 -nan 0.000000
641 259 -1 -1 0 0 0 0 0.000000 0.000000 0.000000 -nan 0.000000
642 260 -1 -1 0 0 0 0 0.000000 0.000000 0.000000 -nan 0.000000
643 261 0 247 30231 30231 641195712 641195712 876216447.374936 271323563.659403 0.000000 28984.037821 271323563.659403
644 262 -1 -1 0 0 0 0 0.000000 0.000000 0.000000 -nan 0.000000
645 263 -1 -1 0 0 0 0 0.000000 0.000000 0.000000 -nan 0.000000
646 264 0 298 21141 21141 425391840 425391840 617833349.575943 271325386.340381 0.000000 29224.414624 271325386.340381
647 265 0 230 24777 24777 532939872 532939872 760370225.783733 271323646.908666 0.000000 30688.550905 271323646.908666
648 266 -1 -1 0 0 0 0 0.000000 0.000000 0.000000 -nan 0.000000
649 267 0 42 17589 17589 641094576 641094576 860805062.015759 271322011.154533 0.000000 48939.966002 271322011.154533
650 268 -1 -1 0 0 0 0 0.000000 0.000000 0.000000 -nan 0.000000
651 269 0 156 30231 30231 641195712 641195712 906363367.112705 271318186.160681 0.000000 29981.256562 271318186.160681
699 270 -1 -1 0 0 0 0 0.000000 0.000000 0.000000 -nan 0.000000
700 271 -1 -1 0 0 0 0 0.000000 0.000000 0.000000 -nan 0.000000
701 272 -1 -1 0 0 0 0 0.000000 0.000000 0.000000 -nan 0.000000
702 273 -1 -1 0 0 0 0 0.000000 0.000000 0.000000 -nan 0.000000
703 274 -1 -1 0 0 0 0 0.000000 0.000000 0.000000 -nan 0.000000
704 275 0 131 30231 30231 641195712 641195712 987961784.820460 271322391.049273 0.000000 32680.420258 271322391.049273
705 276 0 118 24777 24777 532939872 532939872 779829445.449703 271318183.052670 0.000000 31473.925231 271318183.052670
706 277 0 253 30231 30231 641195712 641195712 934954584.163810 271321414.502754 0.000000 30927.014792 271321414.502754
707 278 -1 -1 0 0 0 0 0.000000 0.000000 0.000000 -nan 0.000000
708 279 -1 -1 0 0 0 0 0.000000 0.000000 0.000000 -nan 0.000000
709 280 -1 -1 0 0 0 0 0.000000 0.000000 0.000000 -nan 0.000000
710 281 -1 -1 0 0 0 0 0.000000 0.000000 0.000000 -nan 0.000000
711 282 0 41 32037 32037 641210160 641210160 957240247.405309 271317371.568533 0.000000 29879.209895 271317371.568533
712 283 -1 -1 0 0 0 0 0.000000 0.000000 0.000000 -nan 0.000000
713 284 0 190 24777 24777 532939872 532939872 763644240.622974 271316841.334066 0.000000 30820.690181 271316841.334066
714 285 -1 -1 0 0 0 0 0.000000 0.000000 0.000000 -nan 0.000000
715 286 -1 -1 0 0 0 0 0.000000 0.000000 0.000000 -nan 0.000000
716 287 -1 -1 0 0 0 0 0.000000 0.000000 0.000000 -nan 0.000000
717 288 -1 -1 0 0 0 0 0.000000 0.000000 0.000000 -nan 0.000000
718 289 -1 -1 0 0 0 0 0.000000 0.000000 0.000000 -nan 0.000000
719 290 0 212 24777 24777 532939872 532939872 698175653.798636 271319757.468195 0.000000 28178.377277 271319757.468195
720 291 -1 -1 0 0 0 0 0.000000 0.000000 0.000000 -nan 0.000000
721 292 -1 -1 0 0 0 0 0.000000 0.000000 0.000000 -nan 0.000000
722 293 -1 -1 0 0 0 0 0.000000 0.000000 0.000000 -nan 0.000000
723 294 -1 -1 0 0 0 0 0.000000 0.000000 0.000000 -nan 0.000000
724 295 0 218 30231 30231 641195712 641195712 920794586.298909 271318266.952828 0.000000 30458.621491 271318266.952828
725 296 -1 -1 0 0 0 0 0.000000 0.000000 0.000000 -nan 0.000000
726 297 0 108 30231 30231 641195712 641195712 934685013.647077 271318518.717521 0.000000 30918.097769 271318518.717521
727 298 0 208 24777 24777 532939872 532939872 724464241.775508 271319345.194374 0.000000 29239.384985 271319345.194374
728 299 -1 -1 0 0 0 0 0.000000 0.000000 0.000000 -nan 0.000000
776 300 0 168 30231 30231 641195712 641195712 915476079.725319 271317439.808412 0.000000 30282.692591 271317439.808412
777 301 -1 -1 0 0 0 0 0.000000 0.000000 0.000000 -nan 0.000000
778 302 -1 -1 0 0 0 0 0.000000 0.000000 0.000000 -nan 0.000000
779 303 -1 -1 0 0 0 0 0.000000 0.000000 0.000000 -nan 0.000000
780 304 -1 -1 0 0 0 0 0.000000 0.000000 0.000000 -nan 0.000000
781 305 -1 -1 0 0 0 0 0.000000 0.000000 0.000000 -nan 0.000000
782 306 -1 -1 0 0 0 0 0.000000 0.000000 0.000000 -nan 0.000000
783 307 0 244 21141 21141 425391840 425391840 580443361.105432 271320586.188980 0.000000 27455.813874 271320586.188980
784 308 0 10 8499 8499 425290704 425290704 546577942.809572 271322044.157493 0.000000 64310.853372 271322044.157493
785 309 -1 -1 0 0 0 0 0.000000 0.000000 0.000000 -nan 0.000000
786 310 0 207 24777 24777 532939872 532939872 760456072.799363 271319674.384480 0.000000 30692.015692 271319674.384480
787 311 -1 -1 0 0 0 0 0.000000 0.000000 0.000000 -nan 0.000000
788 312 -1 -1 0 0 0 0 0.000000 0.000000 0.000000 -nan 0.000000
789 313 0 243 24777 24777 532939872 532939872 754636433.935332 271324047.516280 0.000000 30457.135002 271324047.516280
790 314 0 43 32037 32037 641210160 641210160 1020307751.934439 271318864.497930 0.000000 31847.793237 271318864.497930
791 315 0 92 24777 24777 532939872 532939872 767812243.931122 271315038.828781 0.000000 30988.910842 271315038.828781
792 316 0 176 24777 24777 532939872 532939872 780077362.611999 271315371.159654 0.000000 31483.931171 271315371.159654
793 317 0 138 30231 30231 641195712 641195712 909206191.957833 271319094.236849 0.000000 30075.293307 271319094.236849
794 318 -1 -1 0 0 0 0 0.000000 0.000000 0.000000 -nan 0.000000
795 319 -1 -1 0 0 0 0 0.000000 0.000000 0.000000 -nan 0.000000
796 320 -1 -1 0 0 0 0 0.000000 0.000000 0.000000 -nan 0.000000
797 321 -1 -1 0 0 0 0 0.000000 0.000000 0.000000 -nan 0.000000
798 322 -1 -1 0 0 0 0 0.000000 0.000000 0.000000 -nan 0.000000
799 323 0 165 24777 24777 532939872 532939872 762512654.851894 271325305.286682 0.000000 30775.019367 271325305.286682
800 324 -1 -1 0 0 0 0 0.000000 0.000000 0.000000 -nan 0.000000
801 325 0 121 24777 24777 532939872 532939872 731384128.180917 271318265.610593 0.000000 29518.671679 271318265.610593
802 326 -1 -1 0 0 0 0 0.000000 0.000000 0.000000 -nan 0.000000
803 327 -1 -1 0 0 0 0 0.000000 0.000000 0.000000 -nan 0.000000
804 328 -1 -1 0 0 0 0 0.000000 0.000000 0.000000 -nan 0.000000
805 329 -1 -1 0 0 0 0 0.000000 0.000000 0.000000 -nan 0.000000
853 330 0 80 12135 12135 532838736 532838736 699464243.630049 271324177.877699 0.000000 57640.234333 271324177.877699
854 331 -1 -1 0 0 0 0 0.000000 0.000000 0.000000 -nan 0.000000
855 332 -1 -1 0 0 0 0 0.000000 0.000000 0.000000 -nan 0.000000
856 333 0 194 24777 24777 532939872 532939872 798429054.539414 271318245.990644 0.000000 32224.605664 271318245.990644
857 334 0 261 30231 30231 641195712 641195712 1093001978.103066 271324560.878010 0.000000 36155.005726 271324560.878010
858 335 0 275 21141 21141 425391840 425391840 665696776.593111 271321416.636964 0.000000 31488.424227 271321416.636964
859 336 0 219 24777 24777 532939872 532939872 836659080.043203 271320585.714885 0.000000 33767.569925 271320585.714885
860 337 0 112 30231 30231 641195712 641195712 1061788218.571382 271316199.762981 0.000000 35122.497389 271316199.762981
861 338 0 7 26583 26583 532954320 532954320 777433698.746351 271319048.404575 0.000000 29245.521527 271319048.404575
862 339 -1 -1 0 0 0 0 0.000000 0.000000 0.000000 -nan 0.000000
863 340 0 134 24777 24777 532939872 532939872 782217974.555873 271321328.470354 0.000000 31570.326293 271321328.470354
864 341 -1 -1 0 0 0 0 0.000000 0.000000 0.000000 -nan 0.000000
865 342 -1 -1 0 0 0 0 0.000000 0.000000 0.000000 -nan 0.000000
866 343 0 123 24777 24777 532939872 532939872 807304515.119343 271318267.090296 0.000000 32582.819353 271318267.090296
867 344 -1 -1 0 0 0 0 0.000000 0.000000 0.000000 -nan 0.000000
868 345 -1 -1 0 0 0 0 0.000000 0.000000 0.000000 -nan 0.000000
869 346 0 292 24777 24777 532939872 532939872 763660725.886518 271322820.504515 0.000000 30821.355527 271322820.504515
870 347 -1 -1 0 0 0 0 0.000000 0.000000 0.000000 -nan 0.000000
871 348 -1 -1 0 0 0 0 0.000000 0.000000 0.000000 -nan 0.000000
872 349 -1 -1 0 0 0 0 0.000000 0.000000 0.000000 -nan 0.000000
873 350 -1 -1 0 0 0 0 0.000000 0.000000 0.000000 -nan 0.000000
874 351 0 133 30231 30231 641195712 641195712 1004669467.200461 271323155.488610 0.000000 33233.087467 271323155.488610
875 352 -1 -1 0 0 0 0 0.000000 0.000000 0.000000 -nan 0.000000
876 353 0 109 24777 24777 532939872 532939872 740675721.265033 271320834.878711 0.000000 29893.680480 271320834.878711
877 354 0 4 6075 6075 318445632 318445632 374532279.459616 271319392.591365 0.000000 61651.404026 271319392.591365
878 355 -1 -1 0 0 0 0 0.000000 0.000000 0.000000 -nan 0.000000
879 356 0 203 30231 30231 641195712 641195712 962300284.819345 271321412.979315 0.000000 31831.573048 271321412.979315
880 357 -1 -1 0 0 0 0 0.000000 0.000000 0.000000 -nan 0.000000
881 358 -1 -1 0 0 0 0 0.000000 0.000000 0.000000 -nan 0.000000
882 359 -1 -1 0 0 0 0 0.000000 0.000000 0.000000 -nan 0.000000
930 360 0 152 24777 24777 532939872 532939872 784221186.902666 271319179.272049 0.000000 31651.175966 271319179.272049
931 361 0 284 21141 21141 425391840 425391840 616400441.875044 271321332.742947 0.000000 29156.636009 271321332.742947
932 362 -1 -1 0 0 0 0 0.000000 0.000000 0.000000 -nan 0.000000
933 363 0 155 24777 24777 532939872 532939872 758436159.502647 271320586.167308 0.000000 30610.491968 271320586.167308
934 364 -1 -1 0 0 0 0 0.000000 0.000000 0.000000 -nan 0.000000
935 365 -1 -1 0 0 0 0 0.000000 0.000000 0.000000 -nan 0.000000
936 366 0 167 30231 30231 641195712 641195712 917854184.982282 271322568.934235 0.000000 30361.357050 271322568.934235
937 367 -1 -1 0 0 0 0 0.000000 0.000000 0.000000 -nan 0.000000
938 368 0 223 30231 30231 641195712 641195712 967155089.434264 271322734.336997 0.000000 31992.163324 271322734.336997
939 369 0 36 17589 17589 641094576 641094576 826592616.784997 271320369.285420 0.000000 46994.861378 271320369.285420
940 370 -1 -1 0 0 0 0 0.000000 0.000000 0.000000 -nan 0.000000
941 371 -1 -1 0 0 0 0 0.000000 0.000000 0.000000 -nan 0.000000
942 372 -1 -1 0 0 0 0 0.000000 0.000000 0.000000 -nan 0.000000
943 373 -1 -1 0 0 0 0 0.000000 0.000000 0.000000 -nan 0.000000
944 374 -1 -1 0 0 0 0 0.000000 0.000000 0.000000 -nan 0.000000
945 375 0 254 24777 24777 532939872 532939872 709543996.590679 271320815.592382 0.000000 28637.203721 271320815.592382
946 376 -1 -1 0 0 0 0 0.000000 0.000000 0.000000 -nan 0.000000
947 377 -1 -1 0 0 0 0 0.000000 0.000000 0.000000 -nan 0.000000
948 378 -1 -1 0 0 0 0 0.000000 0.000000 0.000000 -nan 0.000000
949 379 -1 -1 0 0 0 0 0.000000 0.000000 0.000000 -nan 0.000000
950 380 -1 -1 0 0 0 0 0.000000 0.000000 0.000000 -nan 0.000000
951 381 -1 -1 0 0 0 0 0.000000 0.000000 0.000000 -nan 0.000000
952 382 -1 -1 0 0 0 0 0.000000 0.000000 0.000000 -nan 0.000000
953 383 -1 -1 0 0 0 0 0.000000 0.000000 0.000000 -nan 0.000000
954 384 0 179 21141 21141 425391840 425391840 584089941.596487 271320900.953240 0.000000 27628.302426 271320900.953240
955 385 0 235 21141 21141 425391840 425391840 619798876.722472 271324560.703335 0.000000 29317.386913 271324560.703335
956 386 -1 -1 0 0 0 0 0.000000 0.000000 0.000000 -nan 0.000000
957 387 -1 -1 0 0 0 0 0.000000 0.000000 0.000000 -nan 0.000000
958 388 -1 -1 0 0 0 0 0.000000 0.000000 0.000000 -nan 0.000000
959 389 -1 -1 0 0 0 0 0.000000 0.000000 0.000000 -nan 0.000000
1007 390 -1 -1 0 0 0 0 0.000000 0.000000 0.000000 -nan 0.000000
1008 391 -1 -1 0 0 0 0 0.000000 0.000000 0.000000 -nan 0.000000
1009 392 0 65 26583 26583 532954320 532954320 709683293.667829 271322957.860436 0.000000 26696.884989 271322957.860436
1010 393 -1 -1 0 0 0 0 0.000000 0.000000 0.000000 -nan 0.000000
1011 394 -1 -1 0 0 0 0 0.000000 0.000000 0.000000 -nan 0.000000
1012 395 0 277 24777 24777 532939872 532939872 769881759.023836 271325136.628254 0.000000 31072.436494 271325136.628254
1013 396 -1 -1 0 0 0 0 0.000000 0.000000 0.000000 -nan 0.000000
1014 397 0 23 26583 26583 532954320 532954320 780488894.505003 271320797.810926 0.000000 29360.451962 271320797.810926
1015 398 -1 -1 0 0 0 0 0.000000 0.000000 0.000000 -nan 0.000000
1016 399 -1 -1 0 0 0 0 0.000000 0.000000 0.000000 -nan 0.000000
1017 400 -1 -1 0 0 0 0 0.000000 0.000000 0.000000 -nan 0.000000
1018 401 -1 -1 0 0 0 0 0.000000 0.000000 0.000000 -nan 0.000000
1019 402 -1 -1 0 0 0 0 0.000000 0.000000 0.000000 -nan 0.000000
1020 403 0 59 22947 22947 425406288 425406288 576677722.678722 271321219.755486 0.000000 25130.854695 271321219.755486
1021 404 -1 -1 0 0 0 0 0.000000 0.000000 0.000000 -nan 0.000000
1022 405 0 60 8499 8499 425290704 425290704 526259334.999574 271322620.955832 0.000000 61920.147664 271322620.955832
1023 406 -1 -1 0 0 0 0 0.000000 0.000000 0.000000 -nan 0.000000
1024 407 0 62 12135 12135 532838736 532838736 694861739.523480 271324940.634149 0.000000 57260.959170 271324940.634149
1025 408 0 84 12135 12135 532838736 532838736 653236311.393447 271324028.980778 0.000000 53830.763197 271324028.980778
1026 409 -1 -1 0 0 0 0 0.000000 0.000000 0.000000 -nan 0.000000
1027 410 -1 -1 0 0 0 0 0.000000 0.000000 0.000000 -nan 0.000000
1028 411 -1 -1 0 0 0 0 0.000000 0.000000 0.000000 -nan 0.000000
1029 412 0 34 8499 8499 425290704 425290704 501083547.266437 271324365.423683 0.000000 58957.941789 271324365.423683
1030 413 -1 -1 0 0 0 0 0.000000 0.000000 0.000000 -nan 0.000000
1031 414 -1 -1 0 0 0 0 0.000000 0.000000 0.000000 -nan 0.000000
1032 415 0 288 24777 24777 532939872 532939872 783283229.211464 271319344.476321 0.000000 31613.319983 271319344.476321
1033 416 -1 -1 0 0 0 0 0.000000 0.000000 0.000000 -nan 0.000000
1034 417 -1 -1 0 0 0 0 0.000000 0.000000 0.000000 -nan 0.000000
1035 418 -1 -1 0 0 0 0 0.000000 0.000000 0.000000 -nan 0.000000
1036 419 -1 -1 0 0 0 0 0.000000 0.000000 0.000000 -nan 0.000000
1084 420 -1 -1 0 0 0 0 0.000000 0.000000 0.000000 -nan 0.000000
1085 421 -1 -1 0 0 0 0 0.000000 0.000000 0.000000 -nan 0.000000
1086 422 -1 -1 0 0 0 0 0.000000 0.000000 0.000000 -nan 0.000000
1087 423 -1 -1 0 0 0 0 0.000000 0.000000 0.000000 -nan 0.000000
1088 424 0 47 32037 32037 641210160 641210160 968819740.222075 271323599.734783 0.000000 30240.651129 271323599.734783
1089 425 -1 -1 0 0 0 0 0.000000 0.000000 0.000000 -nan 0.000000
1090 426 -1 -1 0 0 0 0 0.000000 0.000000 0.000000 -nan 0.000000
1091 427 0 140 24777 24777 532939872 532939872 786384959.350742 271321748.746034 0.000000 31738.505846 271321748.746034
1092 428 0 115 21141 21141 425391840 425391840 617792662.760512 271320901.500139 0.000000 29222.490079 271320901.500139
1093 429 -1 -1 0 0 0 0 0.000000 0.000000 0.000000 -nan 0.000000
1094 430 -1 -1 0 0 0 0 0.000000 0.000000 0.000000 -nan 0.000000
1095 431 0 269 21141 21141 425391840 425391840 617398337.906307 271327954.689016 0.000000 29203.837941 271327954.689016
1096 432 -1 -1 0 0 0 0 0.000000 0.000000 0.000000 -nan 0.000000
1097 433 -1 -1 0 0 0 0 0.000000 0.000000 0.000000 -nan 0.000000
1098 434 0 25 20523 20523 318561216 318561216 473282065.798049 271317241.826565 0.000000 23061.056658 271317241.826565
1099 435 -1 -1 0 0 0 0 0.000000 0.000000 0.000000 -nan 0.000000
1100 436 0 221 30231 30231 641195712 641195712 1008220061.430771 271322986.152419 0.000000 33350.536252 271322986.152419
1101 437 0 184 21141 21141 425391840 425391840 573339856.768812 271315120.239432 0.000000 27119.807803 271315120.239432
1102 438 -1 -1 0 0 0 0 0.000000 0.000000 0.000000 -nan 0.000000
1103 439 -1 -1 0 0 0 0 0.000000 0.000000 0.000000 -nan 0.000000
1104 440 0 63 26583 26583 532954320 532954320 746552915.048076 271321793.999631 0.000000 28083.847385 271321793.999631
1105 441 -1 -1 0 0 0 0 0.000000 0.000000 0.000000 -nan 0.000000
1106 442 -1 -1 0 0 0 0 0.000000 0.000000 0.000000 -nan 0.000000
1107 443 -1 -1 0 0 0 0 0.000000 0.000000 0.000000 -nan 0.000000
1108 444 0 281 24777 24777 532939872 532939872 757723583.972440 271324558.406448 0.000000 30581.732412 271324558.406448
1109 445 -1 -1 0 0 0 0 0.000000 0.000000 0.000000 -nan 0.000000
1110 446 -1 -1 0 0 0 0 0.000000 0.000000 0.000000 -nan 0.000000
1111 447 0 282 24777 24777 532939872 532939872 761818935.305014 271322240.951866 0.000000 30747.020838 271322240.951866
1112 448 -1 -1 0 0 0 0 0.000000 0.000000 0.000000 -nan 0.000000
1113 449 -1 -1 0 0 0 0 0.000000 0.000000 0.000000 -nan 0.000000
1161 450 -1 -1 0 0 0 0 0.000000 0.000000 0.000000 -nan 0.000000
1162 451 -1 -1 0 0 0 0 0.000000 0.000000 0.000000 -nan 0.000000
1163 452 -1 -1 0 0 0 0 0.000000 0.000000 0.000000 -nan 0.000000
1164 453 -1 -1 0 0 0 0 0.000000 0.000000 0.000000 -nan 0.000000
1165 454 -1 -1 0 0 0 0 0.000000 0.000000 0.000000 -nan 0.000000
1166 455 0 88 24777 24777 532939872 532939872 795304741.386333 271316860.554328 0.000000 32098.508350 271316860.554328
1167 456 -1 -1 0 0 0 0 0.000000 0.000000 0.000000 -nan 0.000000
1168 457 0 86 12135 12135 532838736 532838736 667657705.606107 271327091.167609 0.000000 55019.176399 271327091.167609
1169 458 -1 -1 0 0 0 0 0.000000 0.000000 0.000000 -nan 0.000000
1170 459 0 35 26583 26583 532954320 532954320 775322986.826165 271321217.884376 0.000000 29166.120710 271321217.884376
1171 460 -1 -1 0 0 0 0 0.000000 0.000000 0.000000 -nan 0.000000
1172 461 -1 -1 0 0 0 0 0.000000 0.000000 0.000000 -nan 0.000000
1173 462 0 126 30231 30231 641195712 641195712 882181819.476224 271317669.227645 0.000000 29181.364145 271317669.227645
1174 463 -1 -1 0 0 0 0 0.000000 0.000000 0.000000 -nan 0.000000
1175 464 -1 -1 0 0 0 0 0.000000 0.000000 0.000000 -nan 0.000000
1176 465 -1 -1 0 0 0 0 0.000000 0.000000 0.000000 -nan 0.000000
1177 466 -1 -1 0 0 0 0 0.000000 0.000000 0.000000 -nan 0.000000
1178 467 0 251 30231 30231 641195712 641195712 889911934.852215 271321413.364336 0.000000 29437.065755 271321413.364336
1179 468 -1 -1 0 0 0 0 0.000000 0.000000 0.000000 -nan 0.000000
1180 469 -1 -1 0 0 0 0 0.000000 0.000000 0.000000 -nan 0.000000
1181 470 0 125 24777 24777 532939872 532939872 779375048.962747 271319095.996770 0.000000 31455.585784 271319095.996770
1182 471 -1 -1 0 0 0 0 0.000000 0.000000 0.000000 -nan 0.000000
1183 472 0 48 17589 17589 641094576 641094576 814006546.968592 271320884.637854 0.000000 46279.296547 271320884.637854
1184 473 -1 -1 0 0 0 0 0.000000 0.000000 0.000000 -nan 0.000000
1185 474 -1 -1 0 0 0 0 0.000000 0.000000 0.000000 -nan 0.000000
1186 475 -1 -1 0 0 0 0 0.000000 0.000000 0.000000 -nan 0.000000
1187 476 0 279 21141 21141 425391840 425391840 618501165.020371 271326709.735993 0.000000 29256.003265 271326709.735993
1188 477 0 89 21141 21141 425391840 425391840 594806561.559735 271318333.099507 0.000000 28135.214113 271318333.099507
1189 478 -1 -1 0 0 0 0 0.000000 0.000000 0.000000 -nan 0.000000
1190 479 -1 -1 0 0 0 0 0.000000 0.000000 0.000000 -nan 0.000000
1238 480 0 136 30231 30231 641195712 641195712 954257809.034785 271316863.438035 0.000000 31565.538984 271316863.438035
1239 481 0 202 30231 30231 641195712 641195712 966523254.187254 271318266.036486 0.000000 31971.263081 271318266.036486
1240 482 -1 -1 0 0 0 0 0.000000 0.000000 0.000000 -nan 0.000000
1241 483 0 216 30231 30231 641195712 641195712 906857536.778432 271320007.265955 0.000000 29997.603016 271320007.265955
1242 484 -1 -1 0 0 0 0 0.000000 0.000000 0.000000 -nan 0.000000
1243 485 0 124 21141 21141 425391840 425391840 559251585.879995 271317608.255757 0.000000 26453.412132 271317608.255757
1244 486 -1 -1 0 0 0 0 0.000000 0.000000 0.000000 -nan 0.000000
1245 487 -1 -1 0 0 0 0 0.000000 0.000000 0.000000 -nan 0.000000
1246 488 -1 -1 0 0 0 0 0.000000 0.000000 0.000000 -nan 0.000000
1247 489 -1 -1 0 0 0 0 0.000000 0.000000 0.000000 -nan 0.000000
1248 490 -1 -1 0 0 0 0 0.000000 0.000000 0.000000 -nan 0.000000
1249 491 -1 -1 0 0 0 0 0.000000 0.000000 0.000000 -nan 0.000000
1250 492 0 173 30231 30231 641195712 641195712 872099989.556310 271321662.567774 0.000000 28847.871045 271321662.567774
1251 493 -1 -1 0 0 0 0 0.000000 0.000000 0.000000 -nan 0.000000
1252 494 -1 -1 0 0 0 0 0.000000 0.000000 0.000000 -nan 0.000000
1253 495 -1 -1 0 0 0 0 0.000000 0.000000 0.000000 -nan 0.000000
1254 496 -1 -1 0 0 0 0 0.000000 0.000000 0.000000 -nan 0.000000
1255 497 -1 -1 0 0 0 0 0.000000 0.000000 0.000000 -nan 0.000000
1256 498 -1 -1 0 0 0 0 0.000000 0.000000 0.000000 -nan 0.000000
1257 499 0 200 24777 24777 532939872 532939872 729547994.632713 271316863.527941 0.000000 29444.565308 271316863.527941
1258 500 -1 -1 0 0 0 0 0.000000 0.000000 0.000000 -nan 0.000000
1259 501 -1 -1 0 0 0 0 0.000000 0.000000 0.000000 -nan 0.000000
1260 502 -1 -1 0 0 0 0 0.000000 0.000000 0.000000 -nan 0.000000
1261 503 -1 -1 0 0 0 0 0.000000 0.000000 0.000000 -nan 0.000000
1262 504 -1 -1 0 0 0 0 0.000000 0.000000 0.000000 -nan 0.000000
1263 505 -1 -1 0 0 0 0 0.000000 0.000000 0.000000 -nan 0.000000
1264 506 -1 -1 0 0 0 0 0.000000 0.000000 0.000000 -nan 0.000000
1265 507 -1 -1 0 0 0 0 0.000000 0.000000 0.000000 -nan 0.000000
1266 508 -1 -1 0 0 0 0 0.000000 0.000000 0.000000 -nan 0.000000
1267 509 -1 -1 0 0 0 0 0.000000 0.000000 0.000000 -nan 0.000000
1315 510 0 14 8499 8499 425290704 425290704 543640765.964101 271323600.075471 0.000000 63965.262497 271323600.075471
1316 511 -1 -1 0 0 0 0 0.000000 0.000000 0.000000 -nan 0.000000
1317 512 -1 -1 0 0 0 0 0.000000 0.000000 0.000000 -nan 0.000000
1318 513 -1 -1 0 0 0 0 0.000000 0.000000 0.000000 -nan 0.000000
1319 514 0 40 12135 12135 532838736 532838736 695643069.678311 271320518.311428 0.000000 57325.345668 271320518.311428
1320 515 -1 -1 0 0 0 0 0.000000 0.000000 0.000000 -nan 0.000000
1321 516 0 145 21141 21141 425391840 425391840 620395533.482736 271320834.262565 0.000000 29345.609644 271320834.262565
1322 517 -1 -1 0 0 0 0 0.000000 0.000000 0.000000 -nan 0.000000
1323 518 -1 -1 0 0 0 0 0.000000 0.000000 0.000000 -nan 0.000000
1324 519 -1 -1 0 0 0 0 0.000000 0.000000 0.000000 -nan 0.000000
1325 520 0 8 12135 12135 532838736 532838736 711599843.480619 271318070.782527 0.000000 58640.283764 271318070.782527
1326 521 0 105 24777 24777 532939872 532939872 744198851.499932 271322580.204548 0.000000 30035.874057 271322580.204548
1327 522 -1 -1 0 0 0 0 0.000000 0.000000 0.000000 -nan 0.000000
1328 523 0 259 24777 24777 532939872 532939872 772256799.984041 271324709.284883 0.000000 31168.293174 271324709.284883
1329 524 -1 -1 0 0 0 0 0.000000 0.000000 0.000000 -nan 0.000000
1330 525 0 27 22947 22947 425406288 425406288 626543917.818833 271318712.465780 0.000000 27303.957721 271318712.465780
1331 526 0 87 26583 26583 532954320 532954320 835379878.129653 271323944.344103 0.000000 31425.342442 271323944.344103
1332 527 0 20 8499 8499 425290704 425290704 551982415.566407 271320054.384755 0.000000 64946.748508 271320054.384755
1333 528 0 30 8499 8499 425290704 425290704 572998021.560573 271321794.656684 0.000000 67419.463650 271321794.656684
1334 529 -1 -1 0 0 0 0 0.000000 0.000000 0.000000 -nan 0.000000
1335 530 0 79 26583 26583 532954320 532954320 786246423.192440 271319479.256271 0.000000 29577.038829 271319479.256271
1336 531 0 1 22947 22947 425406288 425406288 639698499.951096 271318898.571152 0.000000 27877.217063 271318898.571152
1337 532 -1 -1 0 0 0 0 0.000000 0.000000 0.000000 -nan 0.000000
1338 533 -1 -1 0 0 0 0 0.000000 0.000000 0.000000 -nan 0.000000
1339 534 0 85 22947 22947 425406288 425406288 621695230.527956 271320882.001676 0.000000 27092.658323 271320882.001676
1340 535 0 94 21141 21141 425391840 425391840 616766139.827075 271319096.149062 0.000000 29173.934054 271319096.149062
1341 536 -1 -1 0 0 0 0 0.000000 0.000000 0.000000 -nan 0.000000
1342 537 -1 -1 0 0 0 0 0.000000 0.000000 0.000000 -nan 0.000000
1343 538 0 204 24777 24777 532939872 532939872 723400773.855683 271320921.324012 0.000000 29196.463408 271320921.324012
1344 539 -1 -1 0 0 0 0 0.000000 0.000000 0.000000 -nan 0.000000
1392 540 0 163 30231 30231 641195712 641195712 909425412.630464 271320585.288920 0.000000 30082.544826 271320585.288920
1393 541 -1 -1 0 0 0 0 0.000000 0.000000 0.000000 -nan 0.000000
1394 542 -1 -1 0 0 0 0 0.000000 0.000000 0.000000 -nan 0.000000
1395 543 -1 -1 0 0 0 0 0.000000 0.000000 0.000000 -nan 0.000000
1396 544 0 83 32037 32037 641210160 641210160 1009010610.754552 271325089.856494 0.000000 31495.165301 271325089.856494
1397 545 0 56 12135 12135 532838736 532838736 765053045.226996 271322132.389388 0.000000 63045.162359 271322132.389388
1398 546 0 15 22947 22947 425406288 425406288 642311710.975203 271321280.889729 0.000000 27991.097354 271321280.889729
1399 547 -1 -1 0 0 0 0 0.000000 0.000000 0.000000 -nan 0.000000
1400 548 -1 -1 0 0 0 0 0.000000 0.000000 0.000000 -nan 0.000000
1401 549 0 271 21141 21141 425391840 425391840 606853418.687980 271322820.621787 0.000000 28705.047949 271322820.621787
1402 550 -1 -1 0 0 0 0 0.000000 0.000000 0.000000 -nan 0.000000
1403 551 -1 -1 0 0 0 0 0.000000 0.000000 0.000000 -nan 0.000000
1404 552 -1 -1 0 0 0 0 0.000000 0.000000 0.000000 -nan 0.000000
1405 553 0 50 12135 12135 532838736 532838736 686248207.813819 271326682.582062 0.000000 56551.150211 271326682.582062
1406 554 -1 -1 0 0 0 0 0.000000 0.000000 0.000000 -nan 0.000000
1407 555 -1 -1 0 0 0 0 0.000000 0.000000 0.000000 -nan 0.000000
1408 556 0 290 21141 21141 425391840 425391840 569714752.478294 271323469.758522 0.000000 26948.335106 271323469.758522
1409 557 -1 -1 0 0 0 0 0.000000 0.000000 0.000000 -nan 0.000000
1410 558 -1 -1 0 0 0 0 0.000000 0.000000 0.000000 -nan 0.000000
1411 559 -1 -1 0 0 0 0 0.000000 0.000000 0.000000 -nan 0.000000
1412 560 0 130 24777 24777 532939872 532939872 741387375.501542 271318245.459460 0.000000 29922.402854 271318245.459460
1413 561 0 268 24777 24777 532939872 532939872 814216885.867466 271324895.249364 0.000000 32861.802715 271324895.249364
1414 562 0 90 21141 21141 425391840 425391840 619853633.490808 271315948.603813 0.000000 29319.976987 271315948.603813
1415 563 -1 -1 0 0 0 0 0.000000 0.000000 0.000000 -nan 0.000000
1416 564 0 257 30231 30231 641195712 641195712 993223389.184770 271320010.092385 0.000000 32854.466911 271320010.092385
1417 565 0 287 24777 24777 532939872 532939872 750618756.678703 271325052.048947 0.000000 30294.981502 271325052.048947
1418 566 0 226 30231 30231 641195712 641195712 972930593.492392 271320323.655119 0.000000 32183.209073 271320323.655119
1419 567 -1 -1 0 0 0 0 0.000000 0.000000 0.000000 -nan 0.000000
1420 568 0 285 21141 21141 425391840 425391840 580690212.282665 271326132.270387 0.000000 27467.490293 271326132.270387
1421 569 0 191 30231 30231 641195712 641195712 943817251.777715 271320985.441267 0.000000 31220.179676 271320985.441267
1469 570 -1 -1 0 0 0 0 0.000000 0.000000 0.000000 -nan 0.000000
1470 571 0 280 21141 21141 425391840 425391840 614475118.085611 271322325.730951 0.000000 29065.565398 271322325.730951
1471 572 -1 -1 0 0 0 0 0.000000 0.000000 0.000000 -nan 0.000000
1472 573 0 154 21141 21141 425391840 425391840 595771218.608885 271319094.886536 0.000000 28180.843792 271319094.886536
1473 574 -1 -1 0 0 0 0 0.000000 0.000000 0.000000 -nan 0.000000
1474 575 -1 -1 0 0 0 0 0.000000 0.000000 0.000000 -nan 0.000000
1475 576 0 17 26583 26583 532954320 532954320 748436946.738113 271317884.011728 0.000000 28154.720940 271317884.011728
1476 577 -1 -1 0 0 0 0 0.000000 0.000000 0.000000 -nan 0.000000
1477 578 -1 -1 0 0 0 0 0.000000 0.000000 0.000000 -nan 0.000000
1478 579 0 64 8499 8499 425290704 425290704 511636830.955484 271326104.650844 0.000000 60199.650660 271326104.650844
1479 580 -1 -1 0 0 0 0 0.000000 0.000000 0.000000 -nan 0.000000
1480 581 0 51 32037 32037 641210160 641210160 955916139.594170 271323535.569112 0.000000 29837.879314 271323535.569112
1481 582 -1 -1 0 0 0 0 0.000000 0.000000 0.000000 -nan 0.000000
1482 583 -1 -1 0 0 0 0 0.000000 0.000000 0.000000 -nan 0.000000
1483 584 -1 -1 0 0 0 0 0.000000 0.000000 0.000000 -nan 0.000000
1484 585 0 205 21141 21141 425391840 425391840 576427580.432120 271324808.363117 0.000000 27265.861616 271324808.363117
1485 586 -1 -1 0 0 0 0 0.000000 0.000000 0.000000 -nan 0.000000
1486 587 -1 -1 0 0 0 0 0.000000 0.000000 0.000000 -nan 0.000000
1487 588 -1 -1 0 0 0 0 0.000000 0.000000 0.000000 -nan 0.000000
1488 589 0 160 24777 24777 532939872 532939872 752396930.867158 271316197.832187 0.000000 30366.748632 271316197.832187
1489 590 -1 -1 0 0 0 0 0.000000 0.000000 0.000000 -nan 0.000000
1490 591 -1 -1 0 0 0 0 0.000000 0.000000 0.000000 -nan 0.000000
1491 592 -1 -1 0 0 0 0 0.000000 0.000000 0.000000 -nan 0.000000
1492 593 -1 -1 0 0 0 0 0.000000 0.000000 0.000000 -nan 0.000000
1493 594 -1 -1 0 0 0 0 0.000000 0.000000 0.000000 -nan 0.000000
1494 595 0 16 12135 12135 532838736 532838736 730123637.957887 271319289.842429 0.000000 60166.760442 271319289.842429
1495 596 0 162 30231 30231 641195712 641195712 931357596.183203 271320323.489448 0.000000 30808.031365 271320323.489448
1496 597 0 270 18717 18717 318546768 318546768 443982490.951381 271321329.183692 0.000000 23720.814818 271321329.183692
1497 598 -1 -1 0 0 0 0 0.000000 0.000000 0.000000 -nan 0.000000
1498 599 -1 -1 0 0 0 0 0.000000 0.000000 0.000000 -nan 0.000000
1546 600 0 5 22947 22947 425406288 425406288 613194062.673527 271316245.277991 0.000000 26722.188638 271316245.277991
1547 601 0 95 24777 24777 532939872 532939872 761775060.014100 271319587.955895 0.000000 30745.250031 271319587.955895
1548 602 -1 -1 0 0 0 0 0.000000 0.000000 0.000000 -nan 0.000000
1549 603 -1 -1 0 0 0 0 0.000000 0.000000 0.000000 -nan 0.000000
1550 604 -1 -1 0 0 0 0 0.000000 0.000000 0.000000 -nan 0.000000
1551 605 0 240 21141 21141 425391840 425391840 623631566.360999 271319345.792560 0.000000 29498.678698 271319345.792560
1552 606 0 113 30231 30231 641195712 641195712 940139301.758009 271318516.004904 0.000000 31098.518136 271318516.004904
1553 607 -1 -1 0 0 0 0 0.000000 0.000000 0.000000 -nan 0.000000
1554 608 -1 -1 0 0 0 0 0.000000 0.000000 0.000000 -nan 0.000000
1555 609 -1 -1 0 0 0 0 0.000000 0.000000 0.000000 -nan 0.000000
1556 610 0 111 30231 30231 641195712 641195712 925863151.265802 271317840.048510 0.000000 30626.282666 271317840.048510
1557 611 0 45 26583 26583 532954320 532954320 793320899.171895 271319689.458117 0.000000 29843.166654 271319689.458117
1558 612 -1 -1 0 0 0 0 0.000000 0.000000 0.000000 -nan 0.000000
1559 613 -1 -1 0 0 0 0 0.000000 0.000000 0.000000 -nan 0.000000
1560 614 -1 -1 0 0 0 0 0.000000 0.000000 0.000000 -nan 0.000000
1561 615 0 6 12135 12135 532838736 532838736 651370043.403250 271321367.229406 0.000000 53676.971026 271321367.229406
1562 616 -1 -1 0 0 0 0 0.000000 0.000000 0.000000 -nan 0.000000
1563 617 -1 -1 0 0 0 0 0.000000 0.000000 0.000000 -nan 0.000000
1564 618 -1 -1 0 0 0 0 0.000000 0.000000 0.000000 -nan 0.000000
1565 619 -1 -1 0 0 0 0 0.000000 0.000000 0.000000 -nan 0.000000
1566 620 -1 -1 0 0 0 0 0.000000 0.000000 0.000000 -nan 0.000000
1567 621 -1 -1 0 0 0 0 0.000000 0.000000 0.000000 -nan 0.000000
1568 622 0 175 21141 21141 425391840 425391840 631340129.591628 271317011.752218 0.000000 29863.304933 271317011.752218
1569 623 0 149 21141 21141 425391840 425391840 633143945.903081 271322818.597804 0.000000 29948.628064 271322818.597804
1570 624 -1 -1 0 0 0 0 0.000000 0.000000 0.000000 -nan 0.000000
1571 625 0 26 8499 8499 425290704 425290704 510204838.970249 271321859.697645 0.000000 60031.161192 271321859.697645
1572 626 -1 -1 0 0 0 0 0.000000 0.000000 0.000000 -nan 0.000000
1573 627 -1 -1 0 0 0 0 0.000000 0.000000 0.000000 -nan 0.000000
1574 628 -1 -1 0 0 0 0 0.000000 0.000000 0.000000 -nan 0.000000
1575 629 0 192 30231 30231 641195712 641195712 944612098.415423 271316840.585377 0.000000 31246.472112 271316840.585377
1623 630 -1 -1 0 0 0 0 0.000000 0.000000 0.000000 -nan 0.000000
1624 631 -1 -1 0 0 0 0 0.000000 0.000000 0.000000 -nan 0.000000
1625 632 0 214 21141 21141 425391840 425391840 627983320.032656 271320501.031923 0.000000 29704.522966 271320501.031923
1626 633 0 71 32037 32037 641210160 641210160 912673047.771015 271320882.487217 0.000000 28488.093385 271320882.487217
1627 634 0 241 24777 24777 532939872 532939872 762365609.095449 271321662.809322 0.000000 30769.084598 271321662.809322
1628 635 0 54 12135 12135 532838736 532838736 700239901.364649 271322950.346741 0.000000 57704.153388 271322950.346741
1629 636 -1 -1 0 0 0 0 0.000000 0.000000 0.000000 -nan 0.000000
1630 637 -1 -1 0 0 0 0 0.000000 0.000000 0.000000 -nan 0.000000
1631 638 -1 -1 0 0 0 0 0.000000 0.000000 0.000000 -nan 0.000000
1632 639 0 159 24777 24777 532939872 532939872 726164339.443284 271321906.321318 0.000000 29308.000946 271321906.321318
1633 640 -1 -1 0 0 0 0 0.000000 0.000000 0.000000 -nan 0.000000
1634 641 -1 -1 0 0 0 0 0.000000 0.000000 0.000000 -nan 0.000000
1635 642 0 178 24777 24777 532939872 532939872 801129412.543458 271316840.526434 0.000000 32333.592144 271316840.526434
1636 643 0 104 24777 24777 532939872 532939872 799231855.951909 271314609.064198 0.000000 32257.006738 271314609.064198
1637 644 -1 -1 0 0 0 0 0.000000 0.000000 0.000000 -nan 0.000000
1638 645 0 91 24777 24777 532939872 532939872 801771548.797998 271317439.349161 0.000000 32359.508770 271317439.349161
1639 646 -1 -1 0 0 0 0 0.000000 0.000000 0.000000 -nan 0.000000
1640 647 -1 -1 0 0 0 0 0.000000 0.000000 0.000000 -nan 0.000000
1641 648 0 217 30231 30231 641195712 641195712 948579202.287185 271321412.152741 0.000000 31377.698465 271321412.152741
1642 649 -1 -1 0 0 0 0 0.000000 0.000000 0.000000 -nan 0.000000
1643 650 -1 -1 0 0 0 0 0.000000 0.000000 0.000000 -nan 0.000000
1644 651 -1 -1 0 0 0 0 0.000000 0.000000 0.000000 -nan 0.000000
1645 652 -1 -1 0 0 0 0 0.000000 0.000000 0.000000 -nan 0.000000
1646 653 -1 -1 0 0 0 0 0.000000 0.000000 0.000000 -nan 0.000000
1647 654 -1 -1 0 0 0 0 0.000000 0.000000 0.000000 -nan 0.000000
1648 655 -1 -1 0 0 0 0 0.000000 0.000000 0.000000 -nan 0.000000
1649 656 -1 -1 0 0 0 0 0.000000 0.000000 0.000000 -nan 0.000000
1650 657 -1 -1 0 0 0 0 0.000000 0.000000 0.000000 -nan 0.000000
1651 658 0 172 30231 30231 641195712 641195712 928385065.779238 271317690.518216 0.000000 30709.704137 271317690.518216
1652 659 -1 -1 0 0 0 0 0.000000 0.000000 0.000000 -nan 0.000000
1700 660 -1 -1 0 0 0 0 0.000000 0.000000 0.000000 -nan 0.000000
1701 661 -1 -1 0 0 0 0 0.000000 0.000000 0.000000 -nan 0.000000
1702 662 0 68 17589 17589 641094576 641094576 862278756.380741 271320882.020035 0.000000 49023.751002 271320882.020035
1703 663 -1 -1 0 0 0 0 0.000000 0.000000 0.000000 -nan 0.000000
1704 664 -1 -1 0 0 0 0 0.000000 0.000000 0.000000 -nan 0.000000
1705 665 0 143 30231 30231 641195712 641195712 913683927.255964 271319674.475079 0.000000 30223.410647 271319674.475079
1706 666 -1 -1 0 0 0 0 0.000000 0.000000 0.000000 -nan 0.000000
1707 667 0 151 24777 24777 532939872 532939872 748918989.904282 271323563.465663 0.000000 30226.378896 271323563.465663
1708 668 -1 -1 0 0 0 0 0.000000 0.000000 0.000000 -nan 0.000000
1709 669 0 199 24777 24777 532939872 532939872 766929150.599007 271320250.880726 0.000000 30953.269185 271320250.880726
1710 670 -1 -1 0 0 0 0 0.000000 0.000000 0.000000 -nan 0.000000
1711 671 0 227 30231 30231 641195712 641195712 942725069.977486 271321413.931604 0.000000 31184.051800 271321413.931604
1712 672 -1 -1 0 0 0 0 0.000000 0.000000 0.000000 -nan 0.000000
1713 673 -1 -1 0 0 0 0 0.000000 0.000000 0.000000 -nan 0.000000
1714 674 0 236 24777 24777 532939872 532939872 715692097.596299 271321664.611510 0.000000 28885.341147 271321664.611510
1715 675 -1 -1 0 0 0 0 0.000000 0.000000 0.000000 -nan 0.000000
1716 676 -1 -1 0 0 0 0 0.000000 0.000000 0.000000 -nan 0.000000
1717 677 -1 -1 0 0 0 0 0.000000 0.000000 0.000000 -nan 0.000000
1718 678 -1 -1 0 0 0 0 0.000000 0.000000 0.000000 -nan 0.000000
1719 679 -1 -1 0 0 0 0 0.000000 0.000000 0.000000 -nan 0.000000
1720 680 -1 -1 0 0 0 0 0.000000 0.000000 0.000000 -nan 0.000000
1721 681 -1 -1 0 0 0 0 0.000000 0.000000 0.000000 -nan 0.000000
1722 682 -1 -1 0 0 0 0 0.000000 0.000000 0.000000 -nan 0.000000
1723 683 -1 -1 0 0 0 0 0.000000 0.000000 0.000000 -nan 0.000000
1724 684 -1 -1 0 0 0 0 0.000000 0.000000 0.000000 -nan 0.000000
1725 685 -1 -1 0 0 0 0 0.000000 0.000000 0.000000 -nan 0.000000
1726 686 -1 -1 0 0 0 0 0.000000 0.000000 0.000000 -nan 0.000000
1727 687 0 206 24777 24777 532939872 532939872 709607657.039512 271317354.896910 0.000000 28639.773057 271317354.896910
1728 688 0 234 24777 24777 532939872 532939872 742440932.803615 271322240.424146 0.000000 29964.924438 271322240.424146
1729 689 -1 -1 0 0 0 0 0.000000 0.000000 0.000000 -nan 0.000000
1777 690 -1 -1 0 0 0 0 0.000000 0.000000 0.000000 -nan 0.000000
1778 691 -1 -1 0 0 0 0 0.000000 0.000000 0.000000 -nan 0.000000
1779 692 0 72 17589 17589 641094576 641094576 866381235.599164 271322044.381223 0.000000 49256.992188 271322044.381223
1780 693 0 225 24777 24777 532939872 532939872 756628301.631495 271320837.730492 0.000000 30537.526804 271320837.730492
1781 694 0 93 24777 24777 532939872 532939872 760339111.396847 271319839.674453 0.000000 30687.295128 271319839.674453
1782 695 0 39 26583 26583 532954320 532954320 743417856.747066 271321366.402474 0.000000 27965.912679 271321366.402474
1783 696 -1 -1 0 0 0 0 0.000000 0.000000 0.000000 -nan 0.000000
1784 697 -1 -1 0 0 0 0 0.000000 0.000000 0.000000 -nan 0.000000
1785 698 -1 -1 0 0 0 0 0.000000 0.000000 0.000000 -nan 0.000000
1786 699 -1 -1 0 0 0 0 0.000000 0.000000 0.000000 -nan 0.000000
1787 700 -1 -1 0 0 0 0 0.000000 0.000000 0.000000 -nan 0.000000
1788 701 -1 -1 0 0 0 0 0.000000 0.000000 0.000000 -nan 0.000000
1789 702 -1 -1 0 0 0 0 0.000000 0.000000 0.000000 -nan 0.000000
1790 703 -1 -1 0 0 0 0 0.000000 0.000000 0.000000 -nan 0.000000
1791 704 0 220 24777 24777 532939872 532939872 737603835.027928 271317357.606476 0.000000 29769.699117 271317357.606476
1792 705 -1 -1 0 0 0 0 0.000000 0.000000 0.000000 -nan 0.000000
1793 706 -1 -1 0 0 0 0 0.000000 0.000000 0.000000 -nan 0.000000
1794 707 -1 -1 0 0 0 0 0.000000 0.000000 0.000000 -nan 0.000000
1795 708 0 210 21141 21141 425391840 425391840 594067362.280675 271316348.366602 0.000000 28100.248914 271316348.366602
1796 709 -1 -1 0 0 0 0 0.000000 0.000000 0.000000 -nan 0.000000
1797 710 0 101 30231 30231 641195712 641195712 916734595.888371 271322158.546132 0.000000 30324.322579 271322158.546132
1798 711 -1 -1 0 0 0 0 0.000000 0.000000 0.000000 -nan 0.000000
1799 712 0 139 24777 24777 532939872 532939872 769953107.570751 271320585.170339 0.000000 31075.316123 271320585.170339
1800 713 -1 -1 0 0 0 0 0.000000 0.000000 0.000000 -nan 0.000000
1801 714 -1 -1 0 0 0 0 0.000000 0.000000 0.000000 -nan 0.000000
1802 715 -1 -1 0 0 0 0 0.000000 0.000000 0.000000 -nan 0.000000
1803 716 0 245 24777 24777 532939872 532939872 749852667.741753 271323646.059016 0.000000 30264.062144 271323646.059016
1804 717 -1 -1 0 0 0 0 0.000000 0.000000 0.000000 -nan 0.000000
1805 718 -1 -1 0 0 0 0 0.000000 0.000000 0.000000 -nan 0.000000
1806 719 -1 -1 0 0 0 0 0.000000 0.000000 0.000000 -nan 0.000000
1854 720 -1 -1 0 0 0 0 0.000000 0.000000 0.000000 -nan 0.000000
1855 721 -1 -1 0 0 0 0 0.000000 0.000000 0.000000 -nan 0.000000
1856 722 -1 -1 0 0 0 0 0.000000 0.000000 0.000000 -nan 0.000000
1857 723 -1 -1 0 0 0 0 0.000000 0.000000 0.000000 -nan 0.000000
1858 724 -1 -1 0 0 0 0 0.000000 0.000000 0.000000 -nan 0.000000
1859 725 0 53 32037 32037 641210160 641210160 944866856.141231 271321709.488484 0.000000 29492.987987 271321709.488484
1860 726 -1 -1 0 0 0 0 0.000000 0.000000 0.000000 -nan 0.000000
1861 727 0 157 30231 30231 641195712 641195712 945121372.523816 271322985.925720 0.000000 31263.318201 271322985.925720
1862 728 -1 -1 0 0 0 0 0.000000 0.000000 0.000000 -nan 0.000000
1863 729 0 19 22947 22947 425406288 425406288 577008548.986370 271321858.755436 0.000000 25145.271669 271321858.755436
1864 730 -1 -1 0 0 0 0 0.000000 0.000000 0.000000 -nan 0.000000
1865 731 0 107 30231 30231 641195712 641195712 963439493.400074 271321414.342640 0.000000 31869.256505 271321414.342640
1866 732 0 127 30231 30231 641195712 641195712 976218128.681749 271320985.786416 0.000000 32291.956226 271320985.786416
1867 733 0 33 26583 26583 532954320 532954320 751636955.531370 271318538.011890 0.000000 28275.098955 271318538.011890
1868 734 -1 -1 0 0 0 0 0.000000 0.000000 0.000000 -nan 0.000000
1869 735 -1 -1 0 0 0 0 0.000000 0.000000 0.000000 -nan 0.000000
1870 736 -1 -1 0 0 0 0 0.000000 0.000000 0.000000 -nan 0.000000
1871 737 -1 -1 0 0 0 0 0.000000 0.000000 0.000000 -nan 0.000000
1872 738 -1 -1 0 0 0 0 0.000000 0.000000 0.000000 -nan 0.000000
1873 739 -1 -1 0 0 0 0 0.000000 0.000000 0.000000 -nan 0.000000
1874 740 0 150 21141 21141 425391840 425391840 572711050.011892 271320501.239905 0.000000 27090.064331 271320501.239905
1875 741 -1 -1 0 0 0 0 0.000000 0.000000 0.000000 -nan 0.000000
1876 742 -1 -1 0 0 0 0 0.000000 0.000000 0.000000 -nan 0.000000
1877 743 -1 -1 0 0 0 0 0.000000 0.000000 0.000000 -nan 0.000000
1878 744 -1 -1 0 0 0 0 0.000000 0.000000 0.000000 -nan 0.000000
1879 745 0 106 30231 30231 641195712 641195712 943237325.492735 271319094.208618 0.000000 31200.996510 271319094.208618
1880 746 0 186 30231 30231 641195712 641195712 947196814.304475 271315947.758197 0.000000 31331.970967 271315947.758197
1881 747 -1 -1 0 0 0 0 0.000000 0.000000 0.000000 -nan 0.000000
1882 748 -1 -1 0 0 0 0 0.000000 0.000000 0.000000 -nan 0.000000
1883 749 0 37 32037 32037 641210160 641210160 953473432.360668 271318049.957494 0.000000 29761.632873 271318049.957494
1931 750 -1 -1 0 0 0 0 0.000000 0.000000 0.000000 -nan 0.000000
1932 751 -1 -1 0 0 0 0 0.000000 0.000000 0.000000 -nan 0.000000
1933 752 -1 -1 0 0 0 0 0.000000 0.000000 0.000000 -nan 0.000000
1934 753 -1 -1 0 0 0 0 0.000000 0.000000 0.000000 -nan 0.000000
1935 754 0 78 17589 17589 641094576 641094576 831288112.989349 271322626.794613 0.000000 47261.817783 271322626.794613
1936 755 -1 -1 0 0 0 0 0.000000 0.000000 0.000000 -nan 0.000000
1937 756 -1 -1 0 0 0 0 0.000000 0.000000 0.000000 -nan 0.000000
1938 757 0 296 21141 21141 425391840 425391840 605379159.058100 271320585.764161 0.000000 28635.313328 271320585.764161
1939 758 -1 -1 0 0 0 0 0.000000 0.000000 0.000000 -nan 0.000000
1940 759 -1 -1 0 0 0 0 0.000000 0.000000 0.000000 -nan 0.000000
1941 760 -1 -1 0 0 0 0 0.000000 0.000000 0.000000 -nan 0.000000
1942 761 -1 -1 0 0 0 0 0.000000 0.000000 0.000000 -nan 0.000000
1943 762 -1 -1 0 0 0 0 0.000000 0.000000 0.000000 -nan 0.000000
1944 763 0 213 24777 24777 532939872 532939872 733997692.677040 271321989.594356 0.000000 29624.155171 271321989.594356
1945 764 0 114 24777 24777 532939872 532939872 748308823.863167 271316840.283176 0.000000 30201.752588 271316840.283176
1946 765 -1 -1 0 0 0 0 0.000000 0.000000 0.000000 -nan 0.000000
1947 766 -1 -1 0 0 0 0 0.000000 0.000000 0.000000 -nan 0.000000
1948 767 -1 -1 0 0 0 0 0.000000 0.000000 0.000000 -nan 0.000000
1949 768 -1 -1 0 0 0 0 0.000000 0.000000 0.000000 -nan 0.000000
1950 769 -1 -1 0 0 0 0 0.000000 0.000000 0.000000 -nan 0.000000
1951 770 0 231 30231 30231 641195712 641195712 944045612.745204 271323138.080501 0.000000 31227.733543 271323138.080501
1952 771 -1 -1 0 0 0 0 0.000000 0.000000 0.000000 -nan 0.000000
1953 772 -1 -1 0 0 0 0 0.000000 0.000000 0.000000 -nan 0.000000
1954 773 0 249 24777 24777 532939872 532939872 749551229.501329 271323153.456958 0.000000 30251.896093 271323153.456958
1955 774 -1 -1 0 0 0 0 0.000000 0.000000 0.000000 -nan 0.000000
1956 775 -1 -1 0 0 0 0 0.000000 0.000000 0.000000 -nan 0.000000
1957 776 -1 -1 0 0 0 0 0.000000 0.000000 0.000000 -nan 0.000000
1958 777 0 211 24777 24777 532939872 532939872 720446418.644847 271320840.720032 0.000000 29077.225598 271320840.720032
1959 778 0 100 24777 24777 532939872 532939872 711185451.910457 271317754.966832 0.000000 28703.452876 271317754.966832
1960 779 -1 -1 0 0 0 0 0.000000 0.000000 0.000000 -nan 0.000000
2008 780 -1 -1 0 0 0 0 0.000000 0.000000 0.000000 -nan 0.000000
2009 781 -1 -1 0 0 0 0 0.000000 0.000000 0.000000 -nan 0.000000
2010 782 -1 -1 0 0 0 0 0.000000 0.000000 0.000000 -nan 0.000000
2011 783 -1 -1 0 0 0 0 0.000000 0.000000 0.000000 -nan 0.000000
2012 784 0 242 24777 24777 532939872 532939872 703833297.913307 271319986.309435 0.000000 28406.719858 271319986.309435
2013 785 -1 -1 0 0 0 0 0.000000 0.000000 0.000000 -nan 0.000000
2014 786 -1 -1 0 0 0 0 0.000000 0.000000 0.000000 -nan 0.000000
2015 787 -1 -1 0 0 0 0 0.000000 0.000000 0.000000 -nan 0.000000
2016 788 -1 -1 0 0 0 0 0.000000 0.000000 0.000000 -nan 0.000000
2017 789 -1 -1 0 0 0 0 0.000000 0.000000 0.000000 -nan 0.000000
2018 790 -1 -1 0 0 0 0 0.000000 0.000000 0.000000 -nan 0.000000
2019 791 0 228 30231 30231 641195712 641195712 880953700.349425 271321416.205573 0.000000 29140.739650 271321416.205573
2020 792 -1 -1 0 0 0 0 0.000000 0.000000 0.000000 -nan 0.000000
2021 793 -1 -1 0 0 0 0 0.000000 0.000000 0.000000 -nan 0.000000
2022 794 -1 -1 0 0 0 0 0.000000 0.000000 0.000000 -nan 0.000000
2023 795 -1 -1 0 0 0 0 0.000000 0.000000 0.000000 -nan 0.000000
2024 796 -1 -1 0 0 0 0 0.000000 0.000000 0.000000 -nan 0.000000
2025 797 -1 -1 0 0 0 0 0.000000 0.000000 0.000000 -nan 0.000000
2026 798 -1 -1 0 0 0 0 0.000000 0.000000 0.000000 -nan 0.000000
2027 799 -1 -1 0 0 0 0 0.000000 0.000000 0.000000 -nan 0.000000
2028 800 -1 -1 0 0 0 0 0.000000 0.000000 0.000000 -nan 0.000000
2029 801 0 238 24777 24777 532939872 532939872 727794504.535789 271319011.162273 0.000000 29373.794428 271319011.162273
2030 802 -1 -1 0 0 0 0 0.000000 0.000000 0.000000 -nan 0.000000
2031 803 0 29 20523 20523 318561216 318561216 419266741.211394 271316328.418566 0.000000 20429.115685 271316328.418566
2032 804 -1 -1 0 0 0 0 0.000000 0.000000 0.000000 -nan 0.000000
2033 805 -1 -1 0 0 0 0 0.000000 0.000000 0.000000 -nan 0.000000
2034 806 -1 -1 0 0 0 0 0.000000 0.000000 0.000000 -nan 0.000000
2035 807 -1 -1 0 0 0 0 0.000000 0.000000 0.000000 -nan 0.000000
2036 808 -1 -1 0 0 0 0 0.000000 0.000000 0.000000 -nan 0.000000
2037 809 -1 -1 0 0 0 0 0.000000 0.000000 0.000000 -nan 0.000000
2085 810 0 274 18717 18717 318546768 318546768 457136282.176692 271317838.732227 0.000000 24423.587230 271317838.732227
2086 811 0 32 12135 12135 532838736 532838736 716866039.848646 271321684.946090 0.000000 59074.251327 271321684.946090
2087 812 -1 -1 0 0 0 0 0.000000 0.000000 0.000000 -nan 0.000000
2088 813 0 260 24777 24777 532939872 532939872 803532624.054744 271317934.049295 0.000000 32430.585787 271317934.049295
2089 814 -1 -1 0 0 0 0 0.000000 0.000000 0.000000 -nan 0.000000
2090 815 0 299 18717 18717 318546768 318546768 466097631.866532 271326878.312844 0.000000 24902.368535 271326878.312844
2091 816 0 232 30231 30231 641195712 641195712 938855878.006181 271317439.706495 0.000000 31056.064239 271317439.706495
2092 817 -1 -1 0 0 0 0 0.000000 0.000000 0.000000 -nan 0.000000
2093 818 0 132 30231 30231 641195712 641195712 943903373.555003 271316528.928928 0.000000 31223.028466 271316528.928928
2094 819 -1 -1 0 0 0 0 0.000000 0.000000 0.000000 -nan 0.000000
2095 820 -1 -1 0 0 0 0 0.000000 0.000000 0.000000 -nan 0.000000
2096 821 0 13 26583 26583 532954320 532954320 808621643.332996 271319029.738988 0.000000 30418.750455 271319029.738988
2097 822 -1 -1 0 0 0 0 0.000000 0.000000 0.000000 -nan 0.000000
2098 823 -1 -1 0 0 0 0 0.000000 0.000000 0.000000 -nan 0.000000
2099 824 0 224 24777 24777 532939872 532939872 762149917.160869 271316198.713587 0.000000 30760.379270 271316198.713587
2100 825 -1 -1 0 0 0 0 0.000000 0.000000 0.000000 -nan 0.000000
2101 826 -1 -1 0 0 0 0 0.000000 0.000000 0.000000 -nan 0.000000
2102 827 -1 -1 0 0 0 0 0.000000 0.000000 0.000000 -nan 0.000000
2103 828 -1 -1 0 0 0 0 0.000000 0.000000 0.000000 -nan 0.000000
2104 829 0 117 24777 24777 532939872 532939872 750830220.400603 271320499.649698 0.000000 30303.516180 271320499.649698
2105 830 0 137 30231 30231 641195712 641195712 926359971.257007 271320010.441299 0.000000 30642.716789 271320010.441299
2106 831 -1 -1 0 0 0 0 0.000000 0.000000 0.000000 -nan 0.000000
2107 832 0 99 24777 24777 532939872 532939872 753687488.137772 271318267.737791 0.000000 30418.835539 271318267.737791
2108 833 -1 -1 0 0 0 0 0.000000 0.000000 0.000000 -nan 0.000000
2109 834 0 76 17589 17589 641094576 641094576 840990851.894727 271319047.733856 0.000000 47813.454539 271319047.733856
2110 835 -1 -1 0 0 0 0 0.000000 0.000000 0.000000 -nan 0.000000
2111 836 -1 -1 0 0 0 0 0.000000 0.000000 0.000000 -nan 0.000000
2112 837 -1 -1 0 0 0 0 0.000000 0.000000 0.000000 -nan 0.000000
2113 838 0 38 17589 17589 641094576 641094576 810540100.506896 271326254.589953 0.000000 46082.216187 271326254.589953
2114 839 -1 -1 0 0 0 0 0.000000 0.000000 0.000000 -nan 0.000000
2162 840 -1 -1 0 0 0 0 0.000000 0.000000 0.000000 -nan 0.000000
2163 841 -1 -1 0 0 0 0 0.000000 0.000000 0.000000 -nan 0.000000
2164 842 -1 -1 0 0 0 0 0.000000 0.000000 0.000000 -nan 0.000000
2165 843 -1 -1 0 0 0 0 0.000000 0.000000 0.000000 -nan 0.000000
2166 844 -1 -1 0 0 0 0 0.000000 0.000000 0.000000 -nan 0.000000
2167 845 0 297 21141 21141 425391840 425391840 549431870.570149 271328872.431755 0.000000 25988.925338 271328872.431755
2168 846 -1 -1 0 0 0 0 0.000000 0.000000 0.000000 -nan 0.000000
2169 847 -1 -1 0 0 0 0 0.000000 0.000000 0.000000 -nan 0.000000
2170 848 -1 -1 0 0 0 0 0.000000 0.000000 0.000000 -nan 0.000000
2171 849 -1 -1 0 0 0 0 0.000000 0.000000 0.000000 -nan 0.000000
2172 850 -1 -1 0 0 0 0 0.000000 0.000000 0.000000 -nan 0.000000
2173 851 -1 -1 0 0 0 0 0.000000 0.000000 0.000000 -nan 0.000000
2174 852 -1 -1 0 0 0 0 0.000000 0.000000 0.000000 -nan 0.000000
2175 853 0 161 30231 30231 641195712 641195712 904664024.455869 271320837.616131 0.000000 29925.044638 271320837.616131
2176 854 -1 -1 0 0 0 0 0.000000 0.000000 0.000000 -nan 0.000000
2177 855 -1 -1 0 0 0 0 0.000000 0.000000 0.000000 -nan 0.000000
2178 856 0 66 17589 17589 641094576 641094576 830045881.847034 271328335.467484 0.000000 47191.192327 271328335.467484
2179 857 -1 -1 0 0 0 0 0.000000 0.000000 0.000000 -nan 0.000000
2180 858 -1 -1 0 0 0 0 0.000000 0.000000 0.000000 -nan 0.000000
2181 859 -1 -1 0 0 0 0 0.000000 0.000000 0.000000 -nan 0.000000
2182 860 -1 -1 0 0 0 0 0.000000 0.000000 0.000000 -nan 0.000000
2183 861 0 110 24777 24777 532939872 532939872 707751697.880354 271315865.226435 0.000000 28564.866525 271315865.226435
2184 862 -1 -1 0 0 0 0 0.000000 0.000000 0.000000 -nan 0.000000
2185 863 -1 -1 0 0 0 0 0.000000 0.000000 0.000000 -nan 0.000000
2186 864 -1 -1 0 0 0 0 0.000000 0.000000 0.000000 -nan 0.000000
2187 865 0 73 32037 32037 641210160 641210160 870256308.745413 271319725.519908 0.000000 27164.101156 271319725.519908
2188 866 -1 -1 0 0 0 0 0.000000 0.000000 0.000000 -nan 0.000000
2189 867 -1 -1 0 0 0 0 0.000000 0.000000 0.000000 -nan 0.000000
2190 868 0 189 24777 24777 532939872 532939872 725846768.266860 271320837.449396 0.000000 29295.183770 271320837.449396
2191 869 -1 -1 0 0 0 0 0.000000 0.000000 0.000000 -nan 0.000000
2239 870 0 164 24777 24777 532939872 532939872 809866346.009228 271320502.069105 0.000000 32686.214877 271320502.069105
2240 871 0 146 24777 24777 532939872 532939872 786465093.418221 271315520.293459 0.000000 31741.740058 271315520.293459
2241 872 -1 -1 0 0 0 0 0.000000 0.000000 0.000000 -nan 0.000000
2242 873 0 142 30231 30231 641195712 641195712 947209845.062735 271318182.881049 0.000000 31332.402007 271318182.881049
2243 874 0 55 22947 22947 425406288 425406288 638687644.780112 271320631.255074 0.000000 27833.165328 271320631.255074
2244 875 -1 -1 0 0 0 0 0.000000 0.000000 0.000000 -nan 0.000000
2245 876 -1 -1 0 0 0 0 0.000000 0.000000 0.000000 -nan 0.000000
2246 877 0 278 24777 24777 532939872 532939872 748887641.578371 271323647.741523 0.000000 30225.113677 271323647.741523
2247 878 0 52 17589 17589 641094576 641094576 870210225.150985 271326597.715486 0.000000 49474.684470 271326597.715486
2248 879 -1 -1 0 0 0 0 0.000000 0.000000 0.000000 -nan 0.000000
2249 880 0 82 17589 17589 641094576 641094576 903425817.328207 271328237.266075 0.000000 51363.114295 271328237.266075
2250 881 0 22 12135 12135 532838736 532838736 692331976.112596 271323944.558020 0.000000 57052.490821 271323944.558020
2251 882 -1 -1 0 0 0 0 0.000000 0.000000 0.000000 -nan 0.000000
2252 883 -1 -1 0 0 0 0 0.000000 0.000000 0.000000 -nan 0.000000
2253 884 -1 -1 0 0 0 0 0.000000 0.000000 0.000000 -nan 0.000000
2254 885 -1 -1 0 0 0 0 0.000000 0.000000 0.000000 -nan 0.000000
2255 886 -1 -1 0 0 0 0 0.000000 0.000000 0.000000 -nan 0.000000
2256 887 0 102 30231 30231 641195712 641195712 911410686.107322 271320500.463879 0.000000 30148.214948 271320500.463879
2257 888 -1 -1 0 0 0 0 0.000000 0.000000 0.000000 -nan 0.000000
2258 889 -1 -1 0 0 0 0 0.000000 0.000000 0.000000 -nan 0.000000
2259 890 0 195 24777 24777 532939872 532939872 748266923.804765 271323218.602867 0.000000 30200.061501 271323218.602867
2260 891 0 9 22947 22947 425406288 425406288 586056698.928776 271316579.256222 0.000000 25539.578112 271316579.256222
2261 892 -1 -1 0 0 0 0 0.000000 0.000000 0.000000 -nan 0.000000
2262 893 -1 -1 0 0 0 0 0.000000 0.000000 0.000000 -nan 0.000000
2263 894 -1 -1 0 0 0 0 0.000000 0.000000 0.000000 -nan 0.000000
2264 895 -1 -1 0 0 0 0 0.000000 0.000000 0.000000 -nan 0.000000
2265 896 -1 -1 0 0 0 0 0.000000 0.000000 0.000000 -nan 0.000000
2266 897 -1 -1 0 0 0 0 0.000000 0.000000 0.000000 -nan 0.000000
2267 898 0 46 17589 17589 641094576 641094576 844387711.971915 271326746.492206 0.000000 48006.578656 271326746.492206
2268 899 -1 -1 0 0 0 0 0.000000 0.000000 0.000000 -nan 0.000000
2316 900 -1 -1 0 0 0 0 0.000000 0.000000 0.000000 -nan 0.000000
2317 901 -1 -1 0 0 0 0 0.000000 0.000000 0.000000 -nan 0.000000
2318 902 -1 -1 0 0 0 0 0.000000 0.000000 0.000000 -nan 0.000000
2319 903 -1 -1 0 0 0 0 0.000000 0.000000 0.000000 -nan 0.000000
2320 904 -1 -1 0 0 0 0 0.000000 0.000000 0.000000 -nan 0.000000
2321 905 -1 -1 0 0 0 0 0.000000 0.000000 0.000000 -nan 0.000000
2322 906 -1 -1 0 0 0 0 0.000000 0.000000 0.000000 -nan 0.000000
2323 907 -1 -1 0 0 0 0 0.000000 0.000000 0.000000 -nan 0.000000
2324 908 -1 -1 0 0 0 0 0.000000 0.000000 0.000000 -nan 0.000000
2325 909 -1 -1 0 0 0 0 0.000000 0.000000 0.000000 -nan 0.000000
2326 910 -1 -1 0 0 0 0 0.000000 0.000000 0.000000 -nan 0.000000
2327 911 -1 -1 0 0 0 0 0.000000 0.000000 0.000000 -nan 0.000000
2328 912 -1 -1 0 0 0 0 0.000000 0.000000 0.000000 -nan 0.000000
2329 913 -1 -1 0 0 0 0 0.000000 0.000000 0.000000 -nan 0.000000
2330 914 -1 -1 0 0 0 0 0.000000 0.000000 0.000000 -nan 0.000000
2331 915 -1 -1 0 0 0 0 0.000000 0.000000 0.000000 -nan 0.000000
2332 916 -1 -1 0 0 0 0 0.000000 0.000000 0.000000 -nan 0.000000
2333 917 -1 -1 0 0 0 0 0.000000 0.000000 0.000000 -nan 0.000000
2334 918 -1 -1 0 0 0 0 0.000000 0.000000 0.000000 -nan 0.000000
2335 919 -1 -1 0 0 0 0 0.000000 0.000000 0.000000 -nan 0.000000
2336 920 -1 -1 0 0 0 0 0.000000 0.000000 0.000000 -nan 0.000000
2337 921 -1 -1 0 0 0 0 0.000000 0.000000 0.000000 -nan 0.000000
2338 922 -1 -1 0 0 0 0 0.000000 0.000000 0.000000 -nan 0.000000
2339 923 -1 -1 0 0 0 0 0.000000 0.000000 0.000000 -nan 0.000000
2340 924 -1 -1 0 0 0 0 0.000000 0.000000 0.000000 -nan 0.000000
2341 925 -1 -1 0 0 0 0 0.000000 0.000000 0.000000 -nan 0.000000
2342 926 -1 -1 0 0 0 0 0.000000 0.000000 0.000000 -nan 0.000000
2343 927 -1 -1 0 0 0 0 0.000000 0.000000 0.000000 -nan 0.000000
2344 928 -1 -1 0 0 0 0 0.000000 0.000000 0.000000 -nan 0.000000
2345 929 -1 -1 0 0 0 0 0.000000 0.000000 0.000000 -nan 0.000000
2393 930 -1 -1 0 0 0 0 0.000000 0.000000 0.000000 -nan 0.000000
2394 931 -1 -1 0 0 0 0 0.000000 0.000000 0.000000 -nan 0.000000
2395 932 -1 -1 0 0 0 0 0.000000 0.000000 0.000000 -nan 0.000000
2396 933 -1 -1 0 0 0 0 0.000000 0.000000 0.000000 -nan 0.000000
2397 934 -1 -1 0 0 0 0 0.000000 0.000000 0.000000 -nan 0.000000
2398 935 -1 -1 0 0 0 0 0.000000 0.000000 0.000000 -nan 0.000000
2399 936 -1 -1 0 0 0 0 0.000000 0.000000 0.000000 -nan 0.000000
2400 937 -1 -1 0 0 0 0 0.000000 0.000000 0.000000 -nan 0.000000
2401 938 -1 -1 0 0 0 0 0.000000 0.000000 0.000000 -nan 0.000000
2402 939 -1 -1 0 0 0 0 0.000000 0.000000 0.000000 -nan 0.000000
2403 940 -1 -1 0 0 0 0 0.000000 0.000000 0.000000 -nan 0.000000
2404 941 -1 -1 0 0 0 0 0.000000 0.000000 0.000000 -nan 0.000000
2405 942 -1 -1 0 0 0 0 0.000000 0.000000 0.000000 -nan 0.000000
2406 943 -1 -1 0 0 0 0 0.000000 0.000000 0.000000 -nan 0.000000
2407 944 -1 -1 0 0 0 0 0.000000 0.000000 0.000000 -nan 0.000000
2408 945 -1 -1 0 0 0 0 0.000000 0.000000 0.000000 -nan 0.000000
2409 946 -1 -1 0 0 0 0 0.000000 0.000000 0.000000 -nan 0.000000
2410 947 -1 -1 0 0 0 0 0.000000 0.000000 0.000000 -nan 0.000000
2411 948 -1 -1 0 0 0 0 0.000000 0.000000 0.000000 -nan 0.000000
2412 949 -1 -1 0 0 0 0 0.000000 0.000000 0.000000 -nan 0.000000
2413 950 -1 -1 0 0 0 0 0.000000 0.000000 0.000000 -nan 0.000000
2414 951 -1 -1 0 0 0 0 0.000000 0.000000 0.000000 -nan 0.000000
2415 952 -1 -1 0 0 0 0 0.000000 0.000000 0.000000 -nan 0.000000
2416 953 -1 -1 0 0 0 0 0.000000 0.000000 0.000000 -nan 0.000000
2417 954 -1 -1 0 0 0 0 0.000000 0.000000 0.000000 -nan 0.000000
2418 955 -1 -1 0 0 0 0 0.000000 0.000000 0.000000 -nan 0.000000
2419 956 -1 -1 0 0 0 0 0.000000 0.000000 0.000000 -nan 0.000000
2420 957 -1 -1 0 0 0 0 0.000000 0.000000 0.000000 -nan 0.000000
2421 958 -1 -1 0 0 0 0 0.000000 0.000000 0.000000 -nan 0.000000
2422 959 -1 -1 0 0 0 0 0.000000 0.000000 0.000000 -nan 0.000000
2470 960 -1 -1 0 0 0 0 0.000000 0.000000 0.000000 -nan 0.000000
2471 961 -1 -1 0 0 0 0 0.000000 0.000000 0.000000 -nan 0.000000
2472 962 -1 -1 0 0 0 0 0.000000 0.000000 0.000000 -nan 0.000000
2473 963 -1 -1 0 0 0 0 0.000000 0.000000 0.000000 -nan 0.000000
2474 964 -1 -1 0 0 0 0 0.000000 0.000000 0.000000 -nan 0.000000
2475 965 -1 -1 0 0 0 0 0.000000 0.000000 0.000000 -nan 0.000000
2476 966 -1 -1 0 0 0 0 0.000000 0.000000 0.000000 -nan 0.000000
2477 967 -1 -1 0 0 0 0 0.000000 0.000000 0.000000 -nan 0.000000
2478 968 -1 -1 0 0 0 0 0.000000 0.000000 0.000000 -nan 0.000000
2479 969 -1 -1 0 0 0 0 0.000000 0.000000 0.000000 -nan 0.000000
2480 970 -1 -1 0 0 0 0 0.000000 0.000000 0.000000 -nan 0.000000
2481 971 -1 -1 0 0 0 0 0.000000 0.000000 0.000000 -nan 0.000000
2482 972 -1 -1 0 0 0 0 0.000000 0.000000 0.000000 -nan 0.000000
2483 973 -1 -1 0 0 0 0 0.000000 0.000000 0.000000 -nan 0.000000
2484 974 -1 -1 0 0 0 0 0.000000 0.000000 0.000000 -nan 0.000000
2485 975 -1 -1 0 0 0 0 0.000000 0.000000 0.000000 -nan 0.000000
2486 976 -1 -1 0 0 0 0 0.000000 0.000000 0.000000 -nan 0.000000
2487 977 -1 -1 0 0 0 0 0.000000 0.000000 0.000000 -nan 0.000000
2488 978 -1 -1 0 0 0 0 0.000000 0.000000 0.000000 -nan 0.000000
2489 979 -1 -1 0 0 0 0 0.000000 0.000000 0.000000 -nan 0.000000
2490 980 -1 -1 0 0 0 0 0.000000 0.000000 0.000000 -nan 0.000000
2491 981 -1 -1 0 0 0 0 0.000000 0.000000 0.000000 -nan 0.000000
2492 982 -1 -1 0 0 0 0 0.000000 0.000000 0.000000 -nan 0.000000
2493 983 -1 -1 0 0 0 0 0.000000 0.000000 0.000000 -nan 0.000000
2494 984 -1 -1 0 0 0 0 0.000000 0.000000 0.000000 -nan 0.000000
2495 985 -1 -1 0 0 0 0 0.000000 0.000000 0.000000 -nan 0.000000
2496 986 -1 -1 0 0 0 0 0.000000 0.000000 0.000000 -nan 0.000000
2497 987 -1 -1 0 0 0 0 0.000000 0.000000 0.000000 -nan 0.000000
2498 988 -1 -1 0 0 0 0 0.000000 0.000000 0.000000 -nan 0.000000
2499 989 -1 -1 0 0 0 0 0.000000 0.000000 0.000000 -nan 0.000000