# Format <LP id> <Terminal ID> <Total Data Sent> <Total Data Received> <Avg packet latency> <Max packet Latency> <Min packet Latency> <# Packets finished> <Avg Hops> <Avg Busy Time (over rails)>
37 0 796264000 796264000 41722.345411 710076.255257 577.768481 195400 2.123849 301929908.202700
38 1 796276800 796276800 50798.449859 720963.427863 577.768481 197000 2.250761 344206098.693892
39 2 796264000 796264000 41763.506058 730958.166596 577.768481 195400 2.248721 352006051.928750
40 3 796276800 796276800 34905.545976 686833.285757 577.768481 197000 2.374619 199234735.743381
41 4 796264000 796264000 33374.955235 645427.279082 577.768481 195400 2.373593 401368488.973393
42 5 796276800 796276800 39986.207772 604523.431987 577.768481 197000 2.499492 405759571.078078
43 6 796264000 796264000 43901.296210 605420.098416 577.768481 195400 2.498465 404915872.015922
44 7 796276800 796276800 46742.889918 645427.279082 577.768481 197000 2.375635 369999306.863492
45 8 796264000 796264000 39368.102466 633897.656015 577.768481 195400 2.623337 591120990.648013
46 9 796276800 796276800 36155.792224 744788.788659 577.768481 197000 2.500508 563339270.167893
47 10 796264000 796264000 25932.939455 614263.445276 577.768481 195400 2.373593 596574146.184013
48 11 796276800 796276800 27263.196356 744788.788659 577.768481 197000 2.252792 510387413.689031
49 12 796264000 796264000 16081.465075 391711.901424 577.768481 195400 2.123849 131728194.357121
50 13 796276800 796276800 30617.412629 718967.460425 577.768481 197000 2.253807 279771559.948804
51 14 796264000 796264000 31656.516552 775892.955903 577.768481 195400 2.248721 306651927.484787
52 15 796276800 796276800 19804.016192 715314.766100 577.768481 197000 2.379695 187923314.235607
53 16 796264000 796264000 18873.275622 541809.062658 577.768481 195400 2.248721 310903643.825496
54 17 796276800 796276800 19232.799946 575628.773155 577.768481 197000 2.377665 402932586.965592
55 18 796264000 796264000 36865.271763 529382.577181 577.768481 195400 2.623337 506740688.292960
56 19 796276800 796276800 36445.763811 632622.686687 577.768481 197000 2.501523 487812343.833642
57 20 796264000 796264000 35375.192408 686763.228330 577.768481 195400 2.623337 538509246.239814
58 21 796276800 796276800 31355.723967 685939.107460 577.768481 197000 2.500508 535637509.754435
59 22 796264000 796264000 32180.435261 688386.503763 577.768481 195400 2.498465 545208490.611222
60 23 796276800 796276800 26589.851660 685939.107460 577.768481 197000 2.378680 461941652.572813
61 24 796264000 796264000 42832.496160 757428.729079 577.768481 195400 2.498465 705480904.729018
62 25 796276800 796276800 45005.210530 783230.476238 577.768481 197000 2.624365 761160369.170794
63 26 796264000 796264000 43094.384658 784042.113954 577.768481 195400 2.623337 748302027.568762
64 27 796276800 796276800 39853.312778 770948.852314 577.768481 197000 2.749239 762284575.676596
65 28 796264000 796264000 28914.670691 565231.516830 577.768481 195400 2.748209 526817091.712570
66 29 796276800 796276800 25837.614175 660625.333414 577.768481 197000 2.752284 560133445.485546
67 30 0 0 -nan 0.000000 2147483647.000000 0 -nan 0.000000
68 31 0 0 -nan 0.000000 2147483647.000000 0 -nan 0.000000
114 32 796264000 796264000 44547.692496 627874.546880 577.768481 195400 2.498465 548026477.815191
115 33 796276800 796276800 45841.769673 617369.766291 577.768481 197000 2.631472 545523481.616884
116 34 796264000 796264000 46535.186342 616013.675802 577.768481 195400 2.623337 588811619.808392
117 35 796276800 796276800 49259.730872 618174.178103 577.768481 197000 2.747208 583737082.915309
118 36 796264000 796264000 44703.677039 579534.460133 577.768481 195400 2.748209 512779229.532262
119 37 796276800 796276800 45030.066707 571820.036922 577.768481 197000 2.748223 522480358.884142
120 38 796264000 796264000 42251.027093 560339.614264 577.768481 195400 2.498465 402180881.184846
121 39 796276800 796276800 41318.898642 560339.614264 577.768481 197000 2.501523 424106253.660026
122 40 796264000 796264000 28256.805215 600851.442643 577.768481 195400 2.623337 484057077.591395
123 41 796276800 796276800 30627.765012 600851.442643 577.768481 197000 2.502538 584437475.015462
124 42 796264000 796264000 31103.532782 600851.442643 577.768481 195400 2.498465 582515006.501841
125 43 796276800 796276800 25167.727053 398851.856794 577.768481 197000 2.378680 244895550.535318
126 44 796264000 796264000 24999.793467 738424.035525 577.768481 195400 2.123849 263775271.207285
127 45 796276800 796276800 27853.623365 738424.035525 577.768481 197000 2.254822 393091682.810880
128 46 796264000 796264000 24847.314274 738424.035525 577.768481 195400 2.248721 468892336.889740
129 47 796276800 796276800 27690.877753 738424.035525 577.768481 197000 2.380711 353644548.817739
130 48 796264000 796264000 25387.191294 561892.832270 577.768481 195400 2.373593 442019818.835391
131 49 796276800 796276800 24977.076297 561892.832270 577.768481 197000 2.380711 448385071.314018
132 50 796264000 796264000 24111.906853 312406.802060 577.768481 195400 2.498465 319362227.410597
133 51 796276800 796276800 22394.557176 538096.455060 577.768481 197000 2.502538 392537464.306880
134 52 796264000 796264000 24491.224974 601663.080359 577.768481 195400 2.498465 530893889.200112
135 53 796276800 796276800 29109.035359 601663.080359 577.768481 197000 2.378680 441864715.580322
136 54 796264000 796264000 36004.750203 601663.080359 577.768481 195400 2.498465 424198026.479753
137 55 796276800 796276800 29455.439334 478192.932491 577.768481 197000 2.380711 276484131.023343
138 56 796264000 796264000 26606.233901 444915.786131 577.768481 195400 2.248721 584276388.811493
139 57 796276800 796276800 26070.761411 409636.569447 577.768481 197000 2.380711 621502506.520355
140 58 796264000 796264000 27524.092649 486342.090542 577.768481 195400 2.373593 621829537.163442
141 59 796276800 796276800 27011.236143 467641.642182 577.768481 197000 2.504569 539811920.744866
142 60 796264000 796264000 24165.328683 353976.401735 577.768481 195400 2.373593 197388171.272343
143 61 796276800 796276800 30239.896964 433478.777399 577.768481 197000 2.379695 218339089.914853
144 62 0 0 -nan 0.000000 2147483647.000000 0 -nan 0.000000
145 63 0 0 -nan 0.000000 2147483647.000000 0 -nan 0.000000
191 64 796264000 796264000 35309.640224 507984.185568 577.768481 195400 1.998976 322155661.670632
192 65 796276800 796276800 40787.628457 507984.185568 577.768481 197000 2.132995 437486981.671723
193 66 796264000 796264000 36497.762757 502184.043572 577.768481 195400 2.123849 397941215.373249
194 67 796276800 796276800 43898.662503 436079.272887 577.768481 197000 2.255838 359697283.831537
195 68 796264000 796264000 34425.138345 417865.285282 577.768481 195400 2.498465 701222431.971694
196 69 796276800 796276800 30892.884781 418761.951712 577.768481 197000 2.624365 696674336.450877
197 70 796264000 796264000 33320.985759 418846.980425 577.768481 195400 2.623337 717531655.130688
198 71 796276800 796276800 34275.189822 482026.023785 577.768481 197000 2.500508 626682846.195697
199 72 796264000 796264000 35979.967237 474956.903547 577.768481 195400 2.623337 706670300.668947
200 73 796276800 796276800 30872.107446 407250.529347 577.768481 197000 2.501523 758165230.106480
201 74 796264000 796264000 22863.458444 406913.574900 577.768481 195400 2.373593 775823946.556224
202 75 796276800 796276800 29921.259718 409189.555745 577.768481 197000 2.253807 677615204.701161
203 76 796264000 796264000 19711.306106 485530.204132 577.768481 195400 2.123849 279829089.164479
204 77 796276800 796276800 26950.021248 488946.812422 577.768481 197000 2.252792 453577710.637586
205 78 796264000 796264000 27962.248458 493901.667432 577.768481 195400 2.248721 469140891.304853
206 79 796276800 796276800 21874.001858 469057.070844 577.768481 197000 2.376650 243514052.542411
207 80 796264000 796264000 24215.448425 485132.262517 577.768481 195400 2.248721 464830636.072026
208 81 796276800 796276800 23200.912241 492704.689198 577.768481 197000 2.379695 585323756.746904
209 82 796264000 796264000 31418.636414 453483.354295 577.768481 195400 2.623337 591974920.147586
210 83 796276800 796276800 33201.988365 469275.439534 577.768481 197000 2.503553 539693275.899339
211 84 796264000 796264000 32198.514401 452076.515587 577.768481 195400 2.623337 716153906.276103
212 85 796276800 796276800 26320.834643 457541.542875 577.768481 197000 2.500508 684104081.812876
213 86 796264000 796264000 29023.424034 429945.860528 577.768481 195400 2.498465 701728177.205766
214 87 796276800 796276800 29824.619139 427510.947380 577.768481 197000 2.376650 549543740.281672
215 88 796264000 796264000 49525.189205 503294.624028 577.768481 195400 2.623337 744503083.439781
216 89 796276800 796276800 49486.210707 473920.277084 577.768481 197000 2.751269 795627882.353614
217 90 796264000 796264000 49057.737193 473920.277084 577.768481 195400 2.748209 816727330.195840
218 91 796276800 796276800 47714.106360 512171.301861 577.768481 197000 2.875127 820511462.511986
219 92 796275200 796275200 33365.262497 514714.983430 577.768481 196800 2.628049 414922728.222703
220 93 796275200 796275200 36446.713893 512922.937175 577.768481 196800 2.628049 412792826.849283
221 94 0 0 -nan 0.000000 2147483647.000000 0 -nan 0.000000
222 95 0 0 -nan 0.000000 2147483647.000000 0 -nan 0.000000
268 96 796275200 796275200 38586.182532 596583.114078 577.768481 196800 2.381098 657971685.966963
269 97 796275200 796275200 36942.059059 522582.739147 577.768481 196800 2.504065 639924275.723356
270 98 796275200 796275200 42520.703661 530203.477173 577.768481 196800 2.500000 623555745.684949
271 99 796275200 796275200 45913.402545 602524.262620 577.768481 196800 2.625000 692202416.546370
272 100 796275200 796275200 43455.392005 595019.155049 577.768481 196800 2.875000 773198454.214402
273 101 796275200 796275200 40068.786926 594041.304757 577.768481 196800 2.875000 774872210.085778
274 102 796275200 796275200 34676.827148 478250.271381 577.768481 196800 2.627033 693319547.348828
275 103 796275200 796275200 32931.872422 482007.675573 577.768481 196800 2.627033 698253249.990355
276 104 796275200 796275200 27537.811969 504811.057542 577.768481 196800 2.627033 475144745.339204
277 105 796275200 796275200 29385.658065 505622.695258 577.768481 196800 2.503049 561379323.718493
278 106 796275200 796275200 27640.535994 505254.769949 577.768481 196800 2.503049 608844582.495325
279 107 796275200 796275200 24252.039415 474064.256269 577.768481 196800 2.379065 361865670.539921
280 108 796275200 796275200 18871.342145 525207.449310 577.768481 196800 2.131098 403138143.661108
281 109 796275200 796275200 22790.098481 527727.391172 577.768481 196800 2.255081 465510133.086301
282 110 796275200 796275200 22823.308428 502276.903632 577.768481 196800 2.255081 418596364.786231
283 111 796275200 796275200 22692.331612 528721.589276 577.768481 196800 2.379065 484969855.996427
284 112 796275200 796275200 20043.995734 478250.271381 577.768481 196800 2.376016 389499405.547413
285 113 796275200 796275200 19510.859095 475003.720517 577.768481 196800 2.376016 450771347.776537
286 114 796275200 796275200 21714.754288 459077.831845 577.768481 196800 2.502033 399508593.363830
287 115 796275200 796275200 20390.218437 459077.831845 577.768481 196800 2.502033 463553064.826672
288 116 796275200 796275200 19428.865782 340172.906451 577.768481 196800 2.502033 749547525.176445
289 117 796275200 796275200 25497.124631 488801.561690 577.768481 196800 2.378049 769125048.266868
290 118 796275200 796275200 34915.707868 500390.633109 577.768481 196800 2.505081 762322179.586416
291 119 796275200 796275200 30359.555384 662608.443553 577.768481 196800 2.381098 482007255.038364
292 120 796275200 796275200 34285.165321 625106.445646 577.768481 196800 2.381098 668377985.265745
293 121 796275200 796275200 33136.844323 488993.301165 577.768481 196800 2.505081 734975462.442925
294 122 796275200 796275200 31727.841455 530284.851774 577.768481 196800 2.504065 750887821.812149
295 123 796275200 796275200 36139.169721 623425.724103 577.768481 196800 2.628049 546136499.083331
296 124 796275200 796275200 28682.147777 620249.230665 577.768481 196800 2.256098 150620935.332851
297 125 796275200 796275200 36882.665145 530444.322973 577.768481 196800 2.256098 155911120.124438
298 126 0 0 -nan 0.000000 2147483647.000000 0 -nan 0.000000
299 127 0 0 -nan 0.000000 2147483647.000000 0 -nan 0.000000
345 128 796275200 796275200 35682.044010 497961.628297 577.768481 196800 2.006098 474237379.076434
346 129 796275200 796275200 40770.649363 497961.628297 577.768481 196800 2.130081 522465682.967140
347 130 796275200 796275200 34769.407344 492692.032243 577.768481 196800 2.130081 450596757.366297
348 131 796275200 796275200 43323.767968 497419.368348 577.768481 196800 2.253049 431436794.630807
349 132 796275200 796275200 31735.498453 537752.712652 577.768481 196800 2.501016 694069587.863239
350 133 796275200 796275200 33110.918286 415913.627132 577.768481 196800 2.626016 744509986.600211
351 134 796275200 796275200 35435.695868 407133.018031 577.768481 196800 2.626016 726934411.913986
352 135 796275200 796275200 38698.511175 684307.298084 577.768481 196800 2.502033 637214654.234269
353 136 796275200 796275200 40288.633772 639277.324786 577.768481 196800 2.626016 673205417.099761
354 137 796275200 796275200 34345.869096 409698.689617 577.768481 196800 2.502033 718322694.598561
355 138 796275200 796275200 25617.577591 409728.930973 577.768481 196800 2.378049 743320846.147859
356 139 796275200 796275200 32369.278493 639683.143644 577.768481 196800 2.254065 665039821.663024
357 140 796275200 796275200 20169.805612 424295.669124 577.768481 196800 2.130081 318045770.566281
358 141 796275200 796275200 29810.532063 407133.018031 577.768481 196800 2.254065 584566034.967840
359 142 796275200 796275200 29648.687007 411560.889983 577.768481 196800 2.254065 585964088.031103
360 143 796275200 796275200 21984.529878 407133.018031 577.768481 196800 2.378049 385858212.871577
361 144 796275200 796275200 24656.601236 466054.426708 577.768481 196800 2.252033 393735525.891309
362 145 796275200 796275200 25775.613086 492404.937932 577.768481 196800 2.376016 607562118.101606
363 146 796275200 796275200 32114.961330 447412.901128 577.768481 196800 2.622967 637511706.220344
364 147 796275200 796275200 34287.513438 525050.117626 577.768481 196800 2.498984 649569345.736853
365 148 796275200 796275200 34000.728633 457964.191438 577.768481 196800 2.625000 687055144.854112
366 149 796275200 796275200 29899.690059 440615.541925 577.768481 196800 2.501016 652917805.848982
367 150 796275200 796275200 29476.267543 430350.901351 577.768481 196800 2.504065 707233403.663474
368 151 796275200 796275200 31508.630201 687553.848948 577.768481 196800 2.380081 553790688.385890
369 152 796275200 796275200 44817.008893 453456.982515 577.768481 196800 2.628049 844956571.504636
370 153 796275200 796275200 45622.005197 452645.344799 577.768481 196800 2.752033 820396765.792969
371 154 796275200 796275200 48772.833071 450723.689670 577.768481 196800 2.752033 863845100.309430
372 155 796275200 796275200 45976.668375 508011.229782 577.768481 196800 2.876016 863378384.690886
373 156 796275200 796275200 33171.128995 554801.570480 577.768481 196800 2.629065 424309855.846108
374 157 796275200 796275200 33558.714169 517356.680886 577.768481 196800 2.629065 440762312.063508
375 158 0 0 -nan 0.000000 2147483647.000000 0 -nan 0.000000
376 159 0 0 -nan 0.000000 2147483647.000000 0 -nan 0.000000
422 160 796275200 796275200 38892.433671 599643.300011 577.768481 196800 2.380081 640872363.454857
423 161 796275200 796275200 36929.443114 524419.477304 577.768481 196800 2.504065 683296808.184792
424 162 796275200 796275200 41162.694909 527865.839683 577.768481 196800 2.503049 621582757.960271
425 163 796275200 796275200 42793.530046 598278.509468 577.768481 196800 2.627033 695741705.986402
426 164 796275200 796275200 43299.655411 598831.662295 577.768481 196800 2.872967 752192208.731324
427 165 796275200 796275200 41390.890771 600713.422616 577.768481 196800 2.872967 745744838.318813
428 166 796275200 796275200 39994.922555 489346.923946 577.768481 196800 2.626016 671846851.119019
429 167 796275200 796275200 39326.346461 488842.819281 577.768481 196800 2.626016 708157338.317203
430 168 796275200 796275200 29085.867904 613299.920902 577.768481 196800 2.627033 555226657.358734
431 169 796275200 796275200 29923.941587 613299.920902 577.768481 196800 2.503049 648527919.502267
432 170 796275200 796275200 29783.288068 531585.946869 577.768481 196800 2.503049 692903710.756569
433 171 796275200 796275200 26018.853543 342311.081209 577.768481 196800 2.379065 388411644.949062
434 172 796275200 796275200 21378.129167 566357.291960 577.768481 196800 2.131098 322403908.388400
435 173 796275200 796275200 25135.697949 649385.018378 577.768481 196800 2.255081 483764651.302901
436 174 796275200 796275200 22116.943509 584916.741068 577.768481 196800 2.255081 412313736.810335
437 175 796275200 796275200 26663.015817 635417.119778 577.768481 196800 2.379065 391231260.301287
438 176 796275200 796275200 19180.444058 484563.853218 577.768481 196800 2.377033 454652740.398494
439 177 796275200 796275200 21468.008940 488216.222940 577.768481 196800 2.377033 526890600.308538
440 178 796275200 796275200 22939.559968 360953.837638 577.768481 196800 2.501016 409114729.036737
441 179 796275200 796275200 21716.706394 364116.219050 577.768481 196800 2.501016 475968538.482262
442 180 796275200 796275200 22907.901454 513457.558841 577.768481 196800 2.500000 714519451.812752
443 181 796275200 796275200 27862.076613 512240.102230 577.768481 196800 2.376016 677489395.163645
444 182 796275200 796275200 37232.730246 516449.023559 577.768481 196800 2.505081 692375445.543382
445 183 796275200 796275200 31925.215445 511834.283409 577.768481 196800 2.381098 451919783.289837
446 184 796275200 796275200 37246.025694 512240.102267 577.768481 196800 2.378049 659343590.471412
447 185 796275200 796275200 37160.351438 519045.673375 577.768481 196800 2.502033 739918998.289640
448 186 796275200 796275200 35591.008814 526602.749970 577.768481 196800 2.503049 760351511.748100
449 187 796275200 796275200 34559.474484 477339.680474 577.768481 196800 2.627033 537715960.288276
450 188 796275200 796275200 29230.165052 408420.532016 577.768481 196800 2.257114 151009062.504210
451 189 796275200 796275200 37660.105753 525854.325276 577.768481 196800 2.257114 147216324.114174
452 190 0 0 -nan 0.000000 2147483647.000000 0 -nan 0.000000
453 191 0 0 -nan 0.000000 2147483647.000000 0 -nan 0.000000
499 192 796275200 796275200 36119.223641 503411.904601 577.768481 196800 2.004065 490317173.531765
500 193 796275200 796275200 41193.199402 503273.604811 577.768481 196800 2.128049 518436125.110141
501 194 796275200 796275200 35733.682160 474288.521093 577.768481 196800 2.128049 442994495.667981
502 195 796275200 796275200 40156.302227 451589.478456 577.768481 196800 2.252033 427071128.590640
503 196 796275200 796275200 38587.997193 492265.827261 577.768481 196800 2.502033 615103016.134698
504 197 796275200 796275200 38479.078417 407427.246295 577.768481 196800 2.626016 682601000.785397
505 198 796275200 796275200 38428.339551 425050.912443 577.768481 196800 2.626016 714113218.941053
506 199 796275200 796275200 41229.117354 485456.057635 577.768481 196800 2.502033 623341143.781643
507 200 796275200 796275200 41318.197600 473795.820341 577.768481 196800 2.626016 675831005.501721
508 201 796275200 796275200 34760.214965 488971.328655 577.768481 196800 2.501016 715871684.617913
509 202 796275200 796275200 25589.513192 523835.620105 577.768481 196800 2.377033 746034023.644396
510 203 796275200 796275200 31846.402880 476112.847417 577.768481 196800 2.254065 664224076.334214
511 204 796275200 796275200 20192.701496 541462.938542 577.768481 196800 2.130081 313565100.623978
512 205 796275200 796275200 34400.220302 436798.618282 577.768481 196800 2.254065 585622586.075013
513 206 796275200 796275200 34424.464259 437695.284711 577.768481 196800 2.254065 593780860.778576
514 207 796275200 796275200 26633.865631 436351.975811 577.768481 196800 2.378049 376864918.665118
515 208 796275200 796275200 23431.467467 444531.449294 577.768481 196800 2.252033 408185938.439012
516 209 796275200 796275200 29449.301878 440242.118262 577.768481 196800 2.376016 623852543.057807
517 210 796275200 796275200 37390.507867 496083.711617 577.768481 196800 2.623984 654235420.367817
518 211 796275200 796275200 38442.066807 495272.073901 577.768481 196800 2.500000 661702427.550140
519 212 796275200 796275200 35235.800019 585753.167276 577.768481 196800 2.623984 689239764.371303
520 213 796275200 796275200 31112.292598 591434.631288 577.768481 196800 2.500000 706237017.855124
521 214 796275200 796275200 35191.133881 592246.269004 577.768481 196800 2.498984 592202742.129263
522 215 796275200 796275200 33276.195105 498442.261093 577.768481 196800 2.375000 549780553.546916
523 216 796275200 796275200 52924.835400 503948.907341 577.768481 196800 2.627033 695001775.728967
524 217 796275200 796275200 55142.775578 414878.458955 577.768481 196800 2.751016 596521850.851021
525 218 796275200 796275200 53703.254556 414321.907378 577.768481 196800 2.754065 762353273.181622
526 219 796275200 796275200 52184.609019 519612.130608 577.768481 196800 2.878049 778120834.620263
527 220 796275200 796275200 34311.044667 515521.964604 577.768481 196800 2.629065 429639668.726377
528 221 796275200 796275200 32645.443253 524481.956904 577.768481 196800 2.629065 451992590.217447
529 222 0 0 -nan 0.000000 2147483647.000000 0 -nan 0.000000
530 223 0 0 -nan 0.000000 2147483647.000000 0 -nan 0.000000
576 224 796275200 796275200 38544.493159 594937.118577 577.768481 196800 2.380081 689226095.831491
577 225 796275200 796275200 37233.750707 521078.086410 577.768481 196800 2.504065 700737699.702504
578 226 796275200 796275200 40311.875345 526618.551171 577.768481 196800 2.501016 600708053.228966
579 227 796275200 796275200 40829.033020 597116.425619 577.768481 196800 2.625000 720134350.866611
580 228 796275200 796275200 41675.037930 596560.394009 577.768481 196800 2.873984 761437264.491726
581 229 796275200 796275200 40501.524492 597372.031725 577.768481 196800 2.873984 762483692.799936
582 230 796275200 796275200 36122.844570 501688.811958 577.768481 196800 2.627033 664749698.331643
583 231 796275200 796275200 36494.298384 499728.355936 577.768481 196800 2.627033 690987867.830863
584 232 796275200 796275200 26362.314313 535371.777138 577.768481 196800 2.623984 553913064.486393
585 233 796275200 796275200 29092.111009 566827.337747 577.768481 196800 2.500000 653810412.339793
586 234 796275200 796275200 28983.168365 565204.062315 577.768481 196800 2.502033 710297354.918005
587 235 796275200 796275200 24413.719160 370609.320805 577.768481 196800 2.378049 423878517.640039
588 236 796275200 796275200 19061.119694 513067.505615 577.768481 196800 2.131098 356771082.849819
589 237 796275200 796275200 24002.898597 601727.759538 577.768481 196800 2.255081 446527939.267844
590 238 796275200 796275200 20614.711128 607612.204092 577.768481 196800 2.255081 323064821.630027
591 239 796275200 796275200 23893.527189 681807.253824 577.768481 196800 2.379065 417430687.332815
592 240 796275200 796275200 20062.325620 461143.140431 577.768481 196800 2.377033 527200637.239469
593 241 796275200 796275200 21975.929437 460331.502715 577.768481 196800 2.377033 557916862.938028
594 242 796275200 796275200 23329.327606 366145.313367 577.768481 196800 2.501016 407993798.130675
595 243 796275200 796275200 22308.904000 375479.147089 577.768481 196800 2.501016 489815869.245669
596 244 796275200 796275200 22587.724452 526443.762299 577.768481 196800 2.501016 711973905.675569
597 245 796275200 796275200 24913.679141 536935.733544 577.768481 196800 2.377033 725309708.777871
598 246 796275200 796275200 34268.232640 536464.210680 577.768481 196800 2.501016 661680513.824138
599 247 796275200 796275200 29754.440665 430042.735444 577.768481 196800 2.377033 485472956.425814
600 248 796275200 796275200 35486.345205 495195.710211 577.768481 196800 2.376016 659739045.339194
601 249 796275200 796275200 35408.510816 514410.850726 577.768481 196800 2.500000 738242670.818270
602 250 796275200 796275200 34265.213807 527924.155453 577.768481 196800 2.506098 737214615.165889
603 251 796275200 796275200 33619.848663 480992.050162 577.768481 196800 2.630081 555915746.277775
604 252 796275200 796275200 30292.402774 455855.060313 577.768481 196800 2.257114 152320172.682215
605 253 796275200 796275200 39912.727029 525559.299731 577.768481 196800 2.257114 146828658.825219
606 254 0 0 -nan 0.000000 2147483647.000000 0 -nan 0.000000
607 255 0 0 -nan 0.000000 2147483647.000000 0 -nan 0.000000
653 256 796275200 796275200 26075.343337 432387.522780 577.768481 196800 2.129065 765005000.579056
654 257 796275200 796275200 31598.449995 432387.522780 577.768481 196800 2.253049 860037448.999388
655 258 796275200 796275200 26013.371000 391135.929166 577.768481 196800 2.253049 828137108.391116
656 259 796275200 796275200 28436.295617 390903.101996 577.768481 196800 2.377033 324749472.413686
657 260 796275200 796275200 20473.817272 302634.590950 577.768481 196800 2.377033 824922337.107848
658 261 796275200 796275200 24438.062876 497224.804519 577.768481 196800 2.501016 793835705.177887
659 262 796275200 796275200 27641.238228 497224.804519 577.768481 196800 2.501016 809908887.561300
660 263 796275200 796275200 31285.105213 458638.308178 577.768481 196800 2.377033 735618574.193364
661 264 796275200 796275200 33411.560076 443512.587457 577.768481 196800 2.622967 693543049.013120
662 265 796275200 796275200 32752.712820 497224.804483 577.768481 196800 2.498984 607129567.234349
663 266 796275200 796275200 25819.200325 497431.928361 577.768481 196800 2.375000 604604414.135317
664 267 796275200 796275200 30128.655203 468038.627629 577.768481 196800 2.251016 500736040.202988
665 268 796275200 796275200 12174.328628 458266.194112 577.768481 196800 2.130081 312633306.431733
666 269 796275200 796275200 26183.889955 530501.950861 577.768481 196800 2.254065 624767129.087478
667 270 796275200 796275200 26315.927558 532936.864009 577.768481 196800 2.254065 633523988.027857
668 271 796275200 796275200 18837.816091 527959.060825 577.768481 196800 2.378049 391771659.678238
669 272 796275200 796275200 21954.350575 479931.272753 577.768481 196800 2.252033 219741751.759256
670 273 796275200 796275200 28162.554838 483989.461334 577.768481 196800 2.376016 454152048.354322
671 274 796275200 796275200 30845.738713 341011.222297 577.768481 196800 2.623984 725050217.798485
672 275 796275200 796275200 31776.021814 482209.506771 577.768481 196800 2.500000 697030190.343089
673 276 796275200 796275200 31169.904454 558503.452045 577.768481 196800 2.623984 722965456.537688
674 277 796275200 796275200 26647.381907 528878.675429 577.768481 196800 2.500000 770479739.066747
675 278 796275200 796275200 26988.072526 558503.452045 577.768481 196800 2.500000 775760896.075596
676 279 796275200 796275200 29639.143438 473151.538155 577.768481 196800 2.376016 541634405.723250
677 280 796275200 796275200 45905.957984 532936.864009 577.768481 196800 2.500000 675173781.837400
678 281 796275200 796275200 46242.496256 455831.280997 577.768481 196800 2.623984 676801330.908366
679 282 796275200 796275200 47927.292870 532936.864009 577.768481 196800 2.622967 669720791.591078
680 283 796275200 796275200 45572.176433 537669.408658 577.768481 196800 2.746951 722205920.541020
681 284 796275200 796275200 38172.882412 531176.306929 577.768481 196800 2.754065 443689495.113538
682 285 796275200 796275200 37320.115096 536857.770942 577.768481 196800 2.754065 446135189.024172
683 286 0 0 -nan 0.000000 2147483647.000000 0 -nan 0.000000
684 287 0 0 -nan 0.000000 2147483647.000000 0 -nan 0.000000
730 288 796275200 796275200 35238.146411 530874.846615 577.768481 196800 2.503049 785800059.007769
731 289 796275200 796275200 36490.518666 456027.610987 577.768481 196800 2.627033 801687947.897454
732 290 796275200 796275200 38954.500305 450752.108057 577.768481 196800 2.626016 751241146.343538
733 291 796275200 796275200 35555.077011 531616.275587 577.768481 196800 2.750000 796266866.566951
734 292 796275200 796275200 33655.545850 532092.160964 577.768481 196800 2.746951 775028454.198676
735 293 796275200 796275200 32143.348713 531280.523248 577.768481 196800 2.746951 781899084.856209
736 294 796275200 796275200 25452.284610 488770.065784 577.768481 196800 2.502033 746091041.880914
737 295 796275200 796275200 25607.142265 487401.876492 577.768481 196800 2.502033 816211587.130197
738 296 796275200 796275200 26916.171173 558677.196503 577.768481 196800 2.623984 555293067.441630
739 297 796275200 796275200 29155.471200 584595.351040 577.768481 196800 2.500000 686018609.127204
740 298 796275200 796275200 31449.928232 553933.996301 577.768481 196800 2.500000 761945439.989329
741 299 796275200 796275200 19123.039029 353159.109896 577.768481 196800 2.376016 415884313.430321
742 300 796275200 796275200 17345.119341 524675.691298 577.768481 196800 2.129065 508940246.062813
743 301 796275200 796275200 23823.152183 558677.196503 577.768481 196800 2.253049 566403549.368926
744 302 796275200 796275200 22096.200500 553933.996301 577.768481 196800 2.255081 470110865.382718
745 303 796275200 796275200 24557.361726 643812.148257 577.768481 196800 2.379065 507536205.028867
746 304 796275200 796275200 21316.430448 482797.890624 577.768481 196800 2.377033 583507033.326963
747 305 796275200 796275200 22793.903526 488269.622854 577.768481 196800 2.377033 677043291.173756
748 306 796275200 796275200 20063.089030 463640.616373 577.768481 196800 2.501016 419337027.189273
749 307 796275200 796275200 21979.528214 495790.799023 577.768481 196800 2.501016 487013136.000257
750 308 796275200 796275200 26186.817437 599898.658042 577.768481 196800 2.501016 744657973.182699
751 309 796275200 796275200 22569.241183 599983.686755 577.768481 196800 2.377033 789411351.851713
752 310 796275200 796275200 28580.293226 599813.629329 577.768481 196800 2.501016 690841232.972540
753 311 796275200 796275200 22649.713247 392698.971223 577.768481 196800 2.377033 450073716.054375
754 312 796275200 796275200 33291.174895 562981.767165 577.768481 196800 2.253049 537855085.650325
755 313 796275200 796275200 38002.421304 566228.318030 577.768481 196800 2.377033 586368651.170521
756 314 796275200 796275200 35019.799710 564932.026780 577.768481 196800 2.377033 580010027.010365
757 315 796275200 796275200 28307.661511 566634.136888 577.768481 196800 2.501016 518289986.428329
758 316 796275200 796275200 30997.554676 374393.254763 577.768481 196800 2.373984 164073843.118683
759 317 796275200 796275200 42327.133795 455887.740011 577.768481 196800 2.373984 154281773.234596
760 318 0 0 -nan 0.000000 2147483647.000000 0 -nan 0.000000
761 319 0 0 -nan 0.000000 2147483647.000000 0 -nan 0.000000
807 320 0 0 -nan 0.000000 2147483647.000000 0 -nan 0.000000
808 321 0 0 -nan 0.000000 2147483647.000000 0 -nan 0.000000
809 322 0 0 -nan 0.000000 2147483647.000000 0 -nan 0.000000
810 323 0 0 -nan 0.000000 2147483647.000000 0 -nan 0.000000
811 324 0 0 -nan 0.000000 2147483647.000000 0 -nan 0.000000
812 325 0 0 -nan 0.000000 2147483647.000000 0 -nan 0.000000
813 326 0 0 -nan 0.000000 2147483647.000000 0 -nan 0.000000
814 327 0 0 -nan 0.000000 2147483647.000000 0 -nan 0.000000
815 328 0 0 -nan 0.000000 2147483647.000000 0 -nan 0.000000
816 329 0 0 -nan 0.000000 2147483647.000000 0 -nan 0.000000
817 330 0 0 -nan 0.000000 2147483647.000000 0 -nan 0.000000
818 331 0 0 -nan 0.000000 2147483647.000000 0 -nan 0.000000
819 332 0 0 -nan 0.000000 2147483647.000000 0 -nan 0.000000
820 333 0 0 -nan 0.000000 2147483647.000000 0 -nan 0.000000
821 334 0 0 -nan 0.000000 2147483647.000000 0 -nan 0.000000
822 335 0 0 -nan 0.000000 2147483647.000000 0 -nan 0.000000
823 336 0 0 -nan 0.000000 2147483647.000000 0 -nan 0.000000
824 337 0 0 -nan 0.000000 2147483647.000000 0 -nan 0.000000
825 338 0 0 -nan 0.000000 2147483647.000000 0 -nan 0.000000
826 339 0 0 -nan 0.000000 2147483647.000000 0 -nan 0.000000
827 340 0 0 -nan 0.000000 2147483647.000000 0 -nan 0.000000
828 341 0 0 -nan 0.000000 2147483647.000000 0 -nan 0.000000
829 342 0 0 -nan 0.000000 2147483647.000000 0 -nan 0.000000
830 343 0 0 -nan 0.000000 2147483647.000000 0 -nan 0.000000
831 344 0 0 -nan 0.000000 2147483647.000000 0 -nan 0.000000
832 345 0 0 -nan 0.000000 2147483647.000000 0 -nan 0.000000
833 346 0 0 -nan 0.000000 2147483647.000000 0 -nan 0.000000
834 347 0 0 -nan 0.000000 2147483647.000000 0 -nan 0.000000
835 348 0 0 -nan 0.000000 2147483647.000000 0 -nan 0.000000
836 349 0 0 -nan 0.000000 2147483647.000000 0 -nan 0.000000
837 350 0 0 -nan 0.000000 2147483647.000000 0 -nan 0.000000
838 351 0 0 -nan 0.000000 2147483647.000000 0 -nan 0.000000
884 352 0 0 -nan 0.000000 2147483647.000000 0 -nan 0.000000
885 353 0 0 -nan 0.000000 2147483647.000000 0 -nan 0.000000
886 354 0 0 -nan 0.000000 2147483647.000000 0 -nan 0.000000
887 355 0 0 -nan 0.000000 2147483647.000000 0 -nan 0.000000
888 356 0 0 -nan 0.000000 2147483647.000000 0 -nan 0.000000
889 357 0 0 -nan 0.000000 2147483647.000000 0 -nan 0.000000
890 358 0 0 -nan 0.000000 2147483647.000000 0 -nan 0.000000
891 359 0 0 -nan 0.000000 2147483647.000000 0 -nan 0.000000
892 360 0 0 -nan 0.000000 2147483647.000000 0 -nan 0.000000
893 361 0 0 -nan 0.000000 2147483647.000000 0 -nan 0.000000
894 362 0 0 -nan 0.000000 2147483647.000000 0 -nan 0.000000
895 363 0 0 -nan 0.000000 2147483647.000000 0 -nan 0.000000
896 364 0 0 -nan 0.000000 2147483647.000000 0 -nan 0.000000
897 365 0 0 -nan 0.000000 2147483647.000000 0 -nan 0.000000
898 366 0 0 -nan 0.000000 2147483647.000000 0 -nan 0.000000
899 367 0 0 -nan 0.000000 2147483647.000000 0 -nan 0.000000
900 368 0 0 -nan 0.000000 2147483647.000000 0 -nan 0.000000
901 369 0 0 -nan 0.000000 2147483647.000000 0 -nan 0.000000
902 370 0 0 -nan 0.000000 2147483647.000000 0 -nan 0.000000
903 371 0 0 -nan 0.000000 2147483647.000000 0 -nan 0.000000
904 372 0 0 -nan 0.000000 2147483647.000000 0 -nan 0.000000
905 373 0 0 -nan 0.000000 2147483647.000000 0 -nan 0.000000
906 374 0 0 -nan 0.000000 2147483647.000000 0 -nan 0.000000
907 375 0 0 -nan 0.000000 2147483647.000000 0 -nan 0.000000
908 376 0 0 -nan 0.000000 2147483647.000000 0 -nan 0.000000
909 377 0 0 -nan 0.000000 2147483647.000000 0 -nan 0.000000
910 378 0 0 -nan 0.000000 2147483647.000000 0 -nan 0.000000
911 379 0 0 -nan 0.000000 2147483647.000000 0 -nan 0.000000
912 380 0 0 -nan 0.000000 2147483647.000000 0 -nan 0.000000
913 381 0 0 -nan 0.000000 2147483647.000000 0 -nan 0.000000
914 382 0 0 -nan 0.000000 2147483647.000000 0 -nan 0.000000
915 383 0 0 -nan 0.000000 2147483647.000000 0 -nan 0.000000
961 384 0 0 -nan 0.000000 2147483647.000000 0 -nan 0.000000
962 385 0 0 -nan 0.000000 2147483647.000000 0 -nan 0.000000
963 386 0 0 -nan 0.000000 2147483647.000000 0 -nan 0.000000
964 387 0 0 -nan 0.000000 2147483647.000000 0 -nan 0.000000
965 388 0 0 -nan 0.000000 2147483647.000000 0 -nan 0.000000
966 389 0 0 -nan 0.000000 2147483647.000000 0 -nan 0.000000
967 390 0 0 -nan 0.000000 2147483647.000000 0 -nan 0.000000
968 391 0 0 -nan 0.000000 2147483647.000000 0 -nan 0.000000
969 392 0 0 -nan 0.000000 2147483647.000000 0 -nan 0.000000
970 393 0 0 -nan 0.000000 2147483647.000000 0 -nan 0.000000
971 394 0 0 -nan 0.000000 2147483647.000000 0 -nan 0.000000
972 395 0 0 -nan 0.000000 2147483647.000000 0 -nan 0.000000
973 396 0 0 -nan 0.000000 2147483647.000000 0 -nan 0.000000
974 397 0 0 -nan 0.000000 2147483647.000000 0 -nan 0.000000
975 398 0 0 -nan 0.000000 2147483647.000000 0 -nan 0.000000
976 399 0 0 -nan 0.000000 2147483647.000000 0 -nan 0.000000
977 400 0 0 -nan 0.000000 2147483647.000000 0 -nan 0.000000
978 401 0 0 -nan 0.000000 2147483647.000000 0 -nan 0.000000
979 402 0 0 -nan 0.000000 2147483647.000000 0 -nan 0.000000
980 403 0 0 -nan 0.000000 2147483647.000000 0 -nan 0.000000
981 404 0 0 -nan 0.000000 2147483647.000000 0 -nan 0.000000
982 405 0 0 -nan 0.000000 2147483647.000000 0 -nan 0.000000
983 406 0 0 -nan 0.000000 2147483647.000000 0 -nan 0.000000
984 407 0 0 -nan 0.000000 2147483647.000000 0 -nan 0.000000
985 408 0 0 -nan 0.000000 2147483647.000000 0 -nan 0.000000
986 409 0 0 -nan 0.000000 2147483647.000000 0 -nan 0.000000
987 410 0 0 -nan 0.000000 2147483647.000000 0 -nan 0.000000
988 411 0 0 -nan 0.000000 2147483647.000000 0 -nan 0.000000
989 412 0 0 -nan 0.000000 2147483647.000000 0 -nan 0.000000
990 413 0 0 -nan 0.000000 2147483647.000000 0 -nan 0.000000
991 414 0 0 -nan 0.000000 2147483647.000000 0 -nan 0.000000
992 415 0 0 -nan 0.000000 2147483647.000000 0 -nan 0.000000
1038 416 0 0 -nan 0.000000 2147483647.000000 0 -nan 0.000000
1039 417 0 0 -nan 0.000000 2147483647.000000 0 -nan 0.000000
1040 418 0 0 -nan 0.000000 2147483647.000000 0 -nan 0.000000
1041 419 0 0 -nan 0.000000 2147483647.000000 0 -nan 0.000000
1042 420 0 0 -nan 0.000000 2147483647.000000 0 -nan 0.000000
1043 421 0 0 -nan 0.000000 2147483647.000000 0 -nan 0.000000
1044 422 0 0 -nan 0.000000 2147483647.000000 0 -nan 0.000000
1045 423 0 0 -nan 0.000000 2147483647.000000 0 -nan 0.000000
1046 424 0 0 -nan 0.000000 2147483647.000000 0 -nan 0.000000
1047 425 0 0 -nan 0.000000 2147483647.000000 0 -nan 0.000000
1048 426 0 0 -nan 0.000000 2147483647.000000 0 -nan 0.000000
1049 427 0 0 -nan 0.000000 2147483647.000000 0 -nan 0.000000
1050 428 0 0 -nan 0.000000 2147483647.000000 0 -nan 0.000000
1051 429 0 0 -nan 0.000000 2147483647.000000 0 -nan 0.000000
1052 430 0 0 -nan 0.000000 2147483647.000000 0 -nan 0.000000
1053 431 0 0 -nan 0.000000 2147483647.000000 0 -nan 0.000000
1054 432 0 0 -nan 0.000000 2147483647.000000 0 -nan 0.000000
1055 433 0 0 -nan 0.000000 2147483647.000000 0 -nan 0.000000
1056 434 0 0 -nan 0.000000 2147483647.000000 0 -nan 0.000000
1057 435 0 0 -nan 0.000000 2147483647.000000 0 -nan 0.000000
1058 436 0 0 -nan 0.000000 2147483647.000000 0 -nan 0.000000
1059 437 0 0 -nan 0.000000 2147483647.000000 0 -nan 0.000000
1060 438 0 0 -nan 0.000000 2147483647.000000 0 -nan 0.000000
1061 439 0 0 -nan 0.000000 2147483647.000000 0 -nan 0.000000
1062 440 0 0 -nan 0.000000 2147483647.000000 0 -nan 0.000000
1063 441 0 0 -nan 0.000000 2147483647.000000 0 -nan 0.000000
1064 442 0 0 -nan 0.000000 2147483647.000000 0 -nan 0.000000
1065 443 0 0 -nan 0.000000 2147483647.000000 0 -nan 0.000000
1066 444 0 0 -nan 0.000000 2147483647.000000 0 -nan 0.000000
1067 445 0 0 -nan 0.000000 2147483647.000000 0 -nan 0.000000
1068 446 0 0 -nan 0.000000 2147483647.000000 0 -nan 0.000000
1069 447 0 0 -nan 0.000000 2147483647.000000 0 -nan 0.000000
1115 448 0 0 -nan 0.000000 2147483647.000000 0 -nan 0.000000
1116 449 0 0 -nan 0.000000 2147483647.000000 0 -nan 0.000000
1117 450 0 0 -nan 0.000000 2147483647.000000 0 -nan 0.000000
1118 451 0 0 -nan 0.000000 2147483647.000000 0 -nan 0.000000
1119 452 0 0 -nan 0.000000 2147483647.000000 0 -nan 0.000000
1120 453 0 0 -nan 0.000000 2147483647.000000 0 -nan 0.000000
1121 454 0 0 -nan 0.000000 2147483647.000000 0 -nan 0.000000
1122 455 0 0 -nan 0.000000 2147483647.000000 0 -nan 0.000000
1123 456 0 0 -nan 0.000000 2147483647.000000 0 -nan 0.000000
1124 457 0 0 -nan 0.000000 2147483647.000000 0 -nan 0.000000
1125 458 0 0 -nan 0.000000 2147483647.000000 0 -nan 0.000000
1126 459 0 0 -nan 0.000000 2147483647.000000 0 -nan 0.000000
1127 460 0 0 -nan 0.000000 2147483647.000000 0 -nan 0.000000
1128 461 0 0 -nan 0.000000 2147483647.000000 0 -nan 0.000000
1129 462 0 0 -nan 0.000000 2147483647.000000 0 -nan 0.000000
1130 463 0 0 -nan 0.000000 2147483647.000000 0 -nan 0.000000
1131 464 0 0 -nan 0.000000 2147483647.000000 0 -nan 0.000000
1132 465 0 0 -nan 0.000000 2147483647.000000 0 -nan 0.000000
1133 466 0 0 -nan 0.000000 2147483647.000000 0 -nan 0.000000
1134 467 0 0 -nan 0.000000 2147483647.000000 0 -nan 0.000000
1135 468 0 0 -nan 0.000000 2147483647.000000 0 -nan 0.000000
1136 469 0 0 -nan 0.000000 2147483647.000000 0 -nan 0.000000
1137 470 0 0 -nan 0.000000 2147483647.000000 0 -nan 0.000000
1138 471 0 0 -nan 0.000000 2147483647.000000 0 -nan 0.000000
1139 472 0 0 -nan 0.000000 2147483647.000000 0 -nan 0.000000
1140 473 0 0 -nan 0.000000 2147483647.000000 0 -nan 0.000000
1141 474 0 0 -nan 0.000000 2147483647.000000 0 -nan 0.000000
1142 475 0 0 -nan 0.000000 2147483647.000000 0 -nan 0.000000
1143 476 0 0 -nan 0.000000 2147483647.000000 0 -nan 0.000000
1144 477 0 0 -nan 0.000000 2147483647.000000 0 -nan 0.000000
1145 478 0 0 -nan 0.000000 2147483647.000000 0 -nan 0.000000
1146 479 0 0 -nan 0.000000 2147483647.000000 0 -nan 0.000000
1192 480 0 0 -nan 0.000000 2147483647.000000 0 -nan 0.000000
1193 481 0 0 -nan 0.000000 2147483647.000000 0 -nan 0.000000
1194 482 0 0 -nan 0.000000 2147483647.000000 0 -nan 0.000000
1195 483 0 0 -nan 0.000000 2147483647.000000 0 -nan 0.000000
1196 484 0 0 -nan 0.000000 2147483647.000000 0 -nan 0.000000
1197 485 0 0 -nan 0.000000 2147483647.000000 0 -nan 0.000000
1198 486 0 0 -nan 0.000000 2147483647.000000 0 -nan 0.000000
1199 487 0 0 -nan 0.000000 2147483647.000000 0 -nan 0.000000
1200 488 0 0 -nan 0.000000 2147483647.000000 0 -nan 0.000000
1201 489 0 0 -nan 0.000000 2147483647.000000 0 -nan 0.000000
1202 490 0 0 -nan 0.000000 2147483647.000000 0 -nan 0.000000
1203 491 0 0 -nan 0.000000 2147483647.000000 0 -nan 0.000000
1204 492 0 0 -nan 0.000000 2147483647.000000 0 -nan 0.000000
1205 493 0 0 -nan 0.000000 2147483647.000000 0 -nan 0.000000
1206 494 0 0 -nan 0.000000 2147483647.000000 0 -nan 0.000000
1207 495 0 0 -nan 0.000000 2147483647.000000 0 -nan 0.000000
1208 496 0 0 -nan 0.000000 2147483647.000000 0 -nan 0.000000
1209 497 0 0 -nan 0.000000 2147483647.000000 0 -nan 0.000000
1210 498 0 0 -nan 0.000000 2147483647.000000 0 -nan 0.000000
1211 499 0 0 -nan 0.000000 2147483647.000000 0 -nan 0.000000
1212 500 0 0 -nan 0.000000 2147483647.000000 0 -nan 0.000000
1213 501 0 0 -nan 0.000000 2147483647.000000 0 -nan 0.000000
1214 502 0 0 -nan 0.000000 2147483647.000000 0 -nan 0.000000
1215 503 0 0 -nan 0.000000 2147483647.000000 0 -nan 0.000000
1216 504 0 0 -nan 0.000000 2147483647.000000 0 -nan 0.000000
1217 505 0 0 -nan 0.000000 2147483647.000000 0 -nan 0.000000
1218 506 0 0 -nan 0.000000 2147483647.000000 0 -nan 0.000000
1219 507 0 0 -nan 0.000000 2147483647.000000 0 -nan 0.000000
1220 508 0 0 -nan 0.000000 2147483647.000000 0 -nan 0.000000
1221 509 0 0 -nan 0.000000 2147483647.000000 0 -nan 0.000000
1222 510 0 0 -nan 0.000000 2147483647.000000 0 -nan 0.000000
1223 511 0 0 -nan 0.000000 2147483647.000000 0 -nan 0.000000
1269 512 0 0 -nan 0.000000 2147483647.000000 0 -nan 0.000000
1270 513 0 0 -nan 0.000000 2147483647.000000 0 -nan 0.000000
1271 514 0 0 -nan 0.000000 2147483647.000000 0 -nan 0.000000
1272 515 0 0 -nan 0.000000 2147483647.000000 0 -nan 0.000000
1273 516 0 0 -nan 0.000000 2147483647.000000 0 -nan 0.000000
1274 517 0 0 -nan 0.000000 2147483647.000000 0 -nan 0.000000
1275 518 0 0 -nan 0.000000 2147483647.000000 0 -nan 0.000000
1276 519 0 0 -nan 0.000000 2147483647.000000 0 -nan 0.000000
1277 520 0 0 -nan 0.000000 2147483647.000000 0 -nan 0.000000
1278 521 0 0 -nan 0.000000 2147483647.000000 0 -nan 0.000000
1279 522 0 0 -nan 0.000000 2147483647.000000 0 -nan 0.000000
1280 523 0 0 -nan 0.000000 2147483647.000000 0 -nan 0.000000
1281 524 0 0 -nan 0.000000 2147483647.000000 0 -nan 0.000000
1282 525 0 0 -nan 0.000000 2147483647.000000 0 -nan 0.000000
1283 526 0 0 -nan 0.000000 2147483647.000000 0 -nan 0.000000
1284 527 0 0 -nan 0.000000 2147483647.000000 0 -nan 0.000000
1285 528 0 0 -nan 0.000000 2147483647.000000 0 -nan 0.000000
1286 529 0 0 -nan 0.000000 2147483647.000000 0 -nan 0.000000
1287 530 0 0 -nan 0.000000 2147483647.000000 0 -nan 0.000000
1288 531 0 0 -nan 0.000000 2147483647.000000 0 -nan 0.000000
1289 532 0 0 -nan 0.000000 2147483647.000000 0 -nan 0.000000
1290 533 0 0 -nan 0.000000 2147483647.000000 0 -nan 0.000000
1291 534 0 0 -nan 0.000000 2147483647.000000 0 -nan 0.000000
1292 535 0 0 -nan 0.000000 2147483647.000000 0 -nan 0.000000
1293 536 0 0 -nan 0.000000 2147483647.000000 0 -nan 0.000000
1294 537 0 0 -nan 0.000000 2147483647.000000 0 -nan 0.000000
1295 538 0 0 -nan 0.000000 2147483647.000000 0 -nan 0.000000
1296 539 0 0 -nan 0.000000 2147483647.000000 0 -nan 0.000000
1297 540 0 0 -nan 0.000000 2147483647.000000 0 -nan 0.000000
1298 541 0 0 -nan 0.000000 2147483647.000000 0 -nan 0.000000
1299 542 0 0 -nan 0.000000 2147483647.000000 0 -nan 0.000000
1300 543 0 0 -nan 0.000000 2147483647.000000 0 -nan 0.000000
1346 544 0 0 -nan 0.000000 2147483647.000000 0 -nan 0.000000
1347 545 0 0 -nan 0.000000 2147483647.000000 0 -nan 0.000000
1348 546 0 0 -nan 0.000000 2147483647.000000 0 -nan 0.000000
1349 547 0 0 -nan 0.000000 2147483647.000000 0 -nan 0.000000
1350 548 0 0 -nan 0.000000 2147483647.000000 0 -nan 0.000000
1351 549 0 0 -nan 0.000000 2147483647.000000 0 -nan 0.000000
1352 550 0 0 -nan 0.000000 2147483647.000000 0 -nan 0.000000
1353 551 0 0 -nan 0.000000 2147483647.000000 0 -nan 0.000000
1354 552 0 0 -nan 0.000000 2147483647.000000 0 -nan 0.000000
1355 553 0 0 -nan 0.000000 2147483647.000000 0 -nan 0.000000
1356 554 0 0 -nan 0.000000 2147483647.000000 0 -nan 0.000000
1357 555 0 0 -nan 0.000000 2147483647.000000 0 -nan 0.000000
1358 556 0 0 -nan 0.000000 2147483647.000000 0 -nan 0.000000
1359 557 0 0 -nan 0.000000 2147483647.000000 0 -nan 0.000000
1360 558 0 0 -nan 0.000000 2147483647.000000 0 -nan 0.000000
1361 559 0 0 -nan 0.000000 2147483647.000000 0 -nan 0.000000
1362 560 0 0 -nan 0.000000 2147483647.000000 0 -nan 0.000000
1363 561 0 0 -nan 0.000000 2147483647.000000 0 -nan 0.000000
1364 562 0 0 -nan 0.000000 2147483647.000000 0 -nan 0.000000
1365 563 0 0 -nan 0.000000 2147483647.000000 0 -nan 0.000000
1366 564 0 0 -nan 0.000000 2147483647.000000 0 -nan 0.000000
1367 565 0 0 -nan 0.000000 2147483647.000000 0 -nan 0.000000
1368 566 0 0 -nan 0.000000 2147483647.000000 0 -nan 0.000000
1369 567 0 0 -nan 0.000000 2147483647.000000 0 -nan 0.000000
1370 568 0 0 -nan 0.000000 2147483647.000000 0 -nan 0.000000
1371 569 0 0 -nan 0.000000 2147483647.000000 0 -nan 0.000000
1372 570 0 0 -nan 0.000000 2147483647.000000 0 -nan 0.000000
1373 571 0 0 -nan 0.000000 2147483647.000000 0 -nan 0.000000
1374 572 0 0 -nan 0.000000 2147483647.000000 0 -nan 0.000000
1375 573 0 0 -nan 0.000000 2147483647.000000 0 -nan 0.000000
1376 574 0 0 -nan 0.000000 2147483647.000000 0 -nan 0.000000
1377 575 0 0 -nan 0.000000 2147483647.000000 0 -nan 0.000000
1423 576 0 0 -nan 0.000000 2147483647.000000 0 -nan 0.000000
1424 577 0 0 -nan 0.000000 2147483647.000000 0 -nan 0.000000
1425 578 0 0 -nan 0.000000 2147483647.000000 0 -nan 0.000000
1426 579 0 0 -nan 0.000000 2147483647.000000 0 -nan 0.000000
1427 580 0 0 -nan 0.000000 2147483647.000000 0 -nan 0.000000
1428 581 0 0 -nan 0.000000 2147483647.000000 0 -nan 0.000000
1429 582 0 0 -nan 0.000000 2147483647.000000 0 -nan 0.000000
1430 583 0 0 -nan 0.000000 2147483647.000000 0 -nan 0.000000
1431 584 0 0 -nan 0.000000 2147483647.000000 0 -nan 0.000000
1432 585 0 0 -nan 0.000000 2147483647.000000 0 -nan 0.000000
1433 586 0 0 -nan 0.000000 2147483647.000000 0 -nan 0.000000
1434 587 0 0 -nan 0.000000 2147483647.000000 0 -nan 0.000000
1435 588 0 0 -nan 0.000000 2147483647.000000 0 -nan 0.000000
1436 589 0 0 -nan 0.000000 2147483647.000000 0 -nan 0.000000
1437 590 0 0 -nan 0.000000 2147483647.000000 0 -nan 0.000000
1438 591 0 0 -nan 0.000000 2147483647.000000 0 -nan 0.000000
1439 592 0 0 -nan 0.000000 2147483647.000000 0 -nan 0.000000
1440 593 0 0 -nan 0.000000 2147483647.000000 0 -nan 0.000000
1441 594 0 0 -nan 0.000000 2147483647.000000 0 -nan 0.000000
1442 595 0 0 -nan 0.000000 2147483647.000000 0 -nan 0.000000
1443 596 0 0 -nan 0.000000 2147483647.000000 0 -nan 0.000000
1444 597 0 0 -nan 0.000000 2147483647.000000 0 -nan 0.000000
1445 598 0 0 -nan 0.000000 2147483647.000000 0 -nan 0.000000
1446 599 0 0 -nan 0.000000 2147483647.000000 0 -nan 0.000000
1447 600 0 0 -nan 0.000000 2147483647.000000 0 -nan 0.000000
1448 601 0 0 -nan 0.000000 2147483647.000000 0 -nan 0.000000
1449 602 0 0 -nan 0.000000 2147483647.000000 0 -nan 0.000000
1450 603 0 0 -nan 0.000000 2147483647.000000 0 -nan 0.000000
1451 604 0 0 -nan 0.000000 2147483647.000000 0 -nan 0.000000
1452 605 0 0 -nan 0.000000 2147483647.000000 0 -nan 0.000000
1453 606 0 0 -nan 0.000000 2147483647.000000 0 -nan 0.000000
1454 607 0 0 -nan 0.000000 2147483647.000000 0 -nan 0.000000
1500 608 0 0 -nan 0.000000 2147483647.000000 0 -nan 0.000000
1501 609 0 0 -nan 0.000000 2147483647.000000 0 -nan 0.000000
1502 610 0 0 -nan 0.000000 2147483647.000000 0 -nan 0.000000
1503 611 0 0 -nan 0.000000 2147483647.000000 0 -nan 0.000000
1504 612 0 0 -nan 0.000000 2147483647.000000 0 -nan 0.000000
1505 613 0 0 -nan 0.000000 2147483647.000000 0 -nan 0.000000
1506 614 0 0 -nan 0.000000 2147483647.000000 0 -nan 0.000000
1507 615 0 0 -nan 0.000000 2147483647.000000 0 -nan 0.000000
1508 616 0 0 -nan 0.000000 2147483647.000000 0 -nan 0.000000
1509 617 0 0 -nan 0.000000 2147483647.000000 0 -nan 0.000000
1510 618 0 0 -nan 0.000000 2147483647.000000 0 -nan 0.000000
1511 619 0 0 -nan 0.000000 2147483647.000000 0 -nan 0.000000
1512 620 0 0 -nan 0.000000 2147483647.000000 0 -nan 0.000000
1513 621 0 0 -nan 0.000000 2147483647.000000 0 -nan 0.000000
1514 622 0 0 -nan 0.000000 2147483647.000000 0 -nan 0.000000
1515 623 0 0 -nan 0.000000 2147483647.000000 0 -nan 0.000000
1516 624 0 0 -nan 0.000000 2147483647.000000 0 -nan 0.000000
1517 625 0 0 -nan 0.000000 2147483647.000000 0 -nan 0.000000
1518 626 0 0 -nan 0.000000 2147483647.000000 0 -nan 0.000000
1519 627 0 0 -nan 0.000000 2147483647.000000 0 -nan 0.000000
1520 628 0 0 -nan 0.000000 2147483647.000000 0 -nan 0.000000
1521 629 0 0 -nan 0.000000 2147483647.000000 0 -nan 0.000000
1522 630 0 0 -nan 0.000000 2147483647.000000 0 -nan 0.000000
1523 631 0 0 -nan 0.000000 2147483647.000000 0 -nan 0.000000
1524 632 0 0 -nan 0.000000 2147483647.000000 0 -nan 0.000000
1525 633 0 0 -nan 0.000000 2147483647.000000 0 -nan 0.000000
1526 634 0 0 -nan 0.000000 2147483647.000000 0 -nan 0.000000
1527 635 0 0 -nan 0.000000 2147483647.000000 0 -nan 0.000000
1528 636 0 0 -nan 0.000000 2147483647.000000 0 -nan 0.000000
1529 637 0 0 -nan 0.000000 2147483647.000000 0 -nan 0.000000
1530 638 0 0 -nan 0.000000 2147483647.000000 0 -nan 0.000000
1531 639 0 0 -nan 0.000000 2147483647.000000 0 -nan 0.000000
1577 640 0 0 -nan 0.000000 2147483647.000000 0 -nan 0.000000
1578 641 0 0 -nan 0.000000 2147483647.000000 0 -nan 0.000000
1579 642 0 0 -nan 0.000000 2147483647.000000 0 -nan 0.000000
1580 643 0 0 -nan 0.000000 2147483647.000000 0 -nan 0.000000
1581 644 0 0 -nan 0.000000 2147483647.000000 0 -nan 0.000000
1582 645 0 0 -nan 0.000000 2147483647.000000 0 -nan 0.000000
1583 646 0 0 -nan 0.000000 2147483647.000000 0 -nan 0.000000
1584 647 0 0 -nan 0.000000 2147483647.000000 0 -nan 0.000000
1585 648 0 0 -nan 0.000000 2147483647.000000 0 -nan 0.000000
1586 649 0 0 -nan 0.000000 2147483647.000000 0 -nan 0.000000
1587 650 0 0 -nan 0.000000 2147483647.000000 0 -nan 0.000000
1588 651 0 0 -nan 0.000000 2147483647.000000 0 -nan 0.000000
1589 652 0 0 -nan 0.000000 2147483647.000000 0 -nan 0.000000
1590 653 0 0 -nan 0.000000 2147483647.000000 0 -nan 0.000000
1591 654 0 0 -nan 0.000000 2147483647.000000 0 -nan 0.000000
1592 655 0 0 -nan 0.000000 2147483647.000000 0 -nan 0.000000
1593 656 0 0 -nan 0.000000 2147483647.000000 0 -nan 0.000000
1594 657 0 0 -nan 0.000000 2147483647.000000 0 -nan 0.000000
1595 658 0 0 -nan 0.000000 2147483647.000000 0 -nan 0.000000
1596 659 0 0 -nan 0.000000 2147483647.000000 0 -nan 0.000000
1597 660 0 0 -nan 0.000000 2147483647.000000 0 -nan 0.000000
1598 661 0 0 -nan 0.000000 2147483647.000000 0 -nan 0.000000
1599 662 0 0 -nan 0.000000 2147483647.000000 0 -nan 0.000000
1600 663 0 0 -nan 0.000000 2147483647.000000 0 -nan 0.000000
1601 664 0 0 -nan 0.000000 2147483647.000000 0 -nan 0.000000
1602 665 0 0 -nan 0.000000 2147483647.000000 0 -nan 0.000000
1603 666 0 0 -nan 0.000000 2147483647.000000 0 -nan 0.000000
1604 667 0 0 -nan 0.000000 2147483647.000000 0 -nan 0.000000
1605 668 0 0 -nan 0.000000 2147483647.000000 0 -nan 0.000000
1606 669 0 0 -nan 0.000000 2147483647.000000 0 -nan 0.000000
1607 670 0 0 -nan 0.000000 2147483647.000000 0 -nan 0.000000
1608 671 0 0 -nan 0.000000 2147483647.000000 0 -nan 0.000000
1654 672 0 0 -nan 0.000000 2147483647.000000 0 -nan 0.000000
1655 673 0 0 -nan 0.000000 2147483647.000000 0 -nan 0.000000
1656 674 0 0 -nan 0.000000 2147483647.000000 0 -nan 0.000000
1657 675 0 0 -nan 0.000000 2147483647.000000 0 -nan 0.000000
1658 676 0 0 -nan 0.000000 2147483647.000000 0 -nan 0.000000
1659 677 0 0 -nan 0.000000 2147483647.000000 0 -nan 0.000000
1660 678 0 0 -nan 0.000000 2147483647.000000 0 -nan 0.000000
1661 679 0 0 -nan 0.000000 2147483647.000000 0 -nan 0.000000
1662 680 0 0 -nan 0.000000 2147483647.000000 0 -nan 0.000000
1663 681 0 0 -nan 0.000000 2147483647.000000 0 -nan 0.000000
1664 682 0 0 -nan 0.000000 2147483647.000000 0 -nan 0.000000
1665 683 0 0 -nan 0.000000 2147483647.000000 0 -nan 0.000000
1666 684 0 0 -nan 0.000000 2147483647.000000 0 -nan 0.000000
1667 685 0 0 -nan 0.000000 2147483647.000000 0 -nan 0.000000
1668 686 0 0 -nan 0.000000 2147483647.000000 0 -nan 0.000000
1669 687 0 0 -nan 0.000000 2147483647.000000 0 -nan 0.000000
1670 688 0 0 -nan 0.000000 2147483647.000000 0 -nan 0.000000
1671 689 0 0 -nan 0.000000 2147483647.000000 0 -nan 0.000000
1672 690 0 0 -nan 0.000000 2147483647.000000 0 -nan 0.000000
1673 691 0 0 -nan 0.000000 2147483647.000000 0 -nan 0.000000
1674 692 0 0 -nan 0.000000 2147483647.000000 0 -nan 0.000000
1675 693 0 0 -nan 0.000000 2147483647.000000 0 -nan 0.000000
1676 694 0 0 -nan 0.000000 2147483647.000000 0 -nan 0.000000
1677 695 0 0 -nan 0.000000 2147483647.000000 0 -nan 0.000000
1678 696 0 0 -nan 0.000000 2147483647.000000 0 -nan 0.000000
1679 697 0 0 -nan 0.000000 2147483647.000000 0 -nan 0.000000
1680 698 0 0 -nan 0.000000 2147483647.000000 0 -nan 0.000000
1681 699 0 0 -nan 0.000000 2147483647.000000 0 -nan 0.000000
1682 700 0 0 -nan 0.000000 2147483647.000000 0 -nan 0.000000
1683 701 0 0 -nan 0.000000 2147483647.000000 0 -nan 0.000000
1684 702 0 0 -nan 0.000000 2147483647.000000 0 -nan 0.000000
1685 703 0 0 -nan 0.000000 2147483647.000000 0 -nan 0.000000
1731 704 0 0 -nan 0.000000 2147483647.000000 0 -nan 0.000000
1732 705 0 0 -nan 0.000000 2147483647.000000 0 -nan 0.000000
1733 706 0 0 -nan 0.000000 2147483647.000000 0 -nan 0.000000
1734 707 0 0 -nan 0.000000 2147483647.000000 0 -nan 0.000000
1735 708 0 0 -nan 0.000000 2147483647.000000 0 -nan 0.000000
1736 709 0 0 -nan 0.000000 2147483647.000000 0 -nan 0.000000
1737 710 0 0 -nan 0.000000 2147483647.000000 0 -nan 0.000000
1738 711 0 0 -nan 0.000000 2147483647.000000 0 -nan 0.000000
1739 712 0 0 -nan 0.000000 2147483647.000000 0 -nan 0.000000
1740 713 0 0 -nan 0.000000 2147483647.000000 0 -nan 0.000000
1741 714 0 0 -nan 0.000000 2147483647.000000 0 -nan 0.000000
1742 715 0 0 -nan 0.000000 2147483647.000000 0 -nan 0.000000
1743 716 0 0 -nan 0.000000 2147483647.000000 0 -nan 0.000000
1744 717 0 0 -nan 0.000000 2147483647.000000 0 -nan 0.000000
1745 718 0 0 -nan 0.000000 2147483647.000000 0 -nan 0.000000
1746 719 0 0 -nan 0.000000 2147483647.000000 0 -nan 0.000000
1747 720 0 0 -nan 0.000000 2147483647.000000 0 -nan 0.000000
1748 721 0 0 -nan 0.000000 2147483647.000000 0 -nan 0.000000
1749 722 0 0 -nan 0.000000 2147483647.000000 0 -nan 0.000000
1750 723 0 0 -nan 0.000000 2147483647.000000 0 -nan 0.000000
1751 724 0 0 -nan 0.000000 2147483647.000000 0 -nan 0.000000
1752 725 0 0 -nan 0.000000 2147483647.000000 0 -nan 0.000000
1753 726 0 0 -nan 0.000000 2147483647.000000 0 -nan 0.000000
1754 727 0 0 -nan 0.000000 2147483647.000000 0 -nan 0.000000
1755 728 0 0 -nan 0.000000 2147483647.000000 0 -nan 0.000000
1756 729 0 0 -nan 0.000000 2147483647.000000 0 -nan 0.000000
1757 730 0 0 -nan 0.000000 2147483647.000000 0 -nan 0.000000
1758 731 0 0 -nan 0.000000 2147483647.000000 0 -nan 0.000000
1759 732 0 0 -nan 0.000000 2147483647.000000 0 -nan 0.000000
1760 733 0 0 -nan 0.000000 2147483647.000000 0 -nan 0.000000
1761 734 0 0 -nan 0.000000 2147483647.000000 0 -nan 0.000000
1762 735 0 0 -nan 0.000000 2147483647.000000 0 -nan 0.000000
1808 736 0 0 -nan 0.000000 2147483647.000000 0 -nan 0.000000
1809 737 0 0 -nan 0.000000 2147483647.000000 0 -nan 0.000000
1810 738 0 0 -nan 0.000000 2147483647.000000 0 -nan 0.000000
1811 739 0 0 -nan 0.000000 2147483647.000000 0 -nan 0.000000
1812 740 0 0 -nan 0.000000 2147483647.000000 0 -nan 0.000000
1813 741 0 0 -nan 0.000000 2147483647.000000 0 -nan 0.000000
1814 742 0 0 -nan 0.000000 2147483647.000000 0 -nan 0.000000
1815 743 0 0 -nan 0.000000 2147483647.000000 0 -nan 0.000000
1816 744 0 0 -nan 0.000000 2147483647.000000 0 -nan 0.000000
1817 745 0 0 -nan 0.000000 2147483647.000000 0 -nan 0.000000
1818 746 0 0 -nan 0.000000 2147483647.000000 0 -nan 0.000000
1819 747 0 0 -nan 0.000000 2147483647.000000 0 -nan 0.000000
1820 748 0 0 -nan 0.000000 2147483647.000000 0 -nan 0.000000
1821 749 0 0 -nan 0.000000 2147483647.000000 0 -nan 0.000000
1822 750 0 0 -nan 0.000000 2147483647.000000 0 -nan 0.000000
1823 751 0 0 -nan 0.000000 2147483647.000000 0 -nan 0.000000
1824 752 0 0 -nan 0.000000 2147483647.000000 0 -nan 0.000000
1825 753 0 0 -nan 0.000000 2147483647.000000 0 -nan 0.000000
1826 754 0 0 -nan 0.000000 2147483647.000000 0 -nan 0.000000
1827 755 0 0 -nan 0.000000 2147483647.000000 0 -nan 0.000000
1828 756 0 0 -nan 0.000000 2147483647.000000 0 -nan 0.000000
1829 757 0 0 -nan 0.000000 2147483647.000000 0 -nan 0.000000
1830 758 0 0 -nan 0.000000 2147483647.000000 0 -nan 0.000000
1831 759 0 0 -nan 0.000000 2147483647.000000 0 -nan 0.000000
1832 760 0 0 -nan 0.000000 2147483647.000000 0 -nan 0.000000
1833 761 0 0 -nan 0.000000 2147483647.000000 0 -nan 0.000000
1834 762 0 0 -nan 0.000000 2147483647.000000 0 -nan 0.000000
1835 763 0 0 -nan 0.000000 2147483647.000000 0 -nan 0.000000
1836 764 0 0 -nan 0.000000 2147483647.000000 0 -nan 0.000000
1837 765 0 0 -nan 0.000000 2147483647.000000 0 -nan 0.000000
1838 766 0 0 -nan 0.000000 2147483647.000000 0 -nan 0.000000
1839 767 0 0 -nan 0.000000 2147483647.000000 0 -nan 0.000000
1885 768 0 0 -nan 0.000000 2147483647.000000 0 -nan 0.000000
1886 769 0 0 -nan 0.000000 2147483647.000000 0 -nan 0.000000
1887 770 0 0 -nan 0.000000 2147483647.000000 0 -nan 0.000000
1888 771 0 0 -nan 0.000000 2147483647.000000 0 -nan 0.000000
1889 772 0 0 -nan 0.000000 2147483647.000000 0 -nan 0.000000
1890 773 0 0 -nan 0.000000 2147483647.000000 0 -nan 0.000000
1891 774 0 0 -nan 0.000000 2147483647.000000 0 -nan 0.000000
1892 775 0 0 -nan 0.000000 2147483647.000000 0 -nan 0.000000
1893 776 0 0 -nan 0.000000 2147483647.000000 0 -nan 0.000000
1894 777 0 0 -nan 0.000000 2147483647.000000 0 -nan 0.000000
1895 778 0 0 -nan 0.000000 2147483647.000000 0 -nan 0.000000
1896 779 0 0 -nan 0.000000 2147483647.000000 0 -nan 0.000000
1897 780 0 0 -nan 0.000000 2147483647.000000 0 -nan 0.000000
1898 781 0 0 -nan 0.000000 2147483647.000000 0 -nan 0.000000
1899 782 0 0 -nan 0.000000 2147483647.000000 0 -nan 0.000000
1900 783 0 0 -nan 0.000000 2147483647.000000 0 -nan 0.000000
1901 784 0 0 -nan 0.000000 2147483647.000000 0 -nan 0.000000
1902 785 0 0 -nan 0.000000 2147483647.000000 0 -nan 0.000000
1903 786 0 0 -nan 0.000000 2147483647.000000 0 -nan 0.000000
1904 787 0 0 -nan 0.000000 2147483647.000000 0 -nan 0.000000
1905 788 0 0 -nan 0.000000 2147483647.000000 0 -nan 0.000000
1906 789 0 0 -nan 0.000000 2147483647.000000 0 -nan 0.000000
1907 790 0 0 -nan 0.000000 2147483647.000000 0 -nan 0.000000
1908 791 0 0 -nan 0.000000 2147483647.000000 0 -nan 0.000000
1909 792 0 0 -nan 0.000000 2147483647.000000 0 -nan 0.000000
1910 793 0 0 -nan 0.000000 2147483647.000000 0 -nan 0.000000
1911 794 0 0 -nan 0.000000 2147483647.000000 0 -nan 0.000000
1912 795 0 0 -nan 0.000000 2147483647.000000 0 -nan 0.000000
1913 796 0 0 -nan 0.000000 2147483647.000000 0 -nan 0.000000
1914 797 0 0 -nan 0.000000 2147483647.000000 0 -nan 0.000000
1915 798 0 0 -nan 0.000000 2147483647.000000 0 -nan 0.000000
1916 799 0 0 -nan 0.000000 2147483647.000000 0 -nan 0.000000
1962 800 0 0 -nan 0.000000 2147483647.000000 0 -nan 0.000000
1963 801 0 0 -nan 0.000000 2147483647.000000 0 -nan 0.000000
1964 802 0 0 -nan 0.000000 2147483647.000000 0 -nan 0.000000
1965 803 0 0 -nan 0.000000 2147483647.000000 0 -nan 0.000000
1966 804 0 0 -nan 0.000000 2147483647.000000 0 -nan 0.000000
1967 805 0 0 -nan 0.000000 2147483647.000000 0 -nan 0.000000
1968 806 0 0 -nan 0.000000 2147483647.000000 0 -nan 0.000000
1969 807 0 0 -nan 0.000000 2147483647.000000 0 -nan 0.000000
1970 808 0 0 -nan 0.000000 2147483647.000000 0 -nan 0.000000
1971 809 0 0 -nan 0.000000 2147483647.000000 0 -nan 0.000000
1972 810 0 0 -nan 0.000000 2147483647.000000 0 -nan 0.000000
1973 811 0 0 -nan 0.000000 2147483647.000000 0 -nan 0.000000
1974 812 0 0 -nan 0.000000 2147483647.000000 0 -nan 0.000000
1975 813 0 0 -nan 0.000000 2147483647.000000 0 -nan 0.000000
1976 814 0 0 -nan 0.000000 2147483647.000000 0 -nan 0.000000
1977 815 0 0 -nan 0.000000 2147483647.000000 0 -nan 0.000000
1978 816 0 0 -nan 0.000000 2147483647.000000 0 -nan 0.000000
1979 817 0 0 -nan 0.000000 2147483647.000000 0 -nan 0.000000
1980 818 0 0 -nan 0.000000 2147483647.000000 0 -nan 0.000000
1981 819 0 0 -nan 0.000000 2147483647.000000 0 -nan 0.000000
1982 820 0 0 -nan 0.000000 2147483647.000000 0 -nan 0.000000
1983 821 0 0 -nan 0.000000 2147483647.000000 0 -nan 0.000000
1984 822 0 0 -nan 0.000000 2147483647.000000 0 -nan 0.000000
1985 823 0 0 -nan 0.000000 2147483647.000000 0 -nan 0.000000
1986 824 0 0 -nan 0.000000 2147483647.000000 0 -nan 0.000000
1987 825 0 0 -nan 0.000000 2147483647.000000 0 -nan 0.000000
1988 826 0 0 -nan 0.000000 2147483647.000000 0 -nan 0.000000
1989 827 0 0 -nan 0.000000 2147483647.000000 0 -nan 0.000000
1990 828 0 0 -nan 0.000000 2147483647.000000 0 -nan 0.000000
1991 829 0 0 -nan 0.000000 2147483647.000000 0 -nan 0.000000
1992 830 0 0 -nan 0.000000 2147483647.000000 0 -nan 0.000000
1993 831 0 0 -nan 0.000000 2147483647.000000 0 -nan 0.000000
2039 832 0 0 -nan 0.000000 2147483647.000000 0 -nan 0.000000
2040 833 0 0 -nan 0.000000 2147483647.000000 0 -nan 0.000000
2041 834 0 0 -nan 0.000000 2147483647.000000 0 -nan 0.000000
2042 835 0 0 -nan 0.000000 2147483647.000000 0 -nan 0.000000
2043 836 0 0 -nan 0.000000 2147483647.000000 0 -nan 0.000000
2044 837 0 0 -nan 0.000000 2147483647.000000 0 -nan 0.000000
2045 838 0 0 -nan 0.000000 2147483647.000000 0 -nan 0.000000
2046 839 0 0 -nan 0.000000 2147483647.000000 0 -nan 0.000000
2047 840 0 0 -nan 0.000000 2147483647.000000 0 -nan 0.000000
2048 841 0 0 -nan 0.000000 2147483647.000000 0 -nan 0.000000
2049 842 0 0 -nan 0.000000 2147483647.000000 0 -nan 0.000000
2050 843 0 0 -nan 0.000000 2147483647.000000 0 -nan 0.000000
2051 844 0 0 -nan 0.000000 2147483647.000000 0 -nan 0.000000
2052 845 0 0 -nan 0.000000 2147483647.000000 0 -nan 0.000000
2053 846 0 0 -nan 0.000000 2147483647.000000 0 -nan 0.000000
2054 847 0 0 -nan 0.000000 2147483647.000000 0 -nan 0.000000
2055 848 0 0 -nan 0.000000 2147483647.000000 0 -nan 0.000000
2056 849 0 0 -nan 0.000000 2147483647.000000 0 -nan 0.000000
2057 850 0 0 -nan 0.000000 2147483647.000000 0 -nan 0.000000
2058 851 0 0 -nan 0.000000 2147483647.000000 0 -nan 0.000000
2059 852 0 0 -nan 0.000000 2147483647.000000 0 -nan 0.000000
2060 853 0 0 -nan 0.000000 2147483647.000000 0 -nan 0.000000
2061 854 0 0 -nan 0.000000 2147483647.000000 0 -nan 0.000000
2062 855 0 0 -nan 0.000000 2147483647.000000 0 -nan 0.000000
2063 856 0 0 -nan 0.000000 2147483647.000000 0 -nan 0.000000
2064 857 0 0 -nan 0.000000 2147483647.000000 0 -nan 0.000000
2065 858 0 0 -nan 0.000000 2147483647.000000 0 -nan 0.000000
2066 859 0 0 -nan 0.000000 2147483647.000000 0 -nan 0.000000
2067 860 0 0 -nan 0.000000 2147483647.000000 0 -nan 0.000000
2068 861 0 0 -nan 0.000000 2147483647.000000 0 -nan 0.000000
2069 862 0 0 -nan 0.000000 2147483647.000000 0 -nan 0.000000
2070 863 0 0 -nan 0.000000 2147483647.000000 0 -nan 0.000000
2116 864 0 0 -nan 0.000000 2147483647.000000 0 -nan 0.000000
2117 865 0 0 -nan 0.000000 2147483647.000000 0 -nan 0.000000
2118 866 0 0 -nan 0.000000 2147483647.000000 0 -nan 0.000000
2119 867 0 0 -nan 0.000000 2147483647.000000 0 -nan 0.000000
2120 868 0 0 -nan 0.000000 2147483647.000000 0 -nan 0.000000
2121 869 0 0 -nan 0.000000 2147483647.000000 0 -nan 0.000000
2122 870 0 0 -nan 0.000000 2147483647.000000 0 -nan 0.000000
2123 871 0 0 -nan 0.000000 2147483647.000000 0 -nan 0.000000
2124 872 0 0 -nan 0.000000 2147483647.000000 0 -nan 0.000000
2125 873 0 0 -nan 0.000000 2147483647.000000 0 -nan 0.000000
2126 874 0 0 -nan 0.000000 2147483647.000000 0 -nan 0.000000
2127 875 0 0 -nan 0.000000 2147483647.000000 0 -nan 0.000000
2128 876 0 0 -nan 0.000000 2147483647.000000 0 -nan 0.000000
2129 877 0 0 -nan 0.000000 2147483647.000000 0 -nan 0.000000
2130 878 0 0 -nan 0.000000 2147483647.000000 0 -nan 0.000000
2131 879 0 0 -nan 0.000000 2147483647.000000 0 -nan 0.000000
2132 880 0 0 -nan 0.000000 2147483647.000000 0 -nan 0.000000
2133 881 0 0 -nan 0.000000 2147483647.000000 0 -nan 0.000000
2134 882 0 0 -nan 0.000000 2147483647.000000 0 -nan 0.000000
2135 883 0 0 -nan 0.000000 2147483647.000000 0 -nan 0.000000
2136 884 0 0 -nan 0.000000 2147483647.000000 0 -nan 0.000000
2137 885 0 0 -nan 0.000000 2147483647.000000 0 -nan 0.000000
2138 886 0 0 -nan 0.000000 2147483647.000000 0 -nan 0.000000
2139 887 0 0 -nan 0.000000 2147483647.000000 0 -nan 0.000000
2140 888 0 0 -nan 0.000000 2147483647.000000 0 -nan 0.000000
2141 889 0 0 -nan 0.000000 2147483647.000000 0 -nan 0.000000
2142 890 0 0 -nan 0.000000 2147483647.000000 0 -nan 0.000000
2143 891 0 0 -nan 0.000000 2147483647.000000 0 -nan 0.000000
2144 892 0 0 -nan 0.000000 2147483647.000000 0 -nan 0.000000
2145 893 0 0 -nan 0.000000 2147483647.000000 0 -nan 0.000000
2146 894 0 0 -nan 0.000000 2147483647.000000 0 -nan 0.000000
2147 895 0 0 -nan 0.000000 2147483647.000000 0 -nan 0.000000
2193 896 0 0 -nan 0.000000 2147483647.000000 0 -nan 0.000000
2194 897 0 0 -nan 0.000000 2147483647.000000 0 -nan 0.000000
2195 898 0 0 -nan 0.000000 2147483647.000000 0 -nan 0.000000
2196 899 0 0 -nan 0.000000 2147483647.000000 0 -nan 0.000000
2197 900 0 0 -nan 0.000000 2147483647.000000 0 -nan 0.000000
2198 901 0 0 -nan 0.000000 2147483647.000000 0 -nan 0.000000
2199 902 0 0 -nan 0.000000 2147483647.000000 0 -nan 0.000000
2200 903 0 0 -nan 0.000000 2147483647.000000 0 -nan 0.000000
2201 904 0 0 -nan 0.000000 2147483647.000000 0 -nan 0.000000
2202 905 0 0 -nan 0.000000 2147483647.000000 0 -nan 0.000000
2203 906 0 0 -nan 0.000000 2147483647.000000 0 -nan 0.000000
2204 907 0 0 -nan 0.000000 2147483647.000000 0 -nan 0.000000
2205 908 0 0 -nan 0.000000 2147483647.000000 0 -nan 0.000000
2206 909 0 0 -nan 0.000000 2147483647.000000 0 -nan 0.000000
2207 910 0 0 -nan 0.000000 2147483647.000000 0 -nan 0.000000
2208 911 0 0 -nan 0.000000 2147483647.000000 0 -nan 0.000000
2209 912 0 0 -nan 0.000000 2147483647.000000 0 -nan 0.000000
2210 913 0 0 -nan 0.000000 2147483647.000000 0 -nan 0.000000
2211 914 0 0 -nan 0.000000 2147483647.000000 0 -nan 0.000000
2212 915 0 0 -nan 0.000000 2147483647.000000 0 -nan 0.000000
2213 916 0 0 -nan 0.000000 2147483647.000000 0 -nan 0.000000
2214 917 0 0 -nan 0.000000 2147483647.000000 0 -nan 0.000000
2215 918 0 0 -nan 0.000000 2147483647.000000 0 -nan 0.000000
2216 919 0 0 -nan 0.000000 2147483647.000000 0 -nan 0.000000
2217 920 0 0 -nan 0.000000 2147483647.000000 0 -nan 0.000000
2218 921 0 0 -nan 0.000000 2147483647.000000 0 -nan 0.000000
2219 922 0 0 -nan 0.000000 2147483647.000000 0 -nan 0.000000
2220 923 0 0 -nan 0.000000 2147483647.000000 0 -nan 0.000000
2221 924 0 0 -nan 0.000000 2147483647.000000 0 -nan 0.000000
2222 925 0 0 -nan 0.000000 2147483647.000000 0 -nan 0.000000
2223 926 0 0 -nan 0.000000 2147483647.000000 0 -nan 0.000000
2224 927 0 0 -nan 0.000000 2147483647.000000 0 -nan 0.000000
2270 928 0 0 -nan 0.000000 2147483647.000000 0 -nan 0.000000
2271 929 0 0 -nan 0.000000 2147483647.000000 0 -nan 0.000000
2272 930 0 0 -nan 0.000000 2147483647.000000 0 -nan 0.000000
2273 931 0 0 -nan 0.000000 2147483647.000000 0 -nan 0.000000
2274 932 0 0 -nan 0.000000 2147483647.000000 0 -nan 0.000000
2275 933 0 0 -nan 0.000000 2147483647.000000 0 -nan 0.000000
2276 934 0 0 -nan 0.000000 2147483647.000000 0 -nan 0.000000
2277 935 0 0 -nan 0.000000 2147483647.000000 0 -nan 0.000000
2278 936 0 0 -nan 0.000000 2147483647.000000 0 -nan 0.000000
2279 937 0 0 -nan 0.000000 2147483647.000000 0 -nan 0.000000
2280 938 0 0 -nan 0.000000 2147483647.000000 0 -nan 0.000000
2281 939 0 0 -nan 0.000000 2147483647.000000 0 -nan 0.000000
2282 940 0 0 -nan 0.000000 2147483647.000000 0 -nan 0.000000
2283 941 0 0 -nan 0.000000 2147483647.000000 0 -nan 0.000000
2284 942 0 0 -nan 0.000000 2147483647.000000 0 -nan 0.000000
2285 943 0 0 -nan 0.000000 2147483647.000000 0 -nan 0.000000
2286 944 0 0 -nan 0.000000 2147483647.000000 0 -nan 0.000000
2287 945 0 0 -nan 0.000000 2147483647.000000 0 -nan 0.000000
2288 946 0 0 -nan 0.000000 2147483647.000000 0 -nan 0.000000
2289 947 0 0 -nan 0.000000 2147483647.000000 0 -nan 0.000000
2290 948 0 0 -nan 0.000000 2147483647.000000 0 -nan 0.000000
2291 949 0 0 -nan 0.000000 2147483647.000000 0 -nan 0.000000
2292 950 0 0 -nan 0.000000 2147483647.000000 0 -nan 0.000000
2293 951 0 0 -nan 0.000000 2147483647.000000 0 -nan 0.000000
2294 952 0 0 -nan 0.000000 2147483647.000000 0 -nan 0.000000
2295 953 0 0 -nan 0.000000 2147483647.000000 0 -nan 0.000000
2296 954 0 0 -nan 0.000000 2147483647.000000 0 -nan 0.000000
2297 955 0 0 -nan 0.000000 2147483647.000000 0 -nan 0.000000
2298 956 0 0 -nan 0.000000 2147483647.000000 0 -nan 0.000000
2299 957 0 0 -nan 0.000000 2147483647.000000 0 -nan 0.000000
2300 958 0 0 -nan 0.000000 2147483647.000000 0 -nan 0.000000
2301 959 0 0 -nan 0.000000 2147483647.000000 0 -nan 0.000000
2347 960 0 0 -nan 0.000000 2147483647.000000 0 -nan 0.000000
2348 961 0 0 -nan 0.000000 2147483647.000000 0 -nan 0.000000
2349 962 0 0 -nan 0.000000 2147483647.000000 0 -nan 0.000000
2350 963 0 0 -nan 0.000000 2147483647.000000 0 -nan 0.000000
2351 964 0 0 -nan 0.000000 2147483647.000000 0 -nan 0.000000
2352 965 0 0 -nan 0.000000 2147483647.000000 0 -nan 0.000000
2353 966 0 0 -nan 0.000000 2147483647.000000 0 -nan 0.000000
2354 967 0 0 -nan 0.000000 2147483647.000000 0 -nan 0.000000
2355 968 0 0 -nan 0.000000 2147483647.000000 0 -nan 0.000000
2356 969 0 0 -nan 0.000000 2147483647.000000 0 -nan 0.000000
2357 970 0 0 -nan 0.000000 2147483647.000000 0 -nan 0.000000
2358 971 0 0 -nan 0.000000 2147483647.000000 0 -nan 0.000000
2359 972 0 0 -nan 0.000000 2147483647.000000 0 -nan 0.000000
2360 973 0 0 -nan 0.000000 2147483647.000000 0 -nan 0.000000
2361 974 0 0 -nan 0.000000 2147483647.000000 0 -nan 0.000000
2362 975 0 0 -nan 0.000000 2147483647.000000 0 -nan 0.000000
2363 976 0 0 -nan 0.000000 2147483647.000000 0 -nan 0.000000
2364 977 0 0 -nan 0.000000 2147483647.000000 0 -nan 0.000000
2365 978 0 0 -nan 0.000000 2147483647.000000 0 -nan 0.000000
2366 979 0 0 -nan 0.000000 2147483647.000000 0 -nan 0.000000
2367 980 0 0 -nan 0.000000 2147483647.000000 0 -nan 0.000000
2368 981 0 0 -nan 0.000000 2147483647.000000 0 -nan 0.000000
2369 982 0 0 -nan 0.000000 2147483647.000000 0 -nan 0.000000
2370 983 0 0 -nan 0.000000 2147483647.000000 0 -nan 0.000000
2371 984 0 0 -nan 0.000000 2147483647.000000 0 -nan 0.000000
2372 985 0 0 -nan 0.000000 2147483647.000000 0 -nan 0.000000
2373 986 0 0 -nan 0.000000 2147483647.000000 0 -nan 0.000000
2374 987 0 0 -nan 0.000000 2147483647.000000 0 -nan 0.000000
2375 988 0 0 -nan 0.000000 2147483647.000000 0 -nan 0.000000
2376 989 0 0 -nan 0.000000 2147483647.000000 0 -nan 0.000000
2377 990 0 0 -nan 0.000000 2147483647.000000 0 -nan 0.000000
2378 991 0 0 -nan 0.000000 2147483647.000000 0 -nan 0.000000
2424 992 0 0 -nan 0.000000 2147483647.000000 0 -nan 0.000000
2425 993 0 0 -nan 0.000000 2147483647.000000 0 -nan 0.000000
2426 994 0 0 -nan 0.000000 2147483647.000000 0 -nan 0.000000
2427 995 0 0 -nan 0.000000 2147483647.000000 0 -nan 0.000000
2428 996 0 0 -nan 0.000000 2147483647.000000 0 -nan 0.000000
2429 997 0 0 -nan 0.000000 2147483647.000000 0 -nan 0.000000
2430 998 0 0 -nan 0.000000 2147483647.000000 0 -nan 0.000000
2431 999 0 0 -nan 0.000000 2147483647.000000 0 -nan 0.000000
2432 1000 0 0 -nan 0.000000 2147483647.000000 0 -nan 0.000000
2433 1001 0 0 -nan 0.000000 2147483647.000000 0 -nan 0.000000
2434 1002 0 0 -nan 0.000000 2147483647.000000 0 -nan 0.000000
2435 1003 0 0 -nan 0.000000 2147483647.000000 0 -nan 0.000000
2436 1004 0 0 -nan 0.000000 2147483647.000000 0 -nan 0.000000
2437 1005 0 0 -nan 0.000000 2147483647.000000 0 -nan 0.000000
2438 1006 0 0 -nan 0.000000 2147483647.000000 0 -nan 0.000000
2439 1007 0 0 -nan 0.000000 2147483647.000000 0 -nan 0.000000
2440 1008 0 0 -nan 0.000000 2147483647.000000 0 -nan 0.000000
2441 1009 0 0 -nan 0.000000 2147483647.000000 0 -nan 0.000000
2442 1010 0 0 -nan 0.000000 2147483647.000000 0 -nan 0.000000
2443 1011 0 0 -nan 0.000000 2147483647.000000 0 -nan 0.000000
2444 1012 0 0 -nan 0.000000 2147483647.000000 0 -nan 0.000000
2445 1013 0 0 -nan 0.000000 2147483647.000000 0 -nan 0.000000
2446 1014 0 0 -nan 0.000000 2147483647.000000 0 -nan 0.000000
2447 1015 0 0 -nan 0.000000 2147483647.000000 0 -nan 0.000000
2448 1016 0 0 -nan 0.000000 2147483647.000000 0 -nan 0.000000
2449 1017 0 0 -nan 0.000000 2147483647.000000 0 -nan 0.000000
2450 1018 0 0 -nan 0.000000 2147483647.000000 0 -nan 0.000000
2451 1019 0 0 -nan 0.000000 2147483647.000000 0 -nan 0.000000
2452 1020 0 0 -nan 0.000000 2147483647.000000 0 -nan 0.000000
2453 1021 0 0 -nan 0.000000 2147483647.000000 0 -nan 0.000000
2454 1022 0 0 -nan 0.000000 2147483647.000000 0 -nan 0.000000
2455 1023 0 0 -nan 0.000000 2147483647.000000 0 -nan 0.000000
2501 1024 0 0 -nan 0.000000 2147483647.000000 0 -nan 0.000000
2502 1025 0 0 -nan 0.000000 2147483647.000000 0 -nan 0.000000
2503 1026 0 0 -nan 0.000000 2147483647.000000 0 -nan 0.000000
2504 1027 0 0 -nan 0.000000 2147483647.000000 0 -nan 0.000000
2505 1028 0 0 -nan 0.000000 2147483647.000000 0 -nan 0.000000
2506 1029 0 0 -nan 0.000000 2147483647.000000 0 -nan 0.000000
2507 1030 0 0 -nan 0.000000 2147483647.000000 0 -nan 0.000000
2508 1031 0 0 -nan 0.000000 2147483647.000000 0 -nan 0.000000
2509 1032 0 0 -nan 0.000000 2147483647.000000 0 -nan 0.000000
2510 1033 0 0 -nan 0.000000 2147483647.000000 0 -nan 0.000000
2511 1034 0 0 -nan 0.000000 2147483647.000000 0 -nan 0.000000
2512 1035 0 0 -nan 0.000000 2147483647.000000 0 -nan 0.000000
2513 1036 0 0 -nan 0.000000 2147483647.000000 0 -nan 0.000000
2514 1037 0 0 -nan 0.000000 2147483647.000000 0 -nan 0.000000
2515 1038 0 0 -nan 0.000000 2147483647.000000 0 -nan 0.000000
2516 1039 0 0 -nan 0.000000 2147483647.000000 0 -nan 0.000000
2517 1040 0 0 -nan 0.000000 2147483647.000000 0 -nan 0.000000
2518 1041 0 0 -nan 0.000000 2147483647.000000 0 -nan 0.000000
2519 1042 0 0 -nan 0.000000 2147483647.000000 0 -nan 0.000000
2520 1043 0 0 -nan 0.000000 2147483647.000000 0 -nan 0.000000
2521 1044 0 0 -nan 0.000000 2147483647.000000 0 -nan 0.000000
2522 1045 0 0 -nan 0.000000 2147483647.000000 0 -nan 0.000000
2523 1046 0 0 -nan 0.000000 2147483647.000000 0 -nan 0.000000
2524 1047 0 0 -nan 0.000000 2147483647.000000 0 -nan 0.000000
2525 1048 0 0 -nan 0.000000 2147483647.000000 0 -nan 0.000000
2526 1049 0 0 -nan 0.000000 2147483647.000000 0 -nan 0.000000
2527 1050 0 0 -nan 0.000000 2147483647.000000 0 -nan 0.000000
2528 1051 0 0 -nan 0.000000 2147483647.000000 0 -nan 0.000000
2529 1052 0 0 -nan 0.000000 2147483647.000000 0 -nan 0.000000
2530 1053 0 0 -nan 0.000000 2147483647.000000 0 -nan 0.000000
2531 1054 0 0 -nan 0.000000 2147483647.000000 0 -nan 0.000000
2532 1055 0 0 -nan 0.000000 2147483647.000000 0 -nan 0.000000
