# Format <LP ID> <Terminal ID> <Job ID> <Local Rank> <Total sends> <Total Recvs> <Bytes sent> <Bytes recvd> <Send time> <Comm. time> <Compute time> <Avg msg time> <Max Msg Time>
6 0 0 0 1800 1800 796264000 796264000 1572942808.185714 992520079.605936 5000.000000 873857.115659 992525079.605936
7 1 0 1 3400 3400 796276800 796276800 1739627743.592933 992519502.089599 5000.000000 511655.218704 992524502.089599
8 2 0 2 1800 1800 796264000 796264000 1747859188.216716 992520656.996214 5000.000000 971032.882343 992525656.996214
9 3 0 3 3400 3400 796276800 796276800 1310286340.934783 992520079.042560 5000.000000 385378.335569 992525079.042560
10 4 0 4 1800 1800 796264000 796264000 2103313921.509974 992524307.656638 5000.000000 1168507.734172 992529307.656638
11 5 0 5 3400 3400 796276800 796276800 2405106625.562362 992523729.688085 5000.000000 707384.301636 992528729.688085
12 6 0 6 1800 1800 796264000 796264000 2386975589.268004 992524884.291554 5000.000000 1326097.549593 992529884.291554
13 7 0 7 3400 3400 796276800 796276800 1778129992.881700 992524306.241464 5000.000000 522979.409671 992529306.241464
14 8 0 8 1800 1800 796264000 796264000 3310054069.685721 992519502.469054 5000.000000 1838918.927603 992524502.469054
15 9 0 9 3400 3400 796276800 796276800 2750487005.638464 992518924.241289 5000.000000 808966.766364 992523924.241289
16 10 0 10 1800 1800 796264000 796264000 2816575196.427255 992520081.789416 5000.000000 1564763.998015 992525081.789416
17 11 0 11 3400 3400 796276800 796276800 1740680002.798945 992519503.988042 5000.000000 511964.706706 992524503.988042
18 12 0 12 1800 1800 796264000 796264000 1030507861.010534 992523391.901603 5000.000000 572504.367228 992528391.901603
19 13 0 13 3400 3400 796276800 796276800 1463377588.854414 992522813.514379 5000.000000 430405.173192 992527813.514379
20 14 0 14 1800 1800 796264000 796264000 1499938645.692650 992523478.193684 5000.000000 833299.247607 992528478.193684
21 15 0 15 3400 3400 796276800 796276800 1252485520.838799 992522900.550377 5000.000000 368378.094364 992527900.550377
22 16 0 16 1800 1800 796264000 796264000 1358422020.381710 992519504.655544 5000.000000 754678.900212 992524504.655544
23 17 0 17 3400 3400 796276800 796276800 1715429824.381997 992518927.541012 5000.000000 504538.183642 992523927.541012
24 18 0 18 1800 1800 796264000 796264000 2265851686.867225 992520079.931350 5000.000000 1258806.492704 992525079.931350
25 19 0 19 3400 3400 796276800 796276800 2030684308.912884 992519502.198185 5000.000000 597260.090857 992524502.198185
26 20 0 20 1800 1800 796264000 796264000 2254071873.912221 992522901.980898 5000.000000 1252262.152173 992527901.980898
27 21 0 21 3400 3400 796276800 796276800 2206241730.731704 992522324.467133 5000.000000 648894.626686 992527324.467133
28 22 0 22 1800 1800 796264000 796264000 2202705170.982951 992523479.018241 5000.000000 1223725.094991 992528479.018241
29 23 0 23 3400 3400 796276800 796276800 1687288261.237517 992522901.517252 5000.000000 496261.253305 992527901.517252
30 24 0 24 1800 1800 796264000 796264000 2888332944.294982 992518097.946719 5000.000000 1604629.413497 992523097.946719
31 25 0 25 3400 3400 796276800 796276800 3110533840.084215 992517520.535139 5000.000000 914862.894142 992522520.535139
32 26 0 26 1800 1800 796264000 796264000 3075155530.425691 992517846.329013 5000.000000 1708419.739125 992522846.329013
33 27 0 27 3400 3400 796276800 796276800 3006803805.433466 992517268.492781 5000.000000 884354.060422 992522268.492781
34 28 0 28 1800 1800 796264000 796264000 2461060020.041215 992520244.089074 5000.000000 1367255.566690 992525244.089074
35 29 0 29 3400 3400 796276800 796276800 2579547026.530192 992519666.476384 5000.000000 758690.301921 992524666.476384
83 30 0 30 1800 1800 796264000 796264000 2783598513.806495 992519993.246949 5000.000000 1546443.618781 992524993.246949
84 31 0 31 3400 3400 796276800 796276800 2866321367.454687 992519415.441666 5000.000000 843035.696310 992524415.441666
85 32 0 32 1800 1800 796264000 796264000 2920098797.805157 992518991.919273 5000.000000 1622277.109892 992523991.919273
86 33 0 33 3400 3400 796276800 796276800 3026387023.682133 992518414.132590 5000.000000 890113.830495 992523414.132590
87 34 0 34 1800 1800 796264000 796264000 2866985378.777048 992521649.144485 5000.000000 1592769.654876 992526649.144485
88 35 0 35 3400 3400 796276800 796276800 2911819001.143888 992521071.127526 5000.000000 856417.353278 992526071.127526
89 36 0 36 1800 1800 796264000 796264000 2207989783.483058 992521160.538213 5000.000000 1226660.990824 992526160.538213
90 37 0 37 3400 3400 796276800 796276800 2246978199.598450 992520582.968041 5000.000000 660875.941058 992525582.968041
91 38 0 38 1800 1800 796264000 796264000 2496517708.131546 992523139.321250 5000.000000 1386954.282295 992528139.321250
92 39 0 39 3400 3400 796276800 796276800 2518106026.279603 992522560.888759 5000.000000 740619.419494 992527560.888759
93 40 0 40 1800 1800 796264000 796264000 2478577612.440574 992518417.066668 5000.000000 1376987.562467 992523417.066668
94 41 0 41 3400 3400 796276800 796276800 1423045969.063507 992517839.270195 5000.000000 418542.932078 992522839.270195
95 42 0 42 1800 1800 796264000 796264000 1339706399.192408 992521073.744350 5000.000000 744281.332885 992526073.744350
96 43 0 43 3400 3400 796276800 796276800 1690067966.366937 992520496.111617 5000.000000 497078.813637 992525496.111617
97 44 0 44 1800 1800 796264000 796264000 1710388194.769551 992520245.064836 5000.000000 950215.663761 992525245.064836
98 45 0 45 3400 3400 796276800 796276800 1656308534.384847 992519666.970442 5000.000000 487149.568937 992524666.970442
99 46 0 46 1800 1800 796264000 796264000 2070867016.192083 992521733.722313 5000.000000 1150481.675662 992526733.722313
100 47 0 47 3400 3400 796276800 796276800 2086693394.668003 992521156.112442 5000.000000 613733.351373 992526156.112442
101 48 0 48 1800 1800 796264000 796264000 1702624168.657326 992518415.047804 5000.000000 945902.315921 992523415.047804
102 49 0 49 3400 3400 796276800 796276800 1849962977.595689 992517837.503954 5000.000000 544106.758116 992522837.503954
103 50 0 50 1800 1800 796264000 796264000 2736603908.341650 992521072.232317 5000.000000 1520335.504634 992526072.232317
104 51 0 51 3400 3400 796276800 796276800 1947359005.545140 992520494.548067 5000.000000 572752.648690 992525494.548067
105 52 0 52 1800 1800 796264000 796264000 1893296921.637274 992519755.187003 5000.000000 1051831.623132 992524755.187003
106 53 0 53 3400 3400 796276800 796276800 1428195715.510127 992519177.335622 5000.000000 420057.563385 992524177.335622
107 54 0 54 1800 1800 796264000 796264000 2100645231.062060 992521736.294924 5000.000000 1167025.128368 992526736.294924
108 55 0 55 3400 3400 796276800 796276800 2372476870.534773 992521158.521213 5000.000000 697787.314863 992526158.521213
109 56 0 56 1800 1800 796264000 796264000 2324341312.004841 992517009.348279 5000.000000 1291300.728892 992522009.348279
110 57 0 57 3400 3400 796276800 796276800 2072294689.905302 992516431.892873 5000.000000 609498.438207 992521431.892873
111 58 0 58 1800 1800 796264000 796264000 1293423680.904069 992518840.213381 5000.000000 718568.711613 992523840.213381
112 59 0 59 3400 3400 796276800 796276800 1337157490.874418 992518262.413750 5000.000000 393281.614963 992523262.413750
160 60 0 60 1800 1800 796264000 796264000 1521676438.147703 992517099.273302 5000.000000 845375.798971 992522099.273302
161 61 0 61 3400 3400 796276800 796276800 1835725601.385831 992516521.378667 5000.000000 539919.294525 992521521.378667
162 62 0 62 1800 1800 796264000 796264000 1724210644.686898 992517760.109697 5000.000000 957894.802604 992522760.109697
163 63 0 63 3400 3400 796276800 796276800 1656587369.912295 992517182.285730 5000.000000 487231.579386 992522182.285730
164 64 0 64 1800 1800 796264000 796264000 2683705911.460128 992522398.333477 5000.000000 1490947.728589 992527398.333477
165 65 0 65 3400 3400 796276800 796276800 3337424270.305747 992521820.609532 5000.000000 981595.373619 992526820.609532
166 66 0 66 1800 1800 796264000 796264000 3326182958.760898 992522974.346725 5000.000000 1847879.421534 992527974.346725
167 67 0 67 3400 3400 796276800 796276800 2271756540.024974 992522396.747497 5000.000000 668163.688243 992527396.747497
168 68 0 68 1800 1800 796264000 796264000 2447682269.599974 992527453.391072 5000.000000 1359823.483111 992532453.391072
169 69 0 69 3400 3400 796276800 796276800 3103822419.006849 992526875.561627 5000.000000 912888.946767 992531875.561627
170 70 0 70 1800 1800 796264000 796264000 3117671962.602924 992528030.666153 5000.000000 1732039.979224 992533030.666153
171 71 0 71 3400 3400 796276800 796276800 2041427665.139872 992527452.533043 5000.000000 600419.901512 992532452.533043
172 72 0 72 1800 1800 796264000 796264000 1314832927.745951 992522648.586489 5000.000000 730462.737637 992527648.586489
173 73 0 73 3400 3400 796276800 796276800 1807600364.840164 992522070.976193 5000.000000 531647.166129 992527070.976193
174 74 0 74 1800 1800 796264000 796264000 1847426033.538176 992523227.915079 5000.000000 1026347.796410 992528227.915079
175 75 0 75 3400 3400 796276800 796276800 1372997629.978354 992522649.760397 5000.000000 403822.832347 992527649.760397
176 76 0 76 1800 1800 796264000 796264000 1592899269.933803 992526537.580669 5000.000000 884944.038852 992531537.580669
177 77 0 77 3400 3400 796276800 796276800 2156904709.200096 992525960.081015 5000.000000 634383.738000 992530960.081015
178 78 0 78 1800 1800 796264000 796264000 2272333832.992955 992526624.826875 5000.000000 1262407.684996 992531624.826875
179 79 0 79 3400 3400 796276800 796276800 1925916893.150010 992526047.573065 5000.000000 566446.145044 992531047.573065
180 80 0 80 1800 1800 796264000 796264000 2580306838.335515 992522650.429971 5000.000000 1433503.799075 992527650.429971
181 81 0 81 3400 3400 796276800 796276800 2505596171.955448 992522072.778571 5000.000000 736940.050575 992527072.778571
182 82 0 82 1800 1800 796264000 796264000 2533601206.144147 992523227.036300 5000.000000 1407556.225636 992528227.036300
183 83 0 83 3400 3400 796276800 796276800 1804671888.697034 992522648.573161 5000.000000 530785.849617 992527648.573161
184 84 0 84 1800 1800 796264000 796264000 3143183191.808675 992526047.443550 5000.000000 1746212.884338 992531047.443550
185 85 0 85 3400 3400 796276800 796276800 3247109236.170190 992525469.737512 5000.000000 955032.128285 992530469.737512
186 86 0 86 1800 1800 796264000 796264000 3295547659.646828 992526626.782820 5000.000000 1830859.810915 992531626.782820
187 87 0 87 3400 3400 796276800 796276800 3217614102.745680 992526048.593150 5000.000000 946357.089043 992531048.593150
188 88 0 88 3200 3200 796275200 796275200 2157786180.369591 992516312.131961 5000.000000 674308.181365 992521312.131961
189 89 0 89 3200 3200 796275200 796275200 2308677203.437347 992516060.913790 5000.000000 721461.626074 992521060.913790
237 90 0 90 3200 3200 796275200 796275200 3139802060.896051 992519286.245705 5000.000000 981188.144030 992524286.245705
238 91 0 91 3200 3200 796275200 796275200 3149823692.221214 992518207.290805 5000.000000 984319.903819 992523207.290805
239 92 0 92 3200 3200 796275200 796275200 3093664326.004635 992517206.208180 5000.000000 966770.101876 992522206.208180
240 93 0 93 3200 3200 796275200 796275200 3299803408.421031 992520690.787875 5000.000000 1031188.565132 992525690.787875
241 94 0 94 3200 3200 796275200 796275200 3727880370.407055 992520202.665146 5000.000000 1164962.615752 992525202.665146
242 95 0 95 3200 3200 796275200 796275200 3775846129.426149 992522181.396496 5000.000000 1179951.915446 992527181.396496
243 96 0 96 3200 3200 796275200 796275200 2633662104.771009 992517458.607384 5000.000000 823019.407741 992522458.607384
244 97 0 97 3200 3200 796275200 796275200 2663669890.692678 992520115.378164 5000.000000 832396.840841 992525115.378164
245 98 0 98 3200 3200 796275200 796275200 2314003890.798051 992519285.672245 5000.000000 723126.215874 992524285.672245
246 99 0 99 3200 3200 796275200 796275200 2442620855.229603 992521027.754939 5000.000000 763319.017259 992526027.754939
247 100 0 100 3200 3200 796275200 796275200 2407175673.459784 992517456.176812 5000.000000 752242.397956 992522456.176812
248 101 0 101 3200 3200 796275200 796275200 1670638888.241652 992520114.180439 5000.000000 522074.652576 992525114.180439
249 102 0 102 3200 3200 796275200 796275200 1474116373.375060 992518795.880723 5000.000000 460661.366680 992523795.880723
250 103 0 103 3200 3200 796275200 796275200 1688953607.008291 992521029.439548 5000.000000 527798.002190 992526029.439548
251 104 0 104 3200 3200 796275200 796275200 1628254196.921260 992516051.390071 5000.000000 508829.436538 992521051.390071
252 105 0 105 3200 3200 796275200 796275200 1622353185.883857 992517882.170745 5000.000000 506985.370589 992522882.170745
253 106 0 106 3200 3200 796275200 796275200 1834016702.918524 992515312.380398 5000.000000 573130.219662 992520312.380398
254 107 0 107 3200 3200 796275200 796275200 1992611185.154912 992515974.172095 5000.000000 622690.995361 992520974.172095
255 108 0 108 3200 3200 796275200 796275200 1857022812.137386 992518294.367256 5000.000000 580319.628793 992523294.367256
256 109 0 109 3200 3200 796275200 796275200 1983426624.465268 992518870.471464 5000.000000 619820.820145 992523870.471464
257 110 0 110 3200 3200 796275200 796275200 3409079758.300438 992523348.975899 5000.000000 1065337.424469 992528348.975899
258 111 0 111 3200 3200 796275200 796275200 2353593871.400788 992523926.158831 5000.000000 735498.084813 992528926.158831
259 112 0 112 3200 3200 796275200 796275200 2365210315.664134 992518544.927992 5000.000000 739128.223645 992523544.927992
260 113 0 113 3200 3200 796275200 796275200 1822694844.073262 992519123.245895 5000.000000 569592.138773 992524123.245895
261 114 0 114 3200 3200 796275200 796275200 2271237511.153839 992522432.528008 5000.000000 709761.722236 992527432.528008
262 115 0 115 3200 3200 796275200 796275200 2709245735.998514 992522520.843743 5000.000000 846639.292500 992527520.843743
263 116 0 116 3200 3200 796275200 796275200 2551917358.022104 992518546.633748 5000.000000 797474.174382 992523546.633748
264 117 0 117 3200 3200 796275200 796275200 2135235832.928488 992519121.547145 5000.000000 667261.197790 992524121.547145
265 118 0 118 3200 3200 796275200 796275200 1192857735.337752 992521115.272614 5000.000000 372768.042293 992526115.272614
266 119 0 119 3200 3200 796275200 796275200 1218987801.856900 992521693.243341 5000.000000 380933.688080 992526693.243341
314 120 0 120 3200 3200 796275200 796275200 1870639053.403642 992517140.669473 5000.000000 584574.704189 992522140.669473
315 121 0 121 3200 3200 796275200 796275200 1963184699.679481 992516888.209901 5000.000000 613495.218650 992521888.209901
316 122 0 122 3200 3200 796275200 796275200 1836887600.749232 992519285.963067 5000.000000 574027.375234 992524285.963067
317 123 0 123 3200 3200 796275200 796275200 1810766531.918363 992518207.782685 5000.000000 565864.541224 992523207.782685
318 124 0 124 3200 3200 796275200 796275200 2787265642.457850 992517205.827960 5000.000000 871020.513268 992522205.827960
319 125 0 125 3200 3200 796275200 796275200 3426792948.105303 992520691.167969 5000.000000 1070872.796283 992525691.167969
320 126 0 126 3200 3200 796275200 796275200 3330739968.892485 992520202.396531 5000.000000 1040856.240279 992525202.396531
321 127 0 127 3200 3200 796275200 796275200 2271833584.022779 992522181.714299 5000.000000 709947.995007 992527181.714299
322 128 0 128 3200 3200 796275200 796275200 2437696768.766983 992517458.982052 5000.000000 761780.240240 992522458.982052
323 129 0 129 3200 3200 796275200 796275200 3000664877.545998 992520115.204147 5000.000000 937707.774233 992525115.204147
324 130 0 130 3200 3200 796275200 796275200 3045596421.468333 992519286.146649 5000.000000 951748.881709 992524286.146649
325 131 0 131 3200 3200 796275200 796275200 2016278054.397039 992521028.434925 5000.000000 630086.891999 992526028.434925
326 132 0 132 3200 3200 796275200 796275200 1484019149.632133 992517457.019617 5000.000000 463755.984260 992522457.019617
327 133 0 133 3200 3200 796275200 796275200 1992878653.547938 992520113.951786 5000.000000 622774.579234 992525113.951786
328 134 0 134 3200 3200 796275200 796275200 1990835882.434094 992518796.621942 5000.000000 622136.213261 992523796.621942
329 135 0 135 3200 3200 796275200 796275200 1610550576.905816 992521029.344845 5000.000000 503297.055283 992526029.344845
330 136 0 136 3200 3200 796275200 796275200 1542303096.891065 992516051.378549 5000.000000 481969.717778 992521051.378549
331 137 0 137 3200 3200 796275200 796275200 2178966689.920016 992517882.424139 5000.000000 680927.090600 992522882.424139
332 138 0 138 3200 3200 796275200 796275200 2345327843.932387 992515312.113900 5000.000000 732914.951229 992520312.113900
333 139 0 139 3200 3200 796275200 796275200 2013714542.779714 992515973.908154 5000.000000 629285.794619 992520973.908154
334 140 0 140 3200 3200 796275200 796275200 2565675000.191332 992521440.431579 5000.000000 801773.437560 992526440.431579
335 141 0 141 3200 3200 796275200 796275200 2427008541.822022 992522016.256203 5000.000000 758440.169319 992527016.256203
336 142 0 142 3200 3200 796275200 796275200 2513806955.818974 992526495.560095 5000.000000 785564.673693 992531495.560095
337 143 0 143 3200 3200 796275200 796275200 1812083117.248002 992527072.558530 5000.000000 566275.974140 992532072.558530
338 144 0 144 3200 3200 796275200 796275200 3185853542.623793 992521691.341488 5000.000000 995579.232070 992526691.341488
339 145 0 145 3200 3200 796275200 796275200 3148754335.395087 992522604.837440 5000.000000 983985.729811 992527604.837440
340 146 0 146 3200 3200 796275200 796275200 3339261531.658934 992525578.395060 5000.000000 1043519.228643 992530578.395060
341 147 0 147 3200 3200 796275200 796275200 3319195348.703669 992525667.003848 5000.000000 1037248.546470 992530667.003848
342 148 0 148 3200 3200 796275200 796275200 2291676009.182297 992520865.041211 5000.000000 716148.752869 992525865.041211
343 149 0 149 3200 3200 796275200 796275200 2410509938.740615 992521528.045406 5000.000000 753284.355856 992526528.045406
391 150 0 150 3200 3200 796275200 796275200 3103305295.800675 992525088.229694 5000.000000 969782.904938 992530088.229694
392 151 0 151 3200 3200 796275200 796275200 3278270371.073986 992525668.685230 5000.000000 1024459.490961 992530668.685230
393 152 0 152 3200 3200 796275200 796275200 3029910921.642646 992519458.560326 5000.000000 946847.163013 992524458.560326
394 153 0 153 3200 3200 796275200 796275200 3323754547.822243 992519207.055339 5000.000000 1038673.296194 992524207.055339
395 154 0 154 3200 3200 796275200 796275200 3551137725.869733 992521604.825726 5000.000000 1109730.539334 992526604.825726
396 155 0 155 3200 3200 796275200 796275200 3602784127.296078 992520526.019977 5000.000000 1125870.039780 992525526.019977
397 156 0 156 3200 3200 796275200 796275200 2619505420.330131 992519524.615058 5000.000000 818595.443853 992524524.615058
398 157 0 157 3200 3200 796275200 796275200 2695632499.026315 992523009.111948 5000.000000 842385.155946 992528009.111948
399 158 0 158 3200 3200 796275200 796275200 2547450007.944845 992523349.081419 5000.000000 796078.127483 992528349.081419
400 159 0 159 3200 3200 796275200 796275200 2613957608.093038 992525327.416111 5000.000000 816861.752529 992530327.416111
401 160 0 160 3200 3200 796275200 796275200 2572873186.729383 992520604.682827 5000.000000 804022.870853 992525604.682827
402 161 0 161 3200 3200 796275200 796275200 1721809514.334965 992523261.815261 5000.000000 538065.473230 992528261.815261
403 162 0 162 3200 3200 796275200 796275200 1424164833.776827 992522432.559123 5000.000000 445051.510555 992527432.559123
404 163 0 163 3200 3200 796275200 796275200 1752100508.709079 992524174.803106 5000.000000 547531.408972 992529174.803106
405 164 0 164 3200 3200 796275200 796275200 1611709196.736251 992520602.929288 5000.000000 503659.123980 992525602.929288
406 165 0 165 3200 3200 796275200 796275200 1561748716.552984 992523260.821676 5000.000000 488046.473923 992528260.821676
407 166 0 166 3200 3200 796275200 796275200 1968108221.938158 992521942.596443 5000.000000 615033.819356 992526942.596443
408 167 0 167 3200 3200 796275200 796275200 2083177614.104791 992524175.803321 5000.000000 650993.004408 992529175.803321
409 168 0 168 3200 3200 796275200 796275200 1859216812.703132 992519197.184808 5000.000000 581005.253970 992524197.184808
410 169 0 169 3200 3200 796275200 796275200 1999653351.765585 992521028.593904 5000.000000 624891.672427 992526028.593904
411 170 0 170 3200 3200 796275200 796275200 3448337292.630266 992518458.370589 5000.000000 1077605.403947 992523458.370589
412 171 0 171 3200 3200 796275200 796275200 2352219548.157745 992519120.297952 5000.000000 735068.608799 992524120.297952
413 172 0 172 3200 3200 796275200 796275200 2357447042.489973 992519121.999637 5000.000000 736702.200778 992524121.999637
414 173 0 173 3200 3200 796275200 796275200 1799537558.920274 992519698.725762 5000.000000 562355.487163 992524698.725762
415 174 0 174 3200 3200 796275200 796275200 2269169775.455899 992521694.212360 5000.000000 709115.554830 992526694.212360
416 175 0 175 3200 3200 796275200 796275200 2673739625.203998 992522269.609394 5000.000000 835543.632876 992527269.609394
417 176 0 176 3200 3200 796275200 796275200 2654911546.166191 992517716.353989 5000.000000 829659.858177 992522716.353989
418 177 0 177 3200 3200 796275200 796275200 2121783648.099392 992518295.612952 5000.000000 663057.390031 992523295.612952
419 178 0 178 3200 3200 796275200 796275200 1194028367.831494 992522433.630099 5000.000000 373133.864947 992527433.630099
420 179 0 179 3200 3200 796275200 796275200 1217326482.458512 992522520.651670 5000.000000 380414.525768 992527520.651670
468 180 0 180 3200 3200 796275200 796275200 1889332134.536554 992518547.339720 5000.000000 590416.292043 992523547.339720
469 181 0 181 3200 3200 796275200 796275200 1972582681.002105 992519122.306631 5000.000000 616432.087813 992524122.306631
470 182 0 182 3200 3200 796275200 796275200 1823421880.339049 992521944.306160 5000.000000 569819.337606 992526944.306160
471 183 0 183 3200 3200 796275200 796275200 1798424511.464908 992522521.347011 5000.000000 562007.659833 992527521.347011
472 184 0 184 3200 3200 796275200 796275200 3211146920.318954 992517139.964351 5000.000000 1003483.412600 992522139.964351
473 185 0 185 3200 3200 796275200 796275200 3151199532.215003 992516888.003838 5000.000000 984749.853817 992521888.003838
474 186 0 186 3200 3200 796275200 796275200 3095637117.633547 992519285.564041 5000.000000 967386.599260 992524285.564041
475 187 0 187 3200 3200 796275200 796275200 2250054797.734029 992519035.036404 5000.000000 703142.124292 992524035.036404
476 188 0 188 3200 3200 796275200 796275200 2444849553.117392 992518034.013082 5000.000000 764015.485349 992523034.013082
477 189 0 189 3200 3200 796275200 796275200 2998870790.951048 992519862.526287 5000.000000 937147.122172 992524862.526287
478 190 0 190 3200 3200 796275200 796275200 3020824130.018648 992519374.544309 5000.000000 944007.540631 992524374.544309
479 191 0 191 3200 3200 796275200 796275200 2065279764.031368 992522181.511796 5000.000000 645399.926260 992527181.511796
480 192 0 192 3200 3200 796275200 796275200 1468007324.787022 992517458.939548 5000.000000 458752.288996 992522458.939548
481 193 0 193 3200 3200 796275200 796275200 1997696130.393312 992520115.489695 5000.000000 624280.040748 992525115.489695
482 194 0 194 3200 3200 796275200 796275200 2015420966.012197 992519286.028267 5000.000000 629819.051879 992524286.028267
483 195 0 195 3200 3200 796275200 796275200 1574081503.411710 992520775.408608 5000.000000 491900.469816 992525775.408608
484 196 0 196 3200 3200 796275200 796275200 1552475159.076235 992517456.707456 5000.000000 485148.487211 992522456.707456
485 197 0 197 3200 3200 796275200 796275200 2162111036.091421 992520113.743302 5000.000000 675659.698779 992525113.743302
486 198 0 198 3200 3200 796275200 796275200 2381283733.542862 992518796.906137 5000.000000 744151.166732 992523796.906137
487 199 0 199 3200 3200 796275200 796275200 2086463915.875015 992520778.003951 5000.000000 652019.973711 992525778.003951
488 200 0 200 3200 3200 796275200 796275200 2564239246.052821 992516051.128031 5000.000000 801324.764392 992521051.128031
489 201 0 201 3200 3200 796275200 796275200 2477930049.234010 992517882.594487 5000.000000 774353.140386 992522882.594487
490 202 0 202 3200 3200 796275200 796275200 2323669263.438077 992515313.111678 5000.000000 726146.644824 992520313.111678
491 203 0 203 3200 3200 796275200 796275200 1793523087.750356 992515974.666795 5000.000000 560475.964922 992520974.666795
492 204 0 204 3200 3200 796275200 796275200 2938676715.567791 992521440.309565 5000.000000 918336.473615 992526440.309565
493 205 0 205 3200 3200 796275200 796275200 2714146342.957425 992522016.059685 5000.000000 848170.732174 992527016.059685
494 206 0 206 3200 3200 796275200 796275200 3143005819.899027 992526495.309015 5000.000000 982189.318718 992531495.309015
495 207 0 207 3200 3200 796275200 796275200 3164229733.436610 992527071.766457 5000.000000 988821.791699 992532071.766457
496 208 0 208 3200 3200 796275200 796275200 2307442192.399794 992520862.678883 5000.000000 721075.685125 992525862.678883
497 209 0 209 3200 3200 796275200 796275200 2416161886.227907 992521441.542051 5000.000000 755050.589446 992526441.542051
545 210 0 210 3200 3200 796275200 796275200 3310337773.759811 992525579.763236 5000.000000 1034480.554300 992530579.763236
546 211 0 211 3200 3200 796275200 796275200 3421669451.632018 992525667.034846 5000.000000 1069271.703635 992530667.034846
547 212 0 212 3200 3200 796275200 796275200 2964951929.107433 992521692.967490 5000.000000 926547.477846 992526692.967490
548 213 0 213 3200 3200 796275200 796275200 3414369947.150075 992522267.855420 5000.000000 1066990.608484 992527267.855420
549 214 0 214 3200 3200 796275200 796275200 3526890189.742857 992525089.512867 5000.000000 1102153.184295 992530089.512867
550 215 0 215 3200 3200 796275200 796275200 3610830047.511768 992525668.646365 5000.000000 1128384.389847 992530668.646365
551 216 0 216 3200 3200 796275200 796275200 2620059299.053306 992519457.938107 5000.000000 818768.530954 992524457.938107
552 217 0 217 3200 3200 796275200 796275200 2703069069.184234 992519207.148574 5000.000000 844709.084120 992524207.148574
553 218 0 218 3200 3200 796275200 796275200 2561014144.038161 992521604.186396 5000.000000 800316.920012 992526604.186396
554 219 0 219 3200 3200 796275200 796275200 2637431778.834838 992520525.675407 5000.000000 824197.430886 992525525.675407
555 220 0 220 3200 3200 796275200 796275200 2629153034.795149 992519524.774473 5000.000000 821610.323373 992524524.774473
556 221 0 221 3200 3200 796275200 796275200 1784963956.881149 992523009.000237 5000.000000 557801.236525 992528009.000237
557 222 0 222 3200 3200 796275200 796275200 1457351338.279054 992523348.807741 5000.000000 455422.293212 992528348.807741
558 223 0 223 3200 3200 796275200 796275200 1729629953.624014 992525328.206779 5000.000000 540509.360508 992530328.206779
559 224 0 224 3200 3200 796275200 796275200 1507774936.318881 992520605.120405 5000.000000 471179.667600 992525605.120405
560 225 0 225 3200 3200 796275200 796275200 1598716649.374713 992523261.950076 5000.000000 499598.952930 992528261.950076
561 226 0 226 3200 3200 796275200 796275200 2114114196.425179 992522432.481239 5000.000000 660660.686383 992527432.481239
562 227 0 227 3200 3200 796275200 796275200 2155351333.569673 992524174.602510 5000.000000 673547.291741 992529174.602510
563 228 0 228 3200 3200 796275200 796275200 1851806536.772249 992520602.363402 5000.000000 578689.542741 992525602.363402
564 229 0 229 3200 3200 796275200 796275200 2073338674.458071 992523260.285054 5000.000000 647918.335768 992528260.285054
565 230 0 230 3200 3200 796275200 796275200 3475568662.423297 992521942.046411 5000.000000 1086115.207007 992526942.046411
566 231 0 231 3200 3200 796275200 796275200 2367851578.320439 992524175.911209 5000.000000 739953.618225 992529175.911209
567 232 0 232 3200 3200 796275200 796275200 2343708345.738108 992519197.691450 5000.000000 732408.858043 992524197.691450
568 233 0 233 3200 3200 796275200 796275200 1868787873.449221 992521028.616716 5000.000000 583996.210453 992526028.616716
569 234 0 234 3200 3200 796275200 796275200 2280767981.476264 992518458.692819 5000.000000 712739.994211 992523458.692819
570 235 0 235 3200 3200 796275200 796275200 2684254916.626264 992519120.429493 5000.000000 838829.661446 992524120.429493
571 236 0 236 3200 3200 796275200 796275200 2723588526.349006 992521440.372259 5000.000000 851121.414484 992526440.372259
572 237 0 237 3200 3200 796275200 796275200 2161311589.374548 992522017.082947 5000.000000 675409.871680 992527017.082947
573 238 0 238 3200 3200 796275200 796275200 1193775981.438153 992525667.768084 5000.000000 373054.994199 992530667.768084
574 239 0 239 3200 3200 796275200 796275200 1209152640.760581 992526244.631489 5000.000000 377860.200238 992531244.631489
622 240 0 240 3200 3200 796275200 796275200 2138351944.355919 992521690.653881 5000.000000 668234.982611 992526690.653881
623 241 0 241 3200 3200 796275200 796275200 2228050005.641685 992522269.422613 5000.000000 696265.626763 992527269.422613
624 242 0 242 3200 3200 796275200 796275200 2181580929.730524 992525578.940741 5000.000000 681744.040541 992530578.940741
625 243 0 243 3200 3200 796275200 796275200 1579679488.347255 992525666.504630 5000.000000 493649.840109 992530666.504630
626 244 0 244 3200 3200 796275200 796275200 2806496501.275574 992521693.102094 5000.000000 877030.156649 992526693.102094
627 245 0 245 3200 3200 796275200 796275200 2995403705.888554 992522267.568092 5000.000000 936063.658090 992527267.568092
628 246 0 246 3200 3200 796275200 796275200 3035520082.643821 992524261.899613 5000.000000 948600.025826 992529261.899613
629 247 0 247 3200 3200 796275200 796275200 2409608720.611794 992524840.492789 5000.000000 753002.725191 992529840.492789
630 248 0 248 3200 3200 796275200 796275200 2409822794.166870 992519458.925406 5000.000000 753069.623177 992524458.925406
631 249 0 249 3200 3200 796275200 796275200 2544002410.959928 992519206.720859 5000.000000 795000.753425 992524206.720859
632 250 0 250 3200 3200 796275200 796275200 2552290346.758912 992521603.993652 5000.000000 797590.733362 992526603.993652
633 251 0 251 3200 3200 796275200 796275200 1881138006.250349 992520525.609209 5000.000000 587855.626953 992525525.609209
634 252 0 252 3200 3200 796275200 796275200 1420038830.131948 992520352.174202 5000.000000 443762.134416 992525352.174202
635 253 0 253 3200 3200 796275200 796275200 2008994176.537363 992523837.521113 5000.000000 627810.680168 992528837.521113
636 254 0 254 3200 3200 796275200 796275200 2031716275.897751 992523348.959150 5000.000000 634911.336218 992528348.959150
637 255 0 255 3200 3200 796275200 796275200 1613036013.114763 992525328.393583 5000.000000 504073.754098 992530328.393583
638 256 0 256 3200 3200 796275200 796275200 1319273779.645697 992520605.162827 5000.000000 412273.056139 992525605.162827
639 257 0 257 3200 3200 796275200 796275200 1909648211.007369 992523261.770567 5000.000000 596765.065940 992528261.770567
640 258 0 258 3200 3200 796275200 796275200 2427133989.418931 992522431.661525 5000.000000 758479.371693 992527431.661525
641 259 0 259 3200 3200 796275200 796275200 2199814446.171771 992524174.612286 5000.000000 687442.014429 992529174.612286
642 260 0 260 3200 3200 796275200 796275200 2521572751.836411 992520603.544523 5000.000000 787991.484949 992525603.544523
643 261 0 261 3200 3200 796275200 796275200 2491712502.073544 992523260.174502 5000.000000 778660.156898 992528260.174502
644 262 0 262 3200 3200 796275200 796275200 2484722906.902930 992521942.987189 5000.000000 776475.908407 992526942.987189
645 263 0 263 3200 3200 796275200 796275200 1815763810.327391 992524176.424990 5000.000000 567426.190727 992529176.424990
646 264 0 264 3200 3200 796275200 796275200 2896737680.219503 992519197.207842 5000.000000 905230.525069 992524197.207842
647 265 0 265 3200 3200 796275200 796275200 2915757677.121573 992521028.978778 5000.000000 911174.274100 992526028.978778
648 266 0 266 3200 3200 796275200 796275200 2925532522.671329 992518458.513260 5000.000000 914228.913335 992523458.513260
649 267 0 267 3200 3200 796275200 796275200 3127275888.282084 992519120.015725 5000.000000 977273.715088 992524120.015725
650 268 0 268 3200 3200 796275200 796275200 2445910237.323374 992523758.904006 5000.000000 764346.949164 992528758.904006
651 269 0 269 3200 3200 796275200 796275200 2478932271.129029 992524334.413291 5000.000000 774666.334728 992529334.413291
699 270 0 270 3200 3200 796275200 796275200 3172488621.242599 992529641.636221 5000.000000 991402.694138 992534641.636221
700 271 0 271 3200 3200 796275200 796275200 3246202796.276669 992530218.868626 5000.000000 1014438.373836 992535218.868626
701 272 0 272 3200 3200 796275200 796275200 2976557246.004147 992524837.498939 5000.000000 930174.139376 992529837.498939
702 273 0 273 3200 3200 796275200 796275200 3227621970.888666 992525751.145198 5000.000000 1008631.865903 992530751.145198
703 274 0 274 3200 3200 796275200 796275200 3402062723.253003 992528725.330481 5000.000000 1063144.601017 992533725.330481
704 275 0 275 3200 3200 796275200 796275200 3429936525.893984 992528813.391271 5000.000000 1071855.164342 992533813.391271
705 276 0 276 3200 3200 796275200 796275200 2674069066.070717 992524010.720876 5000.000000 835646.583147 992529010.720876
706 277 0 277 3200 3200 796275200 796275200 2723929727.749093 992524674.214177 5000.000000 851228.039922 992529674.214177
707 278 0 278 3200 3200 796275200 796275200 2502977678.175855 992527407.030325 5000.000000 782180.524430 992532407.030325
708 279 0 279 3200 3200 796275200 796275200 2623855254.944184 992527987.097849 5000.000000 819954.767170 992532987.097849
709 280 0 280 3200 3200 796275200 796275200 2609375870.912508 992521776.629573 5000.000000 815429.959660 992526776.629573
710 281 0 281 3200 3200 796275200 796275200 1754206511.028478 992521525.355139 5000.000000 548189.534696 992526525.355139
711 282 0 282 3200 3200 796275200 796275200 1571738905.493713 992524750.909581 5000.000000 491168.407967 992529750.909581
712 283 0 283 3200 3200 796275200 796275200 1837230061.917036 992523672.285352 5000.000000 574134.394349 992528672.285352
713 284 0 284 3200 3200 796275200 796275200 1678932663.175390 992522670.844388 5000.000000 524666.457242 992527670.844388
714 285 0 285 3200 3200 796275200 796275200 1667252777.567926 992526155.240042 5000.000000 521016.492990 992531155.240042
715 286 0 286 3200 3200 796275200 796275200 2099610526.793234 992526495.111265 5000.000000 656128.289623 992531495.111265
716 287 0 287 3200 3200 796275200 796275200 2163460510.620801 992528473.806103 5000.000000 676081.409569 992533473.806103
717 288 0 288 3200 3200 796275200 796275200 1872971295.832345 992523750.714694 5000.000000 585303.529948 992528750.714694
718 289 0 289 3200 3200 796275200 796275200 2055943804.513389 992526408.213581 5000.000000 642482.438910 992531408.213581
719 290 0 290 3200 3200 796275200 796275200 3362820590.973080 992525578.493080 5000.000000 1050881.434679 992530578.493080
720 291 0 291 3200 3200 796275200 796275200 2484044014.952268 992527321.343312 5000.000000 776263.754673 992532321.343312
721 292 0 292 3200 3200 796275200 796275200 2377628592.038619 992523749.577391 5000.000000 743008.935012 992528749.577391
722 293 0 293 3200 3200 796275200 796275200 1814450610.830507 992526406.763136 5000.000000 567015.815885 992531406.763136
723 294 0 294 3200 3200 796275200 796275200 2127687417.198606 992525088.600747 5000.000000 664902.317875 992530088.600747
724 295 0 295 3200 3200 796275200 796275200 2552670035.952530 992527322.411363 5000.000000 797709.386235 992532322.411363
725 296 0 296 3200 3200 796275200 796275200 2467580808.683703 992522343.296659 5000.000000 771119.002714 992527343.296659
726 297 0 297 3200 3200 796275200 796275200 2128495498.846874 992524174.633093 5000.000000 665154.843390 992529174.633093
727 298 0 298 3200 3200 796275200 796275200 1320609867.969398 992520776.906862 5000.000000 412690.583740 992525776.906862
728 299 0 299 3200 3200 796275200 796275200 1195950432.703073 992521438.729304 5000.000000 373734.510220 992526438.729304
776 300 -1 -1 0 0 0 0 0.000000 0.000000 0.000000 -nan 0.000000
777 301 -1 -1 0 0 0 0 0.000000 0.000000 0.000000 -nan 0.000000
778 302 -1 -1 0 0 0 0 0.000000 0.000000 0.000000 -nan 0.000000
779 303 -1 -1 0 0 0 0 0.000000 0.000000 0.000000 -nan 0.000000
780 304 -1 -1 0 0 0 0 0.000000 0.000000 0.000000 -nan 0.000000
781 305 -1 -1 0 0 0 0 0.000000 0.000000 0.000000 -nan 0.000000
782 306 -1 -1 0 0 0 0 0.000000 0.000000 0.000000 -nan 0.000000
783 307 -1 -1 0 0 0 0 0.000000 0.000000 0.000000 -nan 0.000000
784 308 -1 -1 0 0 0 0 0.000000 0.000000 0.000000 -nan 0.000000
785 309 -1 -1 0 0 0 0 0.000000 0.000000 0.000000 -nan 0.000000
786 310 -1 -1 0 0 0 0 0.000000 0.000000 0.000000 -nan 0.000000
787 311 -1 -1 0 0 0 0 0.000000 0.000000 0.000000 -nan 0.000000
788 312 -1 -1 0 0 0 0 0.000000 0.000000 0.000000 -nan 0.000000
789 313 -1 -1 0 0 0 0 0.000000 0.000000 0.000000 -nan 0.000000
790 314 -1 -1 0 0 0 0 0.000000 0.000000 0.000000 -nan 0.000000
791 315 -1 -1 0 0 0 0 0.000000 0.000000 0.000000 -nan 0.000000
792 316 -1 -1 0 0 0 0 0.000000 0.000000 0.000000 -nan 0.000000
793 317 -1 -1 0 0 0 0 0.000000 0.000000 0.000000 -nan 0.000000
794 318 -1 -1 0 0 0 0 0.000000 0.000000 0.000000 -nan 0.000000
795 319 -1 -1 0 0 0 0 0.000000 0.000000 0.000000 -nan 0.000000
796 320 -1 -1 0 0 0 0 0.000000 0.000000 0.000000 -nan 0.000000
797 321 -1 -1 0 0 0 0 0.000000 0.000000 0.000000 -nan 0.000000
798 322 -1 -1 0 0 0 0 0.000000 0.000000 0.000000 -nan 0.000000
799 323 -1 -1 0 0 0 0 0.000000 0.000000 0.000000 -nan 0.000000
800 324 -1 -1 0 0 0 0 0.000000 0.000000 0.000000 -nan 0.000000
801 325 -1 -1 0 0 0 0 0.000000 0.000000 0.000000 -nan 0.000000
802 326 -1 -1 0 0 0 0 0.000000 0.000000 0.000000 -nan 0.000000
803 327 -1 -1 0 0 0 0 0.000000 0.000000 0.000000 -nan 0.000000
804 328 -1 -1 0 0 0 0 0.000000 0.000000 0.000000 -nan 0.000000
805 329 -1 -1 0 0 0 0 0.000000 0.000000 0.000000 -nan 0.000000
853 330 -1 -1 0 0 0 0 0.000000 0.000000 0.000000 -nan 0.000000
854 331 -1 -1 0 0 0 0 0.000000 0.000000 0.000000 -nan 0.000000
855 332 -1 -1 0 0 0 0 0.000000 0.000000 0.000000 -nan 0.000000
856 333 -1 -1 0 0 0 0 0.000000 0.000000 0.000000 -nan 0.000000
857 334 -1 -1 0 0 0 0 0.000000 0.000000 0.000000 -nan 0.000000
858 335 -1 -1 0 0 0 0 0.000000 0.000000 0.000000 -nan 0.000000
859 336 -1 -1 0 0 0 0 0.000000 0.000000 0.000000 -nan 0.000000
860 337 -1 -1 0 0 0 0 0.000000 0.000000 0.000000 -nan 0.000000
861 338 -1 -1 0 0 0 0 0.000000 0.000000 0.000000 -nan 0.000000
862 339 -1 -1 0 0 0 0 0.000000 0.000000 0.000000 -nan 0.000000
863 340 -1 -1 0 0 0 0 0.000000 0.000000 0.000000 -nan 0.000000
864 341 -1 -1 0 0 0 0 0.000000 0.000000 0.000000 -nan 0.000000
865 342 -1 -1 0 0 0 0 0.000000 0.000000 0.000000 -nan 0.000000
866 343 -1 -1 0 0 0 0 0.000000 0.000000 0.000000 -nan 0.000000
867 344 -1 -1 0 0 0 0 0.000000 0.000000 0.000000 -nan 0.000000
868 345 -1 -1 0 0 0 0 0.000000 0.000000 0.000000 -nan 0.000000
869 346 -1 -1 0 0 0 0 0.000000 0.000000 0.000000 -nan 0.000000
870 347 -1 -1 0 0 0 0 0.000000 0.000000 0.000000 -nan 0.000000
871 348 -1 -1 0 0 0 0 0.000000 0.000000 0.000000 -nan 0.000000
872 349 -1 -1 0 0 0 0 0.000000 0.000000 0.000000 -nan 0.000000
873 350 -1 -1 0 0 0 0 0.000000 0.000000 0.000000 -nan 0.000000
874 351 -1 -1 0 0 0 0 0.000000 0.000000 0.000000 -nan 0.000000
875 352 -1 -1 0 0 0 0 0.000000 0.000000 0.000000 -nan 0.000000
876 353 -1 -1 0 0 0 0 0.000000 0.000000 0.000000 -nan 0.000000
877 354 -1 -1 0 0 0 0 0.000000 0.000000 0.000000 -nan 0.000000
878 355 -1 -1 0 0 0 0 0.000000 0.000000 0.000000 -nan 0.000000
879 356 -1 -1 0 0 0 0 0.000000 0.000000 0.000000 -nan 0.000000
880 357 -1 -1 0 0 0 0 0.000000 0.000000 0.000000 -nan 0.000000
881 358 -1 -1 0 0 0 0 0.000000 0.000000 0.000000 -nan 0.000000
882 359 -1 -1 0 0 0 0 0.000000 0.000000 0.000000 -nan 0.000000
930 360 -1 -1 0 0 0 0 0.000000 0.000000 0.000000 -nan 0.000000
931 361 -1 -1 0 0 0 0 0.000000 0.000000 0.000000 -nan 0.000000
932 362 -1 -1 0 0 0 0 0.000000 0.000000 0.000000 -nan 0.000000
933 363 -1 -1 0 0 0 0 0.000000 0.000000 0.000000 -nan 0.000000
934 364 -1 -1 0 0 0 0 0.000000 0.000000 0.000000 -nan 0.000000
935 365 -1 -1 0 0 0 0 0.000000 0.000000 0.000000 -nan 0.000000
936 366 -1 -1 0 0 0 0 0.000000 0.000000 0.000000 -nan 0.000000
937 367 -1 -1 0 0 0 0 0.000000 0.000000 0.000000 -nan 0.000000
938 368 -1 -1 0 0 0 0 0.000000 0.000000 0.000000 -nan 0.000000
939 369 -1 -1 0 0 0 0 0.000000 0.000000 0.000000 -nan 0.000000
940 370 -1 -1 0 0 0 0 0.000000 0.000000 0.000000 -nan 0.000000
941 371 -1 -1 0 0 0 0 0.000000 0.000000 0.000000 -nan 0.000000
942 372 -1 -1 0 0 0 0 0.000000 0.000000 0.000000 -nan 0.000000
943 373 -1 -1 0 0 0 0 0.000000 0.000000 0.000000 -nan 0.000000
944 374 -1 -1 0 0 0 0 0.000000 0.000000 0.000000 -nan 0.000000
945 375 -1 -1 0 0 0 0 0.000000 0.000000 0.000000 -nan 0.000000
946 376 -1 -1 0 0 0 0 0.000000 0.000000 0.000000 -nan 0.000000
947 377 -1 -1 0 0 0 0 0.000000 0.000000 0.000000 -nan 0.000000
948 378 -1 -1 0 0 0 0 0.000000 0.000000 0.000000 -nan 0.000000
949 379 -1 -1 0 0 0 0 0.000000 0.000000 0.000000 -nan 0.000000
950 380 -1 -1 0 0 0 0 0.000000 0.000000 0.000000 -nan 0.000000
951 381 -1 -1 0 0 0 0 0.000000 0.000000 0.000000 -nan 0.000000
952 382 -1 -1 0 0 0 0 0.000000 0.000000 0.000000 -nan 0.000000
953 383 -1 -1 0 0 0 0 0.000000 0.000000 0.000000 -nan 0.000000
954 384 -1 -1 0 0 0 0 0.000000 0.000000 0.000000 -nan 0.000000
955 385 -1 -1 0 0 0 0 0.000000 0.000000 0.000000 -nan 0.000000
956 386 -1 -1 0 0 0 0 0.000000 0.000000 0.000000 -nan 0.000000
957 387 -1 -1 0 0 0 0 0.000000 0.000000 0.000000 -nan 0.000000
958 388 -1 -1 0 0 0 0 0.000000 0.000000 0.000000 -nan 0.000000
959 389 -1 -1 0 0 0 0 0.000000 0.000000 0.000000 -nan 0.000000
1007 390 -1 -1 0 0 0 0 0.000000 0.000000 0.000000 -nan 0.000000
1008 391 -1 -1 0 0 0 0 0.000000 0.000000 0.000000 -nan 0.000000
1009 392 -1 -1 0 0 0 0 0.000000 0.000000 0.000000 -nan 0.000000
1010 393 -1 -1 0 0 0 0 0.000000 0.000000 0.000000 -nan 0.000000
1011 394 -1 -1 0 0 0 0 0.000000 0.000000 0.000000 -nan 0.000000
1012 395 -1 -1 0 0 0 0 0.000000 0.000000 0.000000 -nan 0.000000
1013 396 -1 -1 0 0 0 0 0.000000 0.000000 0.000000 -nan 0.000000
1014 397 -1 -1 0 0 0 0 0.000000 0.000000 0.000000 -nan 0.000000
1015 398 -1 -1 0 0 0 0 0.000000 0.000000 0.000000 -nan 0.000000
1016 399 -1 -1 0 0 0 0 0.000000 0.000000 0.000000 -nan 0.000000
1017 400 -1 -1 0 0 0 0 0.000000 0.000000 0.000000 -nan 0.000000
1018 401 -1 -1 0 0 0 0 0.000000 0.000000 0.000000 -nan 0.000000
1019 402 -1 -1 0 0 0 0 0.000000 0.000000 0.000000 -nan 0.000000
1020 403 -1 -1 0 0 0 0 0.000000 0.000000 0.000000 -nan 0.000000
1021 404 -1 -1 0 0 0 0 0.000000 0.000000 0.000000 -nan 0.000000
1022 405 -1 -1 0 0 0 0 0.000000 0.000000 0.000000 -nan 0.000000
1023 406 -1 -1 0 0 0 0 0.000000 0.000000 0.000000 -nan 0.000000
1024 407 -1 -1 0 0 0 0 0.000000 0.000000 0.000000 -nan 0.000000
1025 408 -1 -1 0 0 0 0 0.000000 0.000000 0.000000 -nan 0.000000
1026 409 -1 -1 0 0 0 0 0.000000 0.000000 0.000000 -nan 0.000000
1027 410 -1 -1 0 0 0 0 0.000000 0.000000 0.000000 -nan 0.000000
1028 411 -1 -1 0 0 0 0 0.000000 0.000000 0.000000 -nan 0.000000
1029 412 -1 -1 0 0 0 0 0.000000 0.000000 0.000000 -nan 0.000000
1030 413 -1 -1 0 0 0 0 0.000000 0.000000 0.000000 -nan 0.000000
1031 414 -1 -1 0 0 0 0 0.000000 0.000000 0.000000 -nan 0.000000
1032 415 -1 -1 0 0 0 0 0.000000 0.000000 0.000000 -nan 0.000000
1033 416 -1 -1 0 0 0 0 0.000000 0.000000 0.000000 -nan 0.000000
1034 417 -1 -1 0 0 0 0 0.000000 0.000000 0.000000 -nan 0.000000
1035 418 -1 -1 0 0 0 0 0.000000 0.000000 0.000000 -nan 0.000000
1036 419 -1 -1 0 0 0 0 0.000000 0.000000 0.000000 -nan 0.000000
1084 420 -1 -1 0 0 0 0 0.000000 0.000000 0.000000 -nan 0.000000
1085 421 -1 -1 0 0 0 0 0.000000 0.000000 0.000000 -nan 0.000000
1086 422 -1 -1 0 0 0 0 0.000000 0.000000 0.000000 -nan 0.000000
1087 423 -1 -1 0 0 0 0 0.000000 0.000000 0.000000 -nan 0.000000
1088 424 -1 -1 0 0 0 0 0.000000 0.000000 0.000000 -nan 0.000000
1089 425 -1 -1 0 0 0 0 0.000000 0.000000 0.000000 -nan 0.000000
1090 426 -1 -1 0 0 0 0 0.000000 0.000000 0.000000 -nan 0.000000
1091 427 -1 -1 0 0 0 0 0.000000 0.000000 0.000000 -nan 0.000000
1092 428 -1 -1 0 0 0 0 0.000000 0.000000 0.000000 -nan 0.000000
1093 429 -1 -1 0 0 0 0 0.000000 0.000000 0.000000 -nan 0.000000
1094 430 -1 -1 0 0 0 0 0.000000 0.000000 0.000000 -nan 0.000000
1095 431 -1 -1 0 0 0 0 0.000000 0.000000 0.000000 -nan 0.000000
1096 432 -1 -1 0 0 0 0 0.000000 0.000000 0.000000 -nan 0.000000
1097 433 -1 -1 0 0 0 0 0.000000 0.000000 0.000000 -nan 0.000000
1098 434 -1 -1 0 0 0 0 0.000000 0.000000 0.000000 -nan 0.000000
1099 435 -1 -1 0 0 0 0 0.000000 0.000000 0.000000 -nan 0.000000
1100 436 -1 -1 0 0 0 0 0.000000 0.000000 0.000000 -nan 0.000000
1101 437 -1 -1 0 0 0 0 0.000000 0.000000 0.000000 -nan 0.000000
1102 438 -1 -1 0 0 0 0 0.000000 0.000000 0.000000 -nan 0.000000
1103 439 -1 -1 0 0 0 0 0.000000 0.000000 0.000000 -nan 0.000000
1104 440 -1 -1 0 0 0 0 0.000000 0.000000 0.000000 -nan 0.000000
1105 441 -1 -1 0 0 0 0 0.000000 0.000000 0.000000 -nan 0.000000
1106 442 -1 -1 0 0 0 0 0.000000 0.000000 0.000000 -nan 0.000000
1107 443 -1 -1 0 0 0 0 0.000000 0.000000 0.000000 -nan 0.000000
1108 444 -1 -1 0 0 0 0 0.000000 0.000000 0.000000 -nan 0.000000
1109 445 -1 -1 0 0 0 0 0.000000 0.000000 0.000000 -nan 0.000000
1110 446 -1 -1 0 0 0 0 0.000000 0.000000 0.000000 -nan 0.000000
1111 447 -1 -1 0 0 0 0 0.000000 0.000000 0.000000 -nan 0.000000
1112 448 -1 -1 0 0 0 0 0.000000 0.000000 0.000000 -nan 0.000000
1113 449 -1 -1 0 0 0 0 0.000000 0.000000 0.000000 -nan 0.000000
1161 450 -1 -1 0 0 0 0 0.000000 0.000000 0.000000 -nan 0.000000
1162 451 -1 -1 0 0 0 0 0.000000 0.000000 0.000000 -nan 0.000000
1163 452 -1 -1 0 0 0 0 0.000000 0.000000 0.000000 -nan 0.000000
1164 453 -1 -1 0 0 0 0 0.000000 0.000000 0.000000 -nan 0.000000
1165 454 -1 -1 0 0 0 0 0.000000 0.000000 0.000000 -nan 0.000000
1166 455 -1 -1 0 0 0 0 0.000000 0.000000 0.000000 -nan 0.000000
1167 456 -1 -1 0 0 0 0 0.000000 0.000000 0.000000 -nan 0.000000
1168 457 -1 -1 0 0 0 0 0.000000 0.000000 0.000000 -nan 0.000000
1169 458 -1 -1 0 0 0 0 0.000000 0.000000 0.000000 -nan 0.000000
1170 459 -1 -1 0 0 0 0 0.000000 0.000000 0.000000 -nan 0.000000
1171 460 -1 -1 0 0 0 0 0.000000 0.000000 0.000000 -nan 0.000000
1172 461 -1 -1 0 0 0 0 0.000000 0.000000 0.000000 -nan 0.000000
1173 462 -1 -1 0 0 0 0 0.000000 0.000000 0.000000 -nan 0.000000
1174 463 -1 -1 0 0 0 0 0.000000 0.000000 0.000000 -nan 0.000000
1175 464 -1 -1 0 0 0 0 0.000000 0.000000 0.000000 -nan 0.000000
1176 465 -1 -1 0 0 0 0 0.000000 0.000000 0.000000 -nan 0.000000
1177 466 -1 -1 0 0 0 0 0.000000 0.000000 0.000000 -nan 0.000000
1178 467 -1 -1 0 0 0 0 0.000000 0.000000 0.000000 -nan 0.000000
1179 468 -1 -1 0 0 0 0 0.000000 0.000000 0.000000 -nan 0.000000
1180 469 -1 -1 0 0 0 0 0.000000 0.000000 0.000000 -nan 0.000000
1181 470 -1 -1 0 0 0 0 0.000000 0.000000 0.000000 -nan 0.000000
1182 471 -1 -1 0 0 0 0 0.000000 0.000000 0.000000 -nan 0.000000
1183 472 -1 -1 0 0 0 0 0.000000 0.000000 0.000000 -nan 0.000000
1184 473 -1 -1 0 0 0 0 0.000000 0.000000 0.000000 -nan 0.000000
1185 474 -1 -1 0 0 0 0 0.000000 0.000000 0.000000 -nan 0.000000
1186 475 -1 -1 0 0 0 0 0.000000 0.000000 0.000000 -nan 0.000000
1187 476 -1 -1 0 0 0 0 0.000000 0.000000 0.000000 -nan 0.000000
1188 477 -1 -1 0 0 0 0 0.000000 0.000000 0.000000 -nan 0.000000
1189 478 -1 -1 0 0 0 0 0.000000 0.000000 0.000000 -nan 0.000000
1190 479 -1 -1 0 0 0 0 0.000000 0.000000 0.000000 -nan 0.000000
1238 480 -1 -1 0 0 0 0 0.000000 0.000000 0.000000 -nan 0.000000
1239 481 -1 -1 0 0 0 0 0.000000 0.000000 0.000000 -nan 0.000000
1240 482 -1 -1 0 0 0 0 0.000000 0.000000 0.000000 -nan 0.000000
1241 483 -1 -1 0 0 0 0 0.000000 0.000000 0.000000 -nan 0.000000
1242 484 -1 -1 0 0 0 0 0.000000 0.000000 0.000000 -nan 0.000000
1243 485 -1 -1 0 0 0 0 0.000000 0.000000 0.000000 -nan 0.000000
1244 486 -1 -1 0 0 0 0 0.000000 0.000000 0.000000 -nan 0.000000
1245 487 -1 -1 0 0 0 0 0.000000 0.000000 0.000000 -nan 0.000000
1246 488 -1 -1 0 0 0 0 0.000000 0.000000 0.000000 -nan 0.000000
1247 489 -1 -1 0 0 0 0 0.000000 0.000000 0.000000 -nan 0.000000
1248 490 -1 -1 0 0 0 0 0.000000 0.000000 0.000000 -nan 0.000000
1249 491 -1 -1 0 0 0 0 0.000000 0.000000 0.000000 -nan 0.000000
1250 492 -1 -1 0 0 0 0 0.000000 0.000000 0.000000 -nan 0.000000
1251 493 -1 -1 0 0 0 0 0.000000 0.000000 0.000000 -nan 0.000000
1252 494 -1 -1 0 0 0 0 0.000000 0.000000 0.000000 -nan 0.000000
1253 495 -1 -1 0 0 0 0 0.000000 0.000000 0.000000 -nan 0.000000
1254 496 -1 -1 0 0 0 0 0.000000 0.000000 0.000000 -nan 0.000000
1255 497 -1 -1 0 0 0 0 0.000000 0.000000 0.000000 -nan 0.000000
1256 498 -1 -1 0 0 0 0 0.000000 0.000000 0.000000 -nan 0.000000
1257 499 -1 -1 0 0 0 0 0.000000 0.000000 0.000000 -nan 0.000000
1258 500 -1 -1 0 0 0 0 0.000000 0.000000 0.000000 -nan 0.000000
1259 501 -1 -1 0 0 0 0 0.000000 0.000000 0.000000 -nan 0.000000
1260 502 -1 -1 0 0 0 0 0.000000 0.000000 0.000000 -nan 0.000000
1261 503 -1 -1 0 0 0 0 0.000000 0.000000 0.000000 -nan 0.000000
1262 504 -1 -1 0 0 0 0 0.000000 0.000000 0.000000 -nan 0.000000
1263 505 -1 -1 0 0 0 0 0.000000 0.000000 0.000000 -nan 0.000000
1264 506 -1 -1 0 0 0 0 0.000000 0.000000 0.000000 -nan 0.000000
1265 507 -1 -1 0 0 0 0 0.000000 0.000000 0.000000 -nan 0.000000
1266 508 -1 -1 0 0 0 0 0.000000 0.000000 0.000000 -nan 0.000000
1267 509 -1 -1 0 0 0 0 0.000000 0.000000 0.000000 -nan 0.000000
1315 510 -1 -1 0 0 0 0 0.000000 0.000000 0.000000 -nan 0.000000
1316 511 -1 -1 0 0 0 0 0.000000 0.000000 0.000000 -nan 0.000000
1317 512 -1 -1 0 0 0 0 0.000000 0.000000 0.000000 -nan 0.000000
1318 513 -1 -1 0 0 0 0 0.000000 0.000000 0.000000 -nan 0.000000
1319 514 -1 -1 0 0 0 0 0.000000 0.000000 0.000000 -nan 0.000000
1320 515 -1 -1 0 0 0 0 0.000000 0.000000 0.000000 -nan 0.000000
1321 516 -1 -1 0 0 0 0 0.000000 0.000000 0.000000 -nan 0.000000
1322 517 -1 -1 0 0 0 0 0.000000 0.000000 0.000000 -nan 0.000000
1323 518 -1 -1 0 0 0 0 0.000000 0.000000 0.000000 -nan 0.000000
1324 519 -1 -1 0 0 0 0 0.000000 0.000000 0.000000 -nan 0.000000
1325 520 -1 -1 0 0 0 0 0.000000 0.000000 0.000000 -nan 0.000000
1326 521 -1 -1 0 0 0 0 0.000000 0.000000 0.000000 -nan 0.000000
1327 522 -1 -1 0 0 0 0 0.000000 0.000000 0.000000 -nan 0.000000
1328 523 -1 -1 0 0 0 0 0.000000 0.000000 0.000000 -nan 0.000000
1329 524 -1 -1 0 0 0 0 0.000000 0.000000 0.000000 -nan 0.000000
1330 525 -1 -1 0 0 0 0 0.000000 0.000000 0.000000 -nan 0.000000
1331 526 -1 -1 0 0 0 0 0.000000 0.000000 0.000000 -nan 0.000000
1332 527 -1 -1 0 0 0 0 0.000000 0.000000 0.000000 -nan 0.000000
1333 528 -1 -1 0 0 0 0 0.000000 0.000000 0.000000 -nan 0.000000
1334 529 -1 -1 0 0 0 0 0.000000 0.000000 0.000000 -nan 0.000000
1335 530 -1 -1 0 0 0 0 0.000000 0.000000 0.000000 -nan 0.000000
1336 531 -1 -1 0 0 0 0 0.000000 0.000000 0.000000 -nan 0.000000
1337 532 -1 -1 0 0 0 0 0.000000 0.000000 0.000000 -nan 0.000000
1338 533 -1 -1 0 0 0 0 0.000000 0.000000 0.000000 -nan 0.000000
1339 534 -1 -1 0 0 0 0 0.000000 0.000000 0.000000 -nan 0.000000
1340 535 -1 -1 0 0 0 0 0.000000 0.000000 0.000000 -nan 0.000000
1341 536 -1 -1 0 0 0 0 0.000000 0.000000 0.000000 -nan 0.000000
1342 537 -1 -1 0 0 0 0 0.000000 0.000000 0.000000 -nan 0.000000
1343 538 -1 -1 0 0 0 0 0.000000 0.000000 0.000000 -nan 0.000000
1344 539 -1 -1 0 0 0 0 0.000000 0.000000 0.000000 -nan 0.000000
1392 540 -1 -1 0 0 0 0 0.000000 0.000000 0.000000 -nan 0.000000
1393 541 -1 -1 0 0 0 0 0.000000 0.000000 0.000000 -nan 0.000000
1394 542 -1 -1 0 0 0 0 0.000000 0.000000 0.000000 -nan 0.000000
1395 543 -1 -1 0 0 0 0 0.000000 0.000000 0.000000 -nan 0.000000
1396 544 -1 -1 0 0 0 0 0.000000 0.000000 0.000000 -nan 0.000000
1397 545 -1 -1 0 0 0 0 0.000000 0.000000 0.000000 -nan 0.000000
1398 546 -1 -1 0 0 0 0 0.000000 0.000000 0.000000 -nan 0.000000
1399 547 -1 -1 0 0 0 0 0.000000 0.000000 0.000000 -nan 0.000000
1400 548 -1 -1 0 0 0 0 0.000000 0.000000 0.000000 -nan 0.000000
1401 549 -1 -1 0 0 0 0 0.000000 0.000000 0.000000 -nan 0.000000
1402 550 -1 -1 0 0 0 0 0.000000 0.000000 0.000000 -nan 0.000000
1403 551 -1 -1 0 0 0 0 0.000000 0.000000 0.000000 -nan 0.000000
1404 552 -1 -1 0 0 0 0 0.000000 0.000000 0.000000 -nan 0.000000
1405 553 -1 -1 0 0 0 0 0.000000 0.000000 0.000000 -nan 0.000000
1406 554 -1 -1 0 0 0 0 0.000000 0.000000 0.000000 -nan 0.000000
1407 555 -1 -1 0 0 0 0 0.000000 0.000000 0.000000 -nan 0.000000
1408 556 -1 -1 0 0 0 0 0.000000 0.000000 0.000000 -nan 0.000000
1409 557 -1 -1 0 0 0 0 0.000000 0.000000 0.000000 -nan 0.000000
1410 558 -1 -1 0 0 0 0 0.000000 0.000000 0.000000 -nan 0.000000
1411 559 -1 -1 0 0 0 0 0.000000 0.000000 0.000000 -nan 0.000000
1412 560 -1 -1 0 0 0 0 0.000000 0.000000 0.000000 -nan 0.000000
1413 561 -1 -1 0 0 0 0 0.000000 0.000000 0.000000 -nan 0.000000
1414 562 -1 -1 0 0 0 0 0.000000 0.000000 0.000000 -nan 0.000000
1415 563 -1 -1 0 0 0 0 0.000000 0.000000 0.000000 -nan 0.000000
1416 564 -1 -1 0 0 0 0 0.000000 0.000000 0.000000 -nan 0.000000
1417 565 -1 -1 0 0 0 0 0.000000 0.000000 0.000000 -nan 0.000000
1418 566 -1 -1 0 0 0 0 0.000000 0.000000 0.000000 -nan 0.000000
1419 567 -1 -1 0 0 0 0 0.000000 0.000000 0.000000 -nan 0.000000
1420 568 -1 -1 0 0 0 0 0.000000 0.000000 0.000000 -nan 0.000000
1421 569 -1 -1 0 0 0 0 0.000000 0.000000 0.000000 -nan 0.000000
1469 570 -1 -1 0 0 0 0 0.000000 0.000000 0.000000 -nan 0.000000
1470 571 -1 -1 0 0 0 0 0.000000 0.000000 0.000000 -nan 0.000000
1471 572 -1 -1 0 0 0 0 0.000000 0.000000 0.000000 -nan 0.000000
1472 573 -1 -1 0 0 0 0 0.000000 0.000000 0.000000 -nan 0.000000
1473 574 -1 -1 0 0 0 0 0.000000 0.000000 0.000000 -nan 0.000000
1474 575 -1 -1 0 0 0 0 0.000000 0.000000 0.000000 -nan 0.000000
1475 576 -1 -1 0 0 0 0 0.000000 0.000000 0.000000 -nan 0.000000
1476 577 -1 -1 0 0 0 0 0.000000 0.000000 0.000000 -nan 0.000000
1477 578 -1 -1 0 0 0 0 0.000000 0.000000 0.000000 -nan 0.000000
1478 579 -1 -1 0 0 0 0 0.000000 0.000000 0.000000 -nan 0.000000
1479 580 -1 -1 0 0 0 0 0.000000 0.000000 0.000000 -nan 0.000000
1480 581 -1 -1 0 0 0 0 0.000000 0.000000 0.000000 -nan 0.000000
1481 582 -1 -1 0 0 0 0 0.000000 0.000000 0.000000 -nan 0.000000
1482 583 -1 -1 0 0 0 0 0.000000 0.000000 0.000000 -nan 0.000000
1483 584 -1 -1 0 0 0 0 0.000000 0.000000 0.000000 -nan 0.000000
1484 585 -1 -1 0 0 0 0 0.000000 0.000000 0.000000 -nan 0.000000
1485 586 -1 -1 0 0 0 0 0.000000 0.000000 0.000000 -nan 0.000000
1486 587 -1 -1 0 0 0 0 0.000000 0.000000 0.000000 -nan 0.000000
1487 588 -1 -1 0 0 0 0 0.000000 0.000000 0.000000 -nan 0.000000
1488 589 -1 -1 0 0 0 0 0.000000 0.000000 0.000000 -nan 0.000000
1489 590 -1 -1 0 0 0 0 0.000000 0.000000 0.000000 -nan 0.000000
1490 591 -1 -1 0 0 0 0 0.000000 0.000000 0.000000 -nan 0.000000
1491 592 -1 -1 0 0 0 0 0.000000 0.000000 0.000000 -nan 0.000000
1492 593 -1 -1 0 0 0 0 0.000000 0.000000 0.000000 -nan 0.000000
1493 594 -1 -1 0 0 0 0 0.000000 0.000000 0.000000 -nan 0.000000
1494 595 -1 -1 0 0 0 0 0.000000 0.000000 0.000000 -nan 0.000000
1495 596 -1 -1 0 0 0 0 0.000000 0.000000 0.000000 -nan 0.000000
1496 597 -1 -1 0 0 0 0 0.000000 0.000000 0.000000 -nan 0.000000
1497 598 -1 -1 0 0 0 0 0.000000 0.000000 0.000000 -nan 0.000000
1498 599 -1 -1 0 0 0 0 0.000000 0.000000 0.000000 -nan 0.000000
1546 600 -1 -1 0 0 0 0 0.000000 0.000000 0.000000 -nan 0.000000
1547 601 -1 -1 0 0 0 0 0.000000 0.000000 0.000000 -nan 0.000000
1548 602 -1 -1 0 0 0 0 0.000000 0.000000 0.000000 -nan 0.000000
1549 603 -1 -1 0 0 0 0 0.000000 0.000000 0.000000 -nan 0.000000
1550 604 -1 -1 0 0 0 0 0.000000 0.000000 0.000000 -nan 0.000000
1551 605 -1 -1 0 0 0 0 0.000000 0.000000 0.000000 -nan 0.000000
1552 606 -1 -1 0 0 0 0 0.000000 0.000000 0.000000 -nan 0.000000
1553 607 -1 -1 0 0 0 0 0.000000 0.000000 0.000000 -nan 0.000000
1554 608 -1 -1 0 0 0 0 0.000000 0.000000 0.000000 -nan 0.000000
1555 609 -1 -1 0 0 0 0 0.000000 0.000000 0.000000 -nan 0.000000
1556 610 -1 -1 0 0 0 0 0.000000 0.000000 0.000000 -nan 0.000000
1557 611 -1 -1 0 0 0 0 0.000000 0.000000 0.000000 -nan 0.000000
1558 612 -1 -1 0 0 0 0 0.000000 0.000000 0.000000 -nan 0.000000
1559 613 -1 -1 0 0 0 0 0.000000 0.000000 0.000000 -nan 0.000000
1560 614 -1 -1 0 0 0 0 0.000000 0.000000 0.000000 -nan 0.000000
1561 615 -1 -1 0 0 0 0 0.000000 0.000000 0.000000 -nan 0.000000
1562 616 -1 -1 0 0 0 0 0.000000 0.000000 0.000000 -nan 0.000000
1563 617 -1 -1 0 0 0 0 0.000000 0.000000 0.000000 -nan 0.000000
1564 618 -1 -1 0 0 0 0 0.000000 0.000000 0.000000 -nan 0.000000
1565 619 -1 -1 0 0 0 0 0.000000 0.000000 0.000000 -nan 0.000000
1566 620 -1 -1 0 0 0 0 0.000000 0.000000 0.000000 -nan 0.000000
1567 621 -1 -1 0 0 0 0 0.000000 0.000000 0.000000 -nan 0.000000
1568 622 -1 -1 0 0 0 0 0.000000 0.000000 0.000000 -nan 0.000000
1569 623 -1 -1 0 0 0 0 0.000000 0.000000 0.000000 -nan 0.000000
1570 624 -1 -1 0 0 0 0 0.000000 0.000000 0.000000 -nan 0.000000
1571 625 -1 -1 0 0 0 0 0.000000 0.000000 0.000000 -nan 0.000000
1572 626 -1 -1 0 0 0 0 0.000000 0.000000 0.000000 -nan 0.000000
1573 627 -1 -1 0 0 0 0 0.000000 0.000000 0.000000 -nan 0.000000
1574 628 -1 -1 0 0 0 0 0.000000 0.000000 0.000000 -nan 0.000000
1575 629 -1 -1 0 0 0 0 0.000000 0.000000 0.000000 -nan 0.000000
1623 630 -1 -1 0 0 0 0 0.000000 0.000000 0.000000 -nan 0.000000
1624 631 -1 -1 0 0 0 0 0.000000 0.000000 0.000000 -nan 0.000000
1625 632 -1 -1 0 0 0 0 0.000000 0.000000 0.000000 -nan 0.000000
1626 633 -1 -1 0 0 0 0 0.000000 0.000000 0.000000 -nan 0.000000
1627 634 -1 -1 0 0 0 0 0.000000 0.000000 0.000000 -nan 0.000000
1628 635 -1 -1 0 0 0 0 0.000000 0.000000 0.000000 -nan 0.000000
1629 636 -1 -1 0 0 0 0 0.000000 0.000000 0.000000 -nan 0.000000
1630 637 -1 -1 0 0 0 0 0.000000 0.000000 0.000000 -nan 0.000000
1631 638 -1 -1 0 0 0 0 0.000000 0.000000 0.000000 -nan 0.000000
1632 639 -1 -1 0 0 0 0 0.000000 0.000000 0.000000 -nan 0.000000
1633 640 -1 -1 0 0 0 0 0.000000 0.000000 0.000000 -nan 0.000000
1634 641 -1 -1 0 0 0 0 0.000000 0.000000 0.000000 -nan 0.000000
1635 642 -1 -1 0 0 0 0 0.000000 0.000000 0.000000 -nan 0.000000
1636 643 -1 -1 0 0 0 0 0.000000 0.000000 0.000000 -nan 0.000000
1637 644 -1 -1 0 0 0 0 0.000000 0.000000 0.000000 -nan 0.000000
1638 645 -1 -1 0 0 0 0 0.000000 0.000000 0.000000 -nan 0.000000
1639 646 -1 -1 0 0 0 0 0.000000 0.000000 0.000000 -nan 0.000000
1640 647 -1 -1 0 0 0 0 0.000000 0.000000 0.000000 -nan 0.000000
1641 648 -1 -1 0 0 0 0 0.000000 0.000000 0.000000 -nan 0.000000
1642 649 -1 -1 0 0 0 0 0.000000 0.000000 0.000000 -nan 0.000000
1643 650 -1 -1 0 0 0 0 0.000000 0.000000 0.000000 -nan 0.000000
1644 651 -1 -1 0 0 0 0 0.000000 0.000000 0.000000 -nan 0.000000
1645 652 -1 -1 0 0 0 0 0.000000 0.000000 0.000000 -nan 0.000000
1646 653 -1 -1 0 0 0 0 0.000000 0.000000 0.000000 -nan 0.000000
1647 654 -1 -1 0 0 0 0 0.000000 0.000000 0.000000 -nan 0.000000
1648 655 -1 -1 0 0 0 0 0.000000 0.000000 0.000000 -nan 0.000000
1649 656 -1 -1 0 0 0 0 0.000000 0.000000 0.000000 -nan 0.000000
1650 657 -1 -1 0 0 0 0 0.000000 0.000000 0.000000 -nan 0.000000
1651 658 -1 -1 0 0 0 0 0.000000 0.000000 0.000000 -nan 0.000000
1652 659 -1 -1 0 0 0 0 0.000000 0.000000 0.000000 -nan 0.000000
1700 660 -1 -1 0 0 0 0 0.000000 0.000000 0.000000 -nan 0.000000
1701 661 -1 -1 0 0 0 0 0.000000 0.000000 0.000000 -nan 0.000000
1702 662 -1 -1 0 0 0 0 0.000000 0.000000 0.000000 -nan 0.000000
1703 663 -1 -1 0 0 0 0 0.000000 0.000000 0.000000 -nan 0.000000
1704 664 -1 -1 0 0 0 0 0.000000 0.000000 0.000000 -nan 0.000000
1705 665 -1 -1 0 0 0 0 0.000000 0.000000 0.000000 -nan 0.000000
1706 666 -1 -1 0 0 0 0 0.000000 0.000000 0.000000 -nan 0.000000
1707 667 -1 -1 0 0 0 0 0.000000 0.000000 0.000000 -nan 0.000000
1708 668 -1 -1 0 0 0 0 0.000000 0.000000 0.000000 -nan 0.000000
1709 669 -1 -1 0 0 0 0 0.000000 0.000000 0.000000 -nan 0.000000
1710 670 -1 -1 0 0 0 0 0.000000 0.000000 0.000000 -nan 0.000000
1711 671 -1 -1 0 0 0 0 0.000000 0.000000 0.000000 -nan 0.000000
1712 672 -1 -1 0 0 0 0 0.000000 0.000000 0.000000 -nan 0.000000
1713 673 -1 -1 0 0 0 0 0.000000 0.000000 0.000000 -nan 0.000000
1714 674 -1 -1 0 0 0 0 0.000000 0.000000 0.000000 -nan 0.000000
1715 675 -1 -1 0 0 0 0 0.000000 0.000000 0.000000 -nan 0.000000
1716 676 -1 -1 0 0 0 0 0.000000 0.000000 0.000000 -nan 0.000000
1717 677 -1 -1 0 0 0 0 0.000000 0.000000 0.000000 -nan 0.000000
1718 678 -1 -1 0 0 0 0 0.000000 0.000000 0.000000 -nan 0.000000
1719 679 -1 -1 0 0 0 0 0.000000 0.000000 0.000000 -nan 0.000000
1720 680 -1 -1 0 0 0 0 0.000000 0.000000 0.000000 -nan 0.000000
1721 681 -1 -1 0 0 0 0 0.000000 0.000000 0.000000 -nan 0.000000
1722 682 -1 -1 0 0 0 0 0.000000 0.000000 0.000000 -nan 0.000000
1723 683 -1 -1 0 0 0 0 0.000000 0.000000 0.000000 -nan 0.000000
1724 684 -1 -1 0 0 0 0 0.000000 0.000000 0.000000 -nan 0.000000
1725 685 -1 -1 0 0 0 0 0.000000 0.000000 0.000000 -nan 0.000000
1726 686 -1 -1 0 0 0 0 0.000000 0.000000 0.000000 -nan 0.000000
1727 687 -1 -1 0 0 0 0 0.000000 0.000000 0.000000 -nan 0.000000
1728 688 -1 -1 0 0 0 0 0.000000 0.000000 0.000000 -nan 0.000000
1729 689 -1 -1 0 0 0 0 0.000000 0.000000 0.000000 -nan 0.000000
1777 690 -1 -1 0 0 0 0 0.000000 0.000000 0.000000 -nan 0.000000
1778 691 -1 -1 0 0 0 0 0.000000 0.000000 0.000000 -nan 0.000000
1779 692 -1 -1 0 0 0 0 0.000000 0.000000 0.000000 -nan 0.000000
1780 693 -1 -1 0 0 0 0 0.000000 0.000000 0.000000 -nan 0.000000
1781 694 -1 -1 0 0 0 0 0.000000 0.000000 0.000000 -nan 0.000000
1782 695 -1 -1 0 0 0 0 0.000000 0.000000 0.000000 -nan 0.000000
1783 696 -1 -1 0 0 0 0 0.000000 0.000000 0.000000 -nan 0.000000
1784 697 -1 -1 0 0 0 0 0.000000 0.000000 0.000000 -nan 0.000000
1785 698 -1 -1 0 0 0 0 0.000000 0.000000 0.000000 -nan 0.000000
1786 699 -1 -1 0 0 0 0 0.000000 0.000000 0.000000 -nan 0.000000
1787 700 -1 -1 0 0 0 0 0.000000 0.000000 0.000000 -nan 0.000000
1788 701 -1 -1 0 0 0 0 0.000000 0.000000 0.000000 -nan 0.000000
1789 702 -1 -1 0 0 0 0 0.000000 0.000000 0.000000 -nan 0.000000
1790 703 -1 -1 0 0 0 0 0.000000 0.000000 0.000000 -nan 0.000000
1791 704 -1 -1 0 0 0 0 0.000000 0.000000 0.000000 -nan 0.000000
1792 705 -1 -1 0 0 0 0 0.000000 0.000000 0.000000 -nan 0.000000
1793 706 -1 -1 0 0 0 0 0.000000 0.000000 0.000000 -nan 0.000000
1794 707 -1 -1 0 0 0 0 0.000000 0.000000 0.000000 -nan 0.000000
1795 708 -1 -1 0 0 0 0 0.000000 0.000000 0.000000 -nan 0.000000
1796 709 -1 -1 0 0 0 0 0.000000 0.000000 0.000000 -nan 0.000000
1797 710 -1 -1 0 0 0 0 0.000000 0.000000 0.000000 -nan 0.000000
1798 711 -1 -1 0 0 0 0 0.000000 0.000000 0.000000 -nan 0.000000
1799 712 -1 -1 0 0 0 0 0.000000 0.000000 0.000000 -nan 0.000000
1800 713 -1 -1 0 0 0 0 0.000000 0.000000 0.000000 -nan 0.000000
1801 714 -1 -1 0 0 0 0 0.000000 0.000000 0.000000 -nan 0.000000
1802 715 -1 -1 0 0 0 0 0.000000 0.000000 0.000000 -nan 0.000000
1803 716 -1 -1 0 0 0 0 0.000000 0.000000 0.000000 -nan 0.000000
1804 717 -1 -1 0 0 0 0 0.000000 0.000000 0.000000 -nan 0.000000
1805 718 -1 -1 0 0 0 0 0.000000 0.000000 0.000000 -nan 0.000000
1806 719 -1 -1 0 0 0 0 0.000000 0.000000 0.000000 -nan 0.000000
1854 720 -1 -1 0 0 0 0 0.000000 0.000000 0.000000 -nan 0.000000
1855 721 -1 -1 0 0 0 0 0.000000 0.000000 0.000000 -nan 0.000000
1856 722 -1 -1 0 0 0 0 0.000000 0.000000 0.000000 -nan 0.000000
1857 723 -1 -1 0 0 0 0 0.000000 0.000000 0.000000 -nan 0.000000
1858 724 -1 -1 0 0 0 0 0.000000 0.000000 0.000000 -nan 0.000000
1859 725 -1 -1 0 0 0 0 0.000000 0.000000 0.000000 -nan 0.000000
1860 726 -1 -1 0 0 0 0 0.000000 0.000000 0.000000 -nan 0.000000
1861 727 -1 -1 0 0 0 0 0.000000 0.000000 0.000000 -nan 0.000000
1862 728 -1 -1 0 0 0 0 0.000000 0.000000 0.000000 -nan 0.000000
1863 729 -1 -1 0 0 0 0 0.000000 0.000000 0.000000 -nan 0.000000
1864 730 -1 -1 0 0 0 0 0.000000 0.000000 0.000000 -nan 0.000000
1865 731 -1 -1 0 0 0 0 0.000000 0.000000 0.000000 -nan 0.000000
1866 732 -1 -1 0 0 0 0 0.000000 0.000000 0.000000 -nan 0.000000
1867 733 -1 -1 0 0 0 0 0.000000 0.000000 0.000000 -nan 0.000000
1868 734 -1 -1 0 0 0 0 0.000000 0.000000 0.000000 -nan 0.000000
1869 735 -1 -1 0 0 0 0 0.000000 0.000000 0.000000 -nan 0.000000
1870 736 -1 -1 0 0 0 0 0.000000 0.000000 0.000000 -nan 0.000000
1871 737 -1 -1 0 0 0 0 0.000000 0.000000 0.000000 -nan 0.000000
1872 738 -1 -1 0 0 0 0 0.000000 0.000000 0.000000 -nan 0.000000
1873 739 -1 -1 0 0 0 0 0.000000 0.000000 0.000000 -nan 0.000000
1874 740 -1 -1 0 0 0 0 0.000000 0.000000 0.000000 -nan 0.000000
1875 741 -1 -1 0 0 0 0 0.000000 0.000000 0.000000 -nan 0.000000
1876 742 -1 -1 0 0 0 0 0.000000 0.000000 0.000000 -nan 0.000000
1877 743 -1 -1 0 0 0 0 0.000000 0.000000 0.000000 -nan 0.000000
1878 744 -1 -1 0 0 0 0 0.000000 0.000000 0.000000 -nan 0.000000
1879 745 -1 -1 0 0 0 0 0.000000 0.000000 0.000000 -nan 0.000000
1880 746 -1 -1 0 0 0 0 0.000000 0.000000 0.000000 -nan 0.000000
1881 747 -1 -1 0 0 0 0 0.000000 0.000000 0.000000 -nan 0.000000
1882 748 -1 -1 0 0 0 0 0.000000 0.000000 0.000000 -nan 0.000000
1883 749 -1 -1 0 0 0 0 0.000000 0.000000 0.000000 -nan 0.000000
1931 750 -1 -1 0 0 0 0 0.000000 0.000000 0.000000 -nan 0.000000
1932 751 -1 -1 0 0 0 0 0.000000 0.000000 0.000000 -nan 0.000000
1933 752 -1 -1 0 0 0 0 0.000000 0.000000 0.000000 -nan 0.000000
1934 753 -1 -1 0 0 0 0 0.000000 0.000000 0.000000 -nan 0.000000
1935 754 -1 -1 0 0 0 0 0.000000 0.000000 0.000000 -nan 0.000000
1936 755 -1 -1 0 0 0 0 0.000000 0.000000 0.000000 -nan 0.000000
1937 756 -1 -1 0 0 0 0 0.000000 0.000000 0.000000 -nan 0.000000
1938 757 -1 -1 0 0 0 0 0.000000 0.000000 0.000000 -nan 0.000000
1939 758 -1 -1 0 0 0 0 0.000000 0.000000 0.000000 -nan 0.000000
1940 759 -1 -1 0 0 0 0 0.000000 0.000000 0.000000 -nan 0.000000
1941 760 -1 -1 0 0 0 0 0.000000 0.000000 0.000000 -nan 0.000000
1942 761 -1 -1 0 0 0 0 0.000000 0.000000 0.000000 -nan 0.000000
1943 762 -1 -1 0 0 0 0 0.000000 0.000000 0.000000 -nan 0.000000
1944 763 -1 -1 0 0 0 0 0.000000 0.000000 0.000000 -nan 0.000000
1945 764 -1 -1 0 0 0 0 0.000000 0.000000 0.000000 -nan 0.000000
1946 765 -1 -1 0 0 0 0 0.000000 0.000000 0.000000 -nan 0.000000
1947 766 -1 -1 0 0 0 0 0.000000 0.000000 0.000000 -nan 0.000000
1948 767 -1 -1 0 0 0 0 0.000000 0.000000 0.000000 -nan 0.000000
1949 768 -1 -1 0 0 0 0 0.000000 0.000000 0.000000 -nan 0.000000
1950 769 -1 -1 0 0 0 0 0.000000 0.000000 0.000000 -nan 0.000000
1951 770 -1 -1 0 0 0 0 0.000000 0.000000 0.000000 -nan 0.000000
1952 771 -1 -1 0 0 0 0 0.000000 0.000000 0.000000 -nan 0.000000
1953 772 -1 -1 0 0 0 0 0.000000 0.000000 0.000000 -nan 0.000000
1954 773 -1 -1 0 0 0 0 0.000000 0.000000 0.000000 -nan 0.000000
1955 774 -1 -1 0 0 0 0 0.000000 0.000000 0.000000 -nan 0.000000
1956 775 -1 -1 0 0 0 0 0.000000 0.000000 0.000000 -nan 0.000000
1957 776 -1 -1 0 0 0 0 0.000000 0.000000 0.000000 -nan 0.000000
1958 777 -1 -1 0 0 0 0 0.000000 0.000000 0.000000 -nan 0.000000
1959 778 -1 -1 0 0 0 0 0.000000 0.000000 0.000000 -nan 0.000000
1960 779 -1 -1 0 0 0 0 0.000000 0.000000 0.000000 -nan 0.000000
2008 780 -1 -1 0 0 0 0 0.000000 0.000000 0.000000 -nan 0.000000
2009 781 -1 -1 0 0 0 0 0.000000 0.000000 0.000000 -nan 0.000000
2010 782 -1 -1 0 0 0 0 0.000000 0.000000 0.000000 -nan 0.000000
2011 783 -1 -1 0 0 0 0 0.000000 0.000000 0.000000 -nan 0.000000
2012 784 -1 -1 0 0 0 0 0.000000 0.000000 0.000000 -nan 0.000000
2013 785 -1 -1 0 0 0 0 0.000000 0.000000 0.000000 -nan 0.000000
2014 786 -1 -1 0 0 0 0 0.000000 0.000000 0.000000 -nan 0.000000
2015 787 -1 -1 0 0 0 0 0.000000 0.000000 0.000000 -nan 0.000000
2016 788 -1 -1 0 0 0 0 0.000000 0.000000 0.000000 -nan 0.000000
2017 789 -1 -1 0 0 0 0 0.000000 0.000000 0.000000 -nan 0.000000
2018 790 -1 -1 0 0 0 0 0.000000 0.000000 0.000000 -nan 0.000000
2019 791 -1 -1 0 0 0 0 0.000000 0.000000 0.000000 -nan 0.000000
2020 792 -1 -1 0 0 0 0 0.000000 0.000000 0.000000 -nan 0.000000
2021 793 -1 -1 0 0 0 0 0.000000 0.000000 0.000000 -nan 0.000000
2022 794 -1 -1 0 0 0 0 0.000000 0.000000 0.000000 -nan 0.000000
2023 795 -1 -1 0 0 0 0 0.000000 0.000000 0.000000 -nan 0.000000
2024 796 -1 -1 0 0 0 0 0.000000 0.000000 0.000000 -nan 0.000000
2025 797 -1 -1 0 0 0 0 0.000000 0.000000 0.000000 -nan 0.000000
2026 798 -1 -1 0 0 0 0 0.000000 0.000000 0.000000 -nan 0.000000
2027 799 -1 -1 0 0 0 0 0.000000 0.000000 0.000000 -nan 0.000000
2028 800 -1 -1 0 0 0 0 0.000000 0.000000 0.000000 -nan 0.000000
2029 801 -1 -1 0 0 0 0 0.000000 0.000000 0.000000 -nan 0.000000
2030 802 -1 -1 0 0 0 0 0.000000 0.000000 0.000000 -nan 0.000000
2031 803 -1 -1 0 0 0 0 0.000000 0.000000 0.000000 -nan 0.000000
2032 804 -1 -1 0 0 0 0 0.000000 0.000000 0.000000 -nan 0.000000
2033 805 -1 -1 0 0 0 0 0.000000 0.000000 0.000000 -nan 0.000000
2034 806 -1 -1 0 0 0 0 0.000000 0.000000 0.000000 -nan 0.000000
2035 807 -1 -1 0 0 0 0 0.000000 0.000000 0.000000 -nan 0.000000
2036 808 -1 -1 0 0 0 0 0.000000 0.000000 0.000000 -nan 0.000000
2037 809 -1 -1 0 0 0 0 0.000000 0.000000 0.000000 -nan 0.000000
2085 810 -1 -1 0 0 0 0 0.000000 0.000000 0.000000 -nan 0.000000
2086 811 -1 -1 0 0 0 0 0.000000 0.000000 0.000000 -nan 0.000000
2087 812 -1 -1 0 0 0 0 0.000000 0.000000 0.000000 -nan 0.000000
2088 813 -1 -1 0 0 0 0 0.000000 0.000000 0.000000 -nan 0.000000
2089 814 -1 -1 0 0 0 0 0.000000 0.000000 0.000000 -nan 0.000000
2090 815 -1 -1 0 0 0 0 0.000000 0.000000 0.000000 -nan 0.000000
2091 816 -1 -1 0 0 0 0 0.000000 0.000000 0.000000 -nan 0.000000
2092 817 -1 -1 0 0 0 0 0.000000 0.000000 0.000000 -nan 0.000000
2093 818 -1 -1 0 0 0 0 0.000000 0.000000 0.000000 -nan 0.000000
2094 819 -1 -1 0 0 0 0 0.000000 0.000000 0.000000 -nan 0.000000
2095 820 -1 -1 0 0 0 0 0.000000 0.000000 0.000000 -nan 0.000000
2096 821 -1 -1 0 0 0 0 0.000000 0.000000 0.000000 -nan 0.000000
2097 822 -1 -1 0 0 0 0 0.000000 0.000000 0.000000 -nan 0.000000
2098 823 -1 -1 0 0 0 0 0.000000 0.000000 0.000000 -nan 0.000000
2099 824 -1 -1 0 0 0 0 0.000000 0.000000 0.000000 -nan 0.000000
2100 825 -1 -1 0 0 0 0 0.000000 0.000000 0.000000 -nan 0.000000
2101 826 -1 -1 0 0 0 0 0.000000 0.000000 0.000000 -nan 0.000000
2102 827 -1 -1 0 0 0 0 0.000000 0.000000 0.000000 -nan 0.000000
2103 828 -1 -1 0 0 0 0 0.000000 0.000000 0.000000 -nan 0.000000
2104 829 -1 -1 0 0 0 0 0.000000 0.000000 0.000000 -nan 0.000000
2105 830 -1 -1 0 0 0 0 0.000000 0.000000 0.000000 -nan 0.000000
2106 831 -1 -1 0 0 0 0 0.000000 0.000000 0.000000 -nan 0.000000
2107 832 -1 -1 0 0 0 0 0.000000 0.000000 0.000000 -nan 0.000000
2108 833 -1 -1 0 0 0 0 0.000000 0.000000 0.000000 -nan 0.000000
2109 834 -1 -1 0 0 0 0 0.000000 0.000000 0.000000 -nan 0.000000
2110 835 -1 -1 0 0 0 0 0.000000 0.000000 0.000000 -nan 0.000000
2111 836 -1 -1 0 0 0 0 0.000000 0.000000 0.000000 -nan 0.000000
2112 837 -1 -1 0 0 0 0 0.000000 0.000000 0.000000 -nan 0.000000
2113 838 -1 -1 0 0 0 0 0.000000 0.000000 0.000000 -nan 0.000000
2114 839 -1 -1 0 0 0 0 0.000000 0.000000 0.000000 -nan 0.000000
2162 840 -1 -1 0 0 0 0 0.000000 0.000000 0.000000 -nan 0.000000
2163 841 -1 -1 0 0 0 0 0.000000 0.000000 0.000000 -nan 0.000000
2164 842 -1 -1 0 0 0 0 0.000000 0.000000 0.000000 -nan 0.000000
2165 843 -1 -1 0 0 0 0 0.000000 0.000000 0.000000 -nan 0.000000
2166 844 -1 -1 0 0 0 0 0.000000 0.000000 0.000000 -nan 0.000000
2167 845 -1 -1 0 0 0 0 0.000000 0.000000 0.000000 -nan 0.000000
2168 846 -1 -1 0 0 0 0 0.000000 0.000000 0.000000 -nan 0.000000
2169 847 -1 -1 0 0 0 0 0.000000 0.000000 0.000000 -nan 0.000000
2170 848 -1 -1 0 0 0 0 0.000000 0.000000 0.000000 -nan 0.000000
2171 849 -1 -1 0 0 0 0 0.000000 0.000000 0.000000 -nan 0.000000
2172 850 -1 -1 0 0 0 0 0.000000 0.000000 0.000000 -nan 0.000000
2173 851 -1 -1 0 0 0 0 0.000000 0.000000 0.000000 -nan 0.000000
2174 852 -1 -1 0 0 0 0 0.000000 0.000000 0.000000 -nan 0.000000
2175 853 -1 -1 0 0 0 0 0.000000 0.000000 0.000000 -nan 0.000000
2176 854 -1 -1 0 0 0 0 0.000000 0.000000 0.000000 -nan 0.000000
2177 855 -1 -1 0 0 0 0 0.000000 0.000000 0.000000 -nan 0.000000
2178 856 -1 -1 0 0 0 0 0.000000 0.000000 0.000000 -nan 0.000000
2179 857 -1 -1 0 0 0 0 0.000000 0.000000 0.000000 -nan 0.000000
2180 858 -1 -1 0 0 0 0 0.000000 0.000000 0.000000 -nan 0.000000
2181 859 -1 -1 0 0 0 0 0.000000 0.000000 0.000000 -nan 0.000000
2182 860 -1 -1 0 0 0 0 0.000000 0.000000 0.000000 -nan 0.000000
2183 861 -1 -1 0 0 0 0 0.000000 0.000000 0.000000 -nan 0.000000
2184 862 -1 -1 0 0 0 0 0.000000 0.000000 0.000000 -nan 0.000000
2185 863 -1 -1 0 0 0 0 0.000000 0.000000 0.000000 -nan 0.000000
2186 864 -1 -1 0 0 0 0 0.000000 0.000000 0.000000 -nan 0.000000
2187 865 -1 -1 0 0 0 0 0.000000 0.000000 0.000000 -nan 0.000000
2188 866 -1 -1 0 0 0 0 0.000000 0.000000 0.000000 -nan 0.000000
2189 867 -1 -1 0 0 0 0 0.000000 0.000000 0.000000 -nan 0.000000
2190 868 -1 -1 0 0 0 0 0.000000 0.000000 0.000000 -nan 0.000000
2191 869 -1 -1 0 0 0 0 0.000000 0.000000 0.000000 -nan 0.000000
2239 870 -1 -1 0 0 0 0 0.000000 0.000000 0.000000 -nan 0.000000
2240 871 -1 -1 0 0 0 0 0.000000 0.000000 0.000000 -nan 0.000000
2241 872 -1 -1 0 0 0 0 0.000000 0.000000 0.000000 -nan 0.000000
2242 873 -1 -1 0 0 0 0 0.000000 0.000000 0.000000 -nan 0.000000
2243 874 -1 -1 0 0 0 0 0.000000 0.000000 0.000000 -nan 0.000000
2244 875 -1 -1 0 0 0 0 0.000000 0.000000 0.000000 -nan 0.000000
2245 876 -1 -1 0 0 0 0 0.000000 0.000000 0.000000 -nan 0.000000
2246 877 -1 -1 0 0 0 0 0.000000 0.000000 0.000000 -nan 0.000000
2247 878 -1 -1 0 0 0 0 0.000000 0.000000 0.000000 -nan 0.000000
2248 879 -1 -1 0 0 0 0 0.000000 0.000000 0.000000 -nan 0.000000
2249 880 -1 -1 0 0 0 0 0.000000 0.000000 0.000000 -nan 0.000000
2250 881 -1 -1 0 0 0 0 0.000000 0.000000 0.000000 -nan 0.000000
2251 882 -1 -1 0 0 0 0 0.000000 0.000000 0.000000 -nan 0.000000
2252 883 -1 -1 0 0 0 0 0.000000 0.000000 0.000000 -nan 0.000000
2253 884 -1 -1 0 0 0 0 0.000000 0.000000 0.000000 -nan 0.000000
2254 885 -1 -1 0 0 0 0 0.000000 0.000000 0.000000 -nan 0.000000
2255 886 -1 -1 0 0 0 0 0.000000 0.000000 0.000000 -nan 0.000000
2256 887 -1 -1 0 0 0 0 0.000000 0.000000 0.000000 -nan 0.000000
2257 888 -1 -1 0 0 0 0 0.000000 0.000000 0.000000 -nan 0.000000
2258 889 -1 -1 0 0 0 0 0.000000 0.000000 0.000000 -nan 0.000000
2259 890 -1 -1 0 0 0 0 0.000000 0.000000 0.000000 -nan 0.000000
2260 891 -1 -1 0 0 0 0 0.000000 0.000000 0.000000 -nan 0.000000
2261 892 -1 -1 0 0 0 0 0.000000 0.000000 0.000000 -nan 0.000000
2262 893 -1 -1 0 0 0 0 0.000000 0.000000 0.000000 -nan 0.000000
2263 894 -1 -1 0 0 0 0 0.000000 0.000000 0.000000 -nan 0.000000
2264 895 -1 -1 0 0 0 0 0.000000 0.000000 0.000000 -nan 0.000000
2265 896 -1 -1 0 0 0 0 0.000000 0.000000 0.000000 -nan 0.000000
2266 897 -1 -1 0 0 0 0 0.000000 0.000000 0.000000 -nan 0.000000
2267 898 -1 -1 0 0 0 0 0.000000 0.000000 0.000000 -nan 0.000000
2268 899 -1 -1 0 0 0 0 0.000000 0.000000 0.000000 -nan 0.000000
2316 900 -1 -1 0 0 0 0 0.000000 0.000000 0.000000 -nan 0.000000
2317 901 -1 -1 0 0 0 0 0.000000 0.000000 0.000000 -nan 0.000000
2318 902 -1 -1 0 0 0 0 0.000000 0.000000 0.000000 -nan 0.000000
2319 903 -1 -1 0 0 0 0 0.000000 0.000000 0.000000 -nan 0.000000
2320 904 -1 -1 0 0 0 0 0.000000 0.000000 0.000000 -nan 0.000000
2321 905 -1 -1 0 0 0 0 0.000000 0.000000 0.000000 -nan 0.000000
2322 906 -1 -1 0 0 0 0 0.000000 0.000000 0.000000 -nan 0.000000
2323 907 -1 -1 0 0 0 0 0.000000 0.000000 0.000000 -nan 0.000000
2324 908 -1 -1 0 0 0 0 0.000000 0.000000 0.000000 -nan 0.000000
2325 909 -1 -1 0 0 0 0 0.000000 0.000000 0.000000 -nan 0.000000
2326 910 -1 -1 0 0 0 0 0.000000 0.000000 0.000000 -nan 0.000000
2327 911 -1 -1 0 0 0 0 0.000000 0.000000 0.000000 -nan 0.000000
2328 912 -1 -1 0 0 0 0 0.000000 0.000000 0.000000 -nan 0.000000
2329 913 -1 -1 0 0 0 0 0.000000 0.000000 0.000000 -nan 0.000000
2330 914 -1 -1 0 0 0 0 0.000000 0.000000 0.000000 -nan 0.000000
2331 915 -1 -1 0 0 0 0 0.000000 0.000000 0.000000 -nan 0.000000
2332 916 -1 -1 0 0 0 0 0.000000 0.000000 0.000000 -nan 0.000000
2333 917 -1 -1 0 0 0 0 0.000000 0.000000 0.000000 -nan 0.000000
2334 918 -1 -1 0 0 0 0 0.000000 0.000000 0.000000 -nan 0.000000
2335 919 -1 -1 0 0 0 0 0.000000 0.000000 0.000000 -nan 0.000000
2336 920 -1 -1 0 0 0 0 0.000000 0.000000 0.000000 -nan 0.000000
2337 921 -1 -1 0 0 0 0 0.000000 0.000000 0.000000 -nan 0.000000
2338 922 -1 -1 0 0 0 0 0.000000 0.000000 0.000000 -nan 0.000000
2339 923 -1 -1 0 0 0 0 0.000000 0.000000 0.000000 -nan 0.000000
2340 924 -1 -1 0 0 0 0 0.000000 0.000000 0.000000 -nan 0.000000
2341 925 -1 -1 0 0 0 0 0.000000 0.000000 0.000000 -nan 0.000000
2342 926 -1 -1 0 0 0 0 0.000000 0.000000 0.000000 -nan 0.000000
2343 927 -1 -1 0 0 0 0 0.000000 0.000000 0.000000 -nan 0.000000
2344 928 -1 -1 0 0 0 0 0.000000 0.000000 0.000000 -nan 0.000000
2345 929 -1 -1 0 0 0 0 0.000000 0.000000 0.000000 -nan 0.000000
2393 930 -1 -1 0 0 0 0 0.000000 0.000000 0.000000 -nan 0.000000
2394 931 -1 -1 0 0 0 0 0.000000 0.000000 0.000000 -nan 0.000000
2395 932 -1 -1 0 0 0 0 0.000000 0.000000 0.000000 -nan 0.000000
2396 933 -1 -1 0 0 0 0 0.000000 0.000000 0.000000 -nan 0.000000
2397 934 -1 -1 0 0 0 0 0.000000 0.000000 0.000000 -nan 0.000000
2398 935 -1 -1 0 0 0 0 0.000000 0.000000 0.000000 -nan 0.000000
2399 936 -1 -1 0 0 0 0 0.000000 0.000000 0.000000 -nan 0.000000
2400 937 -1 -1 0 0 0 0 0.000000 0.000000 0.000000 -nan 0.000000
2401 938 -1 -1 0 0 0 0 0.000000 0.000000 0.000000 -nan 0.000000
2402 939 -1 -1 0 0 0 0 0.000000 0.000000 0.000000 -nan 0.000000
2403 940 -1 -1 0 0 0 0 0.000000 0.000000 0.000000 -nan 0.000000
2404 941 -1 -1 0 0 0 0 0.000000 0.000000 0.000000 -nan 0.000000
2405 942 -1 -1 0 0 0 0 0.000000 0.000000 0.000000 -nan 0.000000
2406 943 -1 -1 0 0 0 0 0.000000 0.000000 0.000000 -nan 0.000000
2407 944 -1 -1 0 0 0 0 0.000000 0.000000 0.000000 -nan 0.000000
2408 945 -1 -1 0 0 0 0 0.000000 0.000000 0.000000 -nan 0.000000
2409 946 -1 -1 0 0 0 0 0.000000 0.000000 0.000000 -nan 0.000000
2410 947 -1 -1 0 0 0 0 0.000000 0.000000 0.000000 -nan 0.000000
2411 948 -1 -1 0 0 0 0 0.000000 0.000000 0.000000 -nan 0.000000
2412 949 -1 -1 0 0 0 0 0.000000 0.000000 0.000000 -nan 0.000000
2413 950 -1 -1 0 0 0 0 0.000000 0.000000 0.000000 -nan 0.000000
2414 951 -1 -1 0 0 0 0 0.000000 0.000000 0.000000 -nan 0.000000
2415 952 -1 -1 0 0 0 0 0.000000 0.000000 0.000000 -nan 0.000000
2416 953 -1 -1 0 0 0 0 0.000000 0.000000 0.000000 -nan 0.000000
2417 954 -1 -1 0 0 0 0 0.000000 0.000000 0.000000 -nan 0.000000
2418 955 -1 -1 0 0 0 0 0.000000 0.000000 0.000000 -nan 0.000000
2419 956 -1 -1 0 0 0 0 0.000000 0.000000 0.000000 -nan 0.000000
2420 957 -1 -1 0 0 0 0 0.000000 0.000000 0.000000 -nan 0.000000
2421 958 -1 -1 0 0 0 0 0.000000 0.000000 0.000000 -nan 0.000000
2422 959 -1 -1 0 0 0 0 0.000000 0.000000 0.000000 -nan 0.000000
2470 960 -1 -1 0 0 0 0 0.000000 0.000000 0.000000 -nan 0.000000
2471 961 -1 -1 0 0 0 0 0.000000 0.000000 0.000000 -nan 0.000000
2472 962 -1 -1 0 0 0 0 0.000000 0.000000 0.000000 -nan 0.000000
2473 963 -1 -1 0 0 0 0 0.000000 0.000000 0.000000 -nan 0.000000
2474 964 -1 -1 0 0 0 0 0.000000 0.000000 0.000000 -nan 0.000000
2475 965 -1 -1 0 0 0 0 0.000000 0.000000 0.000000 -nan 0.000000
2476 966 -1 -1 0 0 0 0 0.000000 0.000000 0.000000 -nan 0.000000
2477 967 -1 -1 0 0 0 0 0.000000 0.000000 0.000000 -nan 0.000000
2478 968 -1 -1 0 0 0 0 0.000000 0.000000 0.000000 -nan 0.000000
2479 969 -1 -1 0 0 0 0 0.000000 0.000000 0.000000 -nan 0.000000
2480 970 -1 -1 0 0 0 0 0.000000 0.000000 0.000000 -nan 0.000000
2481 971 -1 -1 0 0 0 0 0.000000 0.000000 0.000000 -nan 0.000000
2482 972 -1 -1 0 0 0 0 0.000000 0.000000 0.000000 -nan 0.000000
2483 973 -1 -1 0 0 0 0 0.000000 0.000000 0.000000 -nan 0.000000
2484 974 -1 -1 0 0 0 0 0.000000 0.000000 0.000000 -nan 0.000000
2485 975 -1 -1 0 0 0 0 0.000000 0.000000 0.000000 -nan 0.000000
2486 976 -1 -1 0 0 0 0 0.000000 0.000000 0.000000 -nan 0.000000
2487 977 -1 -1 0 0 0 0 0.000000 0.000000 0.000000 -nan 0.000000
2488 978 -1 -1 0 0 0 0 0.000000 0.000000 0.000000 -nan 0.000000
2489 979 -1 -1 0 0 0 0 0.000000 0.000000 0.000000 -nan 0.000000
2490 980 -1 -1 0 0 0 0 0.000000 0.000000 0.000000 -nan 0.000000
2491 981 -1 -1 0 0 0 0 0.000000 0.000000 0.000000 -nan 0.000000
2492 982 -1 -1 0 0 0 0 0.000000 0.000000 0.000000 -nan 0.000000
2493 983 -1 -1 0 0 0 0 0.000000 0.000000 0.000000 -nan 0.000000
2494 984 -1 -1 0 0 0 0 0.000000 0.000000 0.000000 -nan 0.000000
2495 985 -1 -1 0 0 0 0 0.000000 0.000000 0.000000 -nan 0.000000
2496 986 -1 -1 0 0 0 0 0.000000 0.000000 0.000000 -nan 0.000000
2497 987 -1 -1 0 0 0 0 0.000000 0.000000 0.000000 -nan 0.000000
2498 988 -1 -1 0 0 0 0 0.000000 0.000000 0.000000 -nan 0.000000
2499 989 -1 -1 0 0 0 0 0.000000 0.000000 0.000000 -nan 0.000000