# Format <LP id> <Workload type> <client id> <Bytes written> <Bytes read> <Synthetic data Received> <Time to write bytes > <Total elapsed time>
6  0 0 0 0 0.000000 218258603.776300
7  1 0 0 0 0.000000 218258278.796667
8  2 0 0 0 0.000000 218258942.660540
9  3 0 0 0 0.000000 218258279.098615
10  4 0 0 0 0.000000 218258941.241382
11  5 0 0 0 0.000000 218258942.751629
12 milc 6 0 0 0 0.000000 218257069.687009
13  7 0 0 0 0.000000 218258278.161325
14  8 0 0 0 0.000000 218258361.383678
15  9 0 0 0 0.000000 218258318.697120
16 milc 10 0 0 0 0.000000 218258698.848760
17  11 0 0 0 0.000000 218258700.098194
18  12 0 0 0 0.000000 218258700.267919
19 milc 13 0 0 0 0.000000 218258277.679457
20 milc 14 0 0 0 0.000000 218257982.008753
21  15 0 0 0 0.000000 218258317.277961
22  16 0 0 0 0.000000 218258603.776300
23  17 0 0 0 0.000000 218258278.796667
24 milc 18 0 0 0 0.000000 218258942.660540
25  19 0 0 0 0.000000 218258279.098615
26  20 0 0 0 0.000000 218258941.241382
27  21 0 0 0 0.000000 218258942.751629
28  22 0 0 0 0.000000 218257069.687009
29  23 0 0 0 0.000000 218258278.161325
30 milc 24 0 0 0 0.000000 218258361.383678
31  25 0 0 0 0.000000 218258318.697120
32  26 0 0 0 0.000000 218258698.848760
33  27 0 0 0 0.000000 218258700.098194
34  28 0 0 0 0.000000 218258700.267919
35  29 0 0 0 0.000000 218258277.679457
83  30 0 0 0 0.000000 218258277.679457
84  31 0 0 0 0.000000 218257982.008753
85  32 0 0 0 0.000000 218258317.277961
86  33 0 0 0 0.000000 218258603.776300
87 milc 34 0 0 0 0.000000 218258278.796667
88  35 0 0 0 0.000000 218258942.660540
89  36 0 0 0 0.000000 218258279.098615
90  37 0 0 0 0.000000 218258941.241382
91 milc 38 0 0 0 0.000000 218258942.751629
92  39 0 0 0 0.000000 218257069.687009
93  40 0 0 0 0.000000 218258278.161325
94 milc 41 0 0 0 0.000000 218258361.383678
95  42 0 0 0 0.000000 218258318.697120
96  43 0 0 0 0.000000 218258698.848760
97  44 0 0 0 0.000000 218258700.098194
98  45 0 0 0 0.000000 218258700.267919
99 milc 46 0 0 0 0.000000 218258277.679457
100  47 0 0 0 0.000000 218257982.008753
101  48 0 0 0 0.000000 218258317.277961
102  49 0 0 0 0.000000 218258603.776300
103  50 0 0 0 0.000000 218258278.796667
104 milc 51 0 0 0 0.000000 218258942.660540
105 milc 52 0 0 0 0.000000 218258279.098615
106  53 0 0 0 0.000000 218258941.241382
107 milc 54 0 0 0 0.000000 218258942.751629
108 milc 55 0 0 0 0.000000 218257069.687009
109  56 0 0 0 0.000000 218258278.161325
110  57 0 0 0 0.000000 218258361.383678
111 milc 58 0 0 0 0.000000 218258318.697120
112 milc 59 0 0 0 0.000000 218258698.848760
160  60 0 0 0 0.000000 218258698.848760
161  61 0 0 0 0.000000 218258700.098194
162 milc 62 0 0 0 0.000000 218258700.267919
163 milc 63 0 0 0 0.000000 218258277.679457
164  64 0 0 0 0.000000 218257982.008753
165  65 0 0 0 0.000000 218258317.277961
166  66 0 0 0 0.000000 218258603.776300
167  67 0 0 0 0.000000 218258278.796667
168  68 0 0 0 0.000000 218258942.660540
169 milc 69 0 0 0 0.000000 218258279.098615
170  70 0 0 0 0.000000 218258941.241382
171  71 0 0 0 0.000000 218258942.751629
172  72 0 0 0 0.000000 218257069.687009
173 milc 73 0 0 0 0.000000 218258278.161325
174  74 0 0 0 0.000000 218258361.383678
175 milc 75 0 0 0 0.000000 218258318.697120
176  76 0 0 0 0.000000 218258698.848760
177  77 0 0 0 0.000000 218258700.098194
178 milc 78 0 0 0 0.000000 218258700.267919
179  79 0 0 0 0.000000 218258277.679457
180  80 0 0 0 0.000000 218257982.008753
181  81 0 0 0 0.000000 218258317.277961
182  82 0 0 0 0.000000 218258603.776300
183  83 0 0 0 0.000000 218258278.796667
184  84 0 0 0 0.000000 218258942.660540
185 milc 85 0 0 0 0.000000 218258279.098615
186 milc 86 0 0 0 0.000000 218258941.241382
187  87 0 0 0 0.000000 218258942.751629
188  88 0 0 0 0.000000 218257069.687009
189 milc 89 0 0 0 0.000000 218258278.161325
237  90 0 0 0 0.000000 218258278.161325
238 milc 91 0 0 0 0.000000 218258361.383678
239  92 0 0 0 0.000000 218258318.697120
240  93 0 0 0 0.000000 218258698.848760
241 milc 94 0 0 0 0.000000 218258700.098194
242  95 0 0 0 0.000000 218258700.267919
243 milc 96 0 0 0 0.000000 218258277.679457
244 milc 97 0 0 0 0.000000 218257982.008753
245  98 0 0 0 0.000000 218258317.277961
246 milc 99 0 0 0 0.000000 218258603.776300
247 milc 100 0 0 0 0.000000 218258278.796667
248 milc 101 0 0 0 0.000000 218258942.660540
249  102 0 0 0 0.000000 218258279.098615
250 milc 103 0 0 0 0.000000 218258941.241382
251  104 0 0 0 0.000000 218258942.751629
252 milc 105 0 0 0 0.000000 218257069.687009
253 milc 106 0 0 0 0.000000 218258278.161325
254 milc 107 0 0 0 0.000000 218258361.383678
255  108 0 0 0 0.000000 218258318.697120
256  109 0 0 0 0.000000 218258698.848760
257  110 0 0 0 0.000000 218258700.098194
258  111 0 0 0 0.000000 218258700.267919
259 milc 112 0 0 0 0.000000 218258277.679457
260 milc 113 0 0 0 0.000000 218257982.008753
261  114 0 0 0 0.000000 218258317.277961
262  115 0 0 0 0.000000 218258603.776300
263 milc 116 0 0 0 0.000000 218258278.796667
264  117 0 0 0 0.000000 218258942.660540
265  118 0 0 0 0.000000 218258279.098615
266  119 0 0 0 0.000000 218258941.241382
314 milc 120 0 0 0 0.000000 218258941.241382
315  121 0 0 0 0.000000 218258942.751629
316 milc 122 0 0 0 0.000000 218257069.687009
317 milc 123 0 0 0 0.000000 218258278.161325
318 milc 124 0 0 0 0.000000 218258361.383678
319  125 0 0 0 0.000000 218258318.697120
320 milc 126 0 0 0 0.000000 218258698.848760
321  127 0 0 0 0.000000 218258700.098194
322  128 0 0 0 0.000000 218258700.267919
323  129 0 0 0 0.000000 218258277.679457
324  130 0 0 0 0.000000 218257982.008753
325  131 0 0 0 0.000000 218258317.277961
326  132 0 0 0 0.000000 218258603.776300
327 milc 133 0 0 0 0.000000 218258278.796667
328 milc 134 0 0 0 0.000000 218258942.660540
329 milc 135 0 0 0 0.000000 218258279.098615
330  136 0 0 0 0.000000 218258941.241382
331  137 0 0 0 0.000000 218258942.751629
332  138 0 0 0 0.000000 218257069.687009
333  139 0 0 0 0.000000 218258278.161325
334  140 0 0 0 0.000000 218258361.383678
335 milc 141 0 0 0 0.000000 218258318.697120
336  142 0 0 0 0.000000 218258698.848760
337 milc 143 0 0 0 0.000000 218258700.098194
338  144 0 0 0 0.000000 218258700.267919
339 milc 145 0 0 0 0.000000 218258277.679457
340  146 0 0 0 0.000000 218257982.008753
341  147 0 0 0 0.000000 218258317.277961
342  148 0 0 0 0.000000 218258603.776300
343 milc 149 0 0 0 0.000000 218258278.796667
391  150 0 0 0 0.000000 218258278.796667
392  151 0 0 0 0.000000 218258942.660540
393 milc 152 0 0 0 0.000000 218258279.098615
394  153 0 0 0 0.000000 218258941.241382
395  154 0 0 0 0.000000 218258942.751629
396 milc 155 0 0 0 0.000000 218257069.687009
397 milc 156 0 0 0 0.000000 218258278.161325
398  157 0 0 0 0.000000 218258361.383678
399  158 0 0 0 0.000000 218258318.697120
400 milc 159 0 0 0 0.000000 218258698.848760
401  160 0 0 0 0.000000 218258700.098194
402 milc 161 0 0 0 0.000000 218258700.267919
403  162 0 0 0 0.000000 218258277.679457
404  163 0 0 0 0.000000 218257982.008753
405 milc 164 0 0 0 0.000000 218258317.277961
406 milc 165 0 0 0 0.000000 218258603.776300
407 milc 166 0 0 0 0.000000 218258278.796667
408 milc 167 0 0 0 0.000000 218258942.660540
409  168 0 0 0 0.000000 218258279.098615
410  169 0 0 0 0.000000 218258941.241382
411  170 0 0 0 0.000000 218258942.751629
412 milc 171 0 0 0 0.000000 218257069.687009
413  172 0 0 0 0.000000 218258278.161325
414  173 0 0 0 0.000000 218258361.383678
415  174 0 0 0 0.000000 218258318.697120
416  175 0 0 0 0.000000 218258698.848760
417  176 0 0 0 0.000000 218258700.098194
418  177 0 0 0 0.000000 218258700.267919
419  178 0 0 0 0.000000 218258277.679457
420 milc 179 0 0 0 0.000000 218257982.008753
468  180 0 0 0 0.000000 218257982.008753
469  181 0 0 0 0.000000 218258317.277961
470  182 0 0 0 0.000000 218258603.776300
471  183 0 0 0 0.000000 218258278.796667
472 milc 184 0 0 0 0.000000 218258942.660540
473  185 0 0 0 0.000000 218258279.098615
474  186 0 0 0 0.000000 218258941.241382
475  187 0 0 0 0.000000 218258942.751629
476 milc 188 0 0 0 0.000000 218257069.687009
477 milc 189 0 0 0 0.000000 218258278.161325
478 milc 190 0 0 0 0.000000 218258361.383678
479 milc 191 0 0 0 0.000000 218258318.697120
480 milc 192 0 0 0 0.000000 218258698.848760
481  193 0 0 0 0.000000 218258700.098194
482  194 0 0 0 0.000000 218258700.267919
483  195 0 0 0 0.000000 218258277.679457
484 milc 196 0 0 0 0.000000 218257982.008753
485 milc 197 0 0 0 0.000000 218258317.277961
486  198 0 0 0 0.000000 218258603.776300
487  199 0 0 0 0.000000 218258278.796667
488  200 0 0 0 0.000000 218258942.660540
489  201 0 0 0 0.000000 218258279.098615
490 milc 202 0 0 0 0.000000 218258941.241382
491  203 0 0 0 0.000000 218258942.751629
492  204 0 0 0 0.000000 218257069.687009
493 milc 205 0 0 0 0.000000 218258278.161325
494  206 0 0 0 0.000000 218258361.383678
495  207 0 0 0 0.000000 218258318.697120
496  208 0 0 0 0.000000 218258698.848760
497  209 0 0 0 0.000000 218258700.098194
545  210 0 0 0 0.000000 218258700.098194
546 milc 211 0 0 0 0.000000 218258700.267919
547  212 0 0 0 0.000000 218258277.679457
548  213 0 0 0 0.000000 218257982.008753
549  214 0 0 0 0.000000 218258317.277961
550  215 0 0 0 0.000000 218258603.776300
551 milc 216 0 0 0 0.000000 218258278.796667
552  217 0 0 0 0.000000 218258942.660540
553 milc 218 0 0 0 0.000000 218258279.098615
554 milc 219 0 0 0 0.000000 218258941.241382
555  220 0 0 0 0.000000 218258942.751629
556  221 0 0 0 0.000000 218257069.687009
557 milc 222 0 0 0 0.000000 218258278.161325
558 milc 223 0 0 0 0.000000 218258361.383678
559  224 0 0 0 0.000000 218258318.697120
560  225 0 0 0 0.000000 218258698.848760
561  226 0 0 0 0.000000 218258700.098194
562  227 0 0 0 0.000000 218258700.267919
563 milc 228 0 0 0 0.000000 218258277.679457
564  229 0 0 0 0.000000 218257982.008753
565  230 0 0 0 0.000000 218258317.277961
566  231 0 0 0 0.000000 218258603.776300
567  232 0 0 0 0.000000 218258278.796667
568 milc 233 0 0 0 0.000000 218258942.660540
569 milc 234 0 0 0 0.000000 218258279.098615
570 milc 235 0 0 0 0.000000 218258941.241382
571  236 0 0 0 0.000000 218258942.751629
572  237 0 0 0 0.000000 218257069.687009
573  238 0 0 0 0.000000 218258278.161325
574  239 0 0 0 0.000000 218258361.383678
622 milc 240 0 0 0 0.000000 218258361.383678
623  241 0 0 0 0.000000 218258318.697120
624 milc 242 0 0 0 0.000000 218258698.848760
625  243 0 0 0 0.000000 218258700.098194
626  244 0 0 0 0.000000 218258700.267919
627  245 0 0 0 0.000000 218258277.679457
628  246 0 0 0 0.000000 218257982.008753
629  247 0 0 0 0.000000 218258317.277961
630 milc 248 0 0 0 0.000000 218258603.776300
631  249 0 0 0 0.000000 218258278.796667
632  250 0 0 0 0.000000 218258942.660540
633  251 0 0 0 0.000000 218258279.098615
634 milc 252 0 0 0 0.000000 218258941.241382
635  253 0 0 0 0.000000 218258942.751629
636  254 0 0 0 0.000000 218257069.687009
637  255 0 0 0 0.000000 218258278.161325
638 milc 256 0 0 0 0.000000 218258361.383678
639  257 0 0 0 0.000000 218258318.697120
640  258 0 0 0 0.000000 218258698.848760
641  259 0 0 0 0.000000 218258700.098194
642  260 0 0 0 0.000000 218258700.267919
643 milc 261 0 0 0 0.000000 218258277.679457
644  262 0 0 0 0.000000 218257982.008753
645  263 0 0 0 0.000000 218258317.277961
646 milc 264 0 0 0 0.000000 218258603.776300
647 milc 265 0 0 0 0.000000 218258278.796667
648  266 0 0 0 0.000000 218258942.660540
649 milc 267 0 0 0 0.000000 218258279.098615
650  268 0 0 0 0.000000 218258941.241382
651 milc 269 0 0 0 0.000000 218258942.751629
699  270 0 0 0 0.000000 218258942.751629
700  271 0 0 0 0.000000 218257069.687009
701  272 0 0 0 0.000000 218258278.161325
702  273 0 0 0 0.000000 218258361.383678
703  274 0 0 0 0.000000 218258318.697120
704 milc 275 0 0 0 0.000000 218258698.848760
705 milc 276 0 0 0 0.000000 218258700.098194
706 milc 277 0 0 0 0.000000 218258700.267919
707  278 0 0 0 0.000000 218258277.679457
708  279 0 0 0 0.000000 218257982.008753
709  280 0 0 0 0.000000 218258317.277961
710  281 0 0 0 0.000000 218258603.776300
711 milc 282 0 0 0 0.000000 218258278.796667
712  283 0 0 0 0.000000 218258942.660540
713 milc 284 0 0 0 0.000000 218258279.098615
714  285 0 0 0 0.000000 218258941.241382
715  286 0 0 0 0.000000 218258942.751629
716  287 0 0 0 0.000000 218257069.687009
717  288 0 0 0 0.000000 218258278.161325
718  289 0 0 0 0.000000 218258361.383678
719 milc 290 0 0 0 0.000000 218258318.697120
720  291 0 0 0 0.000000 218258698.848760
721  292 0 0 0 0.000000 218258700.098194
722  293 0 0 0 0.000000 218258700.267919
723  294 0 0 0 0.000000 218258277.679457
724 milc 295 0 0 0 0.000000 218257982.008753
725  296 0 0 0 0.000000 218258317.277961
726 milc 297 0 0 0 0.000000 218258603.776300
727 milc 298 0 0 0 0.000000 218258278.796667
728  299 0 0 0 0.000000 218258942.660540
776 milc 300 0 0 0 0.000000 218258942.660540
777  301 0 0 0 0.000000 218258279.098615
778  302 0 0 0 0.000000 218258941.241382
779  303 0 0 0 0.000000 218258942.751629
780  304 0 0 0 0.000000 218257069.687009
781  305 0 0 0 0.000000 218258278.161325
782  306 0 0 0 0.000000 218258361.383678
783 milc 307 0 0 0 0.000000 218258318.697120
784 milc 308 0 0 0 0.000000 218258698.848760
785  309 0 0 0 0.000000 218258700.098194
786 milc 310 0 0 0 0.000000 218258700.267919
787  311 0 0 0 0.000000 218258277.679457
788  312 0 0 0 0.000000 218257982.008753
789 milc 313 0 0 0 0.000000 218258317.277961
790 milc 314 0 0 0 0.000000 218258603.776300
791 milc 315 0 0 0 0.000000 218258278.796667
792 milc 316 0 0 0 0.000000 218258942.660540
793 milc 317 0 0 0 0.000000 218258279.098615
794  318 0 0 0 0.000000 218258941.241382
795  319 0 0 0 0.000000 218258942.751629
796  320 0 0 0 0.000000 218257069.687009
797  321 0 0 0 0.000000 218258278.161325
798  322 0 0 0 0.000000 218258361.383678
799 milc 323 0 0 0 0.000000 218258318.697120
800  324 0 0 0 0.000000 218258698.848760
801 milc 325 0 0 0 0.000000 218258700.098194
802  326 0 0 0 0.000000 218258700.267919
803  327 0 0 0 0.000000 218258277.679457
804  328 0 0 0 0.000000 218257982.008753
805  329 0 0 0 0.000000 218258317.277961
853 milc 330 0 0 0 0.000000 218258317.277961
854  331 0 0 0 0.000000 218258603.776300
855  332 0 0 0 0.000000 218258278.796667
856 milc 333 0 0 0 0.000000 218258942.660540
857 milc 334 0 0 0 0.000000 218258279.098615
858 milc 335 0 0 0 0.000000 218258941.241382
859 milc 336 0 0 0 0.000000 218258942.751629
860 milc 337 0 0 0 0.000000 218257069.687009
861 milc 338 0 0 0 0.000000 218258278.161325
862  339 0 0 0 0.000000 218258361.383678
863 milc 340 0 0 0 0.000000 218258318.697120
864  341 0 0 0 0.000000 218258698.848760
865  342 0 0 0 0.000000 218258700.098194
866 milc 343 0 0 0 0.000000 218258700.267919
867  344 0 0 0 0.000000 218258277.679457
868  345 0 0 0 0.000000 218257982.008753
869 milc 346 0 0 0 0.000000 218258317.277961
870  347 0 0 0 0.000000 218258603.776300
871  348 0 0 0 0.000000 218258278.796667
872  349 0 0 0 0.000000 218258942.660540
873  350 0 0 0 0.000000 218258279.098615
874 milc 351 0 0 0 0.000000 218258941.241382
875  352 0 0 0 0.000000 218258942.751629
876 milc 353 0 0 0 0.000000 218257069.687009
877 milc 354 0 0 0 0.000000 218258278.161325
878  355 0 0 0 0.000000 218258361.383678
879 milc 356 0 0 0 0.000000 218258318.697120
880  357 0 0 0 0.000000 218258698.848760
881  358 0 0 0 0.000000 218258700.098194
882  359 0 0 0 0.000000 218258700.267919
930 milc 360 0 0 0 0.000000 218258700.267919
931 milc 361 0 0 0 0.000000 218258277.679457
932  362 0 0 0 0.000000 218257982.008753
933 milc 363 0 0 0 0.000000 218258317.277961
934  364 0 0 0 0.000000 218258603.776300
935  365 0 0 0 0.000000 218258278.796667
936 milc 366 0 0 0 0.000000 218258942.660540
937  367 0 0 0 0.000000 218258279.098615
938 milc 368 0 0 0 0.000000 218258941.241382
939 milc 369 0 0 0 0.000000 218258942.751629
940  370 0 0 0 0.000000 218257069.687009
941  371 0 0 0 0.000000 218258278.161325
942  372 0 0 0 0.000000 218258361.383678
943  373 0 0 0 0.000000 218258318.697120
944  374 0 0 0 0.000000 218258698.848760
945 milc 375 0 0 0 0.000000 218258700.098194
946  376 0 0 0 0.000000 218258700.267919
947  377 0 0 0 0.000000 218258277.679457
948  378 0 0 0 0.000000 218257982.008753
949  379 0 0 0 0.000000 218258317.277961
950  380 0 0 0 0.000000 218258603.776300
951  381 0 0 0 0.000000 218258278.796667
952  382 0 0 0 0.000000 218258942.660540
953  383 0 0 0 0.000000 218258279.098615
954 milc 384 0 0 0 0.000000 218258941.241382
955 milc 385 0 0 0 0.000000 218258942.751629
956  386 0 0 0 0.000000 218257069.687009
957  387 0 0 0 0.000000 218258278.161325
958  388 0 0 0 0.000000 218258361.383678
959  389 0 0 0 0.000000 218258318.697120
1007  390 0 0 0 0.000000 218258318.697120
1008  391 0 0 0 0.000000 218258698.848760
1009 milc 392 0 0 0 0.000000 218258700.098194
1010  393 0 0 0 0.000000 218258700.267919
1011  394 0 0 0 0.000000 218258277.679457
1012 milc 395 0 0 0 0.000000 218257982.008753
1013  396 0 0 0 0.000000 218258317.277961
1014 milc 397 0 0 0 0.000000 218258603.776300
1015  398 0 0 0 0.000000 218258278.796667
1016  399 0 0 0 0.000000 218258942.660540
1017  400 0 0 0 0.000000 218258279.098615
1018  401 0 0 0 0.000000 218258941.241382
1019  402 0 0 0 0.000000 218258942.751629
1020 milc 403 0 0 0 0.000000 218257069.687009
1021  404 0 0 0 0.000000 218258278.161325
1022 milc 405 0 0 0 0.000000 218258361.383678
1023  406 0 0 0 0.000000 218258318.697120
1024 milc 407 0 0 0 0.000000 218258698.848760
1025 milc 408 0 0 0 0.000000 218258700.098194
1026  409 0 0 0 0.000000 218258700.267919
1027  410 0 0 0 0.000000 218258277.679457
1028  411 0 0 0 0.000000 218257982.008753
1029 milc 412 0 0 0 0.000000 218258317.277961
1030  413 0 0 0 0.000000 218258603.776300
1031  414 0 0 0 0.000000 218258278.796667
1032 milc 415 0 0 0 0.000000 218258942.660540
1033  416 0 0 0 0.000000 218258279.098615
1034  417 0 0 0 0.000000 218258941.241382
1035  418 0 0 0 0.000000 218258942.751629
1036  419 0 0 0 0.000000 218257069.687009
1084  420 0 0 0 0.000000 218257069.687009
1085  421 0 0 0 0.000000 218258278.161325
1086  422 0 0 0 0.000000 218258361.383678
1087  423 0 0 0 0.000000 218258318.697120
1088 milc 424 0 0 0 0.000000 218258698.848760
1089  425 0 0 0 0.000000 218258700.098194
1090  426 0 0 0 0.000000 218258700.267919
1091 milc 427 0 0 0 0.000000 218258277.679457
1092 milc 428 0 0 0 0.000000 218257982.008753
1093  429 0 0 0 0.000000 218258317.277961
1094  430 0 0 0 0.000000 218258603.776300
1095 milc 431 0 0 0 0.000000 218258278.796667
1096  432 0 0 0 0.000000 218258942.660540
1097  433 0 0 0 0.000000 218258279.098615
1098 milc 434 0 0 0 0.000000 218258941.241382
1099  435 0 0 0 0.000000 218258942.751629
1100 milc 436 0 0 0 0.000000 218257069.687009
1101 milc 437 0 0 0 0.000000 218258278.161325
1102  438 0 0 0 0.000000 218258361.383678
1103  439 0 0 0 0.000000 218258318.697120
1104 milc 440 0 0 0 0.000000 218258698.848760
1105  441 0 0 0 0.000000 218258700.098194
1106  442 0 0 0 0.000000 218258700.267919
1107  443 0 0 0 0.000000 218258277.679457
1108 milc 444 0 0 0 0.000000 218257982.008753
1109  445 0 0 0 0.000000 218258317.277961
1110  446 0 0 0 0.000000 218258603.776300
1111 milc 447 0 0 0 0.000000 218258278.796667
1112  448 0 0 0 0.000000 218258942.660540
1113  449 0 0 0 0.000000 218258279.098615
1161  450 0 0 0 0.000000 218258279.098615
1162  451 0 0 0 0.000000 218258941.241382
1163  452 0 0 0 0.000000 218258942.751629
1164  453 0 0 0 0.000000 218257069.687009
1165  454 0 0 0 0.000000 218258278.161325
1166 milc 455 0 0 0 0.000000 218258361.383678
1167  456 0 0 0 0.000000 218258318.697120
1168 milc 457 0 0 0 0.000000 218258698.848760
1169  458 0 0 0 0.000000 218258700.098194
1170 milc 459 0 0 0 0.000000 218258700.267919
1171  460 0 0 0 0.000000 218258277.679457
1172  461 0 0 0 0.000000 218257982.008753
1173 milc 462 0 0 0 0.000000 218258317.277961
1174  463 0 0 0 0.000000 218258603.776300
1175  464 0 0 0 0.000000 218258278.796667
1176  465 0 0 0 0.000000 218258942.660540
1177  466 0 0 0 0.000000 218258279.098615
1178 milc 467 0 0 0 0.000000 218258941.241382
1179  468 0 0 0 0.000000 218258942.751629
1180  469 0 0 0 0.000000 218257069.687009
1181 milc 470 0 0 0 0.000000 218258278.161325
1182  471 0 0 0 0.000000 218258361.383678
1183 milc 472 0 0 0 0.000000 218258318.697120
1184  473 0 0 0 0.000000 218258698.848760
1185  474 0 0 0 0.000000 218258700.098194
1186  475 0 0 0 0.000000 218258700.267919
1187 milc 476 0 0 0 0.000000 218258277.679457
1188 milc 477 0 0 0 0.000000 218257982.008753
1189  478 0 0 0 0.000000 218258317.277961
1190  479 0 0 0 0.000000 218258603.776300
1238 milc 480 0 0 0 0.000000 218258603.776300
1239 milc 481 0 0 0 0.000000 218258278.796667
1240  482 0 0 0 0.000000 218258942.660540
1241 milc 483 0 0 0 0.000000 218258279.098615
1242  484 0 0 0 0.000000 218258941.241382
1243 milc 485 0 0 0 0.000000 218258942.751629
1244  486 0 0 0 0.000000 218257069.687009
1245  487 0 0 0 0.000000 218258278.161325
1246  488 0 0 0 0.000000 218258361.383678
1247  489 0 0 0 0.000000 218258318.697120
1248  490 0 0 0 0.000000 218258698.848760
1249  491 0 0 0 0.000000 218258700.098194
1250 milc 492 0 0 0 0.000000 218258700.267919
1251  493 0 0 0 0.000000 218258277.679457
1252  494 0 0 0 0.000000 218257982.008753
1253  495 0 0 0 0.000000 218258317.277961
1254  496 0 0 0 0.000000 218258603.776300
1255  497 0 0 0 0.000000 218258278.796667
1256  498 0 0 0 0.000000 218258942.660540
1257 milc 499 0 0 0 0.000000 218258279.098615
1258  500 0 0 0 0.000000 218258941.241382
1259  501 0 0 0 0.000000 218258942.751629
1260  502 0 0 0 0.000000 218257069.687009
1261  503 0 0 0 0.000000 218258278.161325
1262  504 0 0 0 0.000000 218258361.383678
1263  505 0 0 0 0.000000 218258318.697120
1264  506 0 0 0 0.000000 218258698.848760
1265  507 0 0 0 0.000000 218258700.098194
1266  508 0 0 0 0.000000 218258700.267919
1267  509 0 0 0 0.000000 218258277.679457
1315 milc 510 0 0 0 0.000000 218258277.679457
1316  511 0 0 0 0.000000 218257982.008753
1317  512 0 0 0 0.000000 218258317.277961
1318  513 0 0 0 0.000000 218258603.776300
1319 milc 514 0 0 0 0.000000 218258278.796667
1320  515 0 0 0 0.000000 218258942.660540
1321 milc 516 0 0 0 0.000000 218258279.098615
1322  517 0 0 0 0.000000 218258941.241382
1323  518 0 0 0 0.000000 218258942.751629
1324  519 0 0 0 0.000000 218257069.687009
1325 milc 520 0 0 0 0.000000 218258278.161325
1326 milc 521 0 0 0 0.000000 218258361.383678
1327  522 0 0 0 0.000000 218258318.697120
1328 milc 523 0 0 0 0.000000 218258698.848760
1329  524 0 0 0 0.000000 218258700.098194
1330 milc 525 0 0 0 0.000000 218258700.267919
1331 milc 526 0 0 0 0.000000 218258277.679457
1332 milc 527 0 0 0 0.000000 218257982.008753
1333 milc 528 0 0 0 0.000000 218258317.277961
1334  529 0 0 0 0.000000 218258603.776300
1335 milc 530 0 0 0 0.000000 218258278.796667
1336 milc 531 0 0 0 0.000000 218258942.660540
1337  532 0 0 0 0.000000 218258279.098615
1338  533 0 0 0 0.000000 218258941.241382
1339 milc 534 0 0 0 0.000000 218258942.751629
1340 milc 535 0 0 0 0.000000 218257069.687009
1341  536 0 0 0 0.000000 218258278.161325
1342  537 0 0 0 0.000000 218258361.383678
1343 milc 538 0 0 0 0.000000 218258318.697120
1344  539 0 0 0 0.000000 218258698.848760
1392 milc 540 0 0 0 0.000000 218258698.848760
1393  541 0 0 0 0.000000 218258700.098194
1394  542 0 0 0 0.000000 218258700.267919
1395  543 0 0 0 0.000000 218258277.679457
1396 milc 544 0 0 0 0.000000 218257982.008753
1397 milc 545 0 0 0 0.000000 218258317.277961
1398 milc 546 0 0 0 0.000000 218258603.776300
1399  547 0 0 0 0.000000 218258278.796667
1400  548 0 0 0 0.000000 218258942.660540
1401 milc 549 0 0 0 0.000000 218258279.098615
1402  550 0 0 0 0.000000 218258941.241382
1403  551 0 0 0 0.000000 218258942.751629
1404  552 0 0 0 0.000000 218257069.687009
1405 milc 553 0 0 0 0.000000 218258278.161325
1406  554 0 0 0 0.000000 218258361.383678
1407  555 0 0 0 0.000000 218258318.697120
1408 milc 556 0 0 0 0.000000 218258698.848760
1409  557 0 0 0 0.000000 218258700.098194
1410  558 0 0 0 0.000000 218258700.267919
1411  559 0 0 0 0.000000 218258277.679457
1412 milc 560 0 0 0 0.000000 218257982.008753
1413 milc 561 0 0 0 0.000000 218258317.277961
1414 milc 562 0 0 0 0.000000 218258603.776300
1415  563 0 0 0 0.000000 218258278.796667
1416 milc 564 0 0 0 0.000000 218258942.660540
1417 milc 565 0 0 0 0.000000 218258279.098615
1418 milc 566 0 0 0 0.000000 218258941.241382
1419  567 0 0 0 0.000000 218258942.751629
1420 milc 568 0 0 0 0.000000 218257069.687009
1421 milc 569 0 0 0 0.000000 218258278.161325
1469  570 0 0 0 0.000000 218258278.161325
1470 milc 571 0 0 0 0.000000 218258361.383678
1471  572 0 0 0 0.000000 218258318.697120
1472 milc 573 0 0 0 0.000000 218258698.848760
1473  574 0 0 0 0.000000 218258700.098194
1474  575 0 0 0 0.000000 218258700.267919
1475 milc 576 0 0 0 0.000000 218258277.679457
1476  577 0 0 0 0.000000 218257982.008753
1477  578 0 0 0 0.000000 218258317.277961
1478 milc 579 0 0 0 0.000000 218258603.776300
1479  580 0 0 0 0.000000 218258278.796667
1480 milc 581 0 0 0 0.000000 218258942.660540
1481  582 0 0 0 0.000000 218258279.098615
1482  583 0 0 0 0.000000 218258941.241382
1483  584 0 0 0 0.000000 218258942.751629
1484 milc 585 0 0 0 0.000000 218257069.687009
1485  586 0 0 0 0.000000 218258278.161325
1486  587 0 0 0 0.000000 218258361.383678
1487  588 0 0 0 0.000000 218258318.697120
1488 milc 589 0 0 0 0.000000 218258698.848760
1489  590 0 0 0 0.000000 218258700.098194
1490  591 0 0 0 0.000000 218258700.267919
1491  592 0 0 0 0.000000 218258277.679457
1492  593 0 0 0 0.000000 218257982.008753
1493  594 0 0 0 0.000000 218258317.277961
1494 milc 595 0 0 0 0.000000 218258603.776300
1495 milc 596 0 0 0 0.000000 218258278.796667
1496 milc 597 0 0 0 0.000000 218258942.660540
1497  598 0 0 0 0.000000 218258279.098615
1498  599 0 0 0 0.000000 218258941.241382
1546 milc 600 0 0 0 0.000000 218258941.241382
1547 milc 601 0 0 0 0.000000 218258942.751629
1548  602 0 0 0 0.000000 218257069.687009
1549  603 0 0 0 0.000000 218258278.161325
1550  604 0 0 0 0.000000 218258361.383678
1551 milc 605 0 0 0 0.000000 218258318.697120
1552 milc 606 0 0 0 0.000000 218258698.848760
1553  607 0 0 0 0.000000 218258700.098194
1554  608 0 0 0 0.000000 218258700.267919
1555  609 0 0 0 0.000000 218258277.679457
1556 milc 610 0 0 0 0.000000 218257982.008753
1557 milc 611 0 0 0 0.000000 218258317.277961
1558  612 0 0 0 0.000000 218258603.776300
1559  613 0 0 0 0.000000 218258278.796667
1560  614 0 0 0 0.000000 218258942.660540
1561 milc 615 0 0 0 0.000000 218258279.098615
1562  616 0 0 0 0.000000 218258941.241382
1563  617 0 0 0 0.000000 218258942.751629
1564  618 0 0 0 0.000000 218257069.687009
1565  619 0 0 0 0.000000 218258278.161325
1566  620 0 0 0 0.000000 218258361.383678
1567  621 0 0 0 0.000000 218258318.697120
1568 milc 622 0 0 0 0.000000 218258698.848760
1569 milc 623 0 0 0 0.000000 218258700.098194
1570  624 0 0 0 0.000000 218258700.267919
1571 milc 625 0 0 0 0.000000 218258277.679457
1572  626 0 0 0 0.000000 218257982.008753
1573  627 0 0 0 0.000000 218258317.277961
1574  628 0 0 0 0.000000 218258603.776300
1575 milc 629 0 0 0 0.000000 218258278.796667
1623  630 0 0 0 0.000000 218258278.796667
1624  631 0 0 0 0.000000 218258942.660540
1625 milc 632 0 0 0 0.000000 218258279.098615
1626 milc 633 0 0 0 0.000000 218258941.241382
1627 milc 634 0 0 0 0.000000 218258942.751629
1628 milc 635 0 0 0 0.000000 218257069.687009
1629  636 0 0 0 0.000000 218258278.161325
1630  637 0 0 0 0.000000 218258361.383678
1631  638 0 0 0 0.000000 218258318.697120
1632 milc 639 0 0 0 0.000000 218258698.848760
1633  640 0 0 0 0.000000 218258700.098194
1634  641 0 0 0 0.000000 218258700.267919
1635 milc 642 0 0 0 0.000000 218258277.679457
1636 milc 643 0 0 0 0.000000 218257982.008753
1637  644 0 0 0 0.000000 218258317.277961
1638 milc 645 0 0 0 0.000000 218258603.776300
1639  646 0 0 0 0.000000 218258278.796667
1640  647 0 0 0 0.000000 218258942.660540
1641 milc 648 0 0 0 0.000000 218258279.098615
1642  649 0 0 0 0.000000 218258941.241382
1643  650 0 0 0 0.000000 218258942.751629
1644  651 0 0 0 0.000000 218257069.687009
1645  652 0 0 0 0.000000 218258278.161325
1646  653 0 0 0 0.000000 218258361.383678
1647  654 0 0 0 0.000000 218258318.697120
1648  655 0 0 0 0.000000 218258698.848760
1649  656 0 0 0 0.000000 218258700.098194
1650  657 0 0 0 0.000000 218258700.267919
1651 milc 658 0 0 0 0.000000 218258277.679457
1652  659 0 0 0 0.000000 218257982.008753
1700  660 0 0 0 0.000000 218257982.008753
1701  661 0 0 0 0.000000 218258317.277961
1702 milc 662 0 0 0 0.000000 218258603.776300
1703  663 0 0 0 0.000000 218258278.796667
1704  664 0 0 0 0.000000 218258942.660540
1705 milc 665 0 0 0 0.000000 218258279.098615
1706  666 0 0 0 0.000000 218258941.241382
1707 milc 667 0 0 0 0.000000 218258942.751629
1708  668 0 0 0 0.000000 218257069.687009
1709 milc 669 0 0 0 0.000000 218258278.161325
1710  670 0 0 0 0.000000 218258361.383678
1711 milc 671 0 0 0 0.000000 218258318.697120
1712  672 0 0 0 0.000000 218258698.848760
1713  673 0 0 0 0.000000 218258700.098194
1714 milc 674 0 0 0 0.000000 218258700.267919
1715  675 0 0 0 0.000000 218258277.679457
1716  676 0 0 0 0.000000 218257982.008753
1717  677 0 0 0 0.000000 218258317.277961
1718  678 0 0 0 0.000000 218258603.776300
1719  679 0 0 0 0.000000 218258278.796667
1720  680 0 0 0 0.000000 218258942.660540
1721  681 0 0 0 0.000000 218258279.098615
1722  682 0 0 0 0.000000 218258941.241382
1723  683 0 0 0 0.000000 218258942.751629
1724  684 0 0 0 0.000000 218257069.687009
1725  685 0 0 0 0.000000 218258278.161325
1726  686 0 0 0 0.000000 218258361.383678
1727 milc 687 0 0 0 0.000000 218258318.697120
1728 milc 688 0 0 0 0.000000 218258698.848760
1729  689 0 0 0 0.000000 218258700.098194
1777  690 0 0 0 0.000000 218258700.098194
1778  691 0 0 0 0.000000 218258700.267919
1779 milc 692 0 0 0 0.000000 218258277.679457
1780 milc 693 0 0 0 0.000000 218257982.008753
1781 milc 694 0 0 0 0.000000 218258317.277961
1782 milc 695 0 0 0 0.000000 218258603.776300
1783  696 0 0 0 0.000000 218258278.796667
1784  697 0 0 0 0.000000 218258942.660540
1785  698 0 0 0 0.000000 218258279.098615
1786  699 0 0 0 0.000000 218258941.241382
1787  700 0 0 0 0.000000 218258942.751629
1788  701 0 0 0 0.000000 218257069.687009
1789  702 0 0 0 0.000000 218258278.161325
1790  703 0 0 0 0.000000 218258361.383678
1791 milc 704 0 0 0 0.000000 218258318.697120
1792  705 0 0 0 0.000000 218258698.848760
1793  706 0 0 0 0.000000 218258700.098194
1794  707 0 0 0 0.000000 218258700.267919
1795 milc 708 0 0 0 0.000000 218258277.679457
1796  709 0 0 0 0.000000 218257982.008753
1797 milc 710 0 0 0 0.000000 218258317.277961
1798  711 0 0 0 0.000000 218258603.776300
1799 milc 712 0 0 0 0.000000 218258278.796667
1800  713 0 0 0 0.000000 218258942.660540
1801  714 0 0 0 0.000000 218258279.098615
1802  715 0 0 0 0.000000 218258941.241382
1803 milc 716 0 0 0 0.000000 218258942.751629
1804  717 0 0 0 0.000000 218257069.687009
1805  718 0 0 0 0.000000 218258278.161325
1806  719 0 0 0 0.000000 218258361.383678
1854  720 0 0 0 0.000000 218258361.383678
1855  721 0 0 0 0.000000 218258318.697120
1856  722 0 0 0 0.000000 218258698.848760
1857  723 0 0 0 0.000000 218258700.098194
1858  724 0 0 0 0.000000 218258700.267919
1859 milc 725 0 0 0 0.000000 218258277.679457
1860  726 0 0 0 0.000000 218257982.008753
1861 milc 727 0 0 0 0.000000 218258317.277961
1862  728 0 0 0 0.000000 218258603.776300
1863 milc 729 0 0 0 0.000000 218258278.796667
1864  730 0 0 0 0.000000 218258942.660540
1865 milc 731 0 0 0 0.000000 218258279.098615
1866 milc 732 0 0 0 0.000000 218258941.241382
1867 milc 733 0 0 0 0.000000 218258942.751629
1868  734 0 0 0 0.000000 218257069.687009
1869  735 0 0 0 0.000000 218258278.161325
1870  736 0 0 0 0.000000 218258361.383678
1871  737 0 0 0 0.000000 218258318.697120
1872  738 0 0 0 0.000000 218258698.848760
1873  739 0 0 0 0.000000 218258700.098194
1874 milc 740 0 0 0 0.000000 218258700.267919
1875  741 0 0 0 0.000000 218258277.679457
1876  742 0 0 0 0.000000 218257982.008753
1877  743 0 0 0 0.000000 218258317.277961
1878  744 0 0 0 0.000000 218258603.776300
1879 milc 745 0 0 0 0.000000 218258278.796667
1880 milc 746 0 0 0 0.000000 218258942.660540
1881  747 0 0 0 0.000000 218258279.098615
1882  748 0 0 0 0.000000 218258941.241382
1883 milc 749 0 0 0 0.000000 218258942.751629
1931  750 0 0 0 0.000000 218258942.751629
1932  751 0 0 0 0.000000 218257069.687009
1933  752 0 0 0 0.000000 218258278.161325
1934  753 0 0 0 0.000000 218258361.383678
1935 milc 754 0 0 0 0.000000 218258318.697120
1936  755 0 0 0 0.000000 218258698.848760
1937  756 0 0 0 0.000000 218258700.098194
1938 milc 757 0 0 0 0.000000 218258700.267919
1939  758 0 0 0 0.000000 218258277.679457
1940  759 0 0 0 0.000000 218257982.008753
1941  760 0 0 0 0.000000 218258317.277961
1942  761 0 0 0 0.000000 218258603.776300
1943  762 0 0 0 0.000000 218258278.796667
1944 milc 763 0 0 0 0.000000 218258942.660540
1945 milc 764 0 0 0 0.000000 218258279.098615
1946  765 0 0 0 0.000000 218258941.241382
1947  766 0 0 0 0.000000 218258942.751629
1948  767 0 0 0 0.000000 218257069.687009
1949  768 0 0 0 0.000000 218258278.161325
1950  769 0 0 0 0.000000 218258361.383678
1951 milc 770 0 0 0 0.000000 218258318.697120
1952  771 0 0 0 0.000000 218258698.848760
1953  772 0 0 0 0.000000 218258700.098194
1954 milc 773 0 0 0 0.000000 218258700.267919
1955  774 0 0 0 0.000000 218258277.679457
1956  775 0 0 0 0.000000 218257982.008753
1957  776 0 0 0 0.000000 218258317.277961
1958 milc 777 0 0 0 0.000000 218258603.776300
1959 milc 778 0 0 0 0.000000 218258278.796667
1960  779 0 0 0 0.000000 218258942.660540
2008  780 0 0 0 0.000000 218258942.660540
2009  781 0 0 0 0.000000 218258279.098615
2010  782 0 0 0 0.000000 218258941.241382
2011  783 0 0 0 0.000000 218258942.751629
2012 milc 784 0 0 0 0.000000 218257069.687009
2013  785 0 0 0 0.000000 218258278.161325
2014  786 0 0 0 0.000000 218258361.383678
2015  787 0 0 0 0.000000 218258318.697120
2016  788 0 0 0 0.000000 218258698.848760
2017  789 0 0 0 0.000000 218258700.098194
2018  790 0 0 0 0.000000 218258700.267919
2019 milc 791 0 0 0 0.000000 218258277.679457
2020  792 0 0 0 0.000000 218257982.008753
2021  793 0 0 0 0.000000 218258317.277961
2022  794 0 0 0 0.000000 218258603.776300
2023  795 0 0 0 0.000000 218258278.796667
2024  796 0 0 0 0.000000 218258942.660540
2025  797 0 0 0 0.000000 218258279.098615
2026  798 0 0 0 0.000000 218258941.241382
2027  799 0 0 0 0.000000 218258942.751629
2028  800 0 0 0 0.000000 218257069.687009
2029 milc 801 0 0 0 0.000000 218258278.161325
2030  802 0 0 0 0.000000 218258361.383678
2031 milc 803 0 0 0 0.000000 218258318.697120
2032  804 0 0 0 0.000000 218258698.848760
2033  805 0 0 0 0.000000 218258700.098194
2034  806 0 0 0 0.000000 218258700.267919
2035  807 0 0 0 0.000000 218258277.679457
2036  808 0 0 0 0.000000 218257982.008753
2037  809 0 0 0 0.000000 218258317.277961
2085 milc 810 0 0 0 0.000000 218258317.277961
2086 milc 811 0 0 0 0.000000 218258603.776300
2087  812 0 0 0 0.000000 218258278.796667
2088 milc 813 0 0 0 0.000000 218258942.660540
2089  814 0 0 0 0.000000 218258279.098615
2090 milc 815 0 0 0 0.000000 218258941.241382
2091 milc 816 0 0 0 0.000000 218258942.751629
2092  817 0 0 0 0.000000 218257069.687009
2093 milc 818 0 0 0 0.000000 218258278.161325
2094  819 0 0 0 0.000000 218258361.383678
2095  820 0 0 0 0.000000 218258318.697120
2096 milc 821 0 0 0 0.000000 218258698.848760
2097  822 0 0 0 0.000000 218258700.098194
2098  823 0 0 0 0.000000 218258700.267919
2099 milc 824 0 0 0 0.000000 218258277.679457
2100  825 0 0 0 0.000000 218257982.008753
2101  826 0 0 0 0.000000 218258317.277961
2102  827 0 0 0 0.000000 218258603.776300
2103  828 0 0 0 0.000000 218258278.796667
2104 milc 829 0 0 0 0.000000 218258942.660540
2105 milc 830 0 0 0 0.000000 218258279.098615
2106  831 0 0 0 0.000000 218258941.241382
2107 milc 832 0 0 0 0.000000 218258942.751629
2108  833 0 0 0 0.000000 218257069.687009
2109 milc 834 0 0 0 0.000000 218258278.161325
2110  835 0 0 0 0.000000 218258361.383678
2111  836 0 0 0 0.000000 218258318.697120
2112  837 0 0 0 0.000000 218258698.848760
2113 milc 838 0 0 0 0.000000 218258700.098194
2114  839 0 0 0 0.000000 218258700.267919
2162  840 0 0 0 0.000000 218258700.267919
2163  841 0 0 0 0.000000 218258277.679457
2164  842 0 0 0 0.000000 218257982.008753
2165  843 0 0 0 0.000000 218258317.277961
2166  844 0 0 0 0.000000 218258603.776300
2167 milc 845 0 0 0 0.000000 218258278.796667
2168  846 0 0 0 0.000000 218258942.660540
2169  847 0 0 0 0.000000 218258279.098615
2170  848 0 0 0 0.000000 218258941.241382
2171  849 0 0 0 0.000000 218258942.751629
2172  850 0 0 0 0.000000 218257069.687009
2173  851 0 0 0 0.000000 218258278.161325
2174  852 0 0 0 0.000000 218258361.383678
2175 milc 853 0 0 0 0.000000 218258318.697120
2176  854 0 0 0 0.000000 218258698.848760
2177  855 0 0 0 0.000000 218258700.098194
2178 milc 856 0 0 0 0.000000 218258700.267919
2179  857 0 0 0 0.000000 218258277.679457
2180  858 0 0 0 0.000000 218257982.008753
2181  859 0 0 0 0.000000 218258317.277961
2182  860 0 0 0 0.000000 218258603.776300
2183 milc 861 0 0 0 0.000000 218258278.796667
2184  862 0 0 0 0.000000 218258942.660540
2185  863 0 0 0 0.000000 218258279.098615
2186  864 0 0 0 0.000000 218258941.241382
2187 milc 865 0 0 0 0.000000 218258942.751629
2188  866 0 0 0 0.000000 218257069.687009
2189  867 0 0 0 0.000000 218258278.161325
2190 milc 868 0 0 0 0.000000 218258361.383678
2191  869 0 0 0 0.000000 218258318.697120
2239 milc 870 0 0 0 0.000000 218258318.697120
2240 milc 871 0 0 0 0.000000 218258698.848760
2241  872 0 0 0 0.000000 218258700.098194
2242 milc 873 0 0 0 0.000000 218258700.267919
2243 milc 874 0 0 0 0.000000 218258277.679457
2244  875 0 0 0 0.000000 218257982.008753
2245  876 0 0 0 0.000000 218258317.277961
2246 milc 877 0 0 0 0.000000 218258603.776300
2247 milc 878 0 0 0 0.000000 218258278.796667
2248  879 0 0 0 0.000000 218258942.660540
2249 milc 880 0 0 0 0.000000 218258279.098615
2250 milc 881 0 0 0 0.000000 218258941.241382
2251  882 0 0 0 0.000000 218258942.751629
2252  883 0 0 0 0.000000 218257069.687009
2253  884 0 0 0 0.000000 218258278.161325
2254  885 0 0 0 0.000000 218258361.383678
2255  886 0 0 0 0.000000 218258318.697120
2256 milc 887 0 0 0 0.000000 218258698.848760
2257  888 0 0 0 0.000000 218258700.098194
2258  889 0 0 0 0.000000 218258700.267919
2259 milc 890 0 0 0 0.000000 218258277.679457
2260 milc 891 0 0 0 0.000000 218257982.008753
2261  892 0 0 0 0.000000 218258317.277961
2262  893 0 0 0 0.000000 218258603.776300
2263  894 0 0 0 0.000000 218258278.796667
2264  895 0 0 0 0.000000 218258942.660540
2265  896 0 0 0 0.000000 218258279.098615
2266  897 0 0 0 0.000000 218258941.241382
2267 milc 898 0 0 0 0.000000 218258942.751629
2268  899 0 0 0 0.000000 218257069.687009
2316  900 0 0 0 0.000000 218257069.687009
2317  901 0 0 0 0.000000 218258278.161325
2318  902 0 0 0 0.000000 218258361.383678
2319  903 0 0 0 0.000000 218258318.697120
2320  904 0 0 0 0.000000 218258698.848760
2321  905 0 0 0 0.000000 218258700.098194
2322  906 0 0 0 0.000000 218258700.267919
2323  907 0 0 0 0.000000 218258277.679457
2324  908 0 0 0 0.000000 218257982.008753
2325  909 0 0 0 0.000000 218258317.277961
2326  910 0 0 0 0.000000 218258603.776300
2327  911 0 0 0 0.000000 218258278.796667
2328  912 0 0 0 0.000000 218258942.660540
2329  913 0 0 0 0.000000 218258279.098615
2330  914 0 0 0 0.000000 218258941.241382
2331  915 0 0 0 0.000000 218258942.751629
2332  916 0 0 0 0.000000 218257069.687009
2333  917 0 0 0 0.000000 218258278.161325
2334  918 0 0 0 0.000000 218258361.383678
2335  919 0 0 0 0.000000 218258318.697120
2336  920 0 0 0 0.000000 218258698.848760
2337  921 0 0 0 0.000000 218258700.098194
2338  922 0 0 0 0.000000 218258700.267919
2339  923 0 0 0 0.000000 218258277.679457
2340  924 0 0 0 0.000000 218257982.008753
2341  925 0 0 0 0.000000 218258317.277961
2342  926 0 0 0 0.000000 218258603.776300
2343  927 0 0 0 0.000000 218258278.796667
2344  928 0 0 0 0.000000 218258942.660540
2345  929 0 0 0 0.000000 218258279.098615
2393  930 0 0 0 0.000000 218258279.098615
2394  931 0 0 0 0.000000 218258941.241382
2395  932 0 0 0 0.000000 218258942.751629
2396  933 0 0 0 0.000000 218257069.687009
2397  934 0 0 0 0.000000 218258278.161325
2398  935 0 0 0 0.000000 218258361.383678
2399  936 0 0 0 0.000000 218258318.697120
2400  937 0 0 0 0.000000 218258698.848760
2401  938 0 0 0 0.000000 218258700.098194
2402  939 0 0 0 0.000000 218258700.267919
2403  940 0 0 0 0.000000 218258277.679457
2404  941 0 0 0 0.000000 218257982.008753
2405  942 0 0 0 0.000000 218258317.277961
2406  943 0 0 0 0.000000 218258603.776300
2407  944 0 0 0 0.000000 218258278.796667
2408  945 0 0 0 0.000000 218258942.660540
2409  946 0 0 0 0.000000 218258279.098615
2410  947 0 0 0 0.000000 218258941.241382
2411  948 0 0 0 0.000000 218258942.751629
2412  949 0 0 0 0.000000 218257069.687009
2413  950 0 0 0 0.000000 218258278.161325
2414  951 0 0 0 0.000000 218258361.383678
2415  952 0 0 0 0.000000 218258318.697120
2416  953 0 0 0 0.000000 218258698.848760
2417  954 0 0 0 0.000000 218258700.098194
2418  955 0 0 0 0.000000 218258700.267919
2419  956 0 0 0 0.000000 218258277.679457
2420  957 0 0 0 0.000000 218257982.008753
2421  958 0 0 0 0.000000 218258317.277961
2422  959 0 0 0 0.000000 218258603.776300
2470  960 0 0 0 0.000000 218258603.776300
2471  961 0 0 0 0.000000 218258278.796667
2472  962 0 0 0 0.000000 218258942.660540
2473  963 0 0 0 0.000000 218258279.098615
2474  964 0 0 0 0.000000 218258941.241382
2475  965 0 0 0 0.000000 218258942.751629
2476  966 0 0 0 0.000000 218257069.687009
2477  967 0 0 0 0.000000 218258278.161325
2478  968 0 0 0 0.000000 218258361.383678
2479  969 0 0 0 0.000000 218258318.697120
2480  970 0 0 0 0.000000 218258698.848760
2481  971 0 0 0 0.000000 218258700.098194
2482  972 0 0 0 0.000000 218258700.267919
2483  973 0 0 0 0.000000 218258277.679457
2484  974 0 0 0 0.000000 218257982.008753
2485  975 0 0 0 0.000000 218258317.277961
2486  976 0 0 0 0.000000 218258603.776300
2487  977 0 0 0 0.000000 218258278.796667
2488  978 0 0 0 0.000000 218258942.660540
2489  979 0 0 0 0.000000 218258279.098615
2490  980 0 0 0 0.000000 218258941.241382
2491  981 0 0 0 0.000000 218258942.751629
2492  982 0 0 0 0.000000 218257069.687009
2493  983 0 0 0 0.000000 218258278.161325
2494  984 0 0 0 0.000000 218258361.383678
2495  985 0 0 0 0.000000 218258318.697120
2496  986 0 0 0 0.000000 218258698.848760
2497  987 0 0 0 0.000000 218258700.098194
2498  988 0 0 0 0.000000 218258700.267919
2499  989 0 0 0 0.000000 218258277.679457