# Format <LP id> <Terminal ID> <Total Data Sent> <Total Data Received> <Avg packet latency> <Max packet Latency> <Min packet Latency> <# Packets finished> <Avg Hops> <Avg Busy Time (over rails)>
37 0 0 0 -nan 0.000000 2147483647.000000 0 -nan 0.000000
38 1 0 0 -nan 0.000000 2147483647.000000 0 -nan 0.000000
39 2 0 0 -nan 0.000000 2147483647.000000 0 -nan 0.000000
40 3 0 0 -nan 0.000000 2147483647.000000 0 -nan 0.000000
41 4 0 0 -nan 0.000000 2147483647.000000 0 -nan 0.000000
42 5 0 0 -nan 0.000000 2147483647.000000 0 -nan 0.000000
43 6 796275200 796275200 20444.762499 234636.532952 2319.019588 196800 4.786087 159770682.847918
44 7 0 0 -nan 0.000000 2147483647.000000 0 -nan 0.000000
45 8 0 0 -nan 0.000000 2147483647.000000 0 -nan 0.000000
46 9 0 0 -nan 0.000000 2147483647.000000 0 -nan 0.000000
47 10 796275200 796275200 18669.662014 226071.945015 2319.019588 196800 5.166941 161768230.144077
48 11 0 0 -nan 0.000000 2147483647.000000 0 -nan 0.000000
49 12 0 0 -nan 0.000000 2147483647.000000 0 -nan 0.000000
50 13 796275200 796275200 17560.558004 223843.622568 1490.991427 196800 4.780818 171469967.469960
51 14 796276800 796276800 18202.007171 235124.458287 2319.019588 197000 5.239249 175822290.173460
52 15 0 0 -nan 0.000000 2147483647.000000 0 -nan 0.000000
53 16 0 0 -nan 0.000000 2147483647.000000 0 -nan 0.000000
54 17 0 0 -nan 0.000000 2147483647.000000 0 -nan 0.000000
55 18 796264000 796264000 21758.110842 235769.825956 2244.858419 195400 5.026090 156757236.475439
56 19 0 0 -nan 0.000000 2147483647.000000 0 -nan 0.000000
57 20 0 0 -nan 0.000000 2147483647.000000 0 -nan 0.000000
58 21 0 0 -nan 0.000000 2147483647.000000 0 -nan 0.000000
59 22 0 0 -nan 0.000000 2147483647.000000 0 -nan 0.000000
60 23 0 0 -nan 0.000000 2147483647.000000 0 -nan 0.000000
61 24 796275200 796275200 21647.143235 267841.285604 2319.019588 196800 5.288379 141064477.270927
62 25 0 0 -nan 0.000000 2147483647.000000 0 -nan 0.000000
63 26 0 0 -nan 0.000000 2147483647.000000 0 -nan 0.000000
64 27 0 0 -nan 0.000000 2147483647.000000 0 -nan 0.000000
65 28 0 0 -nan 0.000000 2147483647.000000 0 -nan 0.000000
66 29 0 0 -nan 0.000000 2147483647.000000 0 -nan 0.000000
67 30 0 0 -nan 0.000000 2147483647.000000 0 -nan 0.000000
68 31 0 0 -nan 0.000000 2147483647.000000 0 -nan 0.000000
114 32 0 0 -nan 0.000000 2147483647.000000 0 -nan 0.000000
115 33 0 0 -nan 0.000000 2147483647.000000 0 -nan 0.000000
116 34 0 0 -nan 0.000000 2147483647.000000 0 -nan 0.000000
117 35 0 0 -nan 0.000000 2147483647.000000 0 -nan 0.000000
118 36 796275200 796275200 24782.581169 280797.451640 1490.991427 196800 5.198450 129270262.684861
119 37 0 0 -nan 0.000000 2147483647.000000 0 -nan 0.000000
120 38 0 0 -nan 0.000000 2147483647.000000 0 -nan 0.000000
121 39 0 0 -nan 0.000000 2147483647.000000 0 -nan 0.000000
122 40 796275200 796275200 25780.170336 244453.480994 2319.019588 196800 5.214700 132379885.101709
123 41 0 0 -nan 0.000000 2147483647.000000 0 -nan 0.000000
124 42 0 0 -nan 0.000000 2147483647.000000 0 -nan 0.000000
125 43 796275200 796275200 26425.195145 293365.262595 2319.019588 196800 5.062378 140526758.793927
126 44 0 0 -nan 0.000000 2147483647.000000 0 -nan 0.000000
127 45 0 0 -nan 0.000000 2147483647.000000 0 -nan 0.000000
128 46 0 0 -nan 0.000000 2147483647.000000 0 -nan 0.000000
129 47 0 0 -nan 0.000000 2147483647.000000 0 -nan 0.000000
130 48 796275200 796275200 23582.671621 217119.879352 1490.991427 196800 5.289975 147764127.656281
131 49 0 0 -nan 0.000000 2147483647.000000 0 -nan 0.000000
132 50 0 0 -nan 0.000000 2147483647.000000 0 -nan 0.000000
133 51 0 0 -nan 0.000000 2147483647.000000 0 -nan 0.000000
134 52 0 0 -nan 0.000000 2147483647.000000 0 -nan 0.000000
135 53 796275200 796275200 25147.631608 237602.384907 2319.019588 196800 5.248003 133029603.811242
136 54 796275200 796275200 23673.195705 245582.959749 2319.019588 196800 5.224797 131582542.112720
137 55 0 0 -nan 0.000000 2147483647.000000 0 -nan 0.000000
138 56 796264000 796264000 24064.951275 325831.710787 3147.047749 195400 5.291105 168996137.816387
139 57 796275200 796275200 23959.541434 304647.884032 2319.019588 196800 5.197922 159444752.778956
140 58 0 0 -nan 0.000000 2147483647.000000 0 -nan 0.000000
141 59 0 0 -nan 0.000000 2147483647.000000 0 -nan 0.000000
142 60 796275200 796275200 23708.822387 245334.290622 2319.019588 196800 5.105849 136178975.939665
143 61 796276800 796276800 24722.709521 246201.818673 2319.019588 197000 5.152863 143665604.011074
144 62 0 0 -nan 0.000000 2147483647.000000 0 -nan 0.000000
145 63 0 0 -nan 0.000000 2147483647.000000 0 -nan 0.000000
191 64 0 0 -nan 0.000000 2147483647.000000 0 -nan 0.000000
192 65 0 0 -nan 0.000000 2147483647.000000 0 -nan 0.000000
193 66 796275200 796275200 22965.019225 307153.090515 1405.796642 196800 4.816189 158185578.471339
194 67 796275200 796275200 22442.232546 223562.209626 1490.991427 196800 5.066789 157730467.566119
195 68 0 0 -nan 0.000000 2147483647.000000 0 -nan 0.000000
196 69 0 0 -nan 0.000000 2147483647.000000 0 -nan 0.000000
197 70 0 0 -nan 0.000000 2147483647.000000 0 -nan 0.000000
198 71 0 0 -nan 0.000000 2147483647.000000 0 -nan 0.000000
199 72 0 0 -nan 0.000000 2147483647.000000 0 -nan 0.000000
200 73 796264000 796264000 22495.585650 257389.567450 3147.047749 195400 5.254529 156188370.488624
201 74 0 0 -nan 0.000000 2147483647.000000 0 -nan 0.000000
202 75 0 0 -nan 0.000000 2147483647.000000 0 -nan 0.000000
203 76 0 0 -nan 0.000000 2147483647.000000 0 -nan 0.000000
204 77 796275200 796275200 24722.159329 239431.987563 1490.991427 196800 5.204842 129936994.187715
205 78 0 0 -nan 0.000000 2147483647.000000 0 -nan 0.000000
206 79 796275200 796275200 22219.740673 320745.959121 1490.991427 196800 5.116250 148454626.280677
207 80 0 0 -nan 0.000000 2147483647.000000 0 -nan 0.000000
208 81 0 0 -nan 0.000000 2147483647.000000 0 -nan 0.000000
209 82 796275200 796275200 22507.851930 282862.397258 2319.019588 196800 5.058603 129871335.839605
210 83 0 0 -nan 0.000000 2147483647.000000 0 -nan 0.000000
211 84 0 0 -nan 0.000000 2147483647.000000 0 -nan 0.000000
212 85 0 0 -nan 0.000000 2147483647.000000 0 -nan 0.000000
213 86 0 0 -nan 0.000000 2147483647.000000 0 -nan 0.000000
214 87 0 0 -nan 0.000000 2147483647.000000 0 -nan 0.000000
215 88 0 0 -nan 0.000000 2147483647.000000 0 -nan 0.000000
216 89 796275200 796275200 20916.002032 249796.171504 577.768481 196800 4.677647 149788746.233754
217 90 796276800 796276800 23708.860421 307446.066596 577.768481 197000 5.214695 131956427.223327
218 91 0 0 -nan 0.000000 2147483647.000000 0 -nan 0.000000
219 92 0 0 -nan 0.000000 2147483647.000000 0 -nan 0.000000
220 93 796275200 796275200 21558.022590 283253.864587 2319.019588 196800 5.013181 140099940.378707
221 94 0 0 -nan 0.000000 2147483647.000000 0 -nan 0.000000
222 95 0 0 -nan 0.000000 2147483647.000000 0 -nan 0.000000
268 96 0 0 -nan 0.000000 2147483647.000000 0 -nan 0.000000
269 97 796275200 796275200 26794.496661 295516.689945 1405.796642 196800 5.058222 146356246.694299
270 98 0 0 -nan 0.000000 2147483647.000000 0 -nan 0.000000
271 99 0 0 -nan 0.000000 2147483647.000000 0 -nan 0.000000
272 100 796275200 796275200 34056.192290 314080.440638 1490.991427 196800 5.426982 169241123.964433
273 101 0 0 -nan 0.000000 2147483647.000000 0 -nan 0.000000
274 102 796275200 796275200 31674.524541 311805.328170 2319.019588 196800 5.303130 176401089.509723
275 103 796275200 796275200 28439.086566 293603.864893 2319.019588 196800 5.183267 178495356.410945
276 104 0 0 -nan 0.000000 2147483647.000000 0 -nan 0.000000
277 105 796275200 796275200 28665.059411 235079.816967 577.768481 196800 5.154980 165860481.640702
278 106 796275200 796275200 29725.807435 260446.558656 577.768481 196800 5.282810 186542181.522671
279 107 796264000 796264000 30390.024418 256407.997935 3147.047749 195400 5.096131 155570943.169048
280 108 0 0 -nan 0.000000 2147483647.000000 0 -nan 0.000000
281 109 796275200 796275200 29907.368416 268467.968956 2319.019588 196800 5.267292 148171447.775546
282 110 0 0 -nan 0.000000 2147483647.000000 0 -nan 0.000000
283 111 796275200 796275200 25729.475200 313942.905520 2319.019588 196800 5.208877 174283825.031983
284 112 796275200 796275200 29355.959094 306815.674087 1405.796642 196800 5.235015 176509831.604877
285 113 796275200 796275200 27943.168760 307807.345215 2319.019588 196800 5.090335 136462840.106725
286 114 0 0 -nan 0.000000 2147483647.000000 0 -nan 0.000000
287 115 0 0 -nan 0.000000 2147483647.000000 0 -nan 0.000000
288 116 0 0 -nan 0.000000 2147483647.000000 0 -nan 0.000000
289 117 0 0 -nan 0.000000 2147483647.000000 0 -nan 0.000000
290 118 796275200 796275200 28708.373478 260822.716248 2319.019588 196800 5.303171 168603182.519356
291 119 796276800 796276800 26959.226471 265731.491464 1490.991427 197000 5.210832 160745685.487472
292 120 0 0 -nan 0.000000 2147483647.000000 0 -nan 0.000000
293 121 0 0 -nan 0.000000 2147483647.000000 0 -nan 0.000000
294 122 796275200 796275200 26716.005180 320601.387239 1490.991427 196800 5.255218 127088288.547204
295 123 0 0 -nan 0.000000 2147483647.000000 0 -nan 0.000000
296 124 0 0 -nan 0.000000 2147483647.000000 0 -nan 0.000000
297 125 0 0 -nan 0.000000 2147483647.000000 0 -nan 0.000000
298 126 0 0 -nan 0.000000 2147483647.000000 0 -nan 0.000000
299 127 0 0 -nan 0.000000 2147483647.000000 0 -nan 0.000000
345 128 796275200 796275200 26558.971112 366157.748200 2319.019588 196800 5.137485 191271910.309316
346 129 0 0 -nan 0.000000 2147483647.000000 0 -nan 0.000000
347 130 796275200 796275200 28068.588145 290423.107458 2319.019588 196800 4.977856 165276718.268979
348 131 796264000 796264000 34340.055757 352531.207922 1405.796642 195400 5.266899 138828901.800811
349 132 796276800 796276800 28190.154544 341556.111912 1405.796642 197000 5.175269 146638292.149941
350 133 0 0 -nan 0.000000 2147483647.000000 0 -nan 0.000000
351 134 796264000 796264000 29433.670463 330305.282128 2606.892322 195400 4.661397 168938945.105363
352 135 0 0 -nan 0.000000 2147483647.000000 0 -nan 0.000000
353 136 0 0 -nan 0.000000 2147483647.000000 0 -nan 0.000000
354 137 0 0 -nan 0.000000 2147483647.000000 0 -nan 0.000000
355 138 0 0 -nan 0.000000 2147483647.000000 0 -nan 0.000000
356 139 0 0 -nan 0.000000 2147483647.000000 0 -nan 0.000000
357 140 0 0 -nan 0.000000 2147483647.000000 0 -nan 0.000000
358 141 796275200 796275200 29621.980515 344717.853764 2319.019588 196800 4.768562 143328176.827028
359 142 796264000 796264000 30566.476918 329626.136818 3147.047749 195400 5.335660 156054081.349268
360 143 796276800 796276800 28379.270167 358558.003661 1490.991427 197000 4.845716 188887587.589506
361 144 0 0 -nan 0.000000 2147483647.000000 0 -nan 0.000000
362 145 0 0 -nan 0.000000 2147483647.000000 0 -nan 0.000000
363 146 0 0 -nan 0.000000 2147483647.000000 0 -nan 0.000000
364 147 0 0 -nan 0.000000 2147483647.000000 0 -nan 0.000000
365 148 0 0 -nan 0.000000 2147483647.000000 0 -nan 0.000000
366 149 796276800 796276800 26912.203472 291830.784555 2319.019588 197000 5.138858 151779091.467052
367 150 0 0 -nan 0.000000 2147483647.000000 0 -nan 0.000000
368 151 796275200 796275200 29603.926968 325304.486633 2319.019588 196800 5.266062 171783580.621673
369 152 0 0 -nan 0.000000 2147483647.000000 0 -nan 0.000000
370 153 796275200 796275200 28137.299392 314019.529925 3147.047749 196800 5.249146 154003184.339454
371 154 0 0 -nan 0.000000 2147483647.000000 0 -nan 0.000000
372 155 0 0 -nan 0.000000 2147483647.000000 0 -nan 0.000000
373 156 0 0 -nan 0.000000 2147483647.000000 0 -nan 0.000000
374 157 796275200 796275200 25672.269832 283380.399009 1490.991427 196800 4.676209 137721149.512052
375 158 0 0 -nan 0.000000 2147483647.000000 0 -nan 0.000000
376 159 0 0 -nan 0.000000 2147483647.000000 0 -nan 0.000000
422 160 0 0 -nan 0.000000 2147483647.000000 0 -nan 0.000000
423 161 0 0 -nan 0.000000 2147483647.000000 0 -nan 0.000000
424 162 796264000 796264000 24077.422745 229345.733284 3147.047749 195400 5.026320 142485980.583088
425 163 0 0 -nan 0.000000 2147483647.000000 0 -nan 0.000000
426 164 0 0 -nan 0.000000 2147483647.000000 0 -nan 0.000000
427 165 796275200 796275200 21035.519234 292891.627787 1405.796642 196800 4.665635 150667096.800371
428 166 796275200 796275200 23898.949975 280553.819203 1405.796642 196800 5.088272 129193327.280433
429 167 0 0 -nan 0.000000 2147483647.000000 0 -nan 0.000000
430 168 0 0 -nan 0.000000 2147483647.000000 0 -nan 0.000000
431 169 796275200 796275200 23715.334868 275244.028466 2319.019588 196800 5.278618 161566098.193040
432 170 0 0 -nan 0.000000 2147483647.000000 0 -nan 0.000000
433 171 796275200 796275200 25387.778741 306059.368813 2404.214373 196800 5.114944 171628678.527727
434 172 0 0 -nan 0.000000 2147483647.000000 0 -nan 0.000000
435 173 0 0 -nan 0.000000 2147483647.000000 0 -nan 0.000000
436 174 796275200 796275200 26126.401122 267061.554171 2319.019588 196800 5.034619 121918172.056725
437 175 796275200 796275200 25191.718980 301158.975630 2319.019588 196800 5.091794 163865986.217656
438 176 796275200 796275200 25696.937794 291568.546191 1405.796642 196800 5.337398 155540480.014130
439 177 796275200 796275200 26793.858298 298830.190384 2319.019588 196800 5.180757 168707378.553893
440 178 0 0 -nan 0.000000 2147483647.000000 0 -nan 0.000000
441 179 0 0 -nan 0.000000 2147483647.000000 0 -nan 0.000000
442 180 0 0 -nan 0.000000 2147483647.000000 0 -nan 0.000000
443 181 796275200 796275200 23200.569371 254301.438134 1405.796642 196800 4.831133 134892955.174776
444 182 0 0 -nan 0.000000 2147483647.000000 0 -nan 0.000000
445 183 0 0 -nan 0.000000 2147483647.000000 0 -nan 0.000000
446 184 0 0 -nan 0.000000 2147483647.000000 0 -nan 0.000000
447 185 0 0 -nan 0.000000 2147483647.000000 0 -nan 0.000000
448 186 0 0 -nan 0.000000 2147483647.000000 0 -nan 0.000000
449 187 0 0 -nan 0.000000 2147483647.000000 0 -nan 0.000000
450 188 0 0 -nan 0.000000 2147483647.000000 0 -nan 0.000000
451 189 796275200 796275200 23593.350770 328314.686960 2319.019588 196800 5.032693 107515226.858391
452 190 0 0 -nan 0.000000 2147483647.000000 0 -nan 0.000000
453 191 0 0 -nan 0.000000 2147483647.000000 0 -nan 0.000000
499 192 0 0 -nan 0.000000 2147483647.000000 0 -nan 0.000000
500 193 0 0 -nan 0.000000 2147483647.000000 0 -nan 0.000000
501 194 0 0 -nan 0.000000 2147483647.000000 0 -nan 0.000000
502 195 0 0 -nan 0.000000 2147483647.000000 0 -nan 0.000000
503 196 796275200 796275200 22078.394285 273807.466271 2319.019588 196800 4.985137 138202541.328396
504 197 0 0 -nan 0.000000 2147483647.000000 0 -nan 0.000000
505 198 0 0 -nan 0.000000 2147483647.000000 0 -nan 0.000000
506 199 0 0 -nan 0.000000 2147483647.000000 0 -nan 0.000000
507 200 796275200 796275200 24240.793439 268626.959000 1490.991427 196800 5.063389 148328787.721436
508 201 796276800 796276800 24775.243357 279242.193422 2132.712311 197000 5.196909 180700352.063679
509 202 796276800 796276800 25327.902694 246733.281177 2319.019588 197000 5.222716 175290443.346468
510 203 796275200 796275200 23613.476961 244436.727712 1405.796642 196800 5.021961 119387289.822057
511 204 796276800 796276800 26539.843357 279741.005497 2319.019588 197000 5.302949 146952334.059160
512 205 0 0 -nan 0.000000 2147483647.000000 0 -nan 0.000000
513 206 0 0 -nan 0.000000 2147483647.000000 0 -nan 0.000000
514 207 0 0 -nan 0.000000 2147483647.000000 0 -nan 0.000000
515 208 796275200 796275200 22116.970599 278044.001606 1490.991427 196800 5.094995 153752855.993429
516 209 796275200 796275200 23030.043230 301158.802551 2319.019588 196800 5.131575 166896747.421894
517 210 0 0 -nan 0.000000 2147483647.000000 0 -nan 0.000000
518 211 0 0 -nan 0.000000 2147483647.000000 0 -nan 0.000000
519 212 0 0 -nan 0.000000 2147483647.000000 0 -nan 0.000000
520 213 0 0 -nan 0.000000 2147483647.000000 0 -nan 0.000000
521 214 796275200 796275200 23197.419694 285761.525548 1405.796642 196800 5.262104 146686541.328066
522 215 0 0 -nan 0.000000 2147483647.000000 0 -nan 0.000000
523 216 0 0 -nan 0.000000 2147483647.000000 0 -nan 0.000000
524 217 796275200 796275200 26240.634486 305758.139973 2319.019588 196800 5.077175 155718561.728967
525 218 0 0 -nan 0.000000 2147483647.000000 0 -nan 0.000000
526 219 0 0 -nan 0.000000 2147483647.000000 0 -nan 0.000000
527 220 0 0 -nan 0.000000 2147483647.000000 0 -nan 0.000000
528 221 0 0 -nan 0.000000 2147483647.000000 0 -nan 0.000000
529 222 0 0 -nan 0.000000 2147483647.000000 0 -nan 0.000000
530 223 0 0 -nan 0.000000 2147483647.000000 0 -nan 0.000000
576 224 0 0 -nan 0.000000 2147483647.000000 0 -nan 0.000000
577 225 796264000 796264000 24136.999941 241790.559851 3147.047749 195400 5.074017 134054378.696467
578 226 0 0 -nan 0.000000 2147483647.000000 0 -nan 0.000000
579 227 0 0 -nan 0.000000 2147483647.000000 0 -nan 0.000000
580 228 0 0 -nan 0.000000 2147483647.000000 0 -nan 0.000000
581 229 0 0 -nan 0.000000 2147483647.000000 0 -nan 0.000000
582 230 796275200 796275200 21873.072007 263713.354672 1405.796642 196800 5.079446 122137938.202565
583 231 0 0 -nan 0.000000 2147483647.000000 0 -nan 0.000000
584 232 796275200 796275200 23536.967677 314563.941298 2319.019588 196800 5.301341 165534474.549591
585 233 796275200 796275200 23405.425290 276178.358611 2319.019588 196800 5.174202 131293494.538488
586 234 0 0 -nan 0.000000 2147483647.000000 0 -nan 0.000000
587 235 0 0 -nan 0.000000 2147483647.000000 0 -nan 0.000000
588 236 796276800 796276800 23491.255203 242292.251838 2319.019588 197000 5.260005 153983194.411254
589 237 796275200 796275200 22102.769315 221579.304371 1405.796642 196800 5.104609 140765336.634832
590 238 0 0 -nan 0.000000 2147483647.000000 0 -nan 0.000000
591 239 0 0 -nan 0.000000 2147483647.000000 0 -nan 0.000000
592 240 0 0 -nan 0.000000 2147483647.000000 0 -nan 0.000000
593 241 0 0 -nan 0.000000 2147483647.000000 0 -nan 0.000000
594 242 796275200 796275200 21557.163042 282866.162459 1405.796642 196800 4.697708 160905019.909310
595 243 0 0 -nan 0.000000 2147483647.000000 0 -nan 0.000000
596 244 0 0 -nan 0.000000 2147483647.000000 0 -nan 0.000000
597 245 0 0 -nan 0.000000 2147483647.000000 0 -nan 0.000000
598 246 0 0 -nan 0.000000 2147483647.000000 0 -nan 0.000000
599 247 796275200 796275200 22925.543462 282416.148641 1405.796642 196800 4.816443 136005988.719141
600 248 796275200 796275200 23082.814517 245089.403000 577.768481 196800 5.208349 124919060.575277
601 249 796276800 796276800 22289.112276 287807.842026 577.768481 197000 5.224868 184420483.858239
602 250 0 0 -nan 0.000000 2147483647.000000 0 -nan 0.000000
603 251 0 0 -nan 0.000000 2147483647.000000 0 -nan 0.000000
604 252 0 0 -nan 0.000000 2147483647.000000 0 -nan 0.000000
605 253 0 0 -nan 0.000000 2147483647.000000 0 -nan 0.000000
606 254 0 0 -nan 0.000000 2147483647.000000 0 -nan 0.000000
607 255 0 0 -nan 0.000000 2147483647.000000 0 -nan 0.000000
653 256 796264000 796264000 28381.664971 319987.793980 2319.019588 195400 5.076233 161483599.275100
654 257 0 0 -nan 0.000000 2147483647.000000 0 -nan 0.000000
655 258 796275200 796275200 25612.452053 285579.861725 1405.796642 196800 5.133379 135293905.170131
656 259 0 0 -nan 0.000000 2147483647.000000 0 -nan 0.000000
657 260 0 0 -nan 0.000000 2147483647.000000 0 -nan 0.000000
658 261 0 0 -nan 0.000000 2147483647.000000 0 -nan 0.000000
659 262 0 0 -nan 0.000000 2147483647.000000 0 -nan 0.000000
660 263 0 0 -nan 0.000000 2147483647.000000 0 -nan 0.000000
661 264 796275200 796275200 23927.646986 308484.604624 3147.047749 196800 5.102724 121686532.876677
662 265 0 0 -nan 0.000000 2147483647.000000 0 -nan 0.000000
663 266 0 0 -nan 0.000000 2147483647.000000 0 -nan 0.000000
664 267 0 0 -nan 0.000000 2147483647.000000 0 -nan 0.000000
665 268 796275200 796275200 22347.680544 278628.599854 1405.796642 196800 4.786418 119415719.583601
666 269 0 0 -nan 0.000000 2147483647.000000 0 -nan 0.000000
667 270 0 0 -nan 0.000000 2147483647.000000 0 -nan 0.000000
668 271 0 0 -nan 0.000000 2147483647.000000 0 -nan 0.000000
669 272 796275200 796275200 22104.287917 258381.300282 1405.796642 196800 5.099080 131443081.530489
670 273 0 0 -nan 0.000000 2147483647.000000 0 -nan 0.000000
671 274 0 0 -nan 0.000000 2147483647.000000 0 -nan 0.000000
672 275 0 0 -nan 0.000000 2147483647.000000 0 -nan 0.000000
673 276 0 0 -nan 0.000000 2147483647.000000 0 -nan 0.000000
674 277 796275200 796275200 24375.575761 291781.609703 1405.796642 196800 5.073415 137603501.656245
675 278 0 0 -nan 0.000000 2147483647.000000 0 -nan 0.000000
676 279 0 0 -nan 0.000000 2147483647.000000 0 -nan 0.000000
677 280 796275200 796275200 27054.829463 299841.734070 2319.019588 196800 5.069019 132592079.602694
678 281 796275200 796275200 23470.490796 264318.901220 1490.991427 196800 4.680610 162380630.647599
679 282 0 0 -nan 0.000000 2147483647.000000 0 -nan 0.000000
680 283 796264000 796264000 28322.399757 287143.393356 3147.047749 195400 5.115558 168687318.398309
681 284 0 0 -nan 0.000000 2147483647.000000 0 -nan 0.000000
682 285 796275200 796275200 25101.277673 352661.078044 3147.047749 196800 5.134040 113975099.662517
683 286 0 0 -nan 0.000000 2147483647.000000 0 -nan 0.000000
684 287 0 0 -nan 0.000000 2147483647.000000 0 -nan 0.000000
730 288 0 0 -nan 0.000000 2147483647.000000 0 -nan 0.000000
731 289 0 0 -nan 0.000000 2147483647.000000 0 -nan 0.000000
732 290 0 0 -nan 0.000000 2147483647.000000 0 -nan 0.000000
733 291 0 0 -nan 0.000000 2147483647.000000 0 -nan 0.000000
734 292 0 0 -nan 0.000000 2147483647.000000 0 -nan 0.000000
735 293 796275200 796275200 24345.377772 347909.547299 2319.019588 196800 5.099898 179431677.862936
736 294 796275200 796275200 23818.465552 283012.520238 3147.047749 196800 5.146057 147909858.570519
737 295 796275200 796275200 24784.093939 282973.405657 2319.019588 196800 5.215605 160674751.888251
738 296 0 0 -nan 0.000000 2147483647.000000 0 -nan 0.000000
739 297 0 0 -nan 0.000000 2147483647.000000 0 -nan 0.000000
740 298 0 0 -nan 0.000000 2147483647.000000 0 -nan 0.000000
741 299 0 0 -nan 0.000000 2147483647.000000 0 -nan 0.000000
742 300 796276800 796276800 24765.827938 281985.178946 2319.019588 197000 5.074482 152398116.951597
743 301 0 0 -nan 0.000000 2147483647.000000 0 -nan 0.000000
744 302 796275200 796275200 23584.884606 290227.649823 2319.019588 196800 5.135437 166164174.476486
745 303 0 0 -nan 0.000000 2147483647.000000 0 -nan 0.000000
746 304 0 0 -nan 0.000000 2147483647.000000 0 -nan 0.000000
747 305 0 0 -nan 0.000000 2147483647.000000 0 -nan 0.000000
748 306 0 0 -nan 0.000000 2147483647.000000 0 -nan 0.000000
749 307 0 0 -nan 0.000000 2147483647.000000 0 -nan 0.000000
750 308 796275200 796275200 20357.343160 253140.240410 2319.019588 196800 5.160107 125698090.881480
751 309 0 0 -nan 0.000000 2147483647.000000 0 -nan 0.000000
752 310 0 0 -nan 0.000000 2147483647.000000 0 -nan 0.000000
753 311 0 0 -nan 0.000000 2147483647.000000 0 -nan 0.000000
754 312 0 0 -nan 0.000000 2147483647.000000 0 -nan 0.000000
755 313 796275200 796275200 24199.047090 330227.063696 2319.019588 196800 5.197322 105333272.445851
756 314 0 0 -nan 0.000000 2147483647.000000 0 -nan 0.000000
757 315 796275200 796275200 25466.403463 277560.193423 2319.019588 196800 5.158989 160718803.529515
758 316 796275200 796275200 21877.480186 277902.523719 2319.019588 196800 5.061738 134809059.939022
759 317 0 0 -nan 0.000000 2147483647.000000 0 -nan 0.000000
760 318 0 0 -nan 0.000000 2147483647.000000 0 -nan 0.000000
761 319 0 0 -nan 0.000000 2147483647.000000 0 -nan 0.000000
807 320 796275200 796275200 25942.042477 360131.929643 2319.019588 196800 5.036931 137378431.537134
808 321 0 0 -nan 0.000000 2147483647.000000 0 -nan 0.000000
809 322 0 0 -nan 0.000000 2147483647.000000 0 -nan 0.000000
810 323 0 0 -nan 0.000000 2147483647.000000 0 -nan 0.000000
811 324 0 0 -nan 0.000000 2147483647.000000 0 -nan 0.000000
812 325 0 0 -nan 0.000000 2147483647.000000 0 -nan 0.000000
813 326 0 0 -nan 0.000000 2147483647.000000 0 -nan 0.000000
814 327 796275200 796275200 23784.775379 317143.639058 2319.019588 196800 4.711438 154033823.394927
815 328 796264000 796264000 25473.659529 297424.971714 3147.047749 195400 5.262743 153021811.750978
816 329 0 0 -nan 0.000000 2147483647.000000 0 -nan 0.000000
817 330 796275200 796275200 24734.670084 282887.279388 1490.991427 196800 5.176880 179941666.314548
818 331 0 0 -nan 0.000000 2147483647.000000 0 -nan 0.000000
819 332 0 0 -nan 0.000000 2147483647.000000 0 -nan 0.000000
820 333 796275200 796275200 26372.320569 350667.707493 2319.019588 196800 4.760178 161840484.293513
821 334 796276800 796276800 26812.295631 345750.425090 3147.047749 197000 5.163792 187177933.545637
822 335 796275200 796275200 26697.588933 298687.783650 2319.019588 196800 5.041911 157535779.734294
823 336 796275200 796275200 23591.705392 327119.793531 2319.019588 196800 5.129416 157841246.292496
824 337 796275200 796275200 27940.198030 331975.488591 3147.047749 196800 5.237749 111149499.433351
825 338 0 0 -nan 0.000000 2147483647.000000 0 -nan 0.000000
826 339 0 0 -nan 0.000000 2147483647.000000 0 -nan 0.000000
827 340 0 0 -nan 0.000000 2147483647.000000 0 -nan 0.000000
828 341 0 0 -nan 0.000000 2147483647.000000 0 -nan 0.000000
829 342 0 0 -nan 0.000000 2147483647.000000 0 -nan 0.000000
830 343 796275200 796275200 23166.143118 245654.937866 2319.019588 196800 5.183389 152113690.447066
831 344 0 0 -nan 0.000000 2147483647.000000 0 -nan 0.000000
832 345 796275200 796275200 21901.985365 324781.225465 2305.987743 196800 4.935097 136355141.024668
833 346 0 0 -nan 0.000000 2147483647.000000 0 -nan 0.000000
834 347 0 0 -nan 0.000000 2147483647.000000 0 -nan 0.000000
835 348 0 0 -nan 0.000000 2147483647.000000 0 -nan 0.000000
836 349 0 0 -nan 0.000000 2147483647.000000 0 -nan 0.000000
837 350 0 0 -nan 0.000000 2147483647.000000 0 -nan 0.000000
838 351 0 0 -nan 0.000000 2147483647.000000 0 -nan 0.000000
884 352 796264000 796264000 32766.807467 321063.395920 3147.047749 195400 5.157825 172339141.512700
885 353 0 0 -nan 0.000000 2147483647.000000 0 -nan 0.000000
886 354 0 0 -nan 0.000000 2147483647.000000 0 -nan 0.000000
887 355 796275200 796275200 27892.269770 378448.713238 2319.019588 196800 4.448338 165285025.315673
888 356 796275200 796275200 36727.106304 370373.539693 1405.796642 196800 5.386438 180625678.966656
889 357 796275200 796275200 39235.281126 321356.964500 2132.712311 196800 5.242581 180830773.304604
890 358 796275200 796275200 35808.968278 310393.084823 2319.019588 196800 5.163242 160466229.058202
891 359 796275200 796275200 29285.551391 310318.948180 2606.892322 196800 4.891326 151133565.382968
892 360 796276800 796276800 28996.196742 354035.361946 1490.991427 197000 4.806807 148267689.962015
893 361 0 0 -nan 0.000000 2147483647.000000 0 -nan 0.000000
894 362 796275200 796275200 26869.255271 345861.713059 2606.892322 196800 4.468399 98790166.549456
895 363 0 0 -nan 0.000000 2147483647.000000 0 -nan 0.000000
896 364 0 0 -nan 0.000000 2147483647.000000 0 -nan 0.000000
897 365 796275200 796275200 31757.069989 351973.018073 2319.019588 196800 5.323938 115283877.135802
898 366 0 0 -nan 0.000000 2147483647.000000 0 -nan 0.000000
899 367 0 0 -nan 0.000000 2147483647.000000 0 -nan 0.000000
900 368 796275200 796275200 28094.893266 391428.271582 2319.019588 196800 5.172266 138677606.401053
901 369 0 0 -nan 0.000000 2147483647.000000 0 -nan 0.000000
902 370 0 0 -nan 0.000000 2147483647.000000 0 -nan 0.000000
903 371 0 0 -nan 0.000000 2147483647.000000 0 -nan 0.000000
904 372 0 0 -nan 0.000000 2147483647.000000 0 -nan 0.000000
905 373 796275200 796275200 30104.777064 329707.441538 1405.796642 196800 4.837962 158415637.503129
906 374 0 0 -nan 0.000000 2147483647.000000 0 -nan 0.000000
907 375 796275200 796275200 25519.182529 352468.596946 2319.019588 196800 4.749136 175564336.151720
908 376 796264000 796264000 31307.638463 359207.959368 2332.635695 195400 4.700333 168374973.464271
909 377 0 0 -nan 0.000000 2147483647.000000 0 -nan 0.000000
910 378 796275200 796275200 30702.408134 382587.771683 2319.019588 196800 4.887444 151604480.746697
911 379 0 0 -nan 0.000000 2147483647.000000 0 -nan 0.000000
912 380 0 0 -nan 0.000000 2147483647.000000 0 -nan 0.000000
913 381 0 0 -nan 0.000000 2147483647.000000 0 -nan 0.000000
914 382 0 0 -nan 0.000000 2147483647.000000 0 -nan 0.000000
915 383 0 0 -nan 0.000000 2147483647.000000 0 -nan 0.000000
961 384 796275200 796275200 23683.555454 346098.097426 934.465027 196800 4.514502 143236165.972166
962 385 796275200 796275200 24697.810198 286924.938202 2319.019588 196800 4.967546 154413326.418661
963 386 0 0 -nan 0.000000 2147483647.000000 0 -nan 0.000000
964 387 796275200 796275200 20076.129684 339670.041195 1053.674316 196800 4.321296 168918072.972200
965 388 0 0 -nan 0.000000 2147483647.000000 0 -nan 0.000000
966 389 0 0 -nan 0.000000 2147483647.000000 0 -nan 0.000000
967 390 796275200 796275200 20626.344693 300274.559861 2319.019588 196800 4.439187 158631995.249586
968 391 0 0 -nan 0.000000 2147483647.000000 0 -nan 0.000000
969 392 796275200 796275200 25153.643232 289987.505575 2319.019588 196800 4.838933 181434646.335827
970 393 796264000 796264000 25643.776610 372102.043973 2319.019588 195400 5.268449 127955649.874377
971 394 0 0 -nan 0.000000 2147483647.000000 0 -nan 0.000000
972 395 0 0 -nan 0.000000 2147483647.000000 0 -nan 0.000000
973 396 0 0 -nan 0.000000 2147483647.000000 0 -nan 0.000000
974 397 0 0 -nan 0.000000 2147483647.000000 0 -nan 0.000000
975 398 0 0 -nan 0.000000 2147483647.000000 0 -nan 0.000000
976 399 796275200 796275200 21174.454614 258085.438902 2319.019588 196800 4.933791 140721304.609097
977 400 0 0 -nan 0.000000 2147483647.000000 0 -nan 0.000000
978 401 0 0 -nan 0.000000 2147483647.000000 0 -nan 0.000000
979 402 0 0 -nan 0.000000 2147483647.000000 0 -nan 0.000000
980 403 0 0 -nan 0.000000 2147483647.000000 0 -nan 0.000000
981 404 0 0 -nan 0.000000 2147483647.000000 0 -nan 0.000000
982 405 0 0 -nan 0.000000 2147483647.000000 0 -nan 0.000000
983 406 0 0 -nan 0.000000 2147483647.000000 0 -nan 0.000000
984 407 0 0 -nan 0.000000 2147483647.000000 0 -nan 0.000000
985 408 796275200 796275200 21532.602292 365051.204122 1490.991427 196800 4.635925 153520131.669087
986 409 796275200 796275200 23523.667734 311946.122947 2319.019588 196800 4.753948 161663614.027886
987 410 0 0 -nan 0.000000 2147483647.000000 0 -nan 0.000000
988 411 0 0 -nan 0.000000 2147483647.000000 0 -nan 0.000000
989 412 0 0 -nan 0.000000 2147483647.000000 0 -nan 0.000000
990 413 0 0 -nan 0.000000 2147483647.000000 0 -nan 0.000000
991 414 0 0 -nan 0.000000 2147483647.000000 0 -nan 0.000000
992 415 0 0 -nan 0.000000 2147483647.000000 0 -nan 0.000000
1038 416 0 0 -nan 0.000000 2147483647.000000 0 -nan 0.000000
1039 417 0 0 -nan 0.000000 2147483647.000000 0 -nan 0.000000
1040 418 796276800 796276800 22183.908639 284041.391339 1490.991427 197000 4.705985 139838611.123731
1041 419 0 0 -nan 0.000000 2147483647.000000 0 -nan 0.000000
1042 420 0 0 -nan 0.000000 2147483647.000000 0 -nan 0.000000
1043 421 796275200 796275200 27582.575618 284202.568090 2319.019588 196800 5.249593 110402849.458606
1044 422 0 0 -nan 0.000000 2147483647.000000 0 -nan 0.000000
1045 423 796276800 796276800 26353.933002 274416.387167 3147.047749 197000 5.185152 156085399.275404
1046 424 0 0 -nan 0.000000 2147483647.000000 0 -nan 0.000000
1047 425 0 0 -nan 0.000000 2147483647.000000 0 -nan 0.000000
1048 426 0 0 -nan 0.000000 2147483647.000000 0 -nan 0.000000
1049 427 0 0 -nan 0.000000 2147483647.000000 0 -nan 0.000000
1050 428 0 0 -nan 0.000000 2147483647.000000 0 -nan 0.000000
1051 429 796276800 796276800 24692.121835 270055.383208 2319.019588 197000 5.212934 136409441.533531
1052 430 0 0 -nan 0.000000 2147483647.000000 0 -nan 0.000000
1053 431 796264000 796264000 24029.480402 268146.569132 2606.892322 195400 4.775896 155675242.106399
1054 432 0 0 -nan 0.000000 2147483647.000000 0 -nan 0.000000
1055 433 796264000 796264000 20577.078659 304106.603629 2606.892322 195400 4.395368 164658438.469683
1056 434 796264000 796264000 27947.701612 293372.896087 3147.047749 195400 5.189504 116965036.249511
1057 435 0 0 -nan 0.000000 2147483647.000000 0 -nan 0.000000
1058 436 0 0 -nan 0.000000 2147483647.000000 0 -nan 0.000000
1059 437 0 0 -nan 0.000000 2147483647.000000 0 -nan 0.000000
1060 438 796264000 796264000 23136.793764 263515.992075 3147.047749 195400 5.237538 127347355.674317
1061 439 0 0 -nan 0.000000 2147483647.000000 0 -nan 0.000000
1062 440 0 0 -nan 0.000000 2147483647.000000 0 -nan 0.000000
1063 441 796275200 796275200 26767.198865 292435.965859 2319.019588 196800 5.208775 137200290.300086
1064 442 0 0 -nan 0.000000 2147483647.000000 0 -nan 0.000000
1065 443 0 0 -nan 0.000000 2147483647.000000 0 -nan 0.000000
1066 444 0 0 -nan 0.000000 2147483647.000000 0 -nan 0.000000
1067 445 0 0 -nan 0.000000 2147483647.000000 0 -nan 0.000000
1068 446 0 0 -nan 0.000000 2147483647.000000 0 -nan 0.000000
1069 447 0 0 -nan 0.000000 2147483647.000000 0 -nan 0.000000
1115 448 0 0 -nan 0.000000 2147483647.000000 0 -nan 0.000000
1116 449 0 0 -nan 0.000000 2147483647.000000 0 -nan 0.000000
1117 450 0 0 -nan 0.000000 2147483647.000000 0 -nan 0.000000
1118 451 0 0 -nan 0.000000 2147483647.000000 0 -nan 0.000000
1119 452 796276800 796276800 21719.429323 306277.749929 1405.796642 197000 5.081218 181895534.692170
1120 453 0 0 -nan 0.000000 2147483647.000000 0 -nan 0.000000
1121 454 0 0 -nan 0.000000 2147483647.000000 0 -nan 0.000000
1122 455 796275200 796275200 21115.394667 260765.622632 2319.019588 196800 4.992612 137215353.382631
1123 456 796275200 796275200 24194.103987 257888.901197 2319.019588 196800 5.177810 143266604.543178
1124 457 0 0 -nan 0.000000 2147483647.000000 0 -nan 0.000000
1125 458 0 0 -nan 0.000000 2147483647.000000 0 -nan 0.000000
1126 459 796275200 796275200 21063.799331 282140.739012 2319.019588 196800 4.671880 190243331.830402
1127 460 0 0 -nan 0.000000 2147483647.000000 0 -nan 0.000000
1128 461 0 0 -nan 0.000000 2147483647.000000 0 -nan 0.000000
1129 462 796276800 796276800 21191.074937 267710.895373 1405.796642 197000 5.184695 144584588.419456
1130 463 0 0 -nan 0.000000 2147483647.000000 0 -nan 0.000000
1131 464 796275200 796275200 21865.256343 242805.273433 2319.019588 196800 4.842779 78961901.728521
1132 465 796275200 796275200 26545.787884 296546.987941 1405.796642 196800 5.273882 139221009.232325
1133 466 0 0 -nan 0.000000 2147483647.000000 0 -nan 0.000000
1134 467 0 0 -nan 0.000000 2147483647.000000 0 -nan 0.000000
1135 468 796276800 796276800 21468.586862 268760.321424 1405.796642 197000 5.041005 131218705.494631
1136 469 0 0 -nan 0.000000 2147483647.000000 0 -nan 0.000000
1137 470 0 0 -nan 0.000000 2147483647.000000 0 -nan 0.000000
1138 471 0 0 -nan 0.000000 2147483647.000000 0 -nan 0.000000
1139 472 796275200 796275200 21997.222322 304776.900560 2319.019588 196800 4.334238 153501227.530376
1140 473 0 0 -nan 0.000000 2147483647.000000 0 -nan 0.000000
1141 474 0 0 -nan 0.000000 2147483647.000000 0 -nan 0.000000
1142 475 796275200 796275200 23683.290972 316045.057781 2319.019588 196800 4.962383 176414983.627234
1143 476 0 0 -nan 0.000000 2147483647.000000 0 -nan 0.000000
1144 477 0 0 -nan 0.000000 2147483647.000000 0 -nan 0.000000
1145 478 0 0 -nan 0.000000 2147483647.000000 0 -nan 0.000000
1146 479 0 0 -nan 0.000000 2147483647.000000 0 -nan 0.000000
1192 480 0 0 -nan 0.000000 2147483647.000000 0 -nan 0.000000
1193 481 0 0 -nan 0.000000 2147483647.000000 0 -nan 0.000000
1194 482 0 0 -nan 0.000000 2147483647.000000 0 -nan 0.000000
1195 483 0 0 -nan 0.000000 2147483647.000000 0 -nan 0.000000
1196 484 0 0 -nan 0.000000 2147483647.000000 0 -nan 0.000000
1197 485 796275200 796275200 23683.926011 238209.170429 1405.796642 196800 4.749380 141704309.928998
1198 486 0 0 -nan 0.000000 2147483647.000000 0 -nan 0.000000
1199 487 796264000 796264000 20539.046939 257439.213287 2403.535332 195400 4.593470 119386488.635484
1200 488 0 0 -nan 0.000000 2147483647.000000 0 -nan 0.000000
1201 489 796276800 796276800 20926.049837 263648.161698 1405.796642 197000 5.021670 162771072.164591
1202 490 0 0 -nan 0.000000 2147483647.000000 0 -nan 0.000000
1203 491 0 0 -nan 0.000000 2147483647.000000 0 -nan 0.000000
1204 492 796275200 796275200 24115.364799 299907.825248 2249.455704 196800 5.056682 141533481.694368
1205 493 0 0 -nan 0.000000 2147483647.000000 0 -nan 0.000000
1206 494 0 0 -nan 0.000000 2147483647.000000 0 -nan 0.000000
1207 495 0 0 -nan 0.000000 2147483647.000000 0 -nan 0.000000
1208 496 0 0 -nan 0.000000 2147483647.000000 0 -nan 0.000000
1209 497 796275200 796275200 20396.427857 239013.232639 1490.991427 196800 4.953460 148559449.159270
1210 498 0 0 -nan 0.000000 2147483647.000000 0 -nan 0.000000
1211 499 0 0 -nan 0.000000 2147483647.000000 0 -nan 0.000000
1212 500 796275200 796275200 20555.442458 275060.580527 1405.796642 196800 4.791606 134437451.191163
1213 501 0 0 -nan 0.000000 2147483647.000000 0 -nan 0.000000
1214 502 796264000 796264000 25001.398412 248535.186332 2319.019588 195400 5.125624 139979186.099637
1215 503 0 0 -nan 0.000000 2147483647.000000 0 -nan 0.000000
1216 504 0 0 -nan 0.000000 2147483647.000000 0 -nan 0.000000
1217 505 0 0 -nan 0.000000 2147483647.000000 0 -nan 0.000000
1218 506 796275200 796275200 23637.512939 253667.370434 2319.019588 196800 5.065747 182231352.963892
1219 507 796275200 796275200 21262.775588 288371.278177 1405.796642 196800 4.318242 150606434.360440
1220 508 0 0 -nan 0.000000 2147483647.000000 0 -nan 0.000000
1221 509 0 0 -nan 0.000000 2147483647.000000 0 -nan 0.000000
1222 510 0 0 -nan 0.000000 2147483647.000000 0 -nan 0.000000
1223 511 0 0 -nan 0.000000 2147483647.000000 0 -nan 0.000000
1269 512 796275200 796275200 23649.049336 279104.992450 2319.019588 196800 4.837261 136710709.185245
1270 513 796275200 796275200 24320.142474 270021.026785 1405.796642 196800 5.292017 157632970.977436
1271 514 0 0 -nan 0.000000 2147483647.000000 0 -nan 0.000000
1272 515 796275200 796275200 23460.911617 291820.341867 2227.932775 196800 5.016743 126165707.300093
1273 516 0 0 -nan 0.000000 2147483647.000000 0 -nan 0.000000
1274 517 796275200 796275200 21961.476199 335783.349988 2319.019588 196800 4.655716 145101207.423605
1275 518 0 0 -nan 0.000000 2147483647.000000 0 -nan 0.000000
1276 519 0 0 -nan 0.000000 2147483647.000000 0 -nan 0.000000
1277 520 0 0 -nan 0.000000 2147483647.000000 0 -nan 0.000000
1278 521 0 0 -nan 0.000000 2147483647.000000 0 -nan 0.000000
1279 522 0 0 -nan 0.000000 2147483647.000000 0 -nan 0.000000
1280 523 0 0 -nan 0.000000 2147483647.000000 0 -nan 0.000000
1281 524 796275200 796275200 21525.320252 299147.247555 2319.019588 196800 5.028613 173907336.555854
1282 525 0 0 -nan 0.000000 2147483647.000000 0 -nan 0.000000
1283 526 0 0 -nan 0.000000 2147483647.000000 0 -nan 0.000000
1284 527 0 0 -nan 0.000000 2147483647.000000 0 -nan 0.000000
1285 528 0 0 -nan 0.000000 2147483647.000000 0 -nan 0.000000
1286 529 0 0 -nan 0.000000 2147483647.000000 0 -nan 0.000000
1287 530 0 0 -nan 0.000000 2147483647.000000 0 -nan 0.000000
1288 531 796275200 796275200 19874.088645 337094.124001 1405.796642 196800 5.122907 135447397.194463
1289 532 0 0 -nan 0.000000 2147483647.000000 0 -nan 0.000000
1290 533 0 0 -nan 0.000000 2147483647.000000 0 -nan 0.000000
1291 534 0 0 -nan 0.000000 2147483647.000000 0 -nan 0.000000
1292 535 0 0 -nan 0.000000 2147483647.000000 0 -nan 0.000000
1293 536 0 0 -nan 0.000000 2147483647.000000 0 -nan 0.000000
1294 537 0 0 -nan 0.000000 2147483647.000000 0 -nan 0.000000
1295 538 0 0 -nan 0.000000 2147483647.000000 0 -nan 0.000000
1296 539 0 0 -nan 0.000000 2147483647.000000 0 -nan 0.000000
1297 540 0 0 -nan 0.000000 2147483647.000000 0 -nan 0.000000
1298 541 0 0 -nan 0.000000 2147483647.000000 0 -nan 0.000000
1299 542 0 0 -nan 0.000000 2147483647.000000 0 -nan 0.000000
1300 543 0 0 -nan 0.000000 2147483647.000000 0 -nan 0.000000
1346 544 796264000 796264000 27135.194748 290756.074639 2319.019588 195400 5.097671 138123119.065706
1347 545 0 0 -nan 0.000000 2147483647.000000 0 -nan 0.000000
1348 546 0 0 -nan 0.000000 2147483647.000000 0 -nan 0.000000
1349 547 0 0 -nan 0.000000 2147483647.000000 0 -nan 0.000000
1350 548 796264000 796264000 28172.095441 281559.167650 3147.047749 195400 5.236750 162229921.956961
1351 549 0 0 -nan 0.000000 2147483647.000000 0 -nan 0.000000
1352 550 796275200 796275200 24425.136835 285792.358942 2319.019588 196800 4.794558 179207672.187490
1353 551 0 0 -nan 0.000000 2147483647.000000 0 -nan 0.000000
1354 552 0 0 -nan 0.000000 2147483647.000000 0 -nan 0.000000
1355 553 0 0 -nan 0.000000 2147483647.000000 0 -nan 0.000000
1356 554 796264000 796264000 23712.816152 296603.643498 1490.991427 195400 4.813664 167155547.306976
1357 555 796275200 796275200 27335.325419 290933.693851 3147.047749 196800 5.256799 174505582.272340
1358 556 0 0 -nan 0.000000 2147483647.000000 0 -nan 0.000000
1359 557 796275200 796275200 30697.054321 366718.721237 2319.019588 196800 5.234593 129338450.188429
1360 558 0 0 -nan 0.000000 2147483647.000000 0 -nan 0.000000
1361 559 796276800 796276800 20777.998943 265929.039942 2174.411407 197000 4.328030 92578049.010405
1362 560 796276800 796276800 23939.449802 345703.278500 1405.796642 197000 4.644680 182563981.572495
1363 561 796264000 796264000 27432.659822 295174.106514 1490.991427 195400 4.951464 182827061.119290
1364 562 796264000 796264000 26375.939962 351492.392507 2606.892322 195400 4.821853 170246058.162266
1365 563 0 0 -nan 0.000000 2147483647.000000 0 -nan 0.000000
1366 564 796276800 796276800 26684.493032 283583.094545 2319.019588 197000 5.170401 169415991.489842
1367 565 796276800 796276800 27488.624651 288386.462694 2319.019588 197000 5.189701 177791952.384983
1368 566 0 0 -nan 0.000000 2147483647.000000 0 -nan 0.000000
1369 567 0 0 -nan 0.000000 2147483647.000000 0 -nan 0.000000
1370 568 796276800 796276800 21053.275780 259385.759269 934.465027 197000 4.277746 98775420.895998
1371 569 796275200 796275200 25640.745574 270368.389554 933.045869 196800 4.638699 135333830.393050
1372 570 0 0 -nan 0.000000 2147483647.000000 0 -nan 0.000000
1373 571 0 0 -nan 0.000000 2147483647.000000 0 -nan 0.000000
1374 572 796275200 796275200 27817.272906 271913.959972 1490.991427 196800 5.002271 131187279.574946
1375 573 0 0 -nan 0.000000 2147483647.000000 0 -nan 0.000000
1376 574 0 0 -nan 0.000000 2147483647.000000 0 -nan 0.000000
1377 575 0 0 -nan 0.000000 2147483647.000000 0 -nan 0.000000
1423 576 796275200 796275200 26501.377722 305229.275218 2319.019588 196800 4.969106 124722492.265543
1424 577 0 0 -nan 0.000000 2147483647.000000 0 -nan 0.000000
1425 578 0 0 -nan 0.000000 2147483647.000000 0 -nan 0.000000
1426 579 0 0 -nan 0.000000 2147483647.000000 0 -nan 0.000000
1427 580 796276800 796276800 29860.690385 302058.583435 2319.019588 197000 5.177178 184386068.024497
1428 581 796264000 796264000 30566.553130 280477.058532 3147.047749 195400 5.211643 171106646.608195
1429 582 796276800 796276800 31122.932787 274821.564235 2319.019588 197000 5.173878 171215762.150105
1430 583 0 0 -nan 0.000000 2147483647.000000 0 -nan 0.000000
1431 584 0 0 -nan 0.000000 2147483647.000000 0 -nan 0.000000
1432 585 796275200 796275200 28706.546465 314440.925672 1405.796642 196800 4.719162 132346828.764411
1433 586 0 0 -nan 0.000000 2147483647.000000 0 -nan 0.000000
1434 587 0 0 -nan 0.000000 2147483647.000000 0 -nan 0.000000
1435 588 0 0 -nan 0.000000 2147483647.000000 0 -nan 0.000000
1436 589 796264000 796264000 26649.898167 276141.866643 2606.892322 195400 4.851484 131446560.379091
1437 590 0 0 -nan 0.000000 2147483647.000000 0 -nan 0.000000
1438 591 0 0 -nan 0.000000 2147483647.000000 0 -nan 0.000000
1439 592 796275200 796275200 25307.511017 244974.118465 1405.796642 196800 4.839553 84512860.717297
1440 593 0 0 -nan 0.000000 2147483647.000000 0 -nan 0.000000
1441 594 0 0 -nan 0.000000 2147483647.000000 0 -nan 0.000000
1442 595 0 0 -nan 0.000000 2147483647.000000 0 -nan 0.000000
1443 596 796275200 796275200 29627.207675 270382.943325 1490.991427 196800 5.146865 158558844.597719
1444 597 796275200 796275200 29384.674072 271208.683051 2606.892322 196800 4.844842 176716441.528214
1445 598 796275200 796275200 30307.356948 308031.850948 2319.019588 196800 5.201956 170618264.087384
1446 599 0 0 -nan 0.000000 2147483647.000000 0 -nan 0.000000
1447 600 796275200 796275200 30561.958267 282703.676639 2319.019588 196800 5.173222 185046178.920938
1448 601 796275200 796275200 25693.568284 283831.725340 1405.796642 196800 4.733958 158317181.205871
1449 602 796275200 796275200 29858.753877 273325.977579 1405.796642 196800 5.227332 138277364.565623
1450 603 0 0 -nan 0.000000 2147483647.000000 0 -nan 0.000000
1451 604 796275200 796275200 27049.260853 298182.156637 1405.796642 196800 4.810285 165448371.210594
1452 605 796275200 796275200 30605.994187 311314.245722 2319.019588 196800 5.259954 174324412.982957
1453 606 0 0 -nan 0.000000 2147483647.000000 0 -nan 0.000000
1454 607 0 0 -nan 0.000000 2147483647.000000 0 -nan 0.000000
1500 608 0 0 -nan 0.000000 2147483647.000000 0 -nan 0.000000
1501 609 796275200 796275200 25133.372799 258489.175967 2319.019588 196800 5.046352 165048556.466227
1502 610 0 0 -nan 0.000000 2147483647.000000 0 -nan 0.000000
1503 611 796275200 796275200 24787.334470 236342.307091 3147.047749 196800 4.943481 141270049.086275
1504 612 0 0 -nan 0.000000 2147483647.000000 0 -nan 0.000000
1505 613 0 0 -nan 0.000000 2147483647.000000 0 -nan 0.000000
1506 614 796276800 796276800 20882.201779 266730.499355 1405.796642 197000 4.497726 147539364.120393
1507 615 0 0 -nan 0.000000 2147483647.000000 0 -nan 0.000000
1508 616 0 0 -nan 0.000000 2147483647.000000 0 -nan 0.000000
1509 617 796264000 796264000 24911.101059 240320.463497 3147.047749 195400 5.172876 134214316.881801
1510 618 0 0 -nan 0.000000 2147483647.000000 0 -nan 0.000000
1511 619 796276800 796276800 24977.640066 246864.317317 2319.019588 197000 5.120893 160041533.299737
1512 620 0 0 -nan 0.000000 2147483647.000000 0 -nan 0.000000
1513 621 0 0 -nan 0.000000 2147483647.000000 0 -nan 0.000000
1514 622 0 0 -nan 0.000000 2147483647.000000 0 -nan 0.000000
1515 623 796275200 796275200 21687.756588 267458.754902 1490.991427 196800 5.035056 127719130.028140
1516 624 0 0 -nan 0.000000 2147483647.000000 0 -nan 0.000000
1517 625 0 0 -nan 0.000000 2147483647.000000 0 -nan 0.000000
1518 626 0 0 -nan 0.000000 2147483647.000000 0 -nan 0.000000
1519 627 796275200 796275200 25643.316771 270781.503785 1405.796642 196800 5.129177 125761589.913404
1520 628 0 0 -nan 0.000000 2147483647.000000 0 -nan 0.000000
1521 629 0 0 -nan 0.000000 2147483647.000000 0 -nan 0.000000
1522 630 0 0 -nan 0.000000 2147483647.000000 0 -nan 0.000000
1523 631 0 0 -nan 0.000000 2147483647.000000 0 -nan 0.000000
1524 632 0 0 -nan 0.000000 2147483647.000000 0 -nan 0.000000
1525 633 796264000 796264000 24330.241273 259008.309972 1405.796642 195400 4.830819 164431564.855980
1526 634 796275200 796275200 27890.803854 333104.914226 1405.796642 196800 5.185991 141874533.321181
1527 635 796275200 796275200 28136.493335 250650.285196 3147.047749 196800 5.129665 162009247.565742
1528 636 0 0 -nan 0.000000 2147483647.000000 0 -nan 0.000000
1529 637 0 0 -nan 0.000000 2147483647.000000 0 -nan 0.000000
1530 638 0 0 -nan 0.000000 2147483647.000000 0 -nan 0.000000
1531 639 0 0 -nan 0.000000 2147483647.000000 0 -nan 0.000000
1577 640 796276800 796276800 27668.148902 247390.872780 1490.991427 197000 5.055640 147670963.035567
1578 641 796275200 796275200 22331.264877 408929.816003 2319.019588 196800 5.018471 152494931.952216
1579 642 0 0 -nan 0.000000 2147483647.000000 0 -nan 0.000000
1580 643 0 0 -nan 0.000000 2147483647.000000 0 -nan 0.000000
1581 644 0 0 -nan 0.000000 2147483647.000000 0 -nan 0.000000
1582 645 796275200 796275200 25426.788918 267095.121806 2319.019588 196800 5.091240 145848236.996054
1583 646 796275200 796275200 25990.371127 282644.765252 2319.019588 196800 4.847597 155642286.620225
1584 647 0 0 -nan 0.000000 2147483647.000000 0 -nan 0.000000
1585 648 0 0 -nan 0.000000 2147483647.000000 0 -nan 0.000000
1586 649 0 0 -nan 0.000000 2147483647.000000 0 -nan 0.000000
1587 650 796275200 796275200 23026.765816 242978.612064 2319.019588 196800 4.854654 158259149.037855
1588 651 796276800 796276800 21870.747512 302037.200883 2319.019588 197000 5.075107 177903972.952423
1589 652 0 0 -nan 0.000000 2147483647.000000 0 -nan 0.000000
1590 653 0 0 -nan 0.000000 2147483647.000000 0 -nan 0.000000
1591 654 0 0 -nan 0.000000 2147483647.000000 0 -nan 0.000000
1592 655 796264000 796264000 28399.456895 255558.315008 2319.019588 195400 5.148997 141155147.506187
1593 656 0 0 -nan 0.000000 2147483647.000000 0 -nan 0.000000
1594 657 0 0 -nan 0.000000 2147483647.000000 0 -nan 0.000000
1595 658 0 0 -nan 0.000000 2147483647.000000 0 -nan 0.000000
1596 659 0 0 -nan 0.000000 2147483647.000000 0 -nan 0.000000
1597 660 0 0 -nan 0.000000 2147483647.000000 0 -nan 0.000000
1598 661 0 0 -nan 0.000000 2147483647.000000 0 -nan 0.000000
1599 662 796275200 796275200 24985.320942 353153.600855 1490.991427 196800 5.071087 128765639.323150
1600 663 796275200 796275200 25876.458150 234673.772208 2319.019588 196800 5.284268 185261040.208044
1601 664 0 0 -nan 0.000000 2147483647.000000 0 -nan 0.000000
1602 665 796264000 796264000 22335.103241 283497.136329 2132.712311 195400 5.084928 150452113.793239
1603 666 0 0 -nan 0.000000 2147483647.000000 0 -nan 0.000000
1604 667 0 0 -nan 0.000000 2147483647.000000 0 -nan 0.000000
1605 668 0 0 -nan 0.000000 2147483647.000000 0 -nan 0.000000
1606 669 796275200 796275200 24458.993716 270002.889253 2319.019588 196800 5.017749 121573123.942273
1607 670 0 0 -nan 0.000000 2147483647.000000 0 -nan 0.000000
1608 671 0 0 -nan 0.000000 2147483647.000000 0 -nan 0.000000
1654 672 0 0 -nan 0.000000 2147483647.000000 0 -nan 0.000000
1655 673 0 0 -nan 0.000000 2147483647.000000 0 -nan 0.000000
1656 674 796275200 796275200 22604.705107 207048.573387 2319.019588 196800 5.012556 157045370.375995
1657 675 796276800 796276800 23758.677659 230969.252485 2319.019588 197000 5.149975 147487792.303690
1658 676 796275200 796275200 23452.472192 266253.652539 2404.214373 196800 5.174268 145953862.920527
1659 677 796264000 796264000 27321.062628 248128.915182 2319.019588 195400 5.092124 129063196.843669
1660 678 0 0 -nan 0.000000 2147483647.000000 0 -nan 0.000000
1661 679 0 0 -nan 0.000000 2147483647.000000 0 -nan 0.000000
1662 680 0 0 -nan 0.000000 2147483647.000000 0 -nan 0.000000
1663 681 796275200 796275200 20603.120131 278723.494271 2319.019588 196800 5.205777 132771906.007182
1664 682 0 0 -nan 0.000000 2147483647.000000 0 -nan 0.000000
1665 683 0 0 -nan 0.000000 2147483647.000000 0 -nan 0.000000
1666 684 796275200 796275200 27018.939130 227818.707442 3147.047749 196800 5.234822 177194435.320201
1667 685 796275200 796275200 26539.993196 274601.396388 2319.019588 196800 5.160462 153563636.273287
1668 686 0 0 -nan 0.000000 2147483647.000000 0 -nan 0.000000
1669 687 796275200 796275200 26939.033460 252774.422426 2319.019588 196800 5.031692 163470845.673047
1670 688 0 0 -nan 0.000000 2147483647.000000 0 -nan 0.000000
1671 689 0 0 -nan 0.000000 2147483647.000000 0 -nan 0.000000
1672 690 796275200 796275200 24915.173719 257867.740971 2319.019588 196800 5.073303 113160533.714822
1673 691 0 0 -nan 0.000000 2147483647.000000 0 -nan 0.000000
1674 692 0 0 -nan 0.000000 2147483647.000000 0 -nan 0.000000
1675 693 0 0 -nan 0.000000 2147483647.000000 0 -nan 0.000000
1676 694 0 0 -nan 0.000000 2147483647.000000 0 -nan 0.000000
1677 695 0 0 -nan 0.000000 2147483647.000000 0 -nan 0.000000
1678 696 0 0 -nan 0.000000 2147483647.000000 0 -nan 0.000000
1679 697 0 0 -nan 0.000000 2147483647.000000 0 -nan 0.000000
1680 698 0 0 -nan 0.000000 2147483647.000000 0 -nan 0.000000
1681 699 0 0 -nan 0.000000 2147483647.000000 0 -nan 0.000000
1682 700 796275200 796275200 24735.365082 254622.575787 2319.019588 196800 5.100589 162723302.809557
1683 701 0 0 -nan 0.000000 2147483647.000000 0 -nan 0.000000
1684 702 0 0 -nan 0.000000 2147483647.000000 0 -nan 0.000000
1685 703 0 0 -nan 0.000000 2147483647.000000 0 -nan 0.000000
1731 704 0 0 -nan 0.000000 2147483647.000000 0 -nan 0.000000
1732 705 0 0 -nan 0.000000 2147483647.000000 0 -nan 0.000000
1733 706 796264000 796264000 19263.494719 223120.894178 2319.019588 195400 5.105072 133218079.677725
1734 707 0 0 -nan 0.000000 2147483647.000000 0 -nan 0.000000
1735 708 0 0 -nan 0.000000 2147483647.000000 0 -nan 0.000000
1736 709 796275200 796275200 18057.330925 293326.893552 577.768481 196800 5.001062 178059313.942152
1737 710 0 0 -nan 0.000000 2147483647.000000 0 -nan 0.000000
1738 711 796275200 796275200 20645.443328 239063.678056 577.768481 196800 4.859070 110615674.280049
1739 712 0 0 -nan 0.000000 2147483647.000000 0 -nan 0.000000
1740 713 796275200 796275200 20893.408933 235372.412477 2319.019588 196800 5.175457 148616737.355863
1741 714 0 0 -nan 0.000000 2147483647.000000 0 -nan 0.000000
1742 715 796275200 796275200 20531.650950 219166.500416 2319.019588 196800 5.075534 149328613.074658
1743 716 0 0 -nan 0.000000 2147483647.000000 0 -nan 0.000000
1744 717 0 0 -nan 0.000000 2147483647.000000 0 -nan 0.000000
1745 718 796275200 796275200 19343.939340 254489.767793 2319.019588 196800 4.760391 142891207.229094
1746 719 0 0 -nan 0.000000 2147483647.000000 0 -nan 0.000000
1747 720 0 0 -nan 0.000000 2147483647.000000 0 -nan 0.000000
1748 721 0 0 -nan 0.000000 2147483647.000000 0 -nan 0.000000
1749 722 0 0 -nan 0.000000 2147483647.000000 0 -nan 0.000000
1750 723 0 0 -nan 0.000000 2147483647.000000 0 -nan 0.000000
1751 724 0 0 -nan 0.000000 2147483647.000000 0 -nan 0.000000
1752 725 0 0 -nan 0.000000 2147483647.000000 0 -nan 0.000000
1753 726 0 0 -nan 0.000000 2147483647.000000 0 -nan 0.000000
1754 727 0 0 -nan 0.000000 2147483647.000000 0 -nan 0.000000
1755 728 0 0 -nan 0.000000 2147483647.000000 0 -nan 0.000000
1756 729 0 0 -nan 0.000000 2147483647.000000 0 -nan 0.000000
1757 730 0 0 -nan 0.000000 2147483647.000000 0 -nan 0.000000
1758 731 796275200 796275200 19438.858106 230726.880079 2319.019588 196800 5.232276 133439340.059263
1759 732 796275200 796275200 20662.745376 263679.206698 2319.019588 196800 4.780036 140408835.421800
1760 733 0 0 -nan 0.000000 2147483647.000000 0 -nan 0.000000
1761 734 0 0 -nan 0.000000 2147483647.000000 0 -nan 0.000000
1762 735 0 0 -nan 0.000000 2147483647.000000 0 -nan 0.000000
1808 736 0 0 -nan 0.000000 2147483647.000000 0 -nan 0.000000
1809 737 0 0 -nan 0.000000 2147483647.000000 0 -nan 0.000000
1810 738 796264000 796264000 22861.829864 241448.505655 2319.019588 195400 5.172758 107587026.067600
1811 739 796275200 796275200 22269.580979 265933.240555 2319.019588 196800 5.102485 164917091.290502
1812 740 796275200 796275200 20321.201985 251903.922992 1405.796642 196800 5.112464 141927515.935749
1813 741 796276800 796276800 21316.694222 267921.544484 2319.019588 197000 5.118310 177884170.626896
1814 742 0 0 -nan 0.000000 2147483647.000000 0 -nan 0.000000
1815 743 0 0 -nan 0.000000 2147483647.000000 0 -nan 0.000000
1816 744 0 0 -nan 0.000000 2147483647.000000 0 -nan 0.000000
1817 745 0 0 -nan 0.000000 2147483647.000000 0 -nan 0.000000
1818 746 0 0 -nan 0.000000 2147483647.000000 0 -nan 0.000000
1819 747 0 0 -nan 0.000000 2147483647.000000 0 -nan 0.000000
1820 748 0 0 -nan 0.000000 2147483647.000000 0 -nan 0.000000
1821 749 0 0 -nan 0.000000 2147483647.000000 0 -nan 0.000000
1822 750 796275200 796275200 22745.172635 290821.252546 2319.019588 196800 5.127561 141388917.047304
1823 751 0 0 -nan 0.000000 2147483647.000000 0 -nan 0.000000
1824 752 0 0 -nan 0.000000 2147483647.000000 0 -nan 0.000000
1825 753 0 0 -nan 0.000000 2147483647.000000 0 -nan 0.000000
1826 754 796275200 796275200 20129.979816 220999.392100 2319.019588 196800 5.166834 100244905.090385
1827 755 0 0 -nan 0.000000 2147483647.000000 0 -nan 0.000000
1828 756 796275200 796275200 23018.840444 279423.608167 1405.796642 196800 5.028806 153443911.278775
1829 757 0 0 -nan 0.000000 2147483647.000000 0 -nan 0.000000
1830 758 796275200 796275200 21476.541512 200757.446654 2319.019588 196800 5.054822 183850465.265076
1831 759 0 0 -nan 0.000000 2147483647.000000 0 -nan 0.000000
1832 760 0 0 -nan 0.000000 2147483647.000000 0 -nan 0.000000
1833 761 0 0 -nan 0.000000 2147483647.000000 0 -nan 0.000000
1834 762 796275200 796275200 21572.236086 221897.195302 3147.047749 196800 5.194375 140101919.656041
1835 763 0 0 -nan 0.000000 2147483647.000000 0 -nan 0.000000
1836 764 0 0 -nan 0.000000 2147483647.000000 0 -nan 0.000000
1837 765 0 0 -nan 0.000000 2147483647.000000 0 -nan 0.000000
1838 766 0 0 -nan 0.000000 2147483647.000000 0 -nan 0.000000
1839 767 0 0 -nan 0.000000 2147483647.000000 0 -nan 0.000000
1885 768 0 0 -nan 0.000000 2147483647.000000 0 -nan 0.000000
1886 769 0 0 -nan 0.000000 2147483647.000000 0 -nan 0.000000
1887 770 0 0 -nan 0.000000 2147483647.000000 0 -nan 0.000000
1888 771 0 0 -nan 0.000000 2147483647.000000 0 -nan 0.000000
1889 772 0 0 -nan 0.000000 2147483647.000000 0 -nan 0.000000
1890 773 796276800 796276800 23178.551585 319517.846690 1405.796642 197000 5.006934 139444747.889577
1891 774 0 0 -nan 0.000000 2147483647.000000 0 -nan 0.000000
1892 775 796275200 796275200 22086.719214 297250.122621 2404.214373 196800 5.264822 139331250.524626
1893 776 0 0 -nan 0.000000 2147483647.000000 0 -nan 0.000000
1894 777 796276800 796276800 26585.722333 323682.106167 2319.019588 197000 5.254883 154829163.265122
1895 778 0 0 -nan 0.000000 2147483647.000000 0 -nan 0.000000
1896 779 796275200 796275200 24438.314615 319027.564598 1405.796642 196800 4.799553 171318574.399918
1897 780 796275200 796275200 23862.500848 288393.399575 2319.019588 196800 5.128277 187484851.678189
1898 781 796276800 796276800 22886.938619 304333.513111 1405.796642 197000 5.177183 143331374.267200
1899 782 0 0 -nan 0.000000 2147483647.000000 0 -nan 0.000000
1900 783 0 0 -nan 0.000000 2147483647.000000 0 -nan 0.000000
1901 784 0 0 -nan 0.000000 2147483647.000000 0 -nan 0.000000
1902 785 0 0 -nan 0.000000 2147483647.000000 0 -nan 0.000000
1903 786 0 0 -nan 0.000000 2147483647.000000 0 -nan 0.000000
1904 787 0 0 -nan 0.000000 2147483647.000000 0 -nan 0.000000
1905 788 796275200 796275200 23715.921450 307657.179205 2319.019588 196800 5.218140 156248644.668375
1906 789 0 0 -nan 0.000000 2147483647.000000 0 -nan 0.000000
1907 790 0 0 -nan 0.000000 2147483647.000000 0 -nan 0.000000
1908 791 0 0 -nan 0.000000 2147483647.000000 0 -nan 0.000000
1909 792 0 0 -nan 0.000000 2147483647.000000 0 -nan 0.000000
1910 793 796275200 796275200 27137.612784 325401.297157 1405.796642 196800 4.829345 141316056.750225
1911 794 796275200 796275200 27727.800498 265254.942107 2319.019588 196800 5.284284 135079659.850031
1912 795 0 0 -nan 0.000000 2147483647.000000 0 -nan 0.000000
1913 796 0 0 -nan 0.000000 2147483647.000000 0 -nan 0.000000
1914 797 796276800 796276800 23306.007795 287009.737329 1405.796642 197000 5.042975 126180664.145480
1915 798 0 0 -nan 0.000000 2147483647.000000 0 -nan 0.000000
1916 799 0 0 -nan 0.000000 2147483647.000000 0 -nan 0.000000
1962 800 0 0 -nan 0.000000 2147483647.000000 0 -nan 0.000000
1963 801 0 0 -nan 0.000000 2147483647.000000 0 -nan 0.000000
1964 802 0 0 -nan 0.000000 2147483647.000000 0 -nan 0.000000
1965 803 0 0 -nan 0.000000 2147483647.000000 0 -nan 0.000000
1966 804 796264000 796264000 21341.722670 335170.001773 3147.047749 195400 5.197794 157764775.465379
1967 805 0 0 -nan 0.000000 2147483647.000000 0 -nan 0.000000
1968 806 0 0 -nan 0.000000 2147483647.000000 0 -nan 0.000000
1969 807 796275200 796275200 18938.713983 276496.800658 3147.047749 196800 5.095234 163962452.646436
1970 808 0 0 -nan 0.000000 2147483647.000000 0 -nan 0.000000
1971 809 0 0 -nan 0.000000 2147483647.000000 0 -nan 0.000000
1972 810 0 0 -nan 0.000000 2147483647.000000 0 -nan 0.000000
1973 811 0 0 -nan 0.000000 2147483647.000000 0 -nan 0.000000
1974 812 0 0 -nan 0.000000 2147483647.000000 0 -nan 0.000000
1975 813 796275200 796275200 21406.351428 298701.402519 1490.991427 196800 4.967576 121418157.412381
1976 814 796275200 796275200 23861.820014 298030.858012 2319.019588 196800 5.162363 160203942.377460
1977 815 0 0 -nan 0.000000 2147483647.000000 0 -nan 0.000000
1978 816 0 0 -nan 0.000000 2147483647.000000 0 -nan 0.000000
1979 817 0 0 -nan 0.000000 2147483647.000000 0 -nan 0.000000
1980 818 0 0 -nan 0.000000 2147483647.000000 0 -nan 0.000000
1981 819 0 0 -nan 0.000000 2147483647.000000 0 -nan 0.000000
1982 820 796275200 796275200 19727.040132 243601.493881 2319.019588 196800 5.060310 178268484.621063
1983 821 0 0 -nan 0.000000 2147483647.000000 0 -nan 0.000000
1984 822 0 0 -nan 0.000000 2147483647.000000 0 -nan 0.000000
1985 823 796275200 796275200 19977.730099 213521.006235 2319.019588 196800 5.123948 154110632.430665
1986 824 0 0 -nan 0.000000 2147483647.000000 0 -nan 0.000000
1987 825 0 0 -nan 0.000000 2147483647.000000 0 -nan 0.000000
1988 826 0 0 -nan 0.000000 2147483647.000000 0 -nan 0.000000
1989 827 796275200 796275200 22350.734071 262291.094469 2319.019588 196800 5.068222 144705678.918609
1990 828 796275200 796275200 22289.309131 334751.444297 2319.019588 196800 5.032459 151921811.608064
1991 829 0 0 -nan 0.000000 2147483647.000000 0 -nan 0.000000
1992 830 0 0 -nan 0.000000 2147483647.000000 0 -nan 0.000000
1993 831 0 0 -nan 0.000000 2147483647.000000 0 -nan 0.000000
2039 832 0 0 -nan 0.000000 2147483647.000000 0 -nan 0.000000
2040 833 0 0 -nan 0.000000 2147483647.000000 0 -nan 0.000000
2041 834 0 0 -nan 0.000000 2147483647.000000 0 -nan 0.000000
2042 835 0 0 -nan 0.000000 2147483647.000000 0 -nan 0.000000
2043 836 796275200 796275200 19233.167860 349844.236266 1405.796642 196800 5.027805 178524673.699255
2044 837 0 0 -nan 0.000000 2147483647.000000 0 -nan 0.000000
2045 838 0 0 -nan 0.000000 2147483647.000000 0 -nan 0.000000
2046 839 0 0 -nan 0.000000 2147483647.000000 0 -nan 0.000000
2047 840 0 0 -nan 0.000000 2147483647.000000 0 -nan 0.000000
2048 841 0 0 -nan 0.000000 2147483647.000000 0 -nan 0.000000
2049 842 0 0 -nan 0.000000 2147483647.000000 0 -nan 0.000000
2050 843 796275200 796275200 21859.823077 306183.763863 2319.019588 196800 5.108237 149563492.293044
2051 844 0 0 -nan 0.000000 2147483647.000000 0 -nan 0.000000
2052 845 0 0 -nan 0.000000 2147483647.000000 0 -nan 0.000000
2053 846 0 0 -nan 0.000000 2147483647.000000 0 -nan 0.000000
2054 847 0 0 -nan 0.000000 2147483647.000000 0 -nan 0.000000
2055 848 0 0 -nan 0.000000 2147483647.000000 0 -nan 0.000000
2056 849 0 0 -nan 0.000000 2147483647.000000 0 -nan 0.000000
2057 850 0 0 -nan 0.000000 2147483647.000000 0 -nan 0.000000
2058 851 0 0 -nan 0.000000 2147483647.000000 0 -nan 0.000000
2059 852 0 0 -nan 0.000000 2147483647.000000 0 -nan 0.000000
2060 853 796275200 796275200 19138.162374 261077.371962 1405.796642 196800 5.215178 176347830.991560
2061 854 0 0 -nan 0.000000 2147483647.000000 0 -nan 0.000000
2062 855 796276800 796276800 19619.679859 322032.218461 2319.019588 197000 4.882751 138712253.335165
2063 856 0 0 -nan 0.000000 2147483647.000000 0 -nan 0.000000
2064 857 0 0 -nan 0.000000 2147483647.000000 0 -nan 0.000000
2065 858 0 0 -nan 0.000000 2147483647.000000 0 -nan 0.000000
2066 859 0 0 -nan 0.000000 2147483647.000000 0 -nan 0.000000
2067 860 0 0 -nan 0.000000 2147483647.000000 0 -nan 0.000000
2068 861 0 0 -nan 0.000000 2147483647.000000 0 -nan 0.000000
2069 862 0 0 -nan 0.000000 2147483647.000000 0 -nan 0.000000
2070 863 0 0 -nan 0.000000 2147483647.000000 0 -nan 0.000000
2116 864 796275200 796275200 30483.845377 382738.918033 2319.019588 196800 5.310701 159548680.850270
2117 865 796264000 796264000 26213.053417 321131.992115 3147.047749 195400 5.139672 171532870.279617
2118 866 0 0 -nan 0.000000 2147483647.000000 0 -nan 0.000000
2119 867 796275200 796275200 27782.683859 333320.072171 1405.796642 196800 5.236357 167170233.769231
2120 868 0 0 -nan 0.000000 2147483647.000000 0 -nan 0.000000
2121 869 796275200 796275200 28789.251166 376803.394488 2319.019588 196800 5.122043 135937800.185906
2122 870 796275200 796275200 27981.592052 371763.028472 1405.796642 196800 5.267927 161253664.173227
2123 871 0 0 -nan 0.000000 2147483647.000000 0 -nan 0.000000
2124 872 796275200 796275200 32912.626081 378146.779123 1405.796642 196800 5.131474 111970064.480090
2125 873 0 0 -nan 0.000000 2147483647.000000 0 -nan 0.000000
2126 874 0 0 -nan 0.000000 2147483647.000000 0 -nan 0.000000
2127 875 796276800 796276800 30437.147424 364287.698361 2319.019588 197000 5.243777 187548602.974507
2128 876 0 0 -nan 0.000000 2147483647.000000 0 -nan 0.000000
2129 877 0 0 -nan 0.000000 2147483647.000000 0 -nan 0.000000
2130 878 796275200 796275200 29857.478453 377279.540781 1405.796642 196800 5.262790 138818470.213873
2131 879 0 0 -nan 0.000000 2147483647.000000 0 -nan 0.000000
2132 880 0 0 -nan 0.000000 2147483647.000000 0 -nan 0.000000
2133 881 0 0 -nan 0.000000 2147483647.000000 0 -nan 0.000000
2134 882 0 0 -nan 0.000000 2147483647.000000 0 -nan 0.000000
2135 883 796275200 796275200 27692.291730 359894.475540 2319.019588 196800 5.090158 148697333.492160
2136 884 796275200 796275200 27451.958415 400681.214624 2319.019588 196800 5.191931 161685647.614580
2137 885 0 0 -nan 0.000000 2147483647.000000 0 -nan 0.000000
2138 886 796275200 796275200 28703.227991 311177.888915 2319.019588 196800 5.284329 170700973.494721
2139 887 0 0 -nan 0.000000 2147483647.000000 0 -nan 0.000000
2140 888 796264000 796264000 27949.798158 460719.593589 2319.019588 195400 5.110803 147440066.201420
2141 889 0 0 -nan 0.000000 2147483647.000000 0 -nan 0.000000
2142 890 0 0 -nan 0.000000 2147483647.000000 0 -nan 0.000000
2143 891 0 0 -nan 0.000000 2147483647.000000 0 -nan 0.000000
2144 892 796264000 796264000 29401.210186 352418.357307 2319.019588 195400 5.164995 135007568.156451
2145 893 0 0 -nan 0.000000 2147483647.000000 0 -nan 0.000000
2146 894 0 0 -nan 0.000000 2147483647.000000 0 -nan 0.000000
2147 895 0 0 -nan 0.000000 2147483647.000000 0 -nan 0.000000
2193 896 0 0 -nan 0.000000 2147483647.000000 0 -nan 0.000000
2194 897 0 0 -nan 0.000000 2147483647.000000 0 -nan 0.000000
2195 898 0 0 -nan 0.000000 2147483647.000000 0 -nan 0.000000
2196 899 0 0 -nan 0.000000 2147483647.000000 0 -nan 0.000000
2197 900 0 0 -nan 0.000000 2147483647.000000 0 -nan 0.000000
2198 901 796275200 796275200 20311.664200 263954.204747 1490.991427 196800 5.093216 149901941.035737
2199 902 0 0 -nan 0.000000 2147483647.000000 0 -nan 0.000000
2200 903 0 0 -nan 0.000000 2147483647.000000 0 -nan 0.000000
2201 904 0 0 -nan 0.000000 2147483647.000000 0 -nan 0.000000
2202 905 0 0 -nan 0.000000 2147483647.000000 0 -nan 0.000000
2203 906 0 0 -nan 0.000000 2147483647.000000 0 -nan 0.000000
2204 907 0 0 -nan 0.000000 2147483647.000000 0 -nan 0.000000
2205 908 0 0 -nan 0.000000 2147483647.000000 0 -nan 0.000000
2206 909 796275200 796275200 20515.254142 258847.888793 3147.047749 196800 5.244654 136461205.475182
2207 910 0 0 -nan 0.000000 2147483647.000000 0 -nan 0.000000
2208 911 0 0 -nan 0.000000 2147483647.000000 0 -nan 0.000000
2209 912 796264000 796264000 23343.001025 252379.831343 2132.712311 195400 5.123449 167054839.079134
2210 913 0 0 -nan 0.000000 2147483647.000000 0 -nan 0.000000
2211 914 0 0 -nan 0.000000 2147483647.000000 0 -nan 0.000000
2212 915 0 0 -nan 0.000000 2147483647.000000 0 -nan 0.000000
2213 916 0 0 -nan 0.000000 2147483647.000000 0 -nan 0.000000
2214 917 796275200 796275200 21659.889302 261491.930803 2319.019588 196800 5.065539 138892033.548897
2215 918 0 0 -nan 0.000000 2147483647.000000 0 -nan 0.000000
2216 919 0 0 -nan 0.000000 2147483647.000000 0 -nan 0.000000
2217 920 0 0 -nan 0.000000 2147483647.000000 0 -nan 0.000000
2218 921 796276800 796276800 19026.256687 329204.077847 2319.019588 197000 5.014513 160427324.596704
2219 922 0 0 -nan 0.000000 2147483647.000000 0 -nan 0.000000
2220 923 0 0 -nan 0.000000 2147483647.000000 0 -nan 0.000000
2221 924 796275200 796275200 20216.421090 276457.199007 2319.019588 196800 5.030432 164971216.016717
2222 925 0 0 -nan 0.000000 2147483647.000000 0 -nan 0.000000
2223 926 0 0 -nan 0.000000 2147483647.000000 0 -nan 0.000000
2224 927 0 0 -nan 0.000000 2147483647.000000 0 -nan 0.000000
2270 928 796275200 796275200 28747.063217 288535.433995 2319.019588 196800 5.078963 155300902.033893
2271 929 796275200 796275200 29716.300551 274112.397313 577.768481 196800 5.193735 124647905.859313
2272 930 0 0 -nan 0.000000 2147483647.000000 0 -nan 0.000000
2273 931 796275200 796275200 27728.388929 287491.076546 577.768481 196800 4.734929 172653096.875251
2274 932 796276800 796276800 26795.297108 344934.135087 2319.019588 197000 4.843528 161333967.672136
2275 933 0 0 -nan 0.000000 2147483647.000000 0 -nan 0.000000
2276 934 0 0 -nan 0.000000 2147483647.000000 0 -nan 0.000000
2277 935 796275200 796275200 31963.965662 345685.764330 2319.019588 196800 5.188089 139119242.850517
2278 936 796264000 796264000 28477.181649 313062.952660 2319.019588 195400 4.825189 175227144.450669
2279 937 0 0 -nan 0.000000 2147483647.000000 0 -nan 0.000000
2280 938 796264000 796264000 32396.078649 312097.340664 1053.674316 195400 4.313050 79521784.827388
2281 939 796264000 796264000 30466.671819 320431.105411 995.175907 195400 4.764719 193123608.877193
2282 940 0 0 -nan 0.000000 2147483647.000000 0 -nan 0.000000
2283 941 0 0 -nan 0.000000 2147483647.000000 0 -nan 0.000000
2284 942 0 0 -nan 0.000000 2147483647.000000 0 -nan 0.000000
2285 943 0 0 -nan 0.000000 2147483647.000000 0 -nan 0.000000
2286 944 0 0 -nan 0.000000 2147483647.000000 0 -nan 0.000000
2287 945 796275200 796275200 27802.875135 275285.316939 2319.019588 196800 5.206717 140493472.606773
2288 946 0 0 -nan 0.000000 2147483647.000000 0 -nan 0.000000
2289 947 0 0 -nan 0.000000 2147483647.000000 0 -nan 0.000000
2290 948 796275200 796275200 35566.039704 383909.251640 2319.019588 196800 5.382917 161817144.699834
2291 949 796276800 796276800 30502.947682 321668.361744 1490.991427 197000 5.326863 161975580.567299
2292 950 0 0 -nan 0.000000 2147483647.000000 0 -nan 0.000000
2293 951 0 0 -nan 0.000000 2147483647.000000 0 -nan 0.000000
2294 952 0 0 -nan 0.000000 2147483647.000000 0 -nan 0.000000
2295 953 0 0 -nan 0.000000 2147483647.000000 0 -nan 0.000000
2296 954 0 0 -nan 0.000000 2147483647.000000 0 -nan 0.000000
2297 955 0 0 -nan 0.000000 2147483647.000000 0 -nan 0.000000
2298 956 796264000 796264000 28855.551835 295134.468923 3147.047749 195400 5.290256 107063579.893298
2299 957 0 0 -nan 0.000000 2147483647.000000 0 -nan 0.000000
2300 958 0 0 -nan 0.000000 2147483647.000000 0 -nan 0.000000
2301 959 0 0 -nan 0.000000 2147483647.000000 0 -nan 0.000000
2347 960 0 0 -nan 0.000000 2147483647.000000 0 -nan 0.000000
2348 961 0 0 -nan 0.000000 2147483647.000000 0 -nan 0.000000
2349 962 0 0 -nan 0.000000 2147483647.000000 0 -nan 0.000000
2350 963 0 0 -nan 0.000000 2147483647.000000 0 -nan 0.000000
2351 964 0 0 -nan 0.000000 2147483647.000000 0 -nan 0.000000
2352 965 0 0 -nan 0.000000 2147483647.000000 0 -nan 0.000000
2353 966 0 0 -nan 0.000000 2147483647.000000 0 -nan 0.000000
2354 967 0 0 -nan 0.000000 2147483647.000000 0 -nan 0.000000
2355 968 0 0 -nan 0.000000 2147483647.000000 0 -nan 0.000000
2356 969 0 0 -nan 0.000000 2147483647.000000 0 -nan 0.000000
2357 970 0 0 -nan 0.000000 2147483647.000000 0 -nan 0.000000
2358 971 0 0 -nan 0.000000 2147483647.000000 0 -nan 0.000000
2359 972 0 0 -nan 0.000000 2147483647.000000 0 -nan 0.000000
2360 973 0 0 -nan 0.000000 2147483647.000000 0 -nan 0.000000
2361 974 0 0 -nan 0.000000 2147483647.000000 0 -nan 0.000000
2362 975 0 0 -nan 0.000000 2147483647.000000 0 -nan 0.000000
2363 976 0 0 -nan 0.000000 2147483647.000000 0 -nan 0.000000
2364 977 0 0 -nan 0.000000 2147483647.000000 0 -nan 0.000000
2365 978 0 0 -nan 0.000000 2147483647.000000 0 -nan 0.000000
2366 979 0 0 -nan 0.000000 2147483647.000000 0 -nan 0.000000
2367 980 0 0 -nan 0.000000 2147483647.000000 0 -nan 0.000000
2368 981 0 0 -nan 0.000000 2147483647.000000 0 -nan 0.000000
2369 982 0 0 -nan 0.000000 2147483647.000000 0 -nan 0.000000
2370 983 0 0 -nan 0.000000 2147483647.000000 0 -nan 0.000000
2371 984 0 0 -nan 0.000000 2147483647.000000 0 -nan 0.000000
2372 985 0 0 -nan 0.000000 2147483647.000000 0 -nan 0.000000
2373 986 0 0 -nan 0.000000 2147483647.000000 0 -nan 0.000000
2374 987 0 0 -nan 0.000000 2147483647.000000 0 -nan 0.000000
2375 988 0 0 -nan 0.000000 2147483647.000000 0 -nan 0.000000
2376 989 0 0 -nan 0.000000 2147483647.000000 0 -nan 0.000000
2377 990 0 0 -nan 0.000000 2147483647.000000 0 -nan 0.000000
2378 991 0 0 -nan 0.000000 2147483647.000000 0 -nan 0.000000
2424 992 0 0 -nan 0.000000 2147483647.000000 0 -nan 0.000000
2425 993 0 0 -nan 0.000000 2147483647.000000 0 -nan 0.000000
2426 994 0 0 -nan 0.000000 2147483647.000000 0 -nan 0.000000
2427 995 0 0 -nan 0.000000 2147483647.000000 0 -nan 0.000000
2428 996 0 0 -nan 0.000000 2147483647.000000 0 -nan 0.000000
2429 997 0 0 -nan 0.000000 2147483647.000000 0 -nan 0.000000
2430 998 0 0 -nan 0.000000 2147483647.000000 0 -nan 0.000000
2431 999 0 0 -nan 0.000000 2147483647.000000 0 -nan 0.000000
2432 1000 0 0 -nan 0.000000 2147483647.000000 0 -nan 0.000000
2433 1001 0 0 -nan 0.000000 2147483647.000000 0 -nan 0.000000
2434 1002 0 0 -nan 0.000000 2147483647.000000 0 -nan 0.000000
2435 1003 0 0 -nan 0.000000 2147483647.000000 0 -nan 0.000000
2436 1004 0 0 -nan 0.000000 2147483647.000000 0 -nan 0.000000
2437 1005 0 0 -nan 0.000000 2147483647.000000 0 -nan 0.000000
2438 1006 0 0 -nan 0.000000 2147483647.000000 0 -nan 0.000000
2439 1007 0 0 -nan 0.000000 2147483647.000000 0 -nan 0.000000
2440 1008 0 0 -nan 0.000000 2147483647.000000 0 -nan 0.000000
2441 1009 0 0 -nan 0.000000 2147483647.000000 0 -nan 0.000000
2442 1010 0 0 -nan 0.000000 2147483647.000000 0 -nan 0.000000
2443 1011 0 0 -nan 0.000000 2147483647.000000 0 -nan 0.000000
2444 1012 0 0 -nan 0.000000 2147483647.000000 0 -nan 0.000000
2445 1013 0 0 -nan 0.000000 2147483647.000000 0 -nan 0.000000
2446 1014 0 0 -nan 0.000000 2147483647.000000 0 -nan 0.000000
2447 1015 0 0 -nan 0.000000 2147483647.000000 0 -nan 0.000000
2448 1016 0 0 -nan 0.000000 2147483647.000000 0 -nan 0.000000
2449 1017 0 0 -nan 0.000000 2147483647.000000 0 -nan 0.000000
2450 1018 0 0 -nan 0.000000 2147483647.000000 0 -nan 0.000000
2451 1019 0 0 -nan 0.000000 2147483647.000000 0 -nan 0.000000
2452 1020 0 0 -nan 0.000000 2147483647.000000 0 -nan 0.000000
2453 1021 0 0 -nan 0.000000 2147483647.000000 0 -nan 0.000000
2454 1022 0 0 -nan 0.000000 2147483647.000000 0 -nan 0.000000
2455 1023 0 0 -nan 0.000000 2147483647.000000 0 -nan 0.000000
2501 1024 0 0 -nan 0.000000 2147483647.000000 0 -nan 0.000000
2502 1025 0 0 -nan 0.000000 2147483647.000000 0 -nan 0.000000
2503 1026 0 0 -nan 0.000000 2147483647.000000 0 -nan 0.000000
2504 1027 0 0 -nan 0.000000 2147483647.000000 0 -nan 0.000000
2505 1028 0 0 -nan 0.000000 2147483647.000000 0 -nan 0.000000
2506 1029 0 0 -nan 0.000000 2147483647.000000 0 -nan 0.000000
2507 1030 0 0 -nan 0.000000 2147483647.000000 0 -nan 0.000000
2508 1031 0 0 -nan 0.000000 2147483647.000000 0 -nan 0.000000
2509 1032 0 0 -nan 0.000000 2147483647.000000 0 -nan 0.000000
2510 1033 0 0 -nan 0.000000 2147483647.000000 0 -nan 0.000000
2511 1034 0 0 -nan 0.000000 2147483647.000000 0 -nan 0.000000
2512 1035 0 0 -nan 0.000000 2147483647.000000 0 -nan 0.000000
2513 1036 0 0 -nan 0.000000 2147483647.000000 0 -nan 0.000000
2514 1037 0 0 -nan 0.000000 2147483647.000000 0 -nan 0.000000
2515 1038 0 0 -nan 0.000000 2147483647.000000 0 -nan 0.000000
2516 1039 0 0 -nan 0.000000 2147483647.000000 0 -nan 0.000000
2517 1040 0 0 -nan 0.000000 2147483647.000000 0 -nan 0.000000
2518 1041 0 0 -nan 0.000000 2147483647.000000 0 -nan 0.000000
2519 1042 0 0 -nan 0.000000 2147483647.000000 0 -nan 0.000000
2520 1043 0 0 -nan 0.000000 2147483647.000000 0 -nan 0.000000
2521 1044 0 0 -nan 0.000000 2147483647.000000 0 -nan 0.000000
2522 1045 0 0 -nan 0.000000 2147483647.000000 0 -nan 0.000000
2523 1046 0 0 -nan 0.000000 2147483647.000000 0 -nan 0.000000
2524 1047 0 0 -nan 0.000000 2147483647.000000 0 -nan 0.000000
2525 1048 0 0 -nan 0.000000 2147483647.000000 0 -nan 0.000000
2526 1049 0 0 -nan 0.000000 2147483647.000000 0 -nan 0.000000
2527 1050 0 0 -nan 0.000000 2147483647.000000 0 -nan 0.000000
2528 1051 0 0 -nan 0.000000 2147483647.000000 0 -nan 0.000000
2529 1052 0 0 -nan 0.000000 2147483647.000000 0 -nan 0.000000
2530 1053 0 0 -nan 0.000000 2147483647.000000 0 -nan 0.000000
2531 1054 0 0 -nan 0.000000 2147483647.000000 0 -nan 0.000000
2532 1055 0 0 -nan 0.000000 2147483647.000000 0 -nan 0.000000
