# Format <LP ID> <Terminal ID> <Job ID> <Local Rank> <Total sends> <Total Recvs> <Bytes sent> <Bytes recvd> <Send time> <Comm. time> <Compute time> <Avg msg time> <Max Msg Time>
6 0 -1 -1 0 0 0 0 0.000000 0.000000 0.000000 -nan 0.000000
7 1 -1 -1 0 0 0 0 0.000000 0.000000 0.000000 -nan 0.000000
8 2 -1 -1 0 0 0 0 0.000000 0.000000 0.000000 -nan 0.000000
9 3 -1 -1 0 0 0 0 0.000000 0.000000 0.000000 -nan 0.000000
10 4 -1 -1 0 0 0 0 0.000000 0.000000 0.000000 -nan 0.000000
11 5 -1 -1 0 0 0 0 0.000000 0.000000 0.000000 -nan 0.000000
12 6 0 246 3200 3200 796275200 796275200 911405300.737427 218249259.150525 5000.000000 284814.156480 218254259.150525
13 7 -1 -1 0 0 0 0 0.000000 0.000000 0.000000 -nan 0.000000
14 8 -1 -1 0 0 0 0 0.000000 0.000000 0.000000 -nan 0.000000
15 9 -1 -1 0 0 0 0 0.000000 0.000000 0.000000 -nan 0.000000
16 10 0 286 3200 3200 796275200 796275200 902719154.461150 218249835.676088 5000.000000 282099.735769 218254835.676088
17 11 -1 -1 0 0 0 0 0.000000 0.000000 0.000000 -nan 0.000000
18 12 -1 -1 0 0 0 0 0.000000 0.000000 0.000000 -nan 0.000000
19 13 0 248 3200 3200 796275200 796275200 924784568.309587 218239484.716666 5000.000000 288995.177597 218244484.716666
20 14 0 81 3400 3400 796276800 796276800 955190207.098327 218243838.081746 5000.000000 280938.296205 218248838.081746
21 15 -1 -1 0 0 0 0 0.000000 0.000000 0.000000 -nan 0.000000
22 16 -1 -1 0 0 0 0 0.000000 0.000000 0.000000 -nan 0.000000
23 17 -1 -1 0 0 0 0 0.000000 0.000000 0.000000 -nan 0.000000
24 18 0 24 1800 1800 796264000 796264000 811616214.745223 218240693.583546 5000.000000 450897.897081 218245693.583546
25 19 -1 -1 0 0 0 0 0.000000 0.000000 0.000000 -nan 0.000000
26 20 -1 -1 0 0 0 0 0.000000 0.000000 0.000000 -nan 0.000000
27 21 -1 -1 0 0 0 0 0.000000 0.000000 0.000000 -nan 0.000000
28 22 -1 -1 0 0 0 0 0.000000 0.000000 0.000000 -nan 0.000000
29 23 -1 -1 0 0 0 0 0.000000 0.000000 0.000000 -nan 0.000000
30 24 0 174 3200 3200 796275200 796275200 832792572.104538 218245861.063491 5000.000000 260247.678783 218250861.063491
31 25 -1 -1 0 0 0 0 0.000000 0.000000 0.000000 -nan 0.000000
32 26 -1 -1 0 0 0 0 0.000000 0.000000 0.000000 -nan 0.000000
33 27 -1 -1 0 0 0 0 0.000000 0.000000 0.000000 -nan 0.000000
34 28 -1 -1 0 0 0 0 0.000000 0.000000 0.000000 -nan 0.000000
35 29 -1 -1 0 0 0 0 0.000000 0.000000 0.000000 -nan 0.000000
83 30 -1 -1 0 0 0 0 0.000000 0.000000 0.000000 -nan 0.000000
84 31 -1 -1 0 0 0 0 0.000000 0.000000 0.000000 -nan 0.000000
85 32 -1 -1 0 0 0 0 0.000000 0.000000 0.000000 -nan 0.000000
86 33 -1 -1 0 0 0 0 0.000000 0.000000 0.000000 -nan 0.000000
87 34 0 198 3200 3200 796275200 796275200 933090632.442279 218242967.449204 5000.000000 291590.822638 218247967.449204
88 35 -1 -1 0 0 0 0 0.000000 0.000000 0.000000 -nan 0.000000
89 36 -1 -1 0 0 0 0 0.000000 0.000000 0.000000 -nan 0.000000
90 37 -1 -1 0 0 0 0 0.000000 0.000000 0.000000 -nan 0.000000
91 38 0 180 3200 3200 796275200 796275200 1040376163.673792 218240311.583528 5000.000000 325117.551148 218245311.583528
92 39 -1 -1 0 0 0 0 0.000000 0.000000 0.000000 -nan 0.000000
93 40 -1 -1 0 0 0 0 0.000000 0.000000 0.000000 -nan 0.000000
94 41 0 264 3200 3200 796275200 796275200 990086312.201229 218238905.917213 5000.000000 309401.972563 218243905.917213
95 42 -1 -1 0 0 0 0 0.000000 0.000000 0.000000 -nan 0.000000
96 43 -1 -1 0 0 0 0 0.000000 0.000000 0.000000 -nan 0.000000
97 44 -1 -1 0 0 0 0 0.000000 0.000000 0.000000 -nan 0.000000
98 45 -1 -1 0 0 0 0 0.000000 0.000000 0.000000 -nan 0.000000
99 46 0 209 3200 3200 796275200 796275200 954149749.576655 218244951.517868 5000.000000 298171.796743 218249951.517868
100 47 -1 -1 0 0 0 0 0.000000 0.000000 0.000000 -nan 0.000000
101 48 -1 -1 0 0 0 0 0.000000 0.000000 0.000000 -nan 0.000000
102 49 -1 -1 0 0 0 0 0.000000 0.000000 0.000000 -nan 0.000000
103 50 -1 -1 0 0 0 0 0.000000 0.000000 0.000000 -nan 0.000000
104 51 0 148 3200 3200 796275200 796275200 1029254137.627500 218243457.644941 5000.000000 321641.918009 218248457.644941
105 52 0 229 3200 3200 796275200 796275200 989108929.069586 218242633.700047 5000.000000 309096.540334 218247633.700047
106 53 -1 -1 0 0 0 0 0.000000 0.000000 0.000000 -nan 0.000000
107 54 0 70 1800 1800 796264000 796264000 1095849951.383765 218253942.751629 5000.000000 608805.528547 218258942.751629
108 55 0 193 3200 3200 796275200 796275200 1092137960.992235 218240314.032195 5000.000000 341293.112810 218245314.032195
109 56 -1 -1 0 0 0 0 0.000000 0.000000 0.000000 -nan 0.000000
110 57 -1 -1 0 0 0 0 0.000000 0.000000 0.000000 -nan 0.000000
111 58 0 158 3200 3200 796275200 796275200 964114353.488862 218247517.604143 5000.000000 301285.735465 218252517.604143
112 59 0 11 3400 3400 796276800 796276800 1022824407.293267 218243841.483279 5000.000000 300830.708027 218248841.483279
160 60 -1 -1 0 0 0 0 0.000000 0.000000 0.000000 -nan 0.000000
161 61 -1 -1 0 0 0 0 0.000000 0.000000 0.000000 -nan 0.000000
162 62 0 96 3200 3200 796275200 796275200 1119042985.058284 218237165.636837 5000.000000 349700.932831 218242165.636837
163 63 0 116 3200 3200 796275200 796275200 1062446386.308555 218240311.384425 5000.000000 332014.495721 218245311.384425
164 64 -1 -1 0 0 0 0 0.000000 0.000000 0.000000 -nan 0.000000
165 65 -1 -1 0 0 0 0 0.000000 0.000000 0.000000 -nan 0.000000
166 66 -1 -1 0 0 0 0 0.000000 0.000000 0.000000 -nan 0.000000
167 67 -1 -1 0 0 0 0 0.000000 0.000000 0.000000 -nan 0.000000
168 68 -1 -1 0 0 0 0 0.000000 0.000000 0.000000 -nan 0.000000
169 69 0 28 1800 1800 796264000 796264000 970565987.443007 218244752.716737 5000.000000 539203.326357 218249752.716737
170 70 -1 -1 0 0 0 0 0.000000 0.000000 0.000000 -nan 0.000000
171 71 -1 -1 0 0 0 0 0.000000 0.000000 0.000000 -nan 0.000000
172 72 -1 -1 0 0 0 0 0.000000 0.000000 0.000000 -nan 0.000000
173 73 0 291 3200 3200 796275200 796275200 1012476941.763342 218251491.615745 5000.000000 316399.044301 218256491.615745
174 74 -1 -1 0 0 0 0 0.000000 0.000000 0.000000 -nan 0.000000
175 75 0 250 3200 3200 796275200 796275200 1081964212.262568 218244372.482031 5000.000000 338113.816332 218249372.482031
176 76 -1 -1 0 0 0 0 0.000000 0.000000 0.000000 -nan 0.000000
177 77 -1 -1 0 0 0 0 0.000000 0.000000 0.000000 -nan 0.000000
178 78 0 267 3200 3200 796275200 796275200 981809437.069550 218246114.734863 5000.000000 306815.449084 218251114.734863
179 79 -1 -1 0 0 0 0 0.000000 0.000000 0.000000 -nan 0.000000
180 80 -1 -1 0 0 0 0 0.000000 0.000000 0.000000 -nan 0.000000
181 81 -1 -1 0 0 0 0 0.000000 0.000000 0.000000 -nan 0.000000
182 82 -1 -1 0 0 0 0 0.000000 0.000000 0.000000 -nan 0.000000
183 83 -1 -1 0 0 0 0 0.000000 0.000000 0.000000 -nan 0.000000
184 84 -1 -1 0 0 0 0 0.000000 0.000000 0.000000 -nan 0.000000
185 85 0 98 3200 3200 796275200 796275200 1033907841.887088 218241225.200434 5000.000000 323096.200590 218246225.200434
186 86 0 77 3400 3400 796276800 796276800 990537499.697314 218247070.610912 5000.000000 291334.558735 218252070.610912
187 87 -1 -1 0 0 0 0 0.000000 0.000000 0.000000 -nan 0.000000
188 88 -1 -1 0 0 0 0 0.000000 0.000000 0.000000 -nan 0.000000
189 89 0 182 3200 3200 796275200 796275200 977413791.910626 218246113.168022 5000.000000 305441.809972 218251113.168022
237 90 -1 -1 0 0 0 0 0.000000 0.000000 0.000000 -nan 0.000000
238 91 0 258 3200 3200 796275200 796275200 1125220325.203828 218244371.179948 5000.000000 351631.351626 218249371.179948
239 92 -1 -1 0 0 0 0 0.000000 0.000000 0.000000 -nan 0.000000
240 93 -1 -1 0 0 0 0 0.000000 0.000000 0.000000 -nan 0.000000
241 94 0 222 3200 3200 796275200 796275200 1287066130.216411 218247517.724883 5000.000000 402208.165693 218252517.724883
242 95 -1 -1 0 0 0 0 0.000000 0.000000 0.000000 -nan 0.000000
243 96 0 283 3200 3200 796275200 796275200 1255569956.618666 218248924.306968 5000.000000 392365.611443 218253924.306968
244 97 0 188 3200 3200 796275200 796275200 1288694916.686240 218239483.446222 5000.000000 402717.161464 218244483.446222
245 98 -1 -1 0 0 0 0 0.000000 0.000000 0.000000 -nan 0.000000
246 99 0 266 3200 3200 796275200 796275200 1281020493.177359 218243794.654762 5000.000000 400318.904118 218248794.654762
247 100 0 262 3200 3200 796275200 796275200 1305470550.541485 218246113.362411 5000.000000 407959.547044 218251113.362411
248 101 0 44 1800 1800 796264000 796264000 1226703194.774379 218244752.716759 5000.000000 681501.774875 218249752.716759
249 102 -1 -1 0 0 0 0 0.000000 0.000000 0.000000 -nan 0.000000
250 103 0 153 3200 3200 796275200 796275200 1144844367.715835 218243460.549106 5000.000000 357763.864911 218248460.549106
251 104 -1 -1 0 0 0 0 0.000000 0.000000 0.000000 -nan 0.000000
252 105 0 147 3200 3200 796275200 796275200 1178862272.040839 218248924.834395 5000.000000 368394.460013 218253924.834395
253 106 0 256 3200 3200 796275200 796275200 1238902581.900483 218240311.994359 5000.000000 387157.056844 218245311.994359
254 107 0 122 3200 3200 796275200 796275200 1113645176.026693 218241226.052818 5000.000000 348014.117508 218246226.052818
255 108 -1 -1 0 0 0 0 0.000000 0.000000 0.000000 -nan 0.000000
256 109 -1 -1 0 0 0 0 0.000000 0.000000 0.000000 -nan 0.000000
257 110 -1 -1 0 0 0 0 0.000000 0.000000 0.000000 -nan 0.000000
258 111 -1 -1 0 0 0 0 0.000000 0.000000 0.000000 -nan 0.000000
259 112 0 272 3200 3200 796275200 796275200 1247034842.647948 218246604.438986 5000.000000 389698.388327 218251604.438986
260 113 0 49 3400 3400 796276800 796276800 1175441299.444754 218237544.808072 5000.000000 345718.029248 218242544.808072
261 114 -1 -1 0 0 0 0 0.000000 0.000000 0.000000 -nan 0.000000
262 115 -1 -1 0 0 0 0 0.000000 0.000000 0.000000 -nan 0.000000
263 116 0 293 3200 3200 796275200 796275200 985252950.220331 218246607.298196 5000.000000 307891.546944 218251607.298196
264 117 -1 -1 0 0 0 0 0.000000 0.000000 0.000000 -nan 0.000000
265 118 -1 -1 0 0 0 0 0.000000 0.000000 0.000000 -nan 0.000000
266 119 -1 -1 0 0 0 0 0.000000 0.000000 0.000000 -nan 0.000000
314 120 0 197 3200 3200 796275200 796275200 1308512405.806526 218240314.110436 5000.000000 408910.126815 218245314.110436
315 121 -1 -1 0 0 0 0 0.000000 0.000000 0.000000 -nan 0.000000
316 122 0 255 3200 3200 796275200 796275200 1176224768.543608 218248097.293713 5000.000000 367570.240170 218253097.293713
317 123 0 2 1800 1800 796264000 796264000 1160445615.136655 218248392.700931 5000.000000 644692.008409 218253392.700931
318 124 0 3 3400 3400 796276800 796276800 1137050026.216188 218246986.783475 5000.000000 334426.478299 218251986.783475
319 125 -1 -1 0 0 0 0 0.000000 0.000000 0.000000 -nan 0.000000
320 126 0 18 1800 1800 796264000 796264000 1160885597.984057 218246986.545156 5000.000000 644936.443324 218251986.545156
321 127 -1 -1 0 0 0 0 0.000000 0.000000 0.000000 -nan 0.000000
322 128 -1 -1 0 0 0 0 0.000000 0.000000 0.000000 -nan 0.000000
323 129 -1 -1 0 0 0 0 0.000000 0.000000 0.000000 -nan 0.000000
324 130 -1 -1 0 0 0 0 0.000000 0.000000 0.000000 -nan 0.000000
325 131 -1 -1 0 0 0 0 0.000000 0.000000 0.000000 -nan 0.000000
326 132 -1 -1 0 0 0 0 0.000000 0.000000 0.000000 -nan 0.000000
327 133 0 129 3200 3200 796275200 796275200 1175510542.550467 218240314.899657 5000.000000 367347.044547 218245314.899657
328 134 0 74 1800 1800 796264000 796264000 1149856254.490294 218249307.595261 5000.000000 638809.030272 218254307.595261
329 135 0 21 3400 3400 796276800 796276800 1324627110.589801 218246493.514528 5000.000000 389596.208997 218251493.514528
330 136 -1 -1 0 0 0 0 0.000000 0.000000 0.000000 -nan 0.000000
331 137 -1 -1 0 0 0 0 0.000000 0.000000 0.000000 -nan 0.000000
332 138 -1 -1 0 0 0 0 0.000000 0.000000 0.000000 -nan 0.000000
333 139 -1 -1 0 0 0 0 0.000000 0.000000 0.000000 -nan 0.000000
334 140 -1 -1 0 0 0 0 0.000000 0.000000 0.000000 -nan 0.000000
335 141 0 57 3400 3400 796276800 796276800 1153080996.870887 218236140.594323 5000.000000 339141.469668 218241140.594323
336 142 -1 -1 0 0 0 0 0.000000 0.000000 0.000000 -nan 0.000000
337 143 0 276 3200 3200 796275200 796275200 1158881636.979134 218246604.330515 5000.000000 362150.511556 218251604.330515
338 144 -1 -1 0 0 0 0 0.000000 0.000000 0.000000 -nan 0.000000
339 145 0 273 3200 3200 796275200 796275200 1073794333.162828 218248925.558978 5000.000000 335560.729113 218253925.558978
340 146 -1 -1 0 0 0 0 0.000000 0.000000 0.000000 -nan 0.000000
341 147 -1 -1 0 0 0 0 0.000000 0.000000 0.000000 -nan 0.000000
342 148 -1 -1 0 0 0 0 0.000000 0.000000 0.000000 -nan 0.000000
343 149 0 120 3200 3200 796275200 796275200 1009262819.679068 218237166.625638 5000.000000 315394.631150 218242166.625638
391 150 -1 -1 0 0 0 0 0.000000 0.000000 0.000000 -nan 0.000000
392 151 -1 -1 0 0 0 0 0.000000 0.000000 0.000000 -nan 0.000000
393 152 0 58 1800 1800 796264000 796264000 1095218018.860319 218240695.153172 5000.000000 608454.454922 218245695.153172
394 153 -1 -1 0 0 0 0 0.000000 0.000000 0.000000 -nan 0.000000
395 154 -1 -1 0 0 0 0 0.000000 0.000000 0.000000 -nan 0.000000
396 155 0 295 3200 3200 796275200 796275200 1115344471.884450 218248923.842752 5000.000000 348545.147464 218253923.842752
397 156 0 169 3200 3200 796275200 796275200 1017250173.082321 218240314.088748 5000.000000 317890.679088 218245314.088748
398 157 -1 -1 0 0 0 0 0.000000 0.000000 0.000000 -nan 0.000000
399 158 -1 -1 0 0 0 0 0.000000 0.000000 0.000000 -nan 0.000000
400 159 0 237 3200 3200 796275200 796275200 1121480005.082314 218248924.869511 5000.000000 350462.501588 218253924.869511
401 160 -1 -1 0 0 0 0 0.000000 0.000000 0.000000 -nan 0.000000
402 161 0 119 3200 3200 796275200 796275200 1152574646.750768 218246605.629491 5000.000000 360179.577110 218251605.629491
403 162 -1 -1 0 0 0 0 0.000000 0.000000 0.000000 -nan 0.000000
404 163 -1 -1 0 0 0 0 0.000000 0.000000 0.000000 -nan 0.000000
405 164 0 252 3200 3200 796275200 796275200 1097469647.226784 218241802.112361 5000.000000 342959.264758 218246802.112361
406 165 0 141 3200 3200 796275200 796275200 1183693932.598124 218249753.119921 5000.000000 369904.353937 218254753.119921
407 166 0 171 3200 3200 796275200 796275200 1106725116.374133 218242631.391634 5000.000000 345851.598867 218247631.391634
408 167 0 265 3200 3200 796275200 796275200 1149657899.079426 218239486.423920 5000.000000 359268.093462 218244486.423920
409 168 -1 -1 0 0 0 0 0.000000 0.000000 0.000000 -nan 0.000000
410 169 -1 -1 0 0 0 0 0.000000 0.000000 0.000000 -nan 0.000000
411 170 -1 -1 0 0 0 0 0.000000 0.000000 0.000000 -nan 0.000000
412 171 0 294 3200 3200 796275200 796275200 1016849969.465085 218247602.397175 5000.000000 317765.615458 218252602.397175
413 172 -1 -1 0 0 0 0 0.000000 0.000000 0.000000 -nan 0.000000
414 173 -1 -1 0 0 0 0 0.000000 0.000000 0.000000 -nan 0.000000
415 174 -1 -1 0 0 0 0 0.000000 0.000000 0.000000 -nan 0.000000
416 175 -1 -1 0 0 0 0 0.000000 0.000000 0.000000 -nan 0.000000
417 176 -1 -1 0 0 0 0 0.000000 0.000000 0.000000 -nan 0.000000
418 177 -1 -1 0 0 0 0 0.000000 0.000000 0.000000 -nan 0.000000
419 178 -1 -1 0 0 0 0 0.000000 0.000000 0.000000 -nan 0.000000
420 179 0 187 3200 3200 796275200 796275200 970026413.350073 218243460.255904 5000.000000 303133.254172 218248460.255904
468 180 -1 -1 0 0 0 0 0.000000 0.000000 0.000000 -nan 0.000000
469 181 -1 -1 0 0 0 0 0.000000 0.000000 0.000000 -nan 0.000000
470 182 -1 -1 0 0 0 0 0.000000 0.000000 0.000000 -nan 0.000000
471 183 -1 -1 0 0 0 0 0.000000 0.000000 0.000000 -nan 0.000000
472 184 0 263 3200 3200 796275200 796275200 1063977971.639101 218247517.025469 5000.000000 332493.116137 218252517.025469
473 185 -1 -1 0 0 0 0 0.000000 0.000000 0.000000 -nan 0.000000
474 186 -1 -1 0 0 0 0 0.000000 0.000000 0.000000 -nan 0.000000
475 187 -1 -1 0 0 0 0 0.000000 0.000000 0.000000 -nan 0.000000
476 188 0 128 3200 3200 796275200 796275200 1124231958.745571 218237165.714556 5000.000000 351322.487108 218242165.714556
477 189 0 67 3400 3400 796276800 796276800 1213061628.121872 218250132.796375 5000.000000 356782.831801 218255132.796375
478 190 0 61 3400 3400 796276800 796276800 1266916187.375639 218241028.940602 5000.000000 372622.408052 218246028.940602
479 191 0 170 3200 3200 796275200 796275200 1078853449.609521 218241225.440182 5000.000000 337141.703003 218246225.440182
480 192 0 31 3400 3400 796276800 796276800 1064077447.392639 218243840.128225 5000.000000 312963.955115 218248840.128225
481 193 -1 -1 0 0 0 0 0.000000 0.000000 0.000000 -nan 0.000000
482 194 -1 -1 0 0 0 0 0.000000 0.000000 0.000000 -nan 0.000000
483 195 -1 -1 0 0 0 0 0.000000 0.000000 0.000000 -nan 0.000000
484 196 0 215 3200 3200 796275200 796275200 1065219510.069877 218249752.135933 5000.000000 332881.096897 218254752.135933
485 197 0 196 3200 3200 796275200 796275200 1175014046.930859 218237164.081868 5000.000000 367191.889666 218242164.081868
486 198 -1 -1 0 0 0 0 0.000000 0.000000 0.000000 -nan 0.000000
487 199 -1 -1 0 0 0 0 0.000000 0.000000 0.000000 -nan 0.000000
488 200 -1 -1 0 0 0 0 0.000000 0.000000 0.000000 -nan 0.000000
489 201 -1 -1 0 0 0 0 0.000000 0.000000 0.000000 -nan 0.000000
490 202 0 166 3200 3200 796275200 796275200 966484494.485529 218244456.953343 5000.000000 302026.404527 218249456.953343
491 203 -1 -1 0 0 0 0 0.000000 0.000000 0.000000 -nan 0.000000
492 204 -1 -1 0 0 0 0 0.000000 0.000000 0.000000 -nan 0.000000
493 205 0 144 3200 3200 796275200 796275200 976678795.993678 218243458.100986 5000.000000 305212.123748 218248458.100986
494 206 -1 -1 0 0 0 0 0.000000 0.000000 0.000000 -nan 0.000000
495 207 -1 -1 0 0 0 0 0.000000 0.000000 0.000000 -nan 0.000000
496 208 -1 -1 0 0 0 0 0.000000 0.000000 0.000000 -nan 0.000000
497 209 -1 -1 0 0 0 0 0.000000 0.000000 0.000000 -nan 0.000000
545 210 -1 -1 0 0 0 0 0.000000 0.000000 0.000000 -nan 0.000000
546 211 0 12 1800 1800 796264000 796264000 998079661.600418 218247899.839820 5000.000000 554488.700889 218252899.839820
547 212 -1 -1 0 0 0 0 0.000000 0.000000 0.000000 -nan 0.000000
548 213 -1 -1 0 0 0 0 0.000000 0.000000 0.000000 -nan 0.000000
549 214 -1 -1 0 0 0 0 0.000000 0.000000 0.000000 -nan 0.000000
550 215 -1 -1 0 0 0 0 0.000000 0.000000 0.000000 -nan 0.000000
551 216 0 177 3200 3200 796275200 796275200 960074344.453788 218243461.231024 5000.000000 300023.232642 218248461.231024
552 217 -1 -1 0 0 0 0 0.000000 0.000000 0.000000 -nan 0.000000
553 218 0 103 3200 3200 796275200 796275200 1156012294.526368 218243459.006511 5000.000000 361253.842039 218248459.006511
554 219 0 289 3200 3200 796275200 796275200 1042502326.942289 218246607.684988 5000.000000 325781.977169 218251607.684988
555 220 -1 -1 0 0 0 0 0.000000 0.000000 0.000000 -nan 0.000000
556 221 -1 -1 0 0 0 0 0.000000 0.000000 0.000000 -nan 0.000000
557 222 0 69 3400 3400 796276800 796276800 1106087165.762411 218248559.837338 5000.000000 325319.754636 218253559.837338
558 223 0 201 3200 3200 796275200 796275200 1068119330.584546 218237168.059642 5000.000000 333787.290808 218242168.059642
559 224 -1 -1 0 0 0 0 0.000000 0.000000 0.000000 -nan 0.000000
560 225 -1 -1 0 0 0 0 0.000000 0.000000 0.000000 -nan 0.000000
561 226 -1 -1 0 0 0 0 0.000000 0.000000 0.000000 -nan 0.000000
562 227 -1 -1 0 0 0 0 0.000000 0.000000 0.000000 -nan 0.000000
563 228 0 185 3200 3200 796275200 796275200 1029433083.639404 218242055.419149 5000.000000 321697.838637 218247055.419149
564 229 -1 -1 0 0 0 0 0.000000 0.000000 0.000000 -nan 0.000000
565 230 -1 -1 0 0 0 0 0.000000 0.000000 0.000000 -nan 0.000000
566 231 -1 -1 0 0 0 0 0.000000 0.000000 0.000000 -nan 0.000000
567 232 -1 -1 0 0 0 0 0.000000 0.000000 0.000000 -nan 0.000000
568 233 0 233 3200 3200 796275200 796275200 942203707.524552 218240313.928280 5000.000000 294438.658601 218245313.928280
569 234 0 97 3200 3200 796275200 796275200 1030358396.408965 218240315.272245 5000.000000 321986.998878 218245315.272245
570 235 0 75 3400 3400 796276800 796276800 1126849786.999487 218246160.991194 5000.000000 331426.407941 218251160.991194
571 236 -1 -1 0 0 0 0 0.000000 0.000000 0.000000 -nan 0.000000
572 237 -1 -1 0 0 0 0 0.000000 0.000000 0.000000 -nan 0.000000
573 238 -1 -1 0 0 0 0 0.000000 0.000000 0.000000 -nan 0.000000
574 239 -1 -1 0 0 0 0 0.000000 0.000000 0.000000 -nan 0.000000
622 240 0 0 1800 1800 796264000 796264000 1101640578.330369 218247071.450196 5000.000000 612022.543517 218252071.450196
623 241 -1 -1 0 0 0 0 0.000000 0.000000 0.000000 -nan 0.000000
624 242 0 181 3200 3200 796275200 796275200 1070962260.361854 218243459.193630 5000.000000 334675.706363 218248459.193630
625 243 -1 -1 0 0 0 0 0.000000 0.000000 0.000000 -nan 0.000000
626 244 -1 -1 0 0 0 0 0.000000 0.000000 0.000000 -nan 0.000000
627 245 -1 -1 0 0 0 0 0.000000 0.000000 0.000000 -nan 0.000000
628 246 -1 -1 0 0 0 0 0.000000 0.000000 0.000000 -nan 0.000000
629 247 -1 -1 0 0 0 0 0.000000 0.000000 0.000000 -nan 0.000000
630 248 0 135 3200 3200 796275200 796275200 1063754734.620142 218244370.334455 5000.000000 332423.354569 218249370.334455
631 249 -1 -1 0 0 0 0 0.000000 0.000000 0.000000 -nan 0.000000
632 250 -1 -1 0 0 0 0 0.000000 0.000000 0.000000 -nan 0.000000
633 251 -1 -1 0 0 0 0 0.000000 0.000000 0.000000 -nan 0.000000
634 252 0 239 3200 3200 796275200 796275200 966185193.660689 218252983.551466 5000.000000 301932.873019 218257983.551466
635 253 -1 -1 0 0 0 0 0.000000 0.000000 0.000000 -nan 0.000000
636 254 -1 -1 0 0 0 0 0.000000 0.000000 0.000000 -nan 0.000000
637 255 -1 -1 0 0 0 0 0.000000 0.000000 0.000000 -nan 0.000000
638 256 0 183 3200 3200 796275200 796275200 1003066096.247993 218246606.164909 5000.000000 313458.155077 218251606.164909
639 257 -1 -1 0 0 0 0 0.000000 0.000000 0.000000 -nan 0.000000
640 258 -1 -1 0 0 0 0 0.000000 0.000000 0.000000 -nan 0.000000
641 259 -1 -1 0 0 0 0 0.000000 0.000000 0.000000 -nan 0.000000
642 260 -1 -1 0 0 0 0 0.000000 0.000000 0.000000 -nan 0.000000
643 261 0 247 3200 3200 796275200 796275200 956906298.972701 218249752.261825 5000.000000 299033.218429 218254752.261825
644 262 -1 -1 0 0 0 0 0.000000 0.000000 0.000000 -nan 0.000000
645 263 -1 -1 0 0 0 0 0.000000 0.000000 0.000000 -nan 0.000000
646 264 0 298 3200 3200 796275200 796275200 1120879450.749331 218244371.338402 5000.000000 350274.828359 218249371.338402
647 265 0 230 3200 3200 796275200 796275200 1131131870.172397 218245284.256023 5000.000000 353478.709429 218250284.256023
648 266 -1 -1 0 0 0 0 0.000000 0.000000 0.000000 -nan 0.000000
649 267 0 42 1800 1800 796264000 796264000 1183585342.610318 218243841.545184 5000.000000 657547.412561 218248841.545184
650 268 -1 -1 0 0 0 0 0.000000 0.000000 0.000000 -nan 0.000000
651 269 0 156 3200 3200 796275200 796275200 966002883.357611 218241801.351547 5000.000000 301875.901049 218246801.351547
699 270 -1 -1 0 0 0 0 0.000000 0.000000 0.000000 -nan 0.000000
700 271 -1 -1 0 0 0 0 0.000000 0.000000 0.000000 -nan 0.000000
701 272 -1 -1 0 0 0 0 0.000000 0.000000 0.000000 -nan 0.000000
702 273 -1 -1 0 0 0 0 0.000000 0.000000 0.000000 -nan 0.000000
703 274 -1 -1 0 0 0 0 0.000000 0.000000 0.000000 -nan 0.000000
704 275 0 131 3200 3200 796275200 796275200 1207796836.557260 218244459.254436 5000.000000 377436.511424 218249459.254436
705 276 0 118 3200 3200 796275200 796275200 1117954399.402894 218246112.648250 5000.000000 349360.749813 218251112.648250
706 277 0 253 3200 3200 796275200 796275200 1155332622.110767 218244037.457915 5000.000000 361041.444410 218249037.457915
707 278 -1 -1 0 0 0 0 0.000000 0.000000 0.000000 -nan 0.000000
708 279 -1 -1 0 0 0 0 0.000000 0.000000 0.000000 -nan 0.000000
709 280 -1 -1 0 0 0 0 0.000000 0.000000 0.000000 -nan 0.000000
710 281 -1 -1 0 0 0 0 0.000000 0.000000 0.000000 -nan 0.000000
711 282 0 41 3400 3400 796276800 796276800 1034849136.974616 218237545.848091 5000.000000 304367.393228 218242545.848091
712 283 -1 -1 0 0 0 0 0.000000 0.000000 0.000000 -nan 0.000000
713 284 0 190 3200 3200 796275200 796275200 1078834054.050761 218243543.176727 5000.000000 337135.641891 218248543.176727
714 285 -1 -1 0 0 0 0 0.000000 0.000000 0.000000 -nan 0.000000
715 286 -1 -1 0 0 0 0 0.000000 0.000000 0.000000 -nan 0.000000
716 287 -1 -1 0 0 0 0 0.000000 0.000000 0.000000 -nan 0.000000
717 288 -1 -1 0 0 0 0 0.000000 0.000000 0.000000 -nan 0.000000
718 289 -1 -1 0 0 0 0 0.000000 0.000000 0.000000 -nan 0.000000
719 290 0 212 3200 3200 796275200 796275200 885829183.441750 218242629.477678 5000.000000 276821.619826 218247629.477678
720 291 -1 -1 0 0 0 0 0.000000 0.000000 0.000000 -nan 0.000000
721 292 -1 -1 0 0 0 0 0.000000 0.000000 0.000000 -nan 0.000000
722 293 -1 -1 0 0 0 0 0.000000 0.000000 0.000000 -nan 0.000000
723 294 -1 -1 0 0 0 0 0.000000 0.000000 0.000000 -nan 0.000000
724 295 0 218 3200 3200 796275200 796275200 931859971.067569 218243544.261684 5000.000000 291206.240959 218248544.261684
725 296 -1 -1 0 0 0 0 0.000000 0.000000 0.000000 -nan 0.000000
726 297 0 108 3200 3200 796275200 796275200 1042528225.840317 218244370.710154 5000.000000 325790.070575 218249370.710154
727 298 0 208 3200 3200 796275200 796275200 960574592.662730 218243458.126684 5000.000000 300179.560207 218248458.126684
728 299 -1 -1 0 0 0 0 0.000000 0.000000 0.000000 -nan 0.000000
776 300 0 168 3200 3200 796275200 796275200 983044777.097746 218236337.713889 5000.000000 307201.492843 218241337.713889
777 301 -1 -1 0 0 0 0 0.000000 0.000000 0.000000 -nan 0.000000
778 302 -1 -1 0 0 0 0 0.000000 0.000000 0.000000 -nan 0.000000
779 303 -1 -1 0 0 0 0 0.000000 0.000000 0.000000 -nan 0.000000
780 304 -1 -1 0 0 0 0 0.000000 0.000000 0.000000 -nan 0.000000
781 305 -1 -1 0 0 0 0 0.000000 0.000000 0.000000 -nan 0.000000
782 306 -1 -1 0 0 0 0 0.000000 0.000000 0.000000 -nan 0.000000
783 307 0 244 3200 3200 796275200 796275200 1096602029.523575 218243457.934866 5000.000000 342688.134226 218248457.934866
784 308 0 10 1800 1800 796264000 796264000 1110433647.835467 218246988.576873 5000.000000 616907.582131 218251988.576873
785 309 -1 -1 0 0 0 0 0.000000 0.000000 0.000000 -nan 0.000000
786 310 0 207 3200 3200 796275200 796275200 1164453764.184688 218249587.112065 5000.000000 363891.801308 218254587.112065
787 311 -1 -1 0 0 0 0 0.000000 0.000000 0.000000 -nan 0.000000
788 312 -1 -1 0 0 0 0 0.000000 0.000000 0.000000 -nan 0.000000
789 313 0 243 3200 3200 796275200 796275200 1168654877.821761 218249752.191135 5000.000000 365204.649319 218254752.191135
790 314 0 43 3400 3400 796276800 796276800 1306419126.583516 218240694.041589 5000.000000 384240.919583 218245694.041589
791 315 0 92 3200 3200 796275200 796275200 1180221656.298143 218238654.857154 5000.000000 368819.267593 218243654.857154
792 316 0 176 3200 3200 796275200 796275200 1046029150.273141 218239484.512782 5000.000000 326884.109460 218244484.512782
793 317 0 138 3200 3200 796275200 796275200 996196115.655233 218240648.285846 5000.000000 311311.286142 218245648.285846
794 318 -1 -1 0 0 0 0 0.000000 0.000000 0.000000 -nan 0.000000
795 319 -1 -1 0 0 0 0 0.000000 0.000000 0.000000 -nan 0.000000
796 320 -1 -1 0 0 0 0 0.000000 0.000000 0.000000 -nan 0.000000
797 321 -1 -1 0 0 0 0 0.000000 0.000000 0.000000 -nan 0.000000
798 322 -1 -1 0 0 0 0 0.000000 0.000000 0.000000 -nan 0.000000
799 323 0 165 3200 3200 796275200 796275200 1029543873.966130 218243460.849239 5000.000000 321732.460614 218248460.849239
800 324 -1 -1 0 0 0 0 0.000000 0.000000 0.000000 -nan 0.000000
801 325 0 121 3200 3200 796275200 796275200 1003468816.276562 218240314.405271 5000.000000 313584.005086 218245314.405271
802 326 -1 -1 0 0 0 0 0.000000 0.000000 0.000000 -nan 0.000000
803 327 -1 -1 0 0 0 0 0.000000 0.000000 0.000000 -nan 0.000000
804 328 -1 -1 0 0 0 0 0.000000 0.000000 0.000000 -nan 0.000000
805 329 -1 -1 0 0 0 0 0.000000 0.000000 0.000000 -nan 0.000000
853 330 0 80 1800 1800 796264000 796264000 1104120789.442730 218246985.236419 5000.000000 613400.438579 218251985.236419
854 331 -1 -1 0 0 0 0 0.000000 0.000000 0.000000 -nan 0.000000
855 332 -1 -1 0 0 0 0 0.000000 0.000000 0.000000 -nan 0.000000
856 333 0 194 3200 3200 796275200 796275200 1113571331.709222 218241225.409020 5000.000000 347991.041159 218246225.409020
857 334 0 261 3200 3200 796275200 796275200 1298911460.142491 218241719.433006 5000.000000 405909.831295 218246719.433006
858 335 0 275 3200 3200 796275200 796275200 1350936519.256698 218252071.137997 5000.000000 422167.662268 218257071.137997
859 336 0 219 3200 3200 796275200 796275200 1229638642.295506 218245777.841002 5000.000000 384262.075717 218250777.841002
860 337 0 112 3200 3200 796275200 796275200 1208503308.880860 218240312.449079 5000.000000 377657.284025 218245312.449079
861 338 0 7 3400 3400 796276800 796276800 1092307242.667369 218248476.512841 5000.000000 321266.836079 218253476.512841
862 339 -1 -1 0 0 0 0 0.000000 0.000000 0.000000 -nan 0.000000
863 340 0 134 3200 3200 796275200 796275200 1165367759.234138 218242966.912077 5000.000000 364177.424761 218247966.912077
864 341 -1 -1 0 0 0 0 0.000000 0.000000 0.000000 -nan 0.000000
865 342 -1 -1 0 0 0 0 0.000000 0.000000 0.000000 -nan 0.000000
866 343 0 123 3200 3200 796275200 796275200 969562096.723485 218243460.099777 5000.000000 302988.155226 218248460.099777
867 344 -1 -1 0 0 0 0 0.000000 0.000000 0.000000 -nan 0.000000
868 345 -1 -1 0 0 0 0 0.000000 0.000000 0.000000 -nan 0.000000
869 346 0 292 3200 3200 796275200 796275200 991185354.797280 218241801.657451 5000.000000 309745.423374 218246801.657451
870 347 -1 -1 0 0 0 0 0.000000 0.000000 0.000000 -nan 0.000000
871 348 -1 -1 0 0 0 0 0.000000 0.000000 0.000000 -nan 0.000000
872 349 -1 -1 0 0 0 0 0.000000 0.000000 0.000000 -nan 0.000000
873 350 -1 -1 0 0 0 0 0.000000 0.000000 0.000000 -nan 0.000000
874 351 0 133 3200 3200 796275200 796275200 1098339069.863362 218240314.745911 5000.000000 343230.959332 218245314.745911
875 352 -1 -1 0 0 0 0 0.000000 0.000000 0.000000 -nan 0.000000
876 353 0 109 3200 3200 796275200 796275200 1070923595.337554 218245778.120986 5000.000000 334663.623543 218250778.120986
877 354 0 4 1800 1800 796264000 796264000 1120540751.803919 218249388.964418 5000.000000 622522.639891 218254388.964418
878 355 -1 -1 0 0 0 0 0.000000 0.000000 0.000000 -nan 0.000000
879 356 0 203 3200 3200 796275200 796275200 1062327353.268966 218243796.235354 5000.000000 331977.297897 218248796.235354
880 357 -1 -1 0 0 0 0 0.000000 0.000000 0.000000 -nan 0.000000
881 358 -1 -1 0 0 0 0 0.000000 0.000000 0.000000 -nan 0.000000
882 359 -1 -1 0 0 0 0 0.000000 0.000000 0.000000 -nan 0.000000
930 360 0 152 3200 3200 796275200 796275200 960695704.314909 218239483.481329 5000.000000 300217.407598 218244483.481329
931 361 0 284 3200 3200 796275200 796275200 1201400955.472892 218244947.771298 5000.000000 375437.798585 218249947.771298
932 362 -1 -1 0 0 0 0 0.000000 0.000000 0.000000 -nan 0.000000
933 363 0 155 3200 3200 796275200 796275200 1149586650.021054 218245778.065776 5000.000000 359245.828132 218250778.065776
934 364 -1 -1 0 0 0 0 0.000000 0.000000 0.000000 -nan 0.000000
935 365 -1 -1 0 0 0 0 0.000000 0.000000 0.000000 -nan 0.000000
936 366 0 167 3200 3200 796275200 796275200 987007933.720210 218246604.801488 5000.000000 308439.979288 218251604.801488
937 367 -1 -1 0 0 0 0 0.000000 0.000000 0.000000 -nan 0.000000
938 368 0 223 3200 3200 796275200 796275200 1196413782.435621 218248097.203465 5000.000000 373879.307011 218253097.203465
939 369 0 36 1800 1800 796264000 796264000 1008891547.353351 218247070.789309 5000.000000 560495.304085 218252070.789309
940 370 -1 -1 0 0 0 0 0.000000 0.000000 0.000000 -nan 0.000000
941 371 -1 -1 0 0 0 0 0.000000 0.000000 0.000000 -nan 0.000000
942 372 -1 -1 0 0 0 0 0.000000 0.000000 0.000000 -nan 0.000000
943 373 -1 -1 0 0 0 0 0.000000 0.000000 0.000000 -nan 0.000000
944 374 -1 -1 0 0 0 0 0.000000 0.000000 0.000000 -nan 0.000000
945 375 0 254 3200 3200 796275200 796275200 967973226.181698 218247517.399498 5000.000000 302491.633182 218252517.399498
946 376 -1 -1 0 0 0 0 0.000000 0.000000 0.000000 -nan 0.000000
947 377 -1 -1 0 0 0 0 0.000000 0.000000 0.000000 -nan 0.000000
948 378 -1 -1 0 0 0 0 0.000000 0.000000 0.000000 -nan 0.000000
949 379 -1 -1 0 0 0 0 0.000000 0.000000 0.000000 -nan 0.000000
950 380 -1 -1 0 0 0 0 0.000000 0.000000 0.000000 -nan 0.000000
951 381 -1 -1 0 0 0 0 0.000000 0.000000 0.000000 -nan 0.000000
952 382 -1 -1 0 0 0 0 0.000000 0.000000 0.000000 -nan 0.000000
953 383 -1 -1 0 0 0 0 0.000000 0.000000 0.000000 -nan 0.000000
954 384 0 179 3200 3200 796275200 796275200 998302606.881773 218246606.488057 5000.000000 311969.564651 218251606.488057
955 385 0 235 3200 3200 796275200 796275200 1039586880.775003 218243459.922958 5000.000000 324870.900242 218248459.922958
956 386 -1 -1 0 0 0 0 0.000000 0.000000 0.000000 -nan 0.000000
957 387 -1 -1 0 0 0 0 0.000000 0.000000 0.000000 -nan 0.000000
958 388 -1 -1 0 0 0 0 0.000000 0.000000 0.000000 -nan 0.000000
959 389 -1 -1 0 0 0 0 0.000000 0.000000 0.000000 -nan 0.000000
1007 390 -1 -1 0 0 0 0 0.000000 0.000000 0.000000 -nan 0.000000
1008 391 -1 -1 0 0 0 0 0.000000 0.000000 0.000000 -nan 0.000000
1009 392 0 65 3400 3400 796276800 796276800 984799121.611074 218247070.389730 5000.000000 289646.800474 218252070.389730
1010 393 -1 -1 0 0 0 0 0.000000 0.000000 0.000000 -nan 0.000000
1011 394 -1 -1 0 0 0 0 0.000000 0.000000 0.000000 -nan 0.000000
1012 395 0 277 3200 3200 796275200 796275200 962533860.323644 218248097.001560 5000.000000 300791.831351 218253097.001560
1013 396 -1 -1 0 0 0 0 0.000000 0.000000 0.000000 -nan 0.000000
1014 397 0 23 3400 3400 796276800 796276800 1073635534.711650 218246986.836404 5000.000000 315775.157268 218251986.836404
1015 398 -1 -1 0 0 0 0 0.000000 0.000000 0.000000 -nan 0.000000
1016 399 -1 -1 0 0 0 0 0.000000 0.000000 0.000000 -nan 0.000000
1017 400 -1 -1 0 0 0 0 0.000000 0.000000 0.000000 -nan 0.000000
1018 401 -1 -1 0 0 0 0 0.000000 0.000000 0.000000 -nan 0.000000
1019 402 -1 -1 0 0 0 0 0.000000 0.000000 0.000000 -nan 0.000000
1020 403 0 59 3400 3400 796276800 796276800 1065097218.883115 218237548.566102 5000.000000 313263.887907 218242548.566102
1021 404 -1 -1 0 0 0 0 0.000000 0.000000 0.000000 -nan 0.000000
1022 405 0 60 1800 1800 796264000 796264000 1053231216.750872 218244175.925095 5000.000000 585128.453750 218249175.925095
1023 406 -1 -1 0 0 0 0 0.000000 0.000000 0.000000 -nan 0.000000
1024 407 0 62 1800 1800 796264000 796264000 1028897401.428563 218247322.729063 5000.000000 571609.667460 218252322.729063
1025 408 0 84 1800 1800 796264000 796264000 866409857.268860 218253700.098194 5000.000000 481338.809594 218258700.098194
1026 409 -1 -1 0 0 0 0 0.000000 0.000000 0.000000 -nan 0.000000
1027 410 -1 -1 0 0 0 0 0.000000 0.000000 0.000000 -nan 0.000000
1028 411 -1 -1 0 0 0 0 0.000000 0.000000 0.000000 -nan 0.000000
1029 412 0 34 1800 1800 796264000 796264000 978254813.726851 218246987.831107 5000.000000 543474.896515 218251987.831107
1030 413 -1 -1 0 0 0 0 0.000000 0.000000 0.000000 -nan 0.000000
1031 414 -1 -1 0 0 0 0 0.000000 0.000000 0.000000 -nan 0.000000
1032 415 0 288 3200 3200 796275200 796275200 935205430.796880 218243458.593293 5000.000000 292251.697124 218248458.593293
1033 416 -1 -1 0 0 0 0 0.000000 0.000000 0.000000 -nan 0.000000
1034 417 -1 -1 0 0 0 0 0.000000 0.000000 0.000000 -nan 0.000000
1035 418 -1 -1 0 0 0 0 0.000000 0.000000 0.000000 -nan 0.000000
1036 419 -1 -1 0 0 0 0 0.000000 0.000000 0.000000 -nan 0.000000
1084 420 -1 -1 0 0 0 0 0.000000 0.000000 0.000000 -nan 0.000000
1085 421 -1 -1 0 0 0 0 0.000000 0.000000 0.000000 -nan 0.000000
1086 422 -1 -1 0 0 0 0 0.000000 0.000000 0.000000 -nan 0.000000
1087 423 -1 -1 0 0 0 0 0.000000 0.000000 0.000000 -nan 0.000000
1088 424 0 47 3400 3400 796276800 796276800 1140682057.296336 218245667.633270 5000.000000 335494.722734 218250667.633270
1089 425 -1 -1 0 0 0 0 0.000000 0.000000 0.000000 -nan 0.000000
1090 426 -1 -1 0 0 0 0 0.000000 0.000000 0.000000 -nan 0.000000
1091 427 0 140 3200 3200 796275200 796275200 1051072120.740844 218245861.304843 5000.000000 328460.037732 218250861.304843
1092 428 0 115 3200 3200 796275200 796275200 1060424472.971644 218246605.923347 5000.000000 331382.647804 218251605.923347
1093 429 -1 -1 0 0 0 0 0.000000 0.000000 0.000000 -nan 0.000000
1094 430 -1 -1 0 0 0 0 0.000000 0.000000 0.000000 -nan 0.000000
1095 431 0 269 3200 3200 796275200 796275200 1207602929.396691 218252899.031245 5000.000000 377375.915436 218257899.031245
1096 432 -1 -1 0 0 0 0 0.000000 0.000000 0.000000 -nan 0.000000
1097 433 -1 -1 0 0 0 0 0.000000 0.000000 0.000000 -nan 0.000000
1098 434 0 25 3400 3400 796276800 796276800 1016019956.452734 218237546.932623 5000.000000 298829.398957 218242546.932623
1099 435 -1 -1 0 0 0 0 0.000000 0.000000 0.000000 -nan 0.000000
1100 436 0 221 3200 3200 796275200 796275200 1048499636.770432 218246606.742897 5000.000000 327656.136491 218251606.742897
1101 437 0 184 3200 3200 796275200 796275200 1027082093.381497 218235424.828901 5000.000000 320963.154182 218240424.828901
1102 438 -1 -1 0 0 0 0 0.000000 0.000000 0.000000 -nan 0.000000
1103 439 -1 -1 0 0 0 0 0.000000 0.000000 0.000000 -nan 0.000000
1104 440 0 63 3400 3400 796276800 796276800 1006388349.341236 218244176.308903 5000.000000 295996.573336 218249176.308903
1105 441 -1 -1 0 0 0 0 0.000000 0.000000 0.000000 -nan 0.000000
1106 442 -1 -1 0 0 0 0 0.000000 0.000000 0.000000 -nan 0.000000
1107 443 -1 -1 0 0 0 0 0.000000 0.000000 0.000000 -nan 0.000000
1108 444 0 281 3200 3200 796275200 796275200 1097978309.473189 218246606.720783 5000.000000 343118.221710 218251606.720783
1109 445 -1 -1 0 0 0 0 0.000000 0.000000 0.000000 -nan 0.000000
1110 446 -1 -1 0 0 0 0 0.000000 0.000000 0.000000 -nan 0.000000
1111 447 0 282 3200 3200 796275200 796275200 1152102274.160541 218247518.334489 5000.000000 360031.960675 218252518.334489
1112 448 -1 -1 0 0 0 0 0.000000 0.000000 0.000000 -nan 0.000000
1113 449 -1 -1 0 0 0 0 0.000000 0.000000 0.000000 -nan 0.000000
1161 450 -1 -1 0 0 0 0 0.000000 0.000000 0.000000 -nan 0.000000
1162 451 -1 -1 0 0 0 0 0.000000 0.000000 0.000000 -nan 0.000000
1163 452 -1 -1 0 0 0 0 0.000000 0.000000 0.000000 -nan 0.000000
1164 453 -1 -1 0 0 0 0 0.000000 0.000000 0.000000 -nan 0.000000
1165 454 -1 -1 0 0 0 0 0.000000 0.000000 0.000000 -nan 0.000000
1166 455 0 88 3200 3200 796275200 796275200 1030669343.033398 218237165.089636 5000.000000 322084.169698 218242165.089636
1167 456 -1 -1 0 0 0 0 0.000000 0.000000 0.000000 -nan 0.000000
1168 457 0 86 1800 1800 796264000 796264000 1005541178.670058 218253279.375852 5000.000000 558633.988150 218258279.375852
1169 458 -1 -1 0 0 0 0 0.000000 0.000000 0.000000 -nan 0.000000
1170 459 0 35 3400 3400 796276800 796276800 985141474.129196 218243840.515478 5000.000000 289747.492391 218248840.515478
1171 460 -1 -1 0 0 0 0 0.000000 0.000000 0.000000 -nan 0.000000
1172 461 -1 -1 0 0 0 0 0.000000 0.000000 0.000000 -nan 0.000000
1173 462 0 126 3200 3200 796275200 796275200 882260164.298134 218244371.188102 5000.000000 275706.301343 218249371.188102
1174 463 -1 -1 0 0 0 0 0.000000 0.000000 0.000000 -nan 0.000000
1175 464 -1 -1 0 0 0 0 0.000000 0.000000 0.000000 -nan 0.000000
1176 465 -1 -1 0 0 0 0 0.000000 0.000000 0.000000 -nan 0.000000
1177 466 -1 -1 0 0 0 0 0.000000 0.000000 0.000000 -nan 0.000000
1178 467 0 251 3200 3200 796275200 796275200 941299870.815839 218246606.411506 5000.000000 294156.209630 218251606.411506
1179 468 -1 -1 0 0 0 0 0.000000 0.000000 0.000000 -nan 0.000000
1180 469 -1 -1 0 0 0 0 0.000000 0.000000 0.000000 -nan 0.000000
1181 470 0 125 3200 3200 796275200 796275200 949754243.747687 218241718.966063 5000.000000 296798.201171 218246718.966063
1182 471 -1 -1 0 0 0 0 0.000000 0.000000 0.000000 -nan 0.000000
1183 472 0 48 1800 1800 796264000 796264000 949345631.852402 218239864.023304 5000.000000 527414.239918 218244864.023304
1184 473 -1 -1 0 0 0 0 0.000000 0.000000 0.000000 -nan 0.000000
1185 474 -1 -1 0 0 0 0 0.000000 0.000000 0.000000 -nan 0.000000
1186 475 -1 -1 0 0 0 0 0.000000 0.000000 0.000000 -nan 0.000000
1187 476 0 279 3200 3200 796275200 796275200 1081709007.192992 218252898.255650 5000.000000 338034.064748 218257898.255650
1188 477 0 89 3200 3200 796275200 796275200 1058332825.322706 218240313.868280 5000.000000 330729.007913 218245313.868280
1189 478 -1 -1 0 0 0 0 0.000000 0.000000 0.000000 -nan 0.000000
1190 479 -1 -1 0 0 0 0 0.000000 0.000000 0.000000 -nan 0.000000
1238 480 0 136 3200 3200 796275200 796275200 1033738178.527866 218235759.945281 5000.000000 323043.180790 218240759.945281
1239 481 0 202 3200 3200 796275200 796275200 1070545964.755809 218239820.858242 5000.000000 334545.613986 218244820.858242
1240 482 -1 -1 0 0 0 0 0.000000 0.000000 0.000000 -nan 0.000000
1241 483 0 216 3200 3200 796275200 796275200 1002065245.074765 218240311.710898 5000.000000 313145.389086 218245311.710898
1242 484 -1 -1 0 0 0 0 0.000000 0.000000 0.000000 -nan 0.000000
1243 485 0 124 3200 3200 796275200 796275200 874323497.018131 218238656.061759 5000.000000 273226.092818 218243656.061759
1244 486 -1 -1 0 0 0 0 0.000000 0.000000 0.000000 -nan 0.000000
1245 487 -1 -1 0 0 0 0 0.000000 0.000000 0.000000 -nan 0.000000
1246 488 -1 -1 0 0 0 0 0.000000 0.000000 0.000000 -nan 0.000000
1247 489 -1 -1 0 0 0 0 0.000000 0.000000 0.000000 -nan 0.000000
1248 490 -1 -1 0 0 0 0 0.000000 0.000000 0.000000 -nan 0.000000
1249 491 -1 -1 0 0 0 0 0.000000 0.000000 0.000000 -nan 0.000000
1250 492 0 173 3200 3200 796275200 796275200 845153644.354608 218246606.446155 5000.000000 264110.513861 218251606.446155
1251 493 -1 -1 0 0 0 0 0.000000 0.000000 0.000000 -nan 0.000000
1252 494 -1 -1 0 0 0 0 0.000000 0.000000 0.000000 -nan 0.000000
1253 495 -1 -1 0 0 0 0 0.000000 0.000000 0.000000 -nan 0.000000
1254 496 -1 -1 0 0 0 0 0.000000 0.000000 0.000000 -nan 0.000000
1255 497 -1 -1 0 0 0 0 0.000000 0.000000 0.000000 -nan 0.000000
1256 498 -1 -1 0 0 0 0 0.000000 0.000000 0.000000 -nan 0.000000
1257 499 0 200 3200 3200 796275200 796275200 903246553.035774 218235759.967689 5000.000000 282264.547824 218240759.967689
1258 500 -1 -1 0 0 0 0 0.000000 0.000000 0.000000 -nan 0.000000
1259 501 -1 -1 0 0 0 0 0.000000 0.000000 0.000000 -nan 0.000000
1260 502 -1 -1 0 0 0 0 0.000000 0.000000 0.000000 -nan 0.000000
1261 503 -1 -1 0 0 0 0 0.000000 0.000000 0.000000 -nan 0.000000
1262 504 -1 -1 0 0 0 0 0.000000 0.000000 0.000000 -nan 0.000000
1263 505 -1 -1 0 0 0 0 0.000000 0.000000 0.000000 -nan 0.000000
1264 506 -1 -1 0 0 0 0 0.000000 0.000000 0.000000 -nan 0.000000
1265 507 -1 -1 0 0 0 0 0.000000 0.000000 0.000000 -nan 0.000000
1266 508 -1 -1 0 0 0 0 0.000000 0.000000 0.000000 -nan 0.000000
1267 509 -1 -1 0 0 0 0 0.000000 0.000000 0.000000 -nan 0.000000
1315 510 0 14 1800 1800 796264000 796264000 1058571236.691216 218249306.215561 5000.000000 588095.131495 218254306.215561
1316 511 -1 -1 0 0 0 0 0.000000 0.000000 0.000000 -nan 0.000000
1317 512 -1 -1 0 0 0 0 0.000000 0.000000 0.000000 -nan 0.000000
1318 513 -1 -1 0 0 0 0 0.000000 0.000000 0.000000 -nan 0.000000
1319 514 0 40 1800 1800 796264000 796264000 1105033223.811551 218240692.972060 5000.000000 613907.346562 218245692.972060
1320 515 -1 -1 0 0 0 0 0.000000 0.000000 0.000000 -nan 0.000000
1321 516 0 145 3200 3200 796275200 796275200 1215083260.697644 218245779.609160 5000.000000 379713.518968 218250779.609160
1322 517 -1 -1 0 0 0 0 0.000000 0.000000 0.000000 -nan 0.000000
1323 518 -1 -1 0 0 0 0 0.000000 0.000000 0.000000 -nan 0.000000
1324 519 -1 -1 0 0 0 0 0.000000 0.000000 0.000000 -nan 0.000000
1325 520 0 8 1800 1800 796264000 796264000 1185460579.631956 218242183.978802 5000.000000 658589.210907 218247183.978802
1326 521 0 105 3200 3200 796275200 796275200 1254777955.501833 218237167.446931 5000.000000 392118.111094 218242167.446931
1327 522 -1 -1 0 0 0 0 0.000000 0.000000 0.000000 -nan 0.000000
1328 523 0 259 3200 3200 796275200 796275200 1063967851.159018 218246777.528224 5000.000000 332489.953487 218251777.528224
1329 524 -1 -1 0 0 0 0 0.000000 0.000000 0.000000 -nan 0.000000
1330 525 0 27 3400 3400 796276800 796276800 1136488615.168297 218240694.710768 5000.000000 334261.357402 218245694.710768
1331 526 0 87 3400 3400 796276800 796276800 1261663373.258165 218250131.952540 5000.000000 371077.462723 218255131.952540
1332 527 0 20 1800 1800 796264000 796264000 1347133708.581465 218247984.651434 5000.000000 748407.615879 218252984.651434
1333 528 0 30 1800 1800 796264000 796264000 1242762711.564790 218246987.465376 5000.000000 690423.728647 218251987.465376
1334 529 -1 -1 0 0 0 0 0.000000 0.000000 0.000000 -nan 0.000000
1335 530 0 79 3400 3400 796276800 796276800 1227542275.999693 218250133.269213 5000.000000 361041.845882 218255133.269213
1336 531 0 1 3400 3400 796276800 796276800 1181480538.668343 218244752.656165 5000.000000 347494.276079 218249752.656165
1337 532 -1 -1 0 0 0 0 0.000000 0.000000 0.000000 -nan 0.000000
1338 533 -1 -1 0 0 0 0 0.000000 0.000000 0.000000 -nan 0.000000
1339 534 0 85 3400 3400 796276800 796276800 1095208928.920960 218250553.147409 5000.000000 322120.273212 218255553.147409
1340 535 0 94 3200 3200 796275200 796275200 1075421619.941058 218244371.071235 5000.000000 336069.256232 218249371.071235
1341 536 -1 -1 0 0 0 0 0.000000 0.000000 0.000000 -nan 0.000000
1342 537 -1 -1 0 0 0 0 0.000000 0.000000 0.000000 -nan 0.000000
1343 538 0 204 3200 3200 796275200 796275200 953509080.244993 218245033.955908 5000.000000 297971.587577 218250033.955908
1344 539 -1 -1 0 0 0 0 0.000000 0.000000 0.000000 -nan 0.000000
1392 540 0 163 3200 3200 796275200 796275200 1013679095.296787 218246603.919419 5000.000000 316774.717280 218251603.919419
1393 541 -1 -1 0 0 0 0 0.000000 0.000000 0.000000 -nan 0.000000
1394 542 -1 -1 0 0 0 0 0.000000 0.000000 0.000000 -nan 0.000000
1395 543 -1 -1 0 0 0 0 0.000000 0.000000 0.000000 -nan 0.000000
1396 544 0 83 3400 3400 796276800 796276800 1367594845.179273 218246158.926746 5000.000000 402233.777994 218251158.926746
1397 545 0 56 1800 1800 796264000 796264000 1346400321.774107 218239287.559829 5000.000000 748000.178763 218244287.559829
1398 546 0 15 3400 3400 796276800 796276800 1251910059.141187 218246987.024317 5000.000000 368208.840924 218251987.024317
1399 547 -1 -1 0 0 0 0 0.000000 0.000000 0.000000 -nan 0.000000
1400 548 -1 -1 0 0 0 0 0.000000 0.000000 0.000000 -nan 0.000000
1401 549 0 271 3200 3200 796275200 796275200 1034363859.082303 218252733.004945 5000.000000 323238.705963 218257733.004945
1402 550 -1 -1 0 0 0 0 0.000000 0.000000 0.000000 -nan 0.000000
1403 551 -1 -1 0 0 0 0 0.000000 0.000000 0.000000 -nan 0.000000
1404 552 -1 -1 0 0 0 0 0.000000 0.000000 0.000000 -nan 0.000000
1405 553 0 50 1800 1800 796264000 796264000 1022628146.448775 218243841.360319 5000.000000 568126.748027 218248841.360319
1406 554 -1 -1 0 0 0 0 0.000000 0.000000 0.000000 -nan 0.000000
1407 555 -1 -1 0 0 0 0 0.000000 0.000000 0.000000 -nan 0.000000
1408 556 0 290 3200 3200 796275200 796275200 1081870544.774217 218247517.835526 5000.000000 338084.545242 218252517.835526
1409 557 -1 -1 0 0 0 0 0.000000 0.000000 0.000000 -nan 0.000000
1410 558 -1 -1 0 0 0 0 0.000000 0.000000 0.000000 -nan 0.000000
1411 559 -1 -1 0 0 0 0 0.000000 0.000000 0.000000 -nan 0.000000
1412 560 0 130 3200 3200 796275200 796275200 1189914552.136076 218241225.382328 5000.000000 371848.297543 218246225.382328
1413 561 0 268 3200 3200 796275200 796275200 1275025332.729364 218249007.188685 5000.000000 398445.416478 218254007.188685
1414 562 0 90 3200 3200 796275200 796275200 1267208853.294131 218241226.457763 5000.000000 396002.766654 218246226.457763
1415 563 -1 -1 0 0 0 0 0.000000 0.000000 0.000000 -nan 0.000000
1416 564 0 257 3200 3200 796275200 796275200 1313121150.565340 218242633.171909 5000.000000 410350.359552 218247633.171909
1417 565 0 287 3200 3200 796275200 796275200 1211824242.924116 218250415.113679 5000.000000 378695.075914 218255415.113679
1418 566 0 226 3200 3200 796275200 796275200 1179023635.143101 218244371.023208 5000.000000 368444.885982 218249371.023208
1419 567 -1 -1 0 0 0 0 0.000000 0.000000 0.000000 -nan 0.000000
1420 568 0 285 3200 3200 796275200 796275200 1195420625.271739 218250666.063380 5000.000000 373568.945397 218255666.063380
1421 569 0 191 3200 3200 796275200 796275200 1205771557.577914 218245778.868977 5000.000000 376803.611743 218250778.868977
1469 570 -1 -1 0 0 0 0 0.000000 0.000000 0.000000 -nan 0.000000
1470 571 0 280 3200 3200 796275200 796275200 1134230748.075480 218242629.545402 5000.000000 354447.108774 218247629.545402
1471 572 -1 -1 0 0 0 0 0.000000 0.000000 0.000000 -nan 0.000000
1472 573 0 154 3200 3200 796275200 796275200 1084064868.782947 218244371.808737 5000.000000 338770.271495 218249371.808737
1473 574 -1 -1 0 0 0 0 0.000000 0.000000 0.000000 -nan 0.000000
1474 575 -1 -1 0 0 0 0 0.000000 0.000000 0.000000 -nan 0.000000
1475 576 0 17 3400 3400 796276800 796276800 1056243436.838929 218240691.568628 5000.000000 310659.834364 218245691.568628
1476 577 -1 -1 0 0 0 0 0.000000 0.000000 0.000000 -nan 0.000000
1477 578 -1 -1 0 0 0 0 0.000000 0.000000 0.000000 -nan 0.000000
1478 579 0 64 1800 1800 796264000 796264000 986607946.770541 218250217.442607 5000.000000 548115.525984 218255217.442607
1479 580 -1 -1 0 0 0 0 0.000000 0.000000 0.000000 -nan 0.000000
1480 581 0 51 3400 3400 796276800 796276800 1085626537.194118 218240694.496433 5000.000000 319301.922704 218245694.496433
1481 582 -1 -1 0 0 0 0 0.000000 0.000000 0.000000 -nan 0.000000
1482 583 -1 -1 0 0 0 0 0.000000 0.000000 0.000000 -nan 0.000000
1483 584 -1 -1 0 0 0 0 0.000000 0.000000 0.000000 -nan 0.000000
1484 585 0 205 3200 3200 796275200 796275200 945160811.396278 218249752.484886 5000.000000 295362.753561 218254752.484886
1485 586 -1 -1 0 0 0 0 0.000000 0.000000 0.000000 -nan 0.000000
1486 587 -1 -1 0 0 0 0 0.000000 0.000000 0.000000 -nan 0.000000
1487 588 -1 -1 0 0 0 0 0.000000 0.000000 0.000000 -nan 0.000000
1488 589 0 160 3200 3200 796275200 796275200 896972868.527049 218240312.295578 5000.000000 280304.021415 218245312.295578
1489 590 -1 -1 0 0 0 0 0.000000 0.000000 0.000000 -nan 0.000000
1490 591 -1 -1 0 0 0 0 0.000000 0.000000 0.000000 -nan 0.000000
1491 592 -1 -1 0 0 0 0 0.000000 0.000000 0.000000 -nan 0.000000
1492 593 -1 -1 0 0 0 0 0.000000 0.000000 0.000000 -nan 0.000000
1493 594 -1 -1 0 0 0 0 0.000000 0.000000 0.000000 -nan 0.000000
1494 595 0 16 1800 1800 796264000 796264000 1179868747.682274 218242097.068935 5000.000000 655482.637601 218247097.068935
1495 596 0 162 3200 3200 796275200 796275200 1138087379.021993 218244371.534129 5000.000000 355652.305944 218249371.534129
1496 597 0 270 3200 3200 796275200 796275200 1208679144.457740 218251326.193323 5000.000000 377712.232643 218256326.193323
1497 598 -1 -1 0 0 0 0 0.000000 0.000000 0.000000 -nan 0.000000
1498 599 -1 -1 0 0 0 0 0.000000 0.000000 0.000000 -nan 0.000000
1546 600 0 5 3400 3400 796276800 796276800 1184159924.403585 218246242.069556 5000.000000 348282.330707 218251242.069556
1547 601 0 95 3200 3200 796275200 796275200 1097919971.110207 218244951.063713 5000.000000 343099.990972 218249951.063713
1548 602 -1 -1 0 0 0 0 0.000000 0.000000 0.000000 -nan 0.000000
1549 603 -1 -1 0 0 0 0 0.000000 0.000000 0.000000 -nan 0.000000
1550 604 -1 -1 0 0 0 0 0.000000 0.000000 0.000000 -nan 0.000000
1551 605 0 240 3200 3200 796275200 796275200 1032930775.318859 218243458.675858 5000.000000 322790.867287 218248458.675858
1552 606 0 113 3200 3200 796275200 796275200 1079039071.335853 218243461.097098 5000.000000 337199.709792 218248461.097098
1553 607 -1 -1 0 0 0 0 0.000000 0.000000 0.000000 -nan 0.000000
1554 608 -1 -1 0 0 0 0 0.000000 0.000000 0.000000 -nan 0.000000
1555 609 -1 -1 0 0 0 0 0.000000 0.000000 0.000000 -nan 0.000000
1556 610 0 111 3200 3200 796275200 796275200 1155068729.852118 218249837.065398 5000.000000 360958.978079 218254837.065398
1557 611 0 45 3400 3400 796276800 796276800 1153236113.105873 218241605.926599 5000.000000 339187.092090 218246605.926599
1558 612 -1 -1 0 0 0 0 0.000000 0.000000 0.000000 -nan 0.000000
1559 613 -1 -1 0 0 0 0 0.000000 0.000000 0.000000 -nan 0.000000
1560 614 -1 -1 0 0 0 0 0.000000 0.000000 0.000000 -nan 0.000000
1561 615 0 6 1800 1800 796264000 796264000 1003011326.905008 218250795.573070 5000.000000 557228.514947 218255795.573070
1562 616 -1 -1 0 0 0 0 0.000000 0.000000 0.000000 -nan 0.000000
1563 617 -1 -1 0 0 0 0 0.000000 0.000000 0.000000 -nan 0.000000
1564 618 -1 -1 0 0 0 0 0.000000 0.000000 0.000000 -nan 0.000000
1565 619 -1 -1 0 0 0 0 0.000000 0.000000 0.000000 -nan 0.000000
1566 620 -1 -1 0 0 0 0 0.000000 0.000000 0.000000 -nan 0.000000
1567 621 -1 -1 0 0 0 0 0.000000 0.000000 0.000000 -nan 0.000000
1568 622 0 175 3200 3200 796275200 796275200 1059984598.117015 218246440.383331 5000.000000 331245.186912 218251440.383331
1569 623 0 149 3200 3200 796275200 796275200 1190649741.782495 218245778.446223 5000.000000 372078.044307 218250778.446223
1570 624 -1 -1 0 0 0 0 0.000000 0.000000 0.000000 -nan 0.000000
1571 625 0 26 1800 1800 796264000 796264000 951572615.069208 218243841.840675 5000.000000 528651.452816 218248841.840675
1572 626 -1 -1 0 0 0 0 0.000000 0.000000 0.000000 -nan 0.000000
1573 627 -1 -1 0 0 0 0 0.000000 0.000000 0.000000 -nan 0.000000
1574 628 -1 -1 0 0 0 0 0.000000 0.000000 0.000000 -nan 0.000000
1575 629 0 192 3200 3200 796275200 796275200 996432799.980183 218237165.151060 5000.000000 311385.249994 218242165.151060
1623 630 -1 -1 0 0 0 0 0.000000 0.000000 0.000000 -nan 0.000000
1624 631 -1 -1 0 0 0 0 0.000000 0.000000 0.000000 -nan 0.000000
1625 632 0 214 3200 3200 796275200 796275200 1108452763.520965 218250172.341504 5000.000000 346391.488600 218255172.341504
1626 633 0 71 3400 3400 796276800 796276800 1107145553.545211 218250795.688929 5000.000000 325631.045160 218255795.688929
1627 634 0 241 3200 3200 796275200 796275200 1075553599.266577 218246607.582159 5000.000000 336110.499771 218251607.582159
1628 635 0 54 1800 1800 796264000 796264000 1032880962.899863 218247070.211563 5000.000000 573822.757167 218252070.211563
1629 636 -1 -1 0 0 0 0 0.000000 0.000000 0.000000 -nan 0.000000
1630 637 -1 -1 0 0 0 0 0.000000 0.000000 0.000000 -nan 0.000000
1631 638 -1 -1 0 0 0 0 0.000000 0.000000 0.000000 -nan 0.000000
1632 639 0 159 3200 3200 796275200 796275200 992180603.630505 218247268.721742 5000.000000 310056.438635 218252268.721742
1633 640 -1 -1 0 0 0 0 0.000000 0.000000 0.000000 -nan 0.000000
1634 641 -1 -1 0 0 0 0 0.000000 0.000000 0.000000 -nan 0.000000
1635 642 0 178 3200 3200 796275200 796275200 1223156002.369743 218244372.633011 5000.000000 382236.250741 218249372.633011
1636 643 0 104 3200 3200 796275200 796275200 1148077245.417053 218233191.369970 5000.000000 358774.139193 218238191.369970
1637 644 -1 -1 0 0 0 0 0.000000 0.000000 0.000000 -nan 0.000000
1638 645 0 91 3200 3200 796275200 796275200 1198391668.711898 218242631.730141 5000.000000 374497.396472 218247631.730141
1639 646 -1 -1 0 0 0 0 0.000000 0.000000 0.000000 -nan 0.000000
1640 647 -1 -1 0 0 0 0 0.000000 0.000000 0.000000 -nan 0.000000
1641 648 0 217 3200 3200 796275200 796275200 977329762.306291 218243460.368891 5000.000000 305415.550721 218248460.368891
1642 649 -1 -1 0 0 0 0 0.000000 0.000000 0.000000 -nan 0.000000
1643 650 -1 -1 0 0 0 0 0.000000 0.000000 0.000000 -nan 0.000000
1644 651 -1 -1 0 0 0 0 0.000000 0.000000 0.000000 -nan 0.000000
1645 652 -1 -1 0 0 0 0 0.000000 0.000000 0.000000 -nan 0.000000
1646 653 -1 -1 0 0 0 0 0.000000 0.000000 0.000000 -nan 0.000000
1647 654 -1 -1 0 0 0 0 0.000000 0.000000 0.000000 -nan 0.000000
1648 655 -1 -1 0 0 0 0 0.000000 0.000000 0.000000 -nan 0.000000
1649 656 -1 -1 0 0 0 0 0.000000 0.000000 0.000000 -nan 0.000000
1650 657 -1 -1 0 0 0 0 0.000000 0.000000 0.000000 -nan 0.000000
1651 658 0 172 3200 3200 796275200 796275200 1099059496.928528 218243543.494660 5000.000000 343456.092790 218248543.494660
1652 659 -1 -1 0 0 0 0 0.000000 0.000000 0.000000 -nan 0.000000
1700 660 -1 -1 0 0 0 0 0.000000 0.000000 0.000000 -nan 0.000000
1701 661 -1 -1 0 0 0 0 0.000000 0.000000 0.000000 -nan 0.000000
1702 662 0 68 1800 1800 796264000 796264000 980494215.225808 218250879.493042 5000.000000 544719.008459 218255879.493042
1703 663 -1 -1 0 0 0 0 0.000000 0.000000 0.000000 -nan 0.000000
1704 664 -1 -1 0 0 0 0 0.000000 0.000000 0.000000 -nan 0.000000
1705 665 0 143 3200 3200 796275200 796275200 1082418233.147093 218249586.980733 5000.000000 338255.697858 218254586.980733
1706 666 -1 -1 0 0 0 0 0.000000 0.000000 0.000000 -nan 0.000000
1707 667 0 151 3200 3200 796275200 796275200 949779999.661359 218249751.868618 5000.000000 296806.249894 218254751.868618
1708 668 -1 -1 0 0 0 0 0.000000 0.000000 0.000000 -nan 0.000000
1709 669 0 199 3200 3200 796275200 796275200 1008595969.913263 218244370.582692 5000.000000 315186.240598 218249370.582692
1710 670 -1 -1 0 0 0 0 0.000000 0.000000 0.000000 -nan 0.000000
1711 671 0 227 3200 3200 796275200 796275200 1016391666.647067 218247431.885645 5000.000000 317622.395827 218252431.885645
1712 672 -1 -1 0 0 0 0 0.000000 0.000000 0.000000 -nan 0.000000
1713 673 -1 -1 0 0 0 0 0.000000 0.000000 0.000000 -nan 0.000000
1714 674 0 236 3200 3200 796275200 796275200 1008551965.066333 218247517.508154 5000.000000 315172.489083 218252517.508154
1715 675 -1 -1 0 0 0 0 0.000000 0.000000 0.000000 -nan 0.000000
1716 676 -1 -1 0 0 0 0 0.000000 0.000000 0.000000 -nan 0.000000
1717 677 -1 -1 0 0 0 0 0.000000 0.000000 0.000000 -nan 0.000000
1718 678 -1 -1 0 0 0 0 0.000000 0.000000 0.000000 -nan 0.000000
1719 679 -1 -1 0 0 0 0 0.000000 0.000000 0.000000 -nan 0.000000
1720 680 -1 -1 0 0 0 0 0.000000 0.000000 0.000000 -nan 0.000000
1721 681 -1 -1 0 0 0 0 0.000000 0.000000 0.000000 -nan 0.000000
1722 682 -1 -1 0 0 0 0 0.000000 0.000000 0.000000 -nan 0.000000
1723 683 -1 -1 0 0 0 0 0.000000 0.000000 0.000000 -nan 0.000000
1724 684 -1 -1 0 0 0 0 0.000000 0.000000 0.000000 -nan 0.000000
1725 685 -1 -1 0 0 0 0 0.000000 0.000000 0.000000 -nan 0.000000
1726 686 -1 -1 0 0 0 0 0.000000 0.000000 0.000000 -nan 0.000000
1727 687 0 206 3200 3200 796275200 796275200 966743885.049502 218247351.623557 5000.000000 302107.464078 218252351.623557
1728 688 0 234 3200 3200 796275200 796275200 1016762680.646468 218241225.398437 5000.000000 317738.337702 218246225.398437
1729 689 -1 -1 0 0 0 0 0.000000 0.000000 0.000000 -nan 0.000000
1777 690 -1 -1 0 0 0 0 0.000000 0.000000 0.000000 -nan 0.000000
1778 691 -1 -1 0 0 0 0 0.000000 0.000000 0.000000 -nan 0.000000
1779 692 0 72 1800 1800 796264000 796264000 930181161.805818 218246157.072448 5000.000000 516767.312114 218251157.072448
1780 693 0 225 3200 3200 796275200 796275200 1148978850.852668 218243461.482440 5000.000000 359055.890891 218248461.482440
1781 694 0 93 3200 3200 796275200 796275200 1043334504.080434 218243460.699415 5000.000000 326042.032525 218248460.699415
1782 695 0 39 3400 3400 796276800 796276800 1112133997.727533 218246159.342142 5000.000000 327098.234626 218251159.342142
1783 696 -1 -1 0 0 0 0 0.000000 0.000000 0.000000 -nan 0.000000
1784 697 -1 -1 0 0 0 0 0.000000 0.000000 0.000000 -nan 0.000000
1785 698 -1 -1 0 0 0 0 0.000000 0.000000 0.000000 -nan 0.000000
1786 699 -1 -1 0 0 0 0 0.000000 0.000000 0.000000 -nan 0.000000
1787 700 -1 -1 0 0 0 0 0.000000 0.000000 0.000000 -nan 0.000000
1788 701 -1 -1 0 0 0 0 0.000000 0.000000 0.000000 -nan 0.000000
1789 702 -1 -1 0 0 0 0 0.000000 0.000000 0.000000 -nan 0.000000
1790 703 -1 -1 0 0 0 0 0.000000 0.000000 0.000000 -nan 0.000000
1791 704 0 220 3200 3200 796275200 796275200 990712518.946439 218240973.906992 5000.000000 309597.662171 218245973.906992
1792 705 -1 -1 0 0 0 0 0.000000 0.000000 0.000000 -nan 0.000000
1793 706 -1 -1 0 0 0 0 0.000000 0.000000 0.000000 -nan 0.000000
1794 707 -1 -1 0 0 0 0 0.000000 0.000000 0.000000 -nan 0.000000
1795 708 0 210 3200 3200 796275200 796275200 952956745.871891 218246690.161856 5000.000000 297798.983085 218251690.161856
1796 709 -1 -1 0 0 0 0 0.000000 0.000000 0.000000 -nan 0.000000
1797 710 0 101 3200 3200 796275200 796275200 1024591728.921161 218240315.065673 5000.000000 320184.915288 218245315.065673
1798 711 -1 -1 0 0 0 0 0.000000 0.000000 0.000000 -nan 0.000000
1799 712 0 139 3200 3200 796275200 796275200 1162604612.611438 218242967.774899 5000.000000 363313.941441 218247967.774899
1800 713 -1 -1 0 0 0 0 0.000000 0.000000 0.000000 -nan 0.000000
1801 714 -1 -1 0 0 0 0 0.000000 0.000000 0.000000 -nan 0.000000
1802 715 -1 -1 0 0 0 0 0.000000 0.000000 0.000000 -nan 0.000000
1803 716 0 245 3200 3200 796275200 796275200 1042581062.892459 218246606.524881 5000.000000 325806.582154 218251606.524881
1804 717 -1 -1 0 0 0 0 0.000000 0.000000 0.000000 -nan 0.000000
1805 718 -1 -1 0 0 0 0 0.000000 0.000000 0.000000 -nan 0.000000
1806 719 -1 -1 0 0 0 0 0.000000 0.000000 0.000000 -nan 0.000000
1854 720 -1 -1 0 0 0 0 0.000000 0.000000 0.000000 -nan 0.000000
1855 721 -1 -1 0 0 0 0 0.000000 0.000000 0.000000 -nan 0.000000
1856 722 -1 -1 0 0 0 0 0.000000 0.000000 0.000000 -nan 0.000000
1857 723 -1 -1 0 0 0 0 0.000000 0.000000 0.000000 -nan 0.000000
1858 724 -1 -1 0 0 0 0 0.000000 0.000000 0.000000 -nan 0.000000
1859 725 0 53 3400 3400 796276800 796276800 1030926139.408256 218243348.531074 5000.000000 303213.570414 218248348.531074
1860 726 -1 -1 0 0 0 0 0.000000 0.000000 0.000000 -nan 0.000000
1861 727 0 157 3200 3200 796275200 796275200 1028131952.134434 218247519.704682 5000.000000 321291.235042 218252519.704682
1862 728 -1 -1 0 0 0 0 0.000000 0.000000 0.000000 -nan 0.000000
1863 729 0 19 3400 3400 796276800 796276800 1068566028.966711 218243840.099175 5000.000000 314284.126167 218248840.099175
1864 730 -1 -1 0 0 0 0 0.000000 0.000000 0.000000 -nan 0.000000
1865 731 0 107 3200 3200 796275200 796275200 1135786689.257406 218240313.116610 5000.000000 354933.340393 218245313.116610
1866 732 0 127 3200 3200 796275200 796275200 1131269755.538363 218245778.565144 5000.000000 353521.798606 218250778.565144
1867 733 0 33 3400 3400 796276800 796276800 1082358599.589787 218239863.881863 5000.000000 318340.764585 218244863.881863
1868 734 -1 -1 0 0 0 0 0.000000 0.000000 0.000000 -nan 0.000000
1869 735 -1 -1 0 0 0 0 0.000000 0.000000 0.000000 -nan 0.000000
1870 736 -1 -1 0 0 0 0 0.000000 0.000000 0.000000 -nan 0.000000
1871 737 -1 -1 0 0 0 0 0.000000 0.000000 0.000000 -nan 0.000000
1872 738 -1 -1 0 0 0 0 0.000000 0.000000 0.000000 -nan 0.000000
1873 739 -1 -1 0 0 0 0 0.000000 0.000000 0.000000 -nan 0.000000
1874 740 0 150 3200 3200 796275200 796275200 1000720160.977971 218250172.257360 5000.000000 312725.050306 218255172.257360
1875 741 -1 -1 0 0 0 0 0.000000 0.000000 0.000000 -nan 0.000000
1876 742 -1 -1 0 0 0 0 0.000000 0.000000 0.000000 -nan 0.000000
1877 743 -1 -1 0 0 0 0 0.000000 0.000000 0.000000 -nan 0.000000
1878 744 -1 -1 0 0 0 0 0.000000 0.000000 0.000000 -nan 0.000000
1879 745 0 106 3200 3200 796275200 796275200 1016706740.954285 218238079.217518 5000.000000 317720.856548 218243079.217518
1880 746 0 186 3200 3200 796275200 796275200 961014124.431623 218241225.732585 5000.000000 300316.913885 218246225.732585
1881 747 -1 -1 0 0 0 0 0.000000 0.000000 0.000000 -nan 0.000000
1882 748 -1 -1 0 0 0 0 0.000000 0.000000 0.000000 -nan 0.000000
1883 749 0 37 3400 3400 796276800 796276800 922922481.066984 218244751.507449 5000.000000 271447.788549 218249751.507449
1931 750 -1 -1 0 0 0 0 0.000000 0.000000 0.000000 -nan 0.000000
1932 751 -1 -1 0 0 0 0 0.000000 0.000000 0.000000 -nan 0.000000
1933 752 -1 -1 0 0 0 0 0.000000 0.000000 0.000000 -nan 0.000000
1934 753 -1 -1 0 0 0 0 0.000000 0.000000 0.000000 -nan 0.000000
1935 754 0 78 1800 1800 796264000 796264000 974153167.738346 218253280.322750 5000.000000 541196.204299 218258280.322750
1936 755 -1 -1 0 0 0 0 0.000000 0.000000 0.000000 -nan 0.000000
1937 756 -1 -1 0 0 0 0 0.000000 0.000000 0.000000 -nan 0.000000
1938 757 0 296 3200 3200 796275200 796275200 983305859.618654 218239483.877435 5000.000000 307283.081131 218244483.877435
1939 758 -1 -1 0 0 0 0 0.000000 0.000000 0.000000 -nan 0.000000
1940 759 -1 -1 0 0 0 0 0.000000 0.000000 0.000000 -nan 0.000000
1941 760 -1 -1 0 0 0 0 0.000000 0.000000 0.000000 -nan 0.000000
1942 761 -1 -1 0 0 0 0 0.000000 0.000000 0.000000 -nan 0.000000
1943 762 -1 -1 0 0 0 0 0.000000 0.000000 0.000000 -nan 0.000000
1944 763 0 213 3200 3200 796275200 796275200 946711254.671607 218244950.791631 5000.000000 295847.267085 218249950.791631
1945 764 0 114 3200 3200 796275200 796275200 1015230982.594790 218244372.078819 5000.000000 317259.682061 218249372.078819
1946 765 -1 -1 0 0 0 0 0.000000 0.000000 0.000000 -nan 0.000000
1947 766 -1 -1 0 0 0 0 0.000000 0.000000 0.000000 -nan 0.000000
1948 767 -1 -1 0 0 0 0 0.000000 0.000000 0.000000 -nan 0.000000
1949 768 -1 -1 0 0 0 0 0.000000 0.000000 0.000000 -nan 0.000000
1950 769 -1 -1 0 0 0 0 0.000000 0.000000 0.000000 -nan 0.000000
1951 770 0 231 3200 3200 796275200 796275200 1077759068.240228 218246605.346755 5000.000000 336799.708825 218251605.346755
1952 771 -1 -1 0 0 0 0 0.000000 0.000000 0.000000 -nan 0.000000
1953 772 -1 -1 0 0 0 0 0.000000 0.000000 0.000000 -nan 0.000000
1954 773 0 249 3200 3200 796275200 796275200 976066712.095641 218243460.471300 5000.000000 305020.847530 218248460.471300
1955 774 -1 -1 0 0 0 0 0.000000 0.000000 0.000000 -nan 0.000000
1956 775 -1 -1 0 0 0 0 0.000000 0.000000 0.000000 -nan 0.000000
1957 776 -1 -1 0 0 0 0 0.000000 0.000000 0.000000 -nan 0.000000
1958 777 0 211 3200 3200 796275200 796275200 870866296.896648 218248924.539914 5000.000000 272145.717780 218253924.539914
1959 778 0 100 3200 3200 796275200 796275200 950778299.776142 218236337.200075 5000.000000 297118.218680 218241337.200075
1960 779 -1 -1 0 0 0 0 0.000000 0.000000 0.000000 -nan 0.000000
2008 780 -1 -1 0 0 0 0 0.000000 0.000000 0.000000 -nan 0.000000
2009 781 -1 -1 0 0 0 0 0.000000 0.000000 0.000000 -nan 0.000000
2010 782 -1 -1 0 0 0 0 0.000000 0.000000 0.000000 -nan 0.000000
2011 783 -1 -1 0 0 0 0 0.000000 0.000000 0.000000 -nan 0.000000
2012 784 0 242 3200 3200 796275200 796275200 814922148.483621 218247518.326425 5000.000000 254663.171401 218252518.326425
2013 785 -1 -1 0 0 0 0 0.000000 0.000000 0.000000 -nan 0.000000
2014 786 -1 -1 0 0 0 0 0.000000 0.000000 0.000000 -nan 0.000000
2015 787 -1 -1 0 0 0 0 0.000000 0.000000 0.000000 -nan 0.000000
2016 788 -1 -1 0 0 0 0 0.000000 0.000000 0.000000 -nan 0.000000
2017 789 -1 -1 0 0 0 0 0.000000 0.000000 0.000000 -nan 0.000000
2018 790 -1 -1 0 0 0 0 0.000000 0.000000 0.000000 -nan 0.000000
2019 791 0 228 3200 3200 796275200 796275200 827223981.126188 218239483.455878 5000.000000 258507.494102 218244483.455878
2020 792 -1 -1 0 0 0 0 0.000000 0.000000 0.000000 -nan 0.000000
2021 793 -1 -1 0 0 0 0 0.000000 0.000000 0.000000 -nan 0.000000
2022 794 -1 -1 0 0 0 0 0.000000 0.000000 0.000000 -nan 0.000000
2023 795 -1 -1 0 0 0 0 0.000000 0.000000 0.000000 -nan 0.000000
2024 796 -1 -1 0 0 0 0 0.000000 0.000000 0.000000 -nan 0.000000
2025 797 -1 -1 0 0 0 0 0.000000 0.000000 0.000000 -nan 0.000000
2026 798 -1 -1 0 0 0 0 0.000000 0.000000 0.000000 -nan 0.000000
2027 799 -1 -1 0 0 0 0 0.000000 0.000000 0.000000 -nan 0.000000
2028 800 -1 -1 0 0 0 0 0.000000 0.000000 0.000000 -nan 0.000000
2029 801 0 238 3200 3200 796275200 796275200 935554777.163853 218249007.928682 5000.000000 292360.867864 218254007.928682
2030 802 -1 -1 0 0 0 0 0.000000 0.000000 0.000000 -nan 0.000000
2031 803 0 29 3400 3400 796276800 796276800 910074356.525576 218241605.519861 5000.000000 267668.928390 218246605.519861
2032 804 -1 -1 0 0 0 0 0.000000 0.000000 0.000000 -nan 0.000000
2033 805 -1 -1 0 0 0 0 0.000000 0.000000 0.000000 -nan 0.000000
2034 806 -1 -1 0 0 0 0 0.000000 0.000000 0.000000 -nan 0.000000
2035 807 -1 -1 0 0 0 0 0.000000 0.000000 0.000000 -nan 0.000000
2036 808 -1 -1 0 0 0 0 0.000000 0.000000 0.000000 -nan 0.000000
2037 809 -1 -1 0 0 0 0 0.000000 0.000000 0.000000 -nan 0.000000
2085 810 0 274 3200 3200 796275200 796275200 1224237490.197599 218248180.903828 5000.000000 382574.215687 218253180.903828
2086 811 0 32 1800 1800 796264000 796264000 1203595110.805756 218243010.781517 5000.000000 668663.950448 218248010.781517
2087 812 -1 -1 0 0 0 0 0.000000 0.000000 0.000000 -nan 0.000000
2088 813 0 260 3200 3200 796275200 796275200 1173733435.047449 218236913.228705 5000.000000 366791.698452 218241913.228705
2089 814 -1 -1 0 0 0 0 0.000000 0.000000 0.000000 -nan 0.000000
2090 815 0 299 3200 3200 796275200 796275200 1058033610.466953 218245777.449504 5000.000000 330635.503271 218250777.449504
2091 816 0 232 3200 3200 796275200 796275200 1089725903.927837 218236337.596681 5000.000000 340539.344977 218241337.596681
2092 817 -1 -1 0 0 0 0 0.000000 0.000000 0.000000 -nan 0.000000
2093 818 0 132 3200 3200 796275200 796275200 1035496610.688696 218235508.237272 5000.000000 323592.690840 218240508.237272
2094 819 -1 -1 0 0 0 0 0.000000 0.000000 0.000000 -nan 0.000000
2095 820 -1 -1 0 0 0 0 0.000000 0.000000 0.000000 -nan 0.000000
2096 821 0 13 3400 3400 796276800 796276800 1225597237.696549 218244752.141565 5000.000000 360469.775793 218249752.141565
2097 822 -1 -1 0 0 0 0 0.000000 0.000000 0.000000 -nan 0.000000
2098 823 -1 -1 0 0 0 0 0.000000 0.000000 0.000000 -nan 0.000000
2099 824 0 224 3200 3200 796275200 796275200 1042807173.169404 218240312.399796 5000.000000 325877.241615 218245312.399796
2100 825 -1 -1 0 0 0 0 0.000000 0.000000 0.000000 -nan 0.000000
2101 826 -1 -1 0 0 0 0 0.000000 0.000000 0.000000 -nan 0.000000
2102 827 -1 -1 0 0 0 0 0.000000 0.000000 0.000000 -nan 0.000000
2103 828 -1 -1 0 0 0 0 0.000000 0.000000 0.000000 -nan 0.000000
2104 829 0 117 3200 3200 796275200 796275200 1065149240.728001 218243459.899777 5000.000000 332859.137728 218248459.899777
2105 830 0 137 3200 3200 796275200 796275200 1123041012.685825 218236340.607217 5000.000000 350950.316464 218241340.607217
2106 831 -1 -1 0 0 0 0 0.000000 0.000000 0.000000 -nan 0.000000
2107 832 0 99 3200 3200 796275200 796275200 1155982024.064353 218244285.794131 5000.000000 361244.382520 218249285.794131
2108 833 -1 -1 0 0 0 0 0.000000 0.000000 0.000000 -nan 0.000000
2109 834 0 76 1800 1800 796264000 796264000 1056513436.328940 218249390.170780 5000.000000 586951.909072 218254390.170780
2110 835 -1 -1 0 0 0 0 0.000000 0.000000 0.000000 -nan 0.000000
2111 836 -1 -1 0 0 0 0 0.000000 0.000000 0.000000 -nan 0.000000
2112 837 -1 -1 0 0 0 0 0.000000 0.000000 0.000000 -nan 0.000000
2113 838 0 38 1800 1800 796264000 796264000 1015227307.055346 218248478.689376 5000.000000 564015.170586 218253478.689376
2114 839 -1 -1 0 0 0 0 0.000000 0.000000 0.000000 -nan 0.000000
2162 840 -1 -1 0 0 0 0 0.000000 0.000000 0.000000 -nan 0.000000
2163 841 -1 -1 0 0 0 0 0.000000 0.000000 0.000000 -nan 0.000000
2164 842 -1 -1 0 0 0 0 0.000000 0.000000 0.000000 -nan 0.000000
2165 843 -1 -1 0 0 0 0 0.000000 0.000000 0.000000 -nan 0.000000
2166 844 -1 -1 0 0 0 0 0.000000 0.000000 0.000000 -nan 0.000000
2167 845 0 297 3200 3200 796275200 796275200 919799494.063494 218243460.709220 5000.000000 287437.341895 218248460.709220
2168 846 -1 -1 0 0 0 0 0.000000 0.000000 0.000000 -nan 0.000000
2169 847 -1 -1 0 0 0 0 0.000000 0.000000 0.000000 -nan 0.000000
2170 848 -1 -1 0 0 0 0 0.000000 0.000000 0.000000 -nan 0.000000
2171 849 -1 -1 0 0 0 0 0.000000 0.000000 0.000000 -nan 0.000000
2172 850 -1 -1 0 0 0 0 0.000000 0.000000 0.000000 -nan 0.000000
2173 851 -1 -1 0 0 0 0 0.000000 0.000000 0.000000 -nan 0.000000
2174 852 -1 -1 0 0 0 0 0.000000 0.000000 0.000000 -nan 0.000000
2175 853 0 161 3200 3200 796275200 796275200 926717742.505286 218243461.664396 5000.000000 289599.294533 218248461.664396
2176 854 -1 -1 0 0 0 0 0.000000 0.000000 0.000000 -nan 0.000000
2177 855 -1 -1 0 0 0 0 0.000000 0.000000 0.000000 -nan 0.000000
2178 856 0 66 1800 1800 796264000 796264000 916360601.378289 218253279.842164 5000.000000 509089.222988 218258279.842164
2179 857 -1 -1 0 0 0 0 0.000000 0.000000 0.000000 -nan 0.000000
2180 858 -1 -1 0 0 0 0 0.000000 0.000000 0.000000 -nan 0.000000
2181 859 -1 -1 0 0 0 0 0.000000 0.000000 0.000000 -nan 0.000000
2182 860 -1 -1 0 0 0 0 0.000000 0.000000 0.000000 -nan 0.000000
2183 861 0 110 3200 3200 796275200 796275200 950746867.080867 218245861.385661 5000.000000 297108.395963 218250861.385661
2184 862 -1 -1 0 0 0 0 0.000000 0.000000 0.000000 -nan 0.000000
2185 863 -1 -1 0 0 0 0 0.000000 0.000000 0.000000 -nan 0.000000
2186 864 -1 -1 0 0 0 0 0.000000 0.000000 0.000000 -nan 0.000000
2187 865 0 73 3400 3400 796276800 796276800 987998532.794304 218243837.805011 5000.000000 290587.803763 218248837.805011
2188 866 -1 -1 0 0 0 0 0.000000 0.000000 0.000000 -nan 0.000000
2189 867 -1 -1 0 0 0 0 0.000000 0.000000 0.000000 -nan 0.000000
2190 868 0 189 3200 3200 796275200 796275200 915289554.448493 218243460.878978 5000.000000 286027.985765 218248460.878978
2191 869 -1 -1 0 0 0 0 0.000000 0.000000 0.000000 -nan 0.000000
2239 870 0 164 3200 3200 796275200 796275200 1129078101.245466 218239483.254600 5000.000000 352836.906639 218244483.254600
2240 871 0 146 3200 3200 796275200 796275200 1095605674.553211 218245862.517003 5000.000000 342376.773298 218250862.517003
2241 872 -1 -1 0 0 0 0 0.000000 0.000000 0.000000 -nan 0.000000
2242 873 0 142 3200 3200 796275200 796275200 1140150769.117932 218248179.903384 5000.000000 356297.115349 218253179.903384
2243 874 0 55 3400 3400 796276800 796276800 1093803007.313463 218244750.732861 5000.000000 321706.766857 218249750.732861
2244 875 -1 -1 0 0 0 0 0.000000 0.000000 0.000000 -nan 0.000000
2245 876 -1 -1 0 0 0 0 0.000000 0.000000 0.000000 -nan 0.000000
2246 877 0 278 3200 3200 796275200 796275200 1030967629.816457 218253318.855950 5000.000000 322177.384318 218258318.855950
2247 878 0 52 1800 1800 796264000 796264000 1151012002.714227 218245667.086971 5000.000000 639451.112619 218250667.086971
2248 879 -1 -1 0 0 0 0 0.000000 0.000000 0.000000 -nan 0.000000
2249 880 0 82 1800 1800 796264000 796264000 1016492714.093175 218249305.855595 5000.000000 564718.174496 218254305.855595
2250 881 0 22 1800 1800 796264000 796264000 1139696974.642152 218250134.133957 5000.000000 633164.985912 218255134.133957
2251 882 -1 -1 0 0 0 0 0.000000 0.000000 0.000000 -nan 0.000000
2252 883 -1 -1 0 0 0 0 0.000000 0.000000 0.000000 -nan 0.000000
2253 884 -1 -1 0 0 0 0 0.000000 0.000000 0.000000 -nan 0.000000
2254 885 -1 -1 0 0 0 0 0.000000 0.000000 0.000000 -nan 0.000000
2255 886 -1 -1 0 0 0 0 0.000000 0.000000 0.000000 -nan 0.000000
2256 887 0 102 3200 3200 796275200 796275200 1011234523.211692 218242137.979401 5000.000000 316010.788504 218247137.979401
2257 888 -1 -1 0 0 0 0 0.000000 0.000000 0.000000 -nan 0.000000
2258 889 -1 -1 0 0 0 0 0.000000 0.000000 0.000000 -nan 0.000000
2259 890 0 195 3200 3200 796275200 796275200 1073860127.446568 218245287.327509 5000.000000 335581.289827 218250287.327509
2260 891 0 9 3400 3400 796276800 796276800 1039686075.868772 218240692.461840 5000.000000 305790.022314 218245692.461840
2261 892 -1 -1 0 0 0 0 0.000000 0.000000 0.000000 -nan 0.000000
2262 893 -1 -1 0 0 0 0 0.000000 0.000000 0.000000 -nan 0.000000
2263 894 -1 -1 0 0 0 0 0.000000 0.000000 0.000000 -nan 0.000000
2264 895 -1 -1 0 0 0 0 0.000000 0.000000 0.000000 -nan 0.000000
2265 896 -1 -1 0 0 0 0 0.000000 0.000000 0.000000 -nan 0.000000
2266 897 -1 -1 0 0 0 0 0.000000 0.000000 0.000000 -nan 0.000000
2267 898 0 46 1800 1800 796264000 796264000 910198726.835410 218248814.640750 5000.000000 505665.959353 218253814.640750
2268 899 -1 -1 0 0 0 0 0.000000 0.000000 0.000000 -nan 0.000000
2316 900 -1 -1 0 0 0 0 0.000000 0.000000 0.000000 -nan 0.000000
2317 901 -1 -1 0 0 0 0 0.000000 0.000000 0.000000 -nan 0.000000
2318 902 -1 -1 0 0 0 0 0.000000 0.000000 0.000000 -nan 0.000000
2319 903 -1 -1 0 0 0 0 0.000000 0.000000 0.000000 -nan 0.000000
2320 904 -1 -1 0 0 0 0 0.000000 0.000000 0.000000 -nan 0.000000
2321 905 -1 -1 0 0 0 0 0.000000 0.000000 0.000000 -nan 0.000000
2322 906 -1 -1 0 0 0 0 0.000000 0.000000 0.000000 -nan 0.000000
2323 907 -1 -1 0 0 0 0 0.000000 0.000000 0.000000 -nan 0.000000
2324 908 -1 -1 0 0 0 0 0.000000 0.000000 0.000000 -nan 0.000000
2325 909 -1 -1 0 0 0 0 0.000000 0.000000 0.000000 -nan 0.000000
2326 910 -1 -1 0 0 0 0 0.000000 0.000000 0.000000 -nan 0.000000
2327 911 -1 -1 0 0 0 0 0.000000 0.000000 0.000000 -nan 0.000000
2328 912 -1 -1 0 0 0 0 0.000000 0.000000 0.000000 -nan 0.000000
2329 913 -1 -1 0 0 0 0 0.000000 0.000000 0.000000 -nan 0.000000
2330 914 -1 -1 0 0 0 0 0.000000 0.000000 0.000000 -nan 0.000000
2331 915 -1 -1 0 0 0 0 0.000000 0.000000 0.000000 -nan 0.000000
2332 916 -1 -1 0 0 0 0 0.000000 0.000000 0.000000 -nan 0.000000
2333 917 -1 -1 0 0 0 0 0.000000 0.000000 0.000000 -nan 0.000000
2334 918 -1 -1 0 0 0 0 0.000000 0.000000 0.000000 -nan 0.000000
2335 919 -1 -1 0 0 0 0 0.000000 0.000000 0.000000 -nan 0.000000
2336 920 -1 -1 0 0 0 0 0.000000 0.000000 0.000000 -nan 0.000000
2337 921 -1 -1 0 0 0 0 0.000000 0.000000 0.000000 -nan 0.000000
2338 922 -1 -1 0 0 0 0 0.000000 0.000000 0.000000 -nan 0.000000
2339 923 -1 -1 0 0 0 0 0.000000 0.000000 0.000000 -nan 0.000000
2340 924 -1 -1 0 0 0 0 0.000000 0.000000 0.000000 -nan 0.000000
2341 925 -1 -1 0 0 0 0 0.000000 0.000000 0.000000 -nan 0.000000
2342 926 -1 -1 0 0 0 0 0.000000 0.000000 0.000000 -nan 0.000000
2343 927 -1 -1 0 0 0 0 0.000000 0.000000 0.000000 -nan 0.000000
2344 928 -1 -1 0 0 0 0 0.000000 0.000000 0.000000 -nan 0.000000
2345 929 -1 -1 0 0 0 0 0.000000 0.000000 0.000000 -nan 0.000000
2393 930 -1 -1 0 0 0 0 0.000000 0.000000 0.000000 -nan 0.000000
2394 931 -1 -1 0 0 0 0 0.000000 0.000000 0.000000 -nan 0.000000
2395 932 -1 -1 0 0 0 0 0.000000 0.000000 0.000000 -nan 0.000000
2396 933 -1 -1 0 0 0 0 0.000000 0.000000 0.000000 -nan 0.000000
2397 934 -1 -1 0 0 0 0 0.000000 0.000000 0.000000 -nan 0.000000
2398 935 -1 -1 0 0 0 0 0.000000 0.000000 0.000000 -nan 0.000000
2399 936 -1 -1 0 0 0 0 0.000000 0.000000 0.000000 -nan 0.000000
2400 937 -1 -1 0 0 0 0 0.000000 0.000000 0.000000 -nan 0.000000
2401 938 -1 -1 0 0 0 0 0.000000 0.000000 0.000000 -nan 0.000000
2402 939 -1 -1 0 0 0 0 0.000000 0.000000 0.000000 -nan 0.000000
2403 940 -1 -1 0 0 0 0 0.000000 0.000000 0.000000 -nan 0.000000
2404 941 -1 -1 0 0 0 0 0.000000 0.000000 0.000000 -nan 0.000000
2405 942 -1 -1 0 0 0 0 0.000000 0.000000 0.000000 -nan 0.000000
2406 943 -1 -1 0 0 0 0 0.000000 0.000000 0.000000 -nan 0.000000
2407 944 -1 -1 0 0 0 0 0.000000 0.000000 0.000000 -nan 0.000000
2408 945 -1 -1 0 0 0 0 0.000000 0.000000 0.000000 -nan 0.000000
2409 946 -1 -1 0 0 0 0 0.000000 0.000000 0.000000 -nan 0.000000
2410 947 -1 -1 0 0 0 0 0.000000 0.000000 0.000000 -nan 0.000000
2411 948 -1 -1 0 0 0 0 0.000000 0.000000 0.000000 -nan 0.000000
2412 949 -1 -1 0 0 0 0 0.000000 0.000000 0.000000 -nan 0.000000
2413 950 -1 -1 0 0 0 0 0.000000 0.000000 0.000000 -nan 0.000000
2414 951 -1 -1 0 0 0 0 0.000000 0.000000 0.000000 -nan 0.000000
2415 952 -1 -1 0 0 0 0 0.000000 0.000000 0.000000 -nan 0.000000
2416 953 -1 -1 0 0 0 0 0.000000 0.000000 0.000000 -nan 0.000000
2417 954 -1 -1 0 0 0 0 0.000000 0.000000 0.000000 -nan 0.000000
2418 955 -1 -1 0 0 0 0 0.000000 0.000000 0.000000 -nan 0.000000
2419 956 -1 -1 0 0 0 0 0.000000 0.000000 0.000000 -nan 0.000000
2420 957 -1 -1 0 0 0 0 0.000000 0.000000 0.000000 -nan 0.000000
2421 958 -1 -1 0 0 0 0 0.000000 0.000000 0.000000 -nan 0.000000
2422 959 -1 -1 0 0 0 0 0.000000 0.000000 0.000000 -nan 0.000000
2470 960 -1 -1 0 0 0 0 0.000000 0.000000 0.000000 -nan 0.000000
2471 961 -1 -1 0 0 0 0 0.000000 0.000000 0.000000 -nan 0.000000
2472 962 -1 -1 0 0 0 0 0.000000 0.000000 0.000000 -nan 0.000000
2473 963 -1 -1 0 0 0 0 0.000000 0.000000 0.000000 -nan 0.000000
2474 964 -1 -1 0 0 0 0 0.000000 0.000000 0.000000 -nan 0.000000
2475 965 -1 -1 0 0 0 0 0.000000 0.000000 0.000000 -nan 0.000000
2476 966 -1 -1 0 0 0 0 0.000000 0.000000 0.000000 -nan 0.000000
2477 967 -1 -1 0 0 0 0 0.000000 0.000000 0.000000 -nan 0.000000
2478 968 -1 -1 0 0 0 0 0.000000 0.000000 0.000000 -nan 0.000000
2479 969 -1 -1 0 0 0 0 0.000000 0.000000 0.000000 -nan 0.000000
2480 970 -1 -1 0 0 0 0 0.000000 0.000000 0.000000 -nan 0.000000
2481 971 -1 -1 0 0 0 0 0.000000 0.000000 0.000000 -nan 0.000000
2482 972 -1 -1 0 0 0 0 0.000000 0.000000 0.000000 -nan 0.000000
2483 973 -1 -1 0 0 0 0 0.000000 0.000000 0.000000 -nan 0.000000
2484 974 -1 -1 0 0 0 0 0.000000 0.000000 0.000000 -nan 0.000000
2485 975 -1 -1 0 0 0 0 0.000000 0.000000 0.000000 -nan 0.000000
2486 976 -1 -1 0 0 0 0 0.000000 0.000000 0.000000 -nan 0.000000
2487 977 -1 -1 0 0 0 0 0.000000 0.000000 0.000000 -nan 0.000000
2488 978 -1 -1 0 0 0 0 0.000000 0.000000 0.000000 -nan 0.000000
2489 979 -1 -1 0 0 0 0 0.000000 0.000000 0.000000 -nan 0.000000
2490 980 -1 -1 0 0 0 0 0.000000 0.000000 0.000000 -nan 0.000000
2491 981 -1 -1 0 0 0 0 0.000000 0.000000 0.000000 -nan 0.000000
2492 982 -1 -1 0 0 0 0 0.000000 0.000000 0.000000 -nan 0.000000
2493 983 -1 -1 0 0 0 0 0.000000 0.000000 0.000000 -nan 0.000000
2494 984 -1 -1 0 0 0 0 0.000000 0.000000 0.000000 -nan 0.000000
2495 985 -1 -1 0 0 0 0 0.000000 0.000000 0.000000 -nan 0.000000
2496 986 -1 -1 0 0 0 0 0.000000 0.000000 0.000000 -nan 0.000000
2497 987 -1 -1 0 0 0 0 0.000000 0.000000 0.000000 -nan 0.000000
2498 988 -1 -1 0 0 0 0 0.000000 0.000000 0.000000 -nan 0.000000
2499 989 -1 -1 0 0 0 0 0.000000 0.000000 0.000000 -nan 0.000000