# Format <LP id> <Terminal ID> <Total Data Sent> <Total Data Received> <Avg packet latency> <Max packet Latency> <Min packet Latency> <# Packets finished> <Avg Hops> <Avg Busy Time (over rails)>
37 0 0 0 -nan 0.000000 2147483647.000000 0 -nan 0.000000
38 1 0 0 -nan 0.000000 2147483647.000000 0 -nan 0.000000
39 2 0 0 -nan 0.000000 2147483647.000000 0 -nan 0.000000
40 3 0 0 -nan 0.000000 2147483647.000000 0 -nan 0.000000
41 4 0 0 -nan 0.000000 2147483647.000000 0 -nan 0.000000
42 5 0 0 -nan 0.000000 2147483647.000000 0 -nan 0.000000
43 6 796275200 796275200 15766.117863 157101.274380 2319.019588 196800 3.378049 117293947.117035
44 7 0 0 -nan 0.000000 2147483647.000000 0 -nan 0.000000
45 8 0 0 -nan 0.000000 2147483647.000000 0 -nan 0.000000
46 9 0 0 -nan 0.000000 2147483647.000000 0 -nan 0.000000
47 10 796275200 796275200 15121.166979 102459.679165 2319.019588 196800 3.872967 125014159.410907
48 11 0 0 -nan 0.000000 2147483647.000000 0 -nan 0.000000
49 12 0 0 -nan 0.000000 2147483647.000000 0 -nan 0.000000
50 13 796275200 796275200 14415.711237 133714.779893 1490.991427 196800 3.377033 128631249.040296
51 14 796276800 796276800 15919.739766 105233.927204 2319.019588 197000 3.873096 141135251.631218
52 15 0 0 -nan 0.000000 2147483647.000000 0 -nan 0.000000
53 16 0 0 -nan 0.000000 2147483647.000000 0 -nan 0.000000
54 17 0 0 -nan 0.000000 2147483647.000000 0 -nan 0.000000
55 18 796264000 796264000 17259.892105 159159.657423 2776.949749 195400 3.500512 128575984.420903
56 19 0 0 -nan 0.000000 2147483647.000000 0 -nan 0.000000
57 20 0 0 -nan 0.000000 2147483647.000000 0 -nan 0.000000
58 21 0 0 -nan 0.000000 2147483647.000000 0 -nan 0.000000
59 22 0 0 -nan 0.000000 2147483647.000000 0 -nan 0.000000
60 23 0 0 -nan 0.000000 2147483647.000000 0 -nan 0.000000
61 24 796275200 796275200 17565.212860 139325.944491 2319.019588 196800 3.873984 141314635.487431
62 25 0 0 -nan 0.000000 2147483647.000000 0 -nan 0.000000
63 26 0 0 -nan 0.000000 2147483647.000000 0 -nan 0.000000
64 27 0 0 -nan 0.000000 2147483647.000000 0 -nan 0.000000
65 28 0 0 -nan 0.000000 2147483647.000000 0 -nan 0.000000
66 29 0 0 -nan 0.000000 2147483647.000000 0 -nan 0.000000
67 30 0 0 -nan 0.000000 2147483647.000000 0 -nan 0.000000
68 31 0 0 -nan 0.000000 2147483647.000000 0 -nan 0.000000
114 32 0 0 -nan 0.000000 2147483647.000000 0 -nan 0.000000
115 33 0 0 -nan 0.000000 2147483647.000000 0 -nan 0.000000
116 34 0 0 -nan 0.000000 2147483647.000000 0 -nan 0.000000
117 35 0 0 -nan 0.000000 2147483647.000000 0 -nan 0.000000
118 36 796275200 796275200 19019.318266 160854.945275 1490.991427 196800 3.621951 159230189.161838
119 37 0 0 -nan 0.000000 2147483647.000000 0 -nan 0.000000
120 38 0 0 -nan 0.000000 2147483647.000000 0 -nan 0.000000
121 39 0 0 -nan 0.000000 2147483647.000000 0 -nan 0.000000
122 40 796275200 796275200 18908.576893 122260.098377 2319.019588 196800 3.748984 201460770.236250
123 41 0 0 -nan 0.000000 2147483647.000000 0 -nan 0.000000
124 42 0 0 -nan 0.000000 2147483647.000000 0 -nan 0.000000
125 43 796275200 796275200 18944.188063 278855.609462 2319.019588 196800 3.998984 152464940.602992
126 44 0 0 -nan 0.000000 2147483647.000000 0 -nan 0.000000
127 45 0 0 -nan 0.000000 2147483647.000000 0 -nan 0.000000
128 46 0 0 -nan 0.000000 2147483647.000000 0 -nan 0.000000
129 47 0 0 -nan 0.000000 2147483647.000000 0 -nan 0.000000
130 48 796275200 796275200 15491.070687 186513.642365 1490.991427 196800 3.747967 119011485.119967
131 49 0 0 -nan 0.000000 2147483647.000000 0 -nan 0.000000
132 50 0 0 -nan 0.000000 2147483647.000000 0 -nan 0.000000
133 51 0 0 -nan 0.000000 2147483647.000000 0 -nan 0.000000
134 52 0 0 -nan 0.000000 2147483647.000000 0 -nan 0.000000
135 53 796275200 796275200 16718.024540 273459.224159 2319.019588 196800 3.875000 192031076.124450
136 54 796275200 796275200 15918.858441 214920.816404 2319.019588 196800 3.747967 210578793.662450
137 55 0 0 -nan 0.000000 2147483647.000000 0 -nan 0.000000
138 56 796264000 796264000 23719.514457 492341.243535 3147.047749 195400 3.875128 173356468.091704
139 57 796275200 796275200 17500.219574 145333.516288 2319.019588 196800 3.750000 178015090.151611
140 58 0 0 -nan 0.000000 2147483647.000000 0 -nan 0.000000
141 59 0 0 -nan 0.000000 2147483647.000000 0 -nan 0.000000
142 60 796275200 796275200 18546.417308 126712.187109 2319.019588 196800 3.875000 170767238.363198
143 61 796276800 796276800 17131.758183 123707.549023 2319.019588 197000 3.875127 165160901.829384
144 62 0 0 -nan 0.000000 2147483647.000000 0 -nan 0.000000
145 63 0 0 -nan 0.000000 2147483647.000000 0 -nan 0.000000
191 64 0 0 -nan 0.000000 2147483647.000000 0 -nan 0.000000
192 65 0 0 -nan 0.000000 2147483647.000000 0 -nan 0.000000
193 66 796275200 796275200 19667.939933 219477.398853 1405.796642 196800 3.500000 188183279.512279
194 67 796275200 796275200 19264.253552 134653.096178 1490.991427 196800 3.748984 155191752.796683
195 68 0 0 -nan 0.000000 2147483647.000000 0 -nan 0.000000
196 69 0 0 -nan 0.000000 2147483647.000000 0 -nan 0.000000
197 70 0 0 -nan 0.000000 2147483647.000000 0 -nan 0.000000
198 71 0 0 -nan 0.000000 2147483647.000000 0 -nan 0.000000
199 72 0 0 -nan 0.000000 2147483647.000000 0 -nan 0.000000
200 73 796264000 796264000 19752.741464 201570.680263 3147.047749 195400 3.875128 151398914.170650
201 74 0 0 -nan 0.000000 2147483647.000000 0 -nan 0.000000
202 75 0 0 -nan 0.000000 2147483647.000000 0 -nan 0.000000
203 76 0 0 -nan 0.000000 2147483647.000000 0 -nan 0.000000
204 77 796275200 796275200 20435.175917 119306.250948 1490.991427 196800 3.869919 122196214.037942
205 78 0 0 -nan 0.000000 2147483647.000000 0 -nan 0.000000
206 79 796275200 796275200 19379.907819 233999.961638 1490.991427 196800 3.626016 153847460.142325
207 80 0 0 -nan 0.000000 2147483647.000000 0 -nan 0.000000
208 81 0 0 -nan 0.000000 2147483647.000000 0 -nan 0.000000
209 82 796275200 796275200 19649.103941 209058.488594 2319.019588 196800 3.873984 184784622.752561
210 83 0 0 -nan 0.000000 2147483647.000000 0 -nan 0.000000
211 84 0 0 -nan 0.000000 2147483647.000000 0 -nan 0.000000
212 85 0 0 -nan 0.000000 2147483647.000000 0 -nan 0.000000
213 86 0 0 -nan 0.000000 2147483647.000000 0 -nan 0.000000
214 87 0 0 -nan 0.000000 2147483647.000000 0 -nan 0.000000
215 88 0 0 -nan 0.000000 2147483647.000000 0 -nan 0.000000
216 89 796275200 796275200 15325.059788 202290.798653 577.768481 196800 3.250000 145022123.452933
217 90 796276800 796276800 16501.340839 158895.907973 577.768481 197000 3.621320 175593916.195529
218 91 0 0 -nan 0.000000 2147483647.000000 0 -nan 0.000000
219 92 0 0 -nan 0.000000 2147483647.000000 0 -nan 0.000000
220 93 796275200 796275200 20007.643995 222648.781597 2319.019588 196800 3.747967 161497964.082182
221 94 0 0 -nan 0.000000 2147483647.000000 0 -nan 0.000000
222 95 0 0 -nan 0.000000 2147483647.000000 0 -nan 0.000000
268 96 0 0 -nan 0.000000 2147483647.000000 0 -nan 0.000000
269 97 796275200 796275200 18915.406397 298999.334504 1405.796642 196800 3.746951 280458511.183414
270 98 0 0 -nan 0.000000 2147483647.000000 0 -nan 0.000000
271 99 0 0 -nan 0.000000 2147483647.000000 0 -nan 0.000000
272 100 796275200 796275200 31025.087211 422687.935000 1490.991427 196800 3.871951 229778788.372442
273 101 0 0 -nan 0.000000 2147483647.000000 0 -nan 0.000000
274 102 796275200 796275200 24473.867214 178493.781076 2319.019588 196800 3.873984 191757087.973405
275 103 796275200 796275200 22605.552620 276345.826746 2319.019588 196800 3.626016 171110753.565633
276 104 0 0 -nan 0.000000 2147483647.000000 0 -nan 0.000000
277 105 796275200 796275200 18958.620813 202910.354912 577.768481 196800 3.621951 325262926.087765
278 106 796275200 796275200 26824.204008 517929.290893 577.768481 196800 3.995935 370919718.620221
279 107 796264000 796264000 28388.299387 328589.731144 3147.047749 195400 3.500512 372607773.357922
280 108 0 0 -nan 0.000000 2147483647.000000 0 -nan 0.000000
281 109 796275200 796275200 21677.665521 276891.299603 2319.019588 196800 3.873984 204827375.293146
282 110 0 0 -nan 0.000000 2147483647.000000 0 -nan 0.000000
283 111 796275200 796275200 26725.968032 278155.277700 2319.019588 196800 3.748984 140836066.623012
284 112 796275200 796275200 29901.326986 313419.693511 1405.796642 196800 3.995935 287167611.640316
285 113 796275200 796275200 19887.291096 328625.271905 2319.019588 196800 3.627033 261980239.049969
286 114 0 0 -nan 0.000000 2147483647.000000 0 -nan 0.000000
287 115 0 0 -nan 0.000000 2147483647.000000 0 -nan 0.000000
288 116 0 0 -nan 0.000000 2147483647.000000 0 -nan 0.000000
289 117 0 0 -nan 0.000000 2147483647.000000 0 -nan 0.000000
290 118 796275200 796275200 26838.210231 242833.117631 2319.019588 196800 3.751016 334827807.165392
291 119 796276800 796276800 22634.829814 242106.508628 1490.991427 197000 3.746193 295138257.271994
292 120 0 0 -nan 0.000000 2147483647.000000 0 -nan 0.000000
293 121 0 0 -nan 0.000000 2147483647.000000 0 -nan 0.000000
294 122 796275200 796275200 20112.568964 152078.712216 1490.991427 196800 3.873984 189072669.529508
295 123 0 0 -nan 0.000000 2147483647.000000 0 -nan 0.000000
296 124 0 0 -nan 0.000000 2147483647.000000 0 -nan 0.000000
297 125 0 0 -nan 0.000000 2147483647.000000 0 -nan 0.000000
298 126 0 0 -nan 0.000000 2147483647.000000 0 -nan 0.000000
299 127 0 0 -nan 0.000000 2147483647.000000 0 -nan 0.000000
345 128 796275200 796275200 23545.021941 475062.271064 2319.019588 196800 3.748984 225703045.019525
346 129 0 0 -nan 0.000000 2147483647.000000 0 -nan 0.000000
347 130 796275200 796275200 18690.528539 285765.194194 2319.019588 196800 3.748984 193674166.156961
348 131 796264000 796264000 25527.358126 330079.443096 1405.796642 195400 3.873081 216902007.241567
349 132 796276800 796276800 24214.350688 284684.180969 1405.796642 197000 3.500508 196831191.758978
350 133 0 0 -nan 0.000000 2147483647.000000 0 -nan 0.000000
351 134 796264000 796264000 26152.674235 310198.242994 2606.892322 195400 3.375640 204877226.617422
352 135 0 0 -nan 0.000000 2147483647.000000 0 -nan 0.000000
353 136 0 0 -nan 0.000000 2147483647.000000 0 -nan 0.000000
354 137 0 0 -nan 0.000000 2147483647.000000 0 -nan 0.000000
355 138 0 0 -nan 0.000000 2147483647.000000 0 -nan 0.000000
356 139 0 0 -nan 0.000000 2147483647.000000 0 -nan 0.000000
357 140 0 0 -nan 0.000000 2147483647.000000 0 -nan 0.000000
358 141 796275200 796275200 33862.734503 529625.912513 2319.019588 196800 3.625000 189673042.965323
359 142 796264000 796264000 23645.192404 512347.599115 3147.047749 195400 3.750256 179702256.827524
360 143 796276800 796276800 24274.524254 570656.700244 1490.991427 197000 3.623350 228207580.980969
361 144 0 0 -nan 0.000000 2147483647.000000 0 -nan 0.000000
362 145 0 0 -nan 0.000000 2147483647.000000 0 -nan 0.000000
363 146 0 0 -nan 0.000000 2147483647.000000 0 -nan 0.000000
364 147 0 0 -nan 0.000000 2147483647.000000 0 -nan 0.000000
365 148 0 0 -nan 0.000000 2147483647.000000 0 -nan 0.000000
366 149 796276800 796276800 18160.766976 172874.967390 2319.019588 197000 3.627411 182890111.577638
367 150 0 0 -nan 0.000000 2147483647.000000 0 -nan 0.000000
368 151 796275200 796275200 22835.334995 313109.408846 2319.019588 196800 3.875000 161533779.951655
369 152 0 0 -nan 0.000000 2147483647.000000 0 -nan 0.000000
370 153 796275200 796275200 25752.943027 509914.132839 3147.047749 196800 3.876016 296390291.818999
371 154 0 0 -nan 0.000000 2147483647.000000 0 -nan 0.000000
372 155 0 0 -nan 0.000000 2147483647.000000 0 -nan 0.000000
373 156 0 0 -nan 0.000000 2147483647.000000 0 -nan 0.000000
374 157 796275200 796275200 14846.816583 119688.483286 1490.991427 196800 3.251016 171005714.585513
375 158 0 0 -nan 0.000000 2147483647.000000 0 -nan 0.000000
376 159 0 0 -nan 0.000000 2147483647.000000 0 -nan 0.000000
422 160 0 0 -nan 0.000000 2147483647.000000 0 -nan 0.000000
423 161 0 0 -nan 0.000000 2147483647.000000 0 -nan 0.000000
424 162 796264000 796264000 19342.417919 150761.383072 3147.047749 195400 3.750256 186622570.686151
425 163 0 0 -nan 0.000000 2147483647.000000 0 -nan 0.000000
426 164 0 0 -nan 0.000000 2147483647.000000 0 -nan 0.000000
427 165 796275200 796275200 15460.533825 105771.419384 1405.796642 196800 3.377033 132221707.678472
428 166 796275200 796275200 16736.854355 186951.774915 1405.796642 196800 3.500000 137632397.428424
429 167 0 0 -nan 0.000000 2147483647.000000 0 -nan 0.000000
430 168 0 0 -nan 0.000000 2147483647.000000 0 -nan 0.000000
431 169 796275200 796275200 18491.012543 115076.931513 2319.019588 196800 3.872967 159245098.162271
432 170 0 0 -nan 0.000000 2147483647.000000 0 -nan 0.000000
433 171 796275200 796275200 18965.098590 173672.222822 3147.047749 196800 3.752033 193952785.124713
434 172 0 0 -nan 0.000000 2147483647.000000 0 -nan 0.000000
435 173 0 0 -nan 0.000000 2147483647.000000 0 -nan 0.000000
436 174 796275200 796275200 18312.030894 213855.953912 2319.019588 196800 3.627033 269855008.496215
437 175 796275200 796275200 22117.536055 177101.582122 2319.019588 196800 3.875000 256745836.760871
438 176 796275200 796275200 21050.421670 187047.788940 1405.796642 196800 3.871951 197426493.764124
439 177 796275200 796275200 20853.651964 179492.038078 2319.019588 196800 3.998984 194061075.566599
440 178 0 0 -nan 0.000000 2147483647.000000 0 -nan 0.000000
441 179 0 0 -nan 0.000000 2147483647.000000 0 -nan 0.000000
442 180 0 0 -nan 0.000000 2147483647.000000 0 -nan 0.000000
443 181 796275200 796275200 19331.121754 189900.050027 1405.796642 196800 3.501016 140283943.127408
444 182 0 0 -nan 0.000000 2147483647.000000 0 -nan 0.000000
445 183 0 0 -nan 0.000000 2147483647.000000 0 -nan 0.000000
446 184 0 0 -nan 0.000000 2147483647.000000 0 -nan 0.000000
447 185 0 0 -nan 0.000000 2147483647.000000 0 -nan 0.000000
448 186 0 0 -nan 0.000000 2147483647.000000 0 -nan 0.000000
449 187 0 0 -nan 0.000000 2147483647.000000 0 -nan 0.000000
450 188 0 0 -nan 0.000000 2147483647.000000 0 -nan 0.000000
451 189 796275200 796275200 18827.138686 155761.826985 2319.019588 196800 3.626016 140181440.616655
452 190 0 0 -nan 0.000000 2147483647.000000 0 -nan 0.000000
453 191 0 0 -nan 0.000000 2147483647.000000 0 -nan 0.000000
499 192 0 0 -nan 0.000000 2147483647.000000 0 -nan 0.000000
500 193 0 0 -nan 0.000000 2147483647.000000 0 -nan 0.000000
501 194 0 0 -nan 0.000000 2147483647.000000 0 -nan 0.000000
502 195 0 0 -nan 0.000000 2147483647.000000 0 -nan 0.000000
503 196 796275200 796275200 16967.001263 492638.238685 2319.019588 196800 3.254065 222428550.871253
504 197 0 0 -nan 0.000000 2147483647.000000 0 -nan 0.000000
505 198 0 0 -nan 0.000000 2147483647.000000 0 -nan 0.000000
506 199 0 0 -nan 0.000000 2147483647.000000 0 -nan 0.000000
507 200 796275200 796275200 16229.945215 118932.732162 1490.991427 196800 3.498984 150417432.225814
508 201 796276800 796276800 17841.500021 413675.882981 2319.019588 197000 3.627411 227313727.331906
509 202 796276800 796276800 18945.869875 195091.784300 2319.019588 197000 3.751269 173804762.238371
510 203 796275200 796275200 16056.411620 103961.045679 1405.796642 196800 3.750000 158523318.015545
511 204 796276800 796276800 21408.962468 355464.121052 2319.019588 197000 3.875127 162858059.401306
512 205 0 0 -nan 0.000000 2147483647.000000 0 -nan 0.000000
513 206 0 0 -nan 0.000000 2147483647.000000 0 -nan 0.000000
514 207 0 0 -nan 0.000000 2147483647.000000 0 -nan 0.000000
515 208 796275200 796275200 17561.517013 152465.708658 1490.991427 196800 3.625000 220338169.605308
516 209 796275200 796275200 17660.517900 123004.777527 2319.019588 196800 3.748984 226712577.293220
517 210 0 0 -nan 0.000000 2147483647.000000 0 -nan 0.000000
518 211 0 0 -nan 0.000000 2147483647.000000 0 -nan 0.000000
519 212 0 0 -nan 0.000000 2147483647.000000 0 -nan 0.000000
520 213 0 0 -nan 0.000000 2147483647.000000 0 -nan 0.000000
521 214 796275200 796275200 19815.593696 184290.840360 1405.796642 196800 3.995935 158806977.576343
522 215 0 0 -nan 0.000000 2147483647.000000 0 -nan 0.000000
523 216 0 0 -nan 0.000000 2147483647.000000 0 -nan 0.000000
524 217 796275200 796275200 15354.928259 304182.215805 2319.019588 196800 3.751016 149963857.337948
525 218 0 0 -nan 0.000000 2147483647.000000 0 -nan 0.000000
526 219 0 0 -nan 0.000000 2147483647.000000 0 -nan 0.000000
527 220 0 0 -nan 0.000000 2147483647.000000 0 -nan 0.000000
528 221 0 0 -nan 0.000000 2147483647.000000 0 -nan 0.000000
529 222 0 0 -nan 0.000000 2147483647.000000 0 -nan 0.000000
530 223 0 0 -nan 0.000000 2147483647.000000 0 -nan 0.000000
576 224 0 0 -nan 0.000000 2147483647.000000 0 -nan 0.000000
577 225 796264000 796264000 19131.233553 120219.085384 3147.047749 195400 3.875128 187749079.173177
578 226 0 0 -nan 0.000000 2147483647.000000 0 -nan 0.000000
579 227 0 0 -nan 0.000000 2147483647.000000 0 -nan 0.000000
580 228 0 0 -nan 0.000000 2147483647.000000 0 -nan 0.000000
581 229 0 0 -nan 0.000000 2147483647.000000 0 -nan 0.000000
582 230 796275200 796275200 16214.075983 123644.554489 1405.796642 196800 3.747967 180282688.425838
583 231 0 0 -nan 0.000000 2147483647.000000 0 -nan 0.000000
584 232 796275200 796275200 17330.679409 110542.683325 2319.019588 196800 3.875000 192521348.206330
585 233 796275200 796275200 17222.749240 179441.584065 2319.019588 196800 3.748984 174738676.068870
586 234 0 0 -nan 0.000000 2147483647.000000 0 -nan 0.000000
587 235 0 0 -nan 0.000000 2147483647.000000 0 -nan 0.000000
588 236 796276800 796276800 18788.518736 120219.085384 2319.019588 197000 3.872081 206959555.290444
589 237 796275200 796275200 14865.291615 110553.797355 1405.796642 196800 3.622967 142097035.083695
590 238 0 0 -nan 0.000000 2147483647.000000 0 -nan 0.000000
591 239 0 0 -nan 0.000000 2147483647.000000 0 -nan 0.000000
592 240 0 0 -nan 0.000000 2147483647.000000 0 -nan 0.000000
593 241 0 0 -nan 0.000000 2147483647.000000 0 -nan 0.000000
594 242 796275200 796275200 15991.256451 279945.080754 1405.796642 196800 3.621951 178259407.670884
595 243 0 0 -nan 0.000000 2147483647.000000 0 -nan 0.000000
596 244 0 0 -nan 0.000000 2147483647.000000 0 -nan 0.000000
597 245 0 0 -nan 0.000000 2147483647.000000 0 -nan 0.000000
598 246 0 0 -nan 0.000000 2147483647.000000 0 -nan 0.000000
599 247 796275200 796275200 17721.243320 113205.147224 1405.796642 196800 3.746951 150224850.185563
600 248 796275200 796275200 19725.924157 212524.390973 577.768481 196800 3.747967 221720495.526607
601 249 796276800 796276800 22906.709897 222492.282047 577.768481 197000 3.869036 202748378.076452
602 250 0 0 -nan 0.000000 2147483647.000000 0 -nan 0.000000
603 251 0 0 -nan 0.000000 2147483647.000000 0 -nan 0.000000
604 252 0 0 -nan 0.000000 2147483647.000000 0 -nan 0.000000
605 253 0 0 -nan 0.000000 2147483647.000000 0 -nan 0.000000
606 254 0 0 -nan 0.000000 2147483647.000000 0 -nan 0.000000
607 255 0 0 -nan 0.000000 2147483647.000000 0 -nan 0.000000
653 256 796264000 796264000 16862.194436 107382.683963 2319.019588 195400 3.624360 164677242.854066
654 257 0 0 -nan 0.000000 2147483647.000000 0 -nan 0.000000
655 258 796275200 796275200 22949.993567 217509.112074 1405.796642 196800 3.747967 202103335.534864
656 259 0 0 -nan 0.000000 2147483647.000000 0 -nan 0.000000
657 260 0 0 -nan 0.000000 2147483647.000000 0 -nan 0.000000
658 261 0 0 -nan 0.000000 2147483647.000000 0 -nan 0.000000
659 262 0 0 -nan 0.000000 2147483647.000000 0 -nan 0.000000
660 263 0 0 -nan 0.000000 2147483647.000000 0 -nan 0.000000
661 264 796275200 796275200 19311.542382 262638.314895 3147.047749 196800 4.000000 174055432.487759
662 265 0 0 -nan 0.000000 2147483647.000000 0 -nan 0.000000
663 266 0 0 -nan 0.000000 2147483647.000000 0 -nan 0.000000
664 267 0 0 -nan 0.000000 2147483647.000000 0 -nan 0.000000
665 268 796275200 796275200 14390.843455 102432.800862 1405.796642 196800 3.500000 108530792.307564
666 269 0 0 -nan 0.000000 2147483647.000000 0 -nan 0.000000
667 270 0 0 -nan 0.000000 2147483647.000000 0 -nan 0.000000
668 271 0 0 -nan 0.000000 2147483647.000000 0 -nan 0.000000
669 272 796275200 796275200 19529.707863 185590.656061 1405.796642 196800 3.870935 196085531.272015
670 273 0 0 -nan 0.000000 2147483647.000000 0 -nan 0.000000
671 274 0 0 -nan 0.000000 2147483647.000000 0 -nan 0.000000
672 275 0 0 -nan 0.000000 2147483647.000000 0 -nan 0.000000
673 276 0 0 -nan 0.000000 2147483647.000000 0 -nan 0.000000
674 277 796275200 796275200 19875.766176 200553.755918 1405.796642 196800 3.869919 156427129.688618
675 278 0 0 -nan 0.000000 2147483647.000000 0 -nan 0.000000
676 279 0 0 -nan 0.000000 2147483647.000000 0 -nan 0.000000
677 280 796275200 796275200 19863.968811 100479.898435 2319.019588 196800 3.626016 161677490.273064
678 281 796275200 796275200 21992.174563 198261.198106 1490.991427 196800 3.500000 196132491.145239
679 282 0 0 -nan 0.000000 2147483647.000000 0 -nan 0.000000
680 283 796264000 796264000 21446.757028 175214.027819 3147.047749 195400 3.750256 216808316.896104
681 284 0 0 -nan 0.000000 2147483647.000000 0 -nan 0.000000
682 285 796275200 796275200 31377.902182 258750.183752 3147.047749 196800 3.876016 172733802.739648
683 286 0 0 -nan 0.000000 2147483647.000000 0 -nan 0.000000
684 287 0 0 -nan 0.000000 2147483647.000000 0 -nan 0.000000
730 288 0 0 -nan 0.000000 2147483647.000000 0 -nan 0.000000
731 289 0 0 -nan 0.000000 2147483647.000000 0 -nan 0.000000
732 290 0 0 -nan 0.000000 2147483647.000000 0 -nan 0.000000
733 291 0 0 -nan 0.000000 2147483647.000000 0 -nan 0.000000
734 292 0 0 -nan 0.000000 2147483647.000000 0 -nan 0.000000
735 293 796275200 796275200 17570.315867 122611.478328 2319.019588 196800 3.871951 290512510.307041
736 294 796275200 796275200 17406.562296 158413.163405 3147.047749 196800 3.752033 251336037.880845
737 295 796275200 796275200 21147.281862 415784.808190 2319.019588 196800 3.998984 293829801.021608
738 296 0 0 -nan 0.000000 2147483647.000000 0 -nan 0.000000
739 297 0 0 -nan 0.000000 2147483647.000000 0 -nan 0.000000
740 298 0 0 -nan 0.000000 2147483647.000000 0 -nan 0.000000
741 299 0 0 -nan 0.000000 2147483647.000000 0 -nan 0.000000
742 300 796276800 796276800 19569.103911 272609.021099 2319.019588 197000 3.503553 145561872.050241
743 301 0 0 -nan 0.000000 2147483647.000000 0 -nan 0.000000
744 302 796275200 796275200 18796.124864 118930.198501 2319.019588 196800 3.747967 173533796.109928
745 303 0 0 -nan 0.000000 2147483647.000000 0 -nan 0.000000
746 304 0 0 -nan 0.000000 2147483647.000000 0 -nan 0.000000
747 305 0 0 -nan 0.000000 2147483647.000000 0 -nan 0.000000
748 306 0 0 -nan 0.000000 2147483647.000000 0 -nan 0.000000
749 307 0 0 -nan 0.000000 2147483647.000000 0 -nan 0.000000
750 308 796275200 796275200 16377.329744 402452.519087 2319.019588 196800 3.751016 175444962.982577
751 309 0 0 -nan 0.000000 2147483647.000000 0 -nan 0.000000
752 310 0 0 -nan 0.000000 2147483647.000000 0 -nan 0.000000
753 311 0 0 -nan 0.000000 2147483647.000000 0 -nan 0.000000
754 312 0 0 -nan 0.000000 2147483647.000000 0 -nan 0.000000
755 313 796275200 796275200 18001.057620 633943.234789 2319.019588 196800 3.872967 126133441.687531
756 314 0 0 -nan 0.000000 2147483647.000000 0 -nan 0.000000
757 315 796275200 796275200 17701.979383 166238.013204 2319.019588 196800 3.875000 136803493.806792
758 316 796275200 796275200 16451.707953 161240.176593 2319.019588 196800 3.750000 116516247.245644
759 317 0 0 -nan 0.000000 2147483647.000000 0 -nan 0.000000
760 318 0 0 -nan 0.000000 2147483647.000000 0 -nan 0.000000
761 319 0 0 -nan 0.000000 2147483647.000000 0 -nan 0.000000
807 320 796275200 796275200 16994.263834 150769.545156 2319.019588 196800 3.873984 177550789.084611
808 321 0 0 -nan 0.000000 2147483647.000000 0 -nan 0.000000
809 322 0 0 -nan 0.000000 2147483647.000000 0 -nan 0.000000
810 323 0 0 -nan 0.000000 2147483647.000000 0 -nan 0.000000
811 324 0 0 -nan 0.000000 2147483647.000000 0 -nan 0.000000
812 325 0 0 -nan 0.000000 2147483647.000000 0 -nan 0.000000
813 326 0 0 -nan 0.000000 2147483647.000000 0 -nan 0.000000
814 327 796275200 796275200 23280.446113 232918.776080 2319.019588 196800 3.751016 238786357.540020
815 328 796264000 796264000 23053.304711 220142.587357 3147.047749 195400 4.000000 221077459.986770
816 329 0 0 -nan 0.000000 2147483647.000000 0 -nan 0.000000
817 330 796275200 796275200 20916.927798 208318.765848 1490.991427 196800 3.870935 224689107.426270
818 331 0 0 -nan 0.000000 2147483647.000000 0 -nan 0.000000
819 332 0 0 -nan 0.000000 2147483647.000000 0 -nan 0.000000
820 333 796275200 796275200 17864.616905 230234.906219 2319.019588 196800 3.503049 189625108.413124
821 334 796276800 796276800 27912.140328 367806.229079 3147.047749 197000 3.876142 252161410.090643
822 335 796275200 796275200 21504.522982 203295.072348 2319.019588 196800 3.870935 153463561.356539
823 336 796275200 796275200 17481.884210 202437.316709 2319.019588 196800 3.751016 152043496.252285
824 337 796275200 796275200 23269.987646 345979.004499 3147.047749 196800 4.000000 186946277.937633
825 338 0 0 -nan 0.000000 2147483647.000000 0 -nan 0.000000
826 339 0 0 -nan 0.000000 2147483647.000000 0 -nan 0.000000
827 340 0 0 -nan 0.000000 2147483647.000000 0 -nan 0.000000
828 341 0 0 -nan 0.000000 2147483647.000000 0 -nan 0.000000
829 342 0 0 -nan 0.000000 2147483647.000000 0 -nan 0.000000
830 343 796275200 796275200 16038.251816 137192.556842 2319.019588 196800 3.997967 197387405.541892
831 344 0 0 -nan 0.000000 2147483647.000000 0 -nan 0.000000
832 345 796275200 796275200 16486.256410 196419.044825 2319.019588 196800 3.378049 158343435.393970
833 346 0 0 -nan 0.000000 2147483647.000000 0 -nan 0.000000
834 347 0 0 -nan 0.000000 2147483647.000000 0 -nan 0.000000
835 348 0 0 -nan 0.000000 2147483647.000000 0 -nan 0.000000
836 349 0 0 -nan 0.000000 2147483647.000000 0 -nan 0.000000
837 350 0 0 -nan 0.000000 2147483647.000000 0 -nan 0.000000
838 351 0 0 -nan 0.000000 2147483647.000000 0 -nan 0.000000
884 352 796264000 796264000 22403.970127 442779.390010 3147.047749 195400 3.875128 142864587.956486
885 353 0 0 -nan 0.000000 2147483647.000000 0 -nan 0.000000
886 354 0 0 -nan 0.000000 2147483647.000000 0 -nan 0.000000
887 355 796275200 796275200 18902.055822 395453.164775 2319.019588 196800 3.379065 173670441.553940
888 356 796275200 796275200 54069.183945 461889.757077 1405.796642 196800 3.872967 318224304.100373
889 357 796275200 796275200 51267.612979 437950.666914 2319.019588 196800 3.626016 310509559.237121
890 358 796275200 796275200 20820.414846 300298.793412 2319.019588 196800 3.751016 244385406.788538
891 359 796275200 796275200 19871.444068 144776.657943 2606.892322 196800 3.628049 195809709.748305
892 360 796276800 796276800 23546.841824 362795.339736 1490.991427 197000 3.620305 241373016.737213
893 361 0 0 -nan 0.000000 2147483647.000000 0 -nan 0.000000
894 362 796275200 796275200 24041.125793 469843.307558 2606.892322 196800 3.380081 227554698.869878
895 363 0 0 -nan 0.000000 2147483647.000000 0 -nan 0.000000
896 364 0 0 -nan 0.000000 2147483647.000000 0 -nan 0.000000
897 365 796275200 796275200 21899.998126 374876.216202 2319.019588 196800 3.998984 148683174.635176
898 366 0 0 -nan 0.000000 2147483647.000000 0 -nan 0.000000
899 367 0 0 -nan 0.000000 2147483647.000000 0 -nan 0.000000
900 368 796275200 796275200 22553.910463 439454.008723 2319.019588 196800 3.751016 177773646.540224
901 369 0 0 -nan 0.000000 2147483647.000000 0 -nan 0.000000
902 370 0 0 -nan 0.000000 2147483647.000000 0 -nan 0.000000
903 371 0 0 -nan 0.000000 2147483647.000000 0 -nan 0.000000
904 372 0 0 -nan 0.000000 2147483647.000000 0 -nan 0.000000
905 373 796275200 796275200 19410.817965 454218.497537 1405.796642 196800 3.625000 181209738.346748
906 374 0 0 -nan 0.000000 2147483647.000000 0 -nan 0.000000
907 375 796275200 796275200 20470.236546 430445.489873 2319.019588 196800 3.626016 172776964.690337
908 376 796264000 796264000 29468.798483 563694.556991 2606.892322 195400 3.375640 216738934.891130
909 377 0 0 -nan 0.000000 2147483647.000000 0 -nan 0.000000
910 378 796275200 796275200 26395.112210 666147.845542 2319.019588 196800 3.379065 142725795.887770
911 379 0 0 -nan 0.000000 2147483647.000000 0 -nan 0.000000
912 380 0 0 -nan 0.000000 2147483647.000000 0 -nan 0.000000
913 381 0 0 -nan 0.000000 2147483647.000000 0 -nan 0.000000
914 382 0 0 -nan 0.000000 2147483647.000000 0 -nan 0.000000
915 383 0 0 -nan 0.000000 2147483647.000000 0 -nan 0.000000
961 384 796275200 796275200 14850.797281 341554.113710 1053.674316 196800 3.378049 147022295.462055
962 385 796275200 796275200 16917.159642 398036.887098 2319.019588 196800 3.502033 161500685.213498
963 386 0 0 -nan 0.000000 2147483647.000000 0 -nan 0.000000
964 387 796275200 796275200 16015.202103 344252.401113 1053.674316 196800 3.380081 157539291.888521
965 388 0 0 -nan 0.000000 2147483647.000000 0 -nan 0.000000
966 389 0 0 -nan 0.000000 2147483647.000000 0 -nan 0.000000
967 390 796275200 796275200 15235.258051 115023.970899 2319.019588 196800 3.503049 109067504.908260
968 391 0 0 -nan 0.000000 2147483647.000000 0 -nan 0.000000
969 392 796275200 796275200 15378.641481 226392.930195 2319.019588 196800 3.502033 172687485.529578
970 393 796264000 796264000 18207.333433 167259.288441 2319.019588 195400 3.749232 133933740.854800
971 394 0 0 -nan 0.000000 2147483647.000000 0 -nan 0.000000
972 395 0 0 -nan 0.000000 2147483647.000000 0 -nan 0.000000
973 396 0 0 -nan 0.000000 2147483647.000000 0 -nan 0.000000
974 397 0 0 -nan 0.000000 2147483647.000000 0 -nan 0.000000
975 398 0 0 -nan 0.000000 2147483647.000000 0 -nan 0.000000
976 399 796275200 796275200 13742.796355 120490.078075 2319.019588 196800 3.377033 120488383.319620
977 400 0 0 -nan 0.000000 2147483647.000000 0 -nan 0.000000
978 401 0 0 -nan 0.000000 2147483647.000000 0 -nan 0.000000
979 402 0 0 -nan 0.000000 2147483647.000000 0 -nan 0.000000
980 403 0 0 -nan 0.000000 2147483647.000000 0 -nan 0.000000
981 404 0 0 -nan 0.000000 2147483647.000000 0 -nan 0.000000
982 405 0 0 -nan 0.000000 2147483647.000000 0 -nan 0.000000
983 406 0 0 -nan 0.000000 2147483647.000000 0 -nan 0.000000
984 407 0 0 -nan 0.000000 2147483647.000000 0 -nan 0.000000
985 408 796275200 796275200 13403.032311 190997.759166 1490.991427 196800 3.253049 126791714.097559
986 409 796275200 796275200 15967.919416 153522.355652 2319.019588 196800 3.379065 166463449.666335
987 410 0 0 -nan 0.000000 2147483647.000000 0 -nan 0.000000
988 411 0 0 -nan 0.000000 2147483647.000000 0 -nan 0.000000
989 412 0 0 -nan 0.000000 2147483647.000000 0 -nan 0.000000
990 413 0 0 -nan 0.000000 2147483647.000000 0 -nan 0.000000
991 414 0 0 -nan 0.000000 2147483647.000000 0 -nan 0.000000
992 415 0 0 -nan 0.000000 2147483647.000000 0 -nan 0.000000
1038 416 0 0 -nan 0.000000 2147483647.000000 0 -nan 0.000000
1039 417 0 0 -nan 0.000000 2147483647.000000 0 -nan 0.000000
1040 418 796276800 796276800 16772.405417 159163.928542 1490.991427 197000 3.499492 127366262.723075
1041 419 0 0 -nan 0.000000 2147483647.000000 0 -nan 0.000000
1042 420 0 0 -nan 0.000000 2147483647.000000 0 -nan 0.000000
1043 421 796275200 796275200 17669.040510 221826.212034 2319.019588 196800 3.751016 134138507.069328
1044 422 0 0 -nan 0.000000 2147483647.000000 0 -nan 0.000000
1045 423 796276800 796276800 17795.319440 135804.745206 3147.047749 197000 3.752284 174474576.319550
1046 424 0 0 -nan 0.000000 2147483647.000000 0 -nan 0.000000
1047 425 0 0 -nan 0.000000 2147483647.000000 0 -nan 0.000000
1048 426 0 0 -nan 0.000000 2147483647.000000 0 -nan 0.000000
1049 427 0 0 -nan 0.000000 2147483647.000000 0 -nan 0.000000
1050 428 0 0 -nan 0.000000 2147483647.000000 0 -nan 0.000000
1051 429 796276800 796276800 17462.415071 126584.418972 2319.019588 197000 3.875127 167203916.217666
1052 430 0 0 -nan 0.000000 2147483647.000000 0 -nan 0.000000
1053 431 796264000 796264000 17456.263512 115846.543521 2606.892322 195400 3.750256 155015924.497635
1054 432 0 0 -nan 0.000000 2147483647.000000 0 -nan 0.000000
1055 433 796264000 796264000 14613.998217 94426.100479 2606.892322 195400 3.500512 127296991.045989
1056 434 796264000 796264000 19100.024907 109045.539485 3147.047749 195400 3.875128 147478924.626173
1057 435 0 0 -nan 0.000000 2147483647.000000 0 -nan 0.000000
1058 436 0 0 -nan 0.000000 2147483647.000000 0 -nan 0.000000
1059 437 0 0 -nan 0.000000 2147483647.000000 0 -nan 0.000000
1060 438 796264000 796264000 19650.267833 107745.988460 3147.047749 195400 4.000000 125390230.077053
1061 439 0 0 -nan 0.000000 2147483647.000000 0 -nan 0.000000
1062 440 0 0 -nan 0.000000 2147483647.000000 0 -nan 0.000000
1063 441 796275200 796275200 20392.021530 203507.809476 2319.019588 196800 3.873984 145449441.844520
1064 442 0 0 -nan 0.000000 2147483647.000000 0 -nan 0.000000
1065 443 0 0 -nan 0.000000 2147483647.000000 0 -nan 0.000000
1066 444 0 0 -nan 0.000000 2147483647.000000 0 -nan 0.000000
1067 445 0 0 -nan 0.000000 2147483647.000000 0 -nan 0.000000
1068 446 0 0 -nan 0.000000 2147483647.000000 0 -nan 0.000000
1069 447 0 0 -nan 0.000000 2147483647.000000 0 -nan 0.000000
1115 448 0 0 -nan 0.000000 2147483647.000000 0 -nan 0.000000
1116 449 0 0 -nan 0.000000 2147483647.000000 0 -nan 0.000000
1117 450 0 0 -nan 0.000000 2147483647.000000 0 -nan 0.000000
1118 451 0 0 -nan 0.000000 2147483647.000000 0 -nan 0.000000
1119 452 796276800 796276800 19941.646155 134898.621700 1405.796642 197000 3.748223 146807840.145692
1120 453 0 0 -nan 0.000000 2147483647.000000 0 -nan 0.000000
1121 454 0 0 -nan 0.000000 2147483647.000000 0 -nan 0.000000
1122 455 796275200 796275200 16692.347177 104587.258346 2319.019588 196800 3.503049 131418291.891646
1123 456 796275200 796275200 17553.339119 153988.751053 2319.019588 196800 3.750000 172538229.000584
1124 457 0 0 -nan 0.000000 2147483647.000000 0 -nan 0.000000
1125 458 0 0 -nan 0.000000 2147483647.000000 0 -nan 0.000000
1126 459 796275200 796275200 15294.853735 123465.636249 2319.019588 196800 3.378049 164158805.588212
1127 460 0 0 -nan 0.000000 2147483647.000000 0 -nan 0.000000
1128 461 0 0 -nan 0.000000 2147483647.000000 0 -nan 0.000000
1129 462 796276800 796276800 15447.362954 105354.430978 1405.796642 197000 3.624365 154420334.801546
1130 463 0 0 -nan 0.000000 2147483647.000000 0 -nan 0.000000
1131 464 796275200 796275200 18301.520170 193551.328992 2319.019588 196800 3.626016 170140617.291465
1132 465 796275200 796275200 19355.314491 278348.229209 1405.796642 196800 3.994919 168693876.241320
1133 466 0 0 -nan 0.000000 2147483647.000000 0 -nan 0.000000
1134 467 0 0 -nan 0.000000 2147483647.000000 0 -nan 0.000000
1135 468 796276800 796276800 17049.218649 138188.177470 1405.796642 197000 3.625381 127890079.433719
1136 469 0 0 -nan 0.000000 2147483647.000000 0 -nan 0.000000
1137 470 0 0 -nan 0.000000 2147483647.000000 0 -nan 0.000000
1138 471 0 0 -nan 0.000000 2147483647.000000 0 -nan 0.000000
1139 472 796275200 796275200 14088.945232 144358.330350 2319.019588 196800 3.255081 142481710.869828
1140 473 0 0 -nan 0.000000 2147483647.000000 0 -nan 0.000000
1141 474 0 0 -nan 0.000000 2147483647.000000 0 -nan 0.000000
1142 475 796275200 796275200 13771.794615 113877.690088 2319.019588 196800 3.502033 164244830.664926
1143 476 0 0 -nan 0.000000 2147483647.000000 0 -nan 0.000000
1144 477 0 0 -nan 0.000000 2147483647.000000 0 -nan 0.000000
1145 478 0 0 -nan 0.000000 2147483647.000000 0 -nan 0.000000
1146 479 0 0 -nan 0.000000 2147483647.000000 0 -nan 0.000000
1192 480 0 0 -nan 0.000000 2147483647.000000 0 -nan 0.000000
1193 481 0 0 -nan 0.000000 2147483647.000000 0 -nan 0.000000
1194 482 0 0 -nan 0.000000 2147483647.000000 0 -nan 0.000000
1195 483 0 0 -nan 0.000000 2147483647.000000 0 -nan 0.000000
1196 484 0 0 -nan 0.000000 2147483647.000000 0 -nan 0.000000
1197 485 796275200 796275200 18234.618327 143453.361237 1405.796642 196800 3.622967 195762547.355286
1198 486 0 0 -nan 0.000000 2147483647.000000 0 -nan 0.000000
1199 487 796264000 796264000 15005.296301 159931.877858 2606.892322 195400 3.375640 185769516.797266
1200 488 0 0 -nan 0.000000 2147483647.000000 0 -nan 0.000000
1201 489 796276800 796276800 17168.935624 123972.732040 1405.796642 197000 3.625381 147556754.438645
1202 490 0 0 -nan 0.000000 2147483647.000000 0 -nan 0.000000
1203 491 0 0 -nan 0.000000 2147483647.000000 0 -nan 0.000000
1204 492 796275200 796275200 15147.035640 129295.343712 2319.019588 196800 3.627033 142029386.696174
1205 493 0 0 -nan 0.000000 2147483647.000000 0 -nan 0.000000
1206 494 0 0 -nan 0.000000 2147483647.000000 0 -nan 0.000000
1207 495 0 0 -nan 0.000000 2147483647.000000 0 -nan 0.000000
1208 496 0 0 -nan 0.000000 2147483647.000000 0 -nan 0.000000
1209 497 796275200 796275200 13212.150870 124972.963431 1490.991427 196800 3.128049 132402346.028760
1210 498 0 0 -nan 0.000000 2147483647.000000 0 -nan 0.000000
1211 499 0 0 -nan 0.000000 2147483647.000000 0 -nan 0.000000
1212 500 796275200 796275200 13926.480399 52123.339093 1405.796642 196800 3.376016 165132945.465969
1213 501 0 0 -nan 0.000000 2147483647.000000 0 -nan 0.000000
1214 502 796264000 796264000 18901.130527 120529.211384 2319.019588 195400 3.749232 181464375.082298
1215 503 0 0 -nan 0.000000 2147483647.000000 0 -nan 0.000000
1216 504 0 0 -nan 0.000000 2147483647.000000 0 -nan 0.000000
1217 505 0 0 -nan 0.000000 2147483647.000000 0 -nan 0.000000
1218 506 796275200 796275200 17823.471003 141173.375019 2319.019588 196800 3.875000 184407872.591939
1219 507 796275200 796275200 18993.076513 214345.728566 1405.796642 196800 3.253049 127024594.836141
1220 508 0 0 -nan 0.000000 2147483647.000000 0 -nan 0.000000
1221 509 0 0 -nan 0.000000 2147483647.000000 0 -nan 0.000000
1222 510 0 0 -nan 0.000000 2147483647.000000 0 -nan 0.000000
1223 511 0 0 -nan 0.000000 2147483647.000000 0 -nan 0.000000
1269 512 796275200 796275200 19287.476330 240006.148123 2319.019588 196800 3.626016 167238440.954858
1270 513 796275200 796275200 18586.042179 198951.808783 1405.796642 196800 3.995935 166764797.315951
1271 514 0 0 -nan 0.000000 2147483647.000000 0 -nan 0.000000
1272 515 796275200 796275200 17537.373561 193479.051604 2319.019588 196800 3.627033 157473736.169942
1273 516 0 0 -nan 0.000000 2147483647.000000 0 -nan 0.000000
1274 517 796275200 796275200 15951.833542 106039.280489 2319.019588 196800 3.502033 149692156.542648
1275 518 0 0 -nan 0.000000 2147483647.000000 0 -nan 0.000000
1276 519 0 0 -nan 0.000000 2147483647.000000 0 -nan 0.000000
1277 520 0 0 -nan 0.000000 2147483647.000000 0 -nan 0.000000
1278 521 0 0 -nan 0.000000 2147483647.000000 0 -nan 0.000000
1279 522 0 0 -nan 0.000000 2147483647.000000 0 -nan 0.000000
1280 523 0 0 -nan 0.000000 2147483647.000000 0 -nan 0.000000
1281 524 796275200 796275200 14916.512395 34261.976406 2319.019588 196800 3.875000 115455455.956369
1282 525 0 0 -nan 0.000000 2147483647.000000 0 -nan 0.000000
1283 526 0 0 -nan 0.000000 2147483647.000000 0 -nan 0.000000
1284 527 0 0 -nan 0.000000 2147483647.000000 0 -nan 0.000000
1285 528 0 0 -nan 0.000000 2147483647.000000 0 -nan 0.000000
1286 529 0 0 -nan 0.000000 2147483647.000000 0 -nan 0.000000
1287 530 0 0 -nan 0.000000 2147483647.000000 0 -nan 0.000000
1288 531 796275200 796275200 15616.789375 127424.267027 1405.796642 196800 3.747967 181079861.077266
1289 532 0 0 -nan 0.000000 2147483647.000000 0 -nan 0.000000
1290 533 0 0 -nan 0.000000 2147483647.000000 0 -nan 0.000000
1291 534 0 0 -nan 0.000000 2147483647.000000 0 -nan 0.000000
1292 535 0 0 -nan 0.000000 2147483647.000000 0 -nan 0.000000
1293 536 0 0 -nan 0.000000 2147483647.000000 0 -nan 0.000000
1294 537 0 0 -nan 0.000000 2147483647.000000 0 -nan 0.000000
1295 538 0 0 -nan 0.000000 2147483647.000000 0 -nan 0.000000
1296 539 0 0 -nan 0.000000 2147483647.000000 0 -nan 0.000000
1297 540 0 0 -nan 0.000000 2147483647.000000 0 -nan 0.000000
1298 541 0 0 -nan 0.000000 2147483647.000000 0 -nan 0.000000
1299 542 0 0 -nan 0.000000 2147483647.000000 0 -nan 0.000000
1300 543 0 0 -nan 0.000000 2147483647.000000 0 -nan 0.000000
1346 544 796264000 796264000 21498.353186 226013.067031 2319.019588 195400 3.624360 144207628.202397
1347 545 0 0 -nan 0.000000 2147483647.000000 0 -nan 0.000000
1348 546 0 0 -nan 0.000000 2147483647.000000 0 -nan 0.000000
1349 547 0 0 -nan 0.000000 2147483647.000000 0 -nan 0.000000
1350 548 796264000 796264000 20949.017742 135720.435079 3147.047749 195400 3.625384 226526151.991106
1351 549 0 0 -nan 0.000000 2147483647.000000 0 -nan 0.000000
1352 550 796275200 796275200 20170.142676 150482.289426 2319.019588 196800 3.626016 229484189.919687
1353 551 0 0 -nan 0.000000 2147483647.000000 0 -nan 0.000000
1354 552 0 0 -nan 0.000000 2147483647.000000 0 -nan 0.000000
1355 553 0 0 -nan 0.000000 2147483647.000000 0 -nan 0.000000
1356 554 796264000 796264000 17960.223313 177837.425364 1490.991427 195400 3.748209 161958417.973715
1357 555 796275200 796275200 20046.592067 161876.599071 3147.047749 196800 3.628049 209920907.494288
1358 556 0 0 -nan 0.000000 2147483647.000000 0 -nan 0.000000
1359 557 796275200 796275200 17916.747830 201923.948800 2319.019588 196800 3.996951 196599406.466904
1360 558 0 0 -nan 0.000000 2147483647.000000 0 -nan 0.000000
1361 559 796276800 796276800 12974.866527 103309.966296 2606.892322 197000 3.132995 131499403.116695
1362 560 796276800 796276800 17459.659462 114491.864477 1405.796642 197000 3.377665 175205792.203475
1363 561 796264000 796264000 18311.870272 177813.634271 1490.991427 195400 3.623337 238421908.615710
1364 562 796264000 796264000 25360.426991 230709.216066 2606.892322 195400 3.625384 241448281.842628
1365 563 0 0 -nan 0.000000 2147483647.000000 0 -nan 0.000000
1366 564 796276800 796276800 18514.450414 184204.056927 2319.019588 197000 3.748223 239573352.911280
1367 565 796276800 796276800 19631.633184 206126.645325 2319.019588 197000 3.624365 241075705.725174
1368 566 0 0 -nan 0.000000 2147483647.000000 0 -nan 0.000000
1369 567 0 0 -nan 0.000000 2147483647.000000 0 -nan 0.000000
1370 568 796276800 796276800 15195.268733 259998.830014 1053.674316 197000 3.377665 125660367.783590
1371 569 796275200 796275200 18978.686917 116750.371488 1053.674316 196800 3.503049 231080661.215687
1372 570 0 0 -nan 0.000000 2147483647.000000 0 -nan 0.000000
1373 571 0 0 -nan 0.000000 2147483647.000000 0 -nan 0.000000
1374 572 796275200 796275200 16557.617712 192994.786447 1490.991427 196800 3.500000 146126848.328597
1375 573 0 0 -nan 0.000000 2147483647.000000 0 -nan 0.000000
1376 574 0 0 -nan 0.000000 2147483647.000000 0 -nan 0.000000
1377 575 0 0 -nan 0.000000 2147483647.000000 0 -nan 0.000000
1423 576 796275200 796275200 18305.229178 138990.175593 2319.019588 196800 3.375000 146822529.701499
1424 577 0 0 -nan 0.000000 2147483647.000000 0 -nan 0.000000
1425 578 0 0 -nan 0.000000 2147483647.000000 0 -nan 0.000000
1426 579 0 0 -nan 0.000000 2147483647.000000 0 -nan 0.000000
1427 580 796276800 796276800 20580.901565 115012.078490 2319.019588 197000 3.748223 272960676.347312
1428 581 796264000 796264000 19860.253195 128697.850255 3147.047749 195400 3.750256 246961992.529876
1429 582 796276800 796276800 22099.425611 195759.129666 2319.019588 197000 3.998985 303393538.420374
1430 583 0 0 -nan 0.000000 2147483647.000000 0 -nan 0.000000
1431 584 0 0 -nan 0.000000 2147483647.000000 0 -nan 0.000000
1432 585 796275200 796275200 23714.954363 246251.939870 1405.796642 196800 3.501016 232289145.498221
1433 586 0 0 -nan 0.000000 2147483647.000000 0 -nan 0.000000
1434 587 0 0 -nan 0.000000 2147483647.000000 0 -nan 0.000000
1435 588 0 0 -nan 0.000000 2147483647.000000 0 -nan 0.000000
1436 589 796264000 796264000 19009.896343 115881.248375 2606.892322 195400 3.625384 264139697.063591
1437 590 0 0 -nan 0.000000 2147483647.000000 0 -nan 0.000000
1438 591 0 0 -nan 0.000000 2147483647.000000 0 -nan 0.000000
1439 592 796275200 796275200 18377.438552 133509.803299 1405.796642 196800 3.498984 153812630.652134
1440 593 0 0 -nan 0.000000 2147483647.000000 0 -nan 0.000000
1441 594 0 0 -nan 0.000000 2147483647.000000 0 -nan 0.000000
1442 595 0 0 -nan 0.000000 2147483647.000000 0 -nan 0.000000
1443 596 796275200 796275200 20536.248515 286077.054224 1490.991427 196800 3.625000 199338079.982509
1444 597 796275200 796275200 19099.768656 167765.870250 2606.892322 196800 3.628049 177118057.146148
1445 598 796275200 796275200 21761.466907 122092.574366 2319.019588 196800 3.997967 192999488.131186
1446 599 0 0 -nan 0.000000 2147483647.000000 0 -nan 0.000000
1447 600 796275200 796275200 25135.110106 213428.972960 2319.019588 196800 3.750000 265007750.556988
1448 601 796275200 796275200 16923.298870 116331.795165 1405.796642 196800 3.373984 184216049.391948
1449 602 796275200 796275200 17893.143820 144294.237718 1405.796642 196800 3.871951 160455419.198976
1450 603 0 0 -nan 0.000000 2147483647.000000 0 -nan 0.000000
1451 604 796275200 796275200 16894.349164 197394.608156 1405.796642 196800 3.622967 286713234.959671
1452 605 796275200 796275200 18797.875265 145341.103642 2319.019588 196800 3.875000 330586353.091537
1453 606 0 0 -nan 0.000000 2147483647.000000 0 -nan 0.000000
1454 607 0 0 -nan 0.000000 2147483647.000000 0 -nan 0.000000
1500 608 0 0 -nan 0.000000 2147483647.000000 0 -nan 0.000000
1501 609 796275200 796275200 20071.689440 141356.842376 2319.019588 196800 3.751016 225303268.190483
1502 610 0 0 -nan 0.000000 2147483647.000000 0 -nan 0.000000
1503 611 796275200 796275200 18127.750800 116684.136309 3147.047749 196800 3.628049 186892199.856653
1504 612 0 0 -nan 0.000000 2147483647.000000 0 -nan 0.000000
1505 613 0 0 -nan 0.000000 2147483647.000000 0 -nan 0.000000
1506 614 796276800 796276800 14744.350467 123465.636245 1405.796642 197000 3.500508 170471677.185353
1507 615 0 0 -nan 0.000000 2147483647.000000 0 -nan 0.000000
1508 616 0 0 -nan 0.000000 2147483647.000000 0 -nan 0.000000
1509 617 796264000 796264000 17291.185590 101885.490808 3147.047749 195400 3.750256 170809716.069887
1510 618 0 0 -nan 0.000000 2147483647.000000 0 -nan 0.000000
1511 619 796276800 796276800 23857.552148 194289.654530 2319.019588 197000 3.875127 163332262.833320
1512 620 0 0 -nan 0.000000 2147483647.000000 0 -nan 0.000000
1513 621 0 0 -nan 0.000000 2147483647.000000 0 -nan 0.000000
1514 622 0 0 -nan 0.000000 2147483647.000000 0 -nan 0.000000
1515 623 796275200 796275200 24435.448826 191557.022393 1490.991427 196800 3.872967 131004448.315114
1516 624 0 0 -nan 0.000000 2147483647.000000 0 -nan 0.000000
1517 625 0 0 -nan 0.000000 2147483647.000000 0 -nan 0.000000
1518 626 0 0 -nan 0.000000 2147483647.000000 0 -nan 0.000000
1519 627 796275200 796275200 20428.809766 263351.325501 1405.796642 196800 3.747967 145431541.742937
1520 628 0 0 -nan 0.000000 2147483647.000000 0 -nan 0.000000
1521 629 0 0 -nan 0.000000 2147483647.000000 0 -nan 0.000000
1522 630 0 0 -nan 0.000000 2147483647.000000 0 -nan 0.000000
1523 631 0 0 -nan 0.000000 2147483647.000000 0 -nan 0.000000
1524 632 0 0 -nan 0.000000 2147483647.000000 0 -nan 0.000000
1525 633 796264000 796264000 16465.859520 120641.733293 1405.796642 195400 3.498465 180822341.417986
1526 634 796275200 796275200 20208.438255 179441.584065 1405.796642 196800 3.872967 200523821.341213
1527 635 796275200 796275200 19923.764880 123465.636245 3147.047749 196800 3.752033 196361069.750416
1528 636 0 0 -nan 0.000000 2147483647.000000 0 -nan 0.000000
1529 637 0 0 -nan 0.000000 2147483647.000000 0 -nan 0.000000
1530 638 0 0 -nan 0.000000 2147483647.000000 0 -nan 0.000000
1531 639 0 0 -nan 0.000000 2147483647.000000 0 -nan 0.000000
1577 640 796276800 796276800 19777.209139 169909.715496 1490.991427 197000 3.747208 231157640.331732
1578 641 796275200 796275200 16499.146378 123700.926208 2319.019588 196800 3.623984 185869435.993347
1579 642 0 0 -nan 0.000000 2147483647.000000 0 -nan 0.000000
1580 643 0 0 -nan 0.000000 2147483647.000000 0 -nan 0.000000
1581 644 0 0 -nan 0.000000 2147483647.000000 0 -nan 0.000000
1582 645 796275200 796275200 18259.745413 168843.914458 2319.019588 196800 3.626016 159929135.269514
1583 646 796275200 796275200 16398.048615 137202.230582 2319.019588 196800 3.627033 209933795.039870
1584 647 0 0 -nan 0.000000 2147483647.000000 0 -nan 0.000000
1585 648 0 0 -nan 0.000000 2147483647.000000 0 -nan 0.000000
1586 649 0 0 -nan 0.000000 2147483647.000000 0 -nan 0.000000
1587 650 796275200 796275200 16917.217607 117336.769699 2319.019588 196800 3.751016 197681834.250212
1588 651 796276800 796276800 16174.357422 78090.356095 2319.019588 197000 3.750254 225154812.126272
1589 652 0 0 -nan 0.000000 2147483647.000000 0 -nan 0.000000
1590 653 0 0 -nan 0.000000 2147483647.000000 0 -nan 0.000000
1591 654 0 0 -nan 0.000000 2147483647.000000 0 -nan 0.000000
1592 655 796264000 796264000 19373.280561 219003.566326 2319.019588 195400 3.624360 232704240.572236
1593 656 0 0 -nan 0.000000 2147483647.000000 0 -nan 0.000000
1594 657 0 0 -nan 0.000000 2147483647.000000 0 -nan 0.000000
1595 658 0 0 -nan 0.000000 2147483647.000000 0 -nan 0.000000
1596 659 0 0 -nan 0.000000 2147483647.000000 0 -nan 0.000000
1597 660 0 0 -nan 0.000000 2147483647.000000 0 -nan 0.000000
1598 661 0 0 -nan 0.000000 2147483647.000000 0 -nan 0.000000
1599 662 796275200 796275200 17901.295062 130270.867557 1490.991427 196800 3.621951 192562733.388657
1600 663 796275200 796275200 20882.960033 309697.506220 2319.019588 196800 3.872967 205434090.397751
1601 664 0 0 -nan 0.000000 2147483647.000000 0 -nan 0.000000
1602 665 796264000 796264000 15593.170465 112172.765649 2776.949749 195400 3.250768 124297672.850819
1603 666 0 0 -nan 0.000000 2147483647.000000 0 -nan 0.000000
1604 667 0 0 -nan 0.000000 2147483647.000000 0 -nan 0.000000
1605 668 0 0 -nan 0.000000 2147483647.000000 0 -nan 0.000000
1606 669 796275200 796275200 19029.676555 166385.553965 2319.019588 196800 3.502033 161471869.802939
1607 670 0 0 -nan 0.000000 2147483647.000000 0 -nan 0.000000
1608 671 0 0 -nan 0.000000 2147483647.000000 0 -nan 0.000000
1654 672 0 0 -nan 0.000000 2147483647.000000 0 -nan 0.000000
1655 673 0 0 -nan 0.000000 2147483647.000000 0 -nan 0.000000
1656 674 796275200 796275200 16801.875616 109817.474961 2319.019588 196800 3.627033 215648489.586685
1657 675 796276800 796276800 17413.807063 124235.583244 2319.019588 197000 3.747208 174142423.601715
1658 676 796275200 796275200 18686.714104 110668.814922 3147.047749 196800 3.876016 171362855.739363
1659 677 796264000 796264000 19386.512267 109199.206471 2319.019588 195400 3.874104 214689853.291819
1660 678 0 0 -nan 0.000000 2147483647.000000 0 -nan 0.000000
1661 679 0 0 -nan 0.000000 2147483647.000000 0 -nan 0.000000
1662 680 0 0 -nan 0.000000 2147483647.000000 0 -nan 0.000000
1663 681 796275200 796275200 16525.694069 99550.829147 2319.019588 196800 3.997967 215394563.592709
1664 682 0 0 -nan 0.000000 2147483647.000000 0 -nan 0.000000
1665 683 0 0 -nan 0.000000 2147483647.000000 0 -nan 0.000000
1666 684 796275200 796275200 23932.264630 190062.443321 3147.047749 196800 4.000000 196029993.193443
1667 685 796275200 796275200 19898.356866 193495.309671 2319.019588 196800 3.747967 136919037.609421
1668 686 0 0 -nan 0.000000 2147483647.000000 0 -nan 0.000000
1669 687 796275200 796275200 17982.141065 117005.315410 2319.019588 196800 3.751016 159617471.942479
1670 688 0 0 -nan 0.000000 2147483647.000000 0 -nan 0.000000
1671 689 0 0 -nan 0.000000 2147483647.000000 0 -nan 0.000000
1672 690 796275200 796275200 21100.976147 339907.156157 2319.019588 196800 3.872967 177179807.427366
1673 691 0 0 -nan 0.000000 2147483647.000000 0 -nan 0.000000
1674 692 0 0 -nan 0.000000 2147483647.000000 0 -nan 0.000000
1675 693 0 0 -nan 0.000000 2147483647.000000 0 -nan 0.000000
1676 694 0 0 -nan 0.000000 2147483647.000000 0 -nan 0.000000
1677 695 0 0 -nan 0.000000 2147483647.000000 0 -nan 0.000000
1678 696 0 0 -nan 0.000000 2147483647.000000 0 -nan 0.000000
1679 697 0 0 -nan 0.000000 2147483647.000000 0 -nan 0.000000
1680 698 0 0 -nan 0.000000 2147483647.000000 0 -nan 0.000000
1681 699 0 0 -nan 0.000000 2147483647.000000 0 -nan 0.000000
1682 700 796275200 796275200 17053.168163 113910.749729 2319.019588 196800 3.626016 121346734.095437
1683 701 0 0 -nan 0.000000 2147483647.000000 0 -nan 0.000000
1684 702 0 0 -nan 0.000000 2147483647.000000 0 -nan 0.000000
1685 703 0 0 -nan 0.000000 2147483647.000000 0 -nan 0.000000
1731 704 0 0 -nan 0.000000 2147483647.000000 0 -nan 0.000000
1732 705 0 0 -nan 0.000000 2147483647.000000 0 -nan 0.000000
1733 706 796264000 796264000 16478.233562 102489.706008 2319.019588 195400 3.874104 121029444.855003
1734 707 0 0 -nan 0.000000 2147483647.000000 0 -nan 0.000000
1735 708 0 0 -nan 0.000000 2147483647.000000 0 -nan 0.000000
1736 709 796275200 796275200 14937.228527 50826.337483 577.768481 196800 3.622967 145505307.122253
1737 710 0 0 -nan 0.000000 2147483647.000000 0 -nan 0.000000
1738 711 796275200 796275200 16741.856720 128505.566336 577.768481 196800 3.625000 162507663.896716
1739 712 0 0 -nan 0.000000 2147483647.000000 0 -nan 0.000000
1740 713 796275200 796275200 17583.319008 139385.422693 2319.019588 196800 3.875000 173728434.079084
1741 714 0 0 -nan 0.000000 2147483647.000000 0 -nan 0.000000
1742 715 796275200 796275200 15665.566957 102532.297789 2319.019588 196800 3.875000 152450576.564209
1743 716 0 0 -nan 0.000000 2147483647.000000 0 -nan 0.000000
1744 717 0 0 -nan 0.000000 2147483647.000000 0 -nan 0.000000
1745 718 796275200 796275200 13986.060753 99877.898239 2319.019588 196800 3.502033 132362730.920989
1746 719 0 0 -nan 0.000000 2147483647.000000 0 -nan 0.000000
1747 720 0 0 -nan 0.000000 2147483647.000000 0 -nan 0.000000
1748 721 0 0 -nan 0.000000 2147483647.000000 0 -nan 0.000000
1749 722 0 0 -nan 0.000000 2147483647.000000 0 -nan 0.000000
1750 723 0 0 -nan 0.000000 2147483647.000000 0 -nan 0.000000
1751 724 0 0 -nan 0.000000 2147483647.000000 0 -nan 0.000000
1752 725 0 0 -nan 0.000000 2147483647.000000 0 -nan 0.000000
1753 726 0 0 -nan 0.000000 2147483647.000000 0 -nan 0.000000
1754 727 0 0 -nan 0.000000 2147483647.000000 0 -nan 0.000000
1755 728 0 0 -nan 0.000000 2147483647.000000 0 -nan 0.000000
1756 729 0 0 -nan 0.000000 2147483647.000000 0 -nan 0.000000
1757 730 0 0 -nan 0.000000 2147483647.000000 0 -nan 0.000000
1758 731 796275200 796275200 15574.772537 140938.640698 2319.019588 196800 3.871951 134523087.790222
1759 732 796275200 796275200 17846.359010 113487.256360 2319.019588 196800 3.751016 151305035.183135
1760 733 0 0 -nan 0.000000 2147483647.000000 0 -nan 0.000000
1761 734 0 0 -nan 0.000000 2147483647.000000 0 -nan 0.000000
1762 735 0 0 -nan 0.000000 2147483647.000000 0 -nan 0.000000
1808 736 0 0 -nan 0.000000 2147483647.000000 0 -nan 0.000000
1809 737 0 0 -nan 0.000000 2147483647.000000 0 -nan 0.000000
1810 738 796264000 796264000 17064.841139 104476.247947 2319.019588 195400 3.749232 128536821.538912
1811 739 796275200 796275200 19135.189720 106656.074956 2319.019588 196800 3.875000 162721123.901583
1812 740 796275200 796275200 16495.609131 113725.983655 1405.796642 196800 3.871951 202103200.947973
1813 741 796276800 796276800 15884.265635 113647.487937 2319.019588 197000 3.623350 205381359.939980
1814 742 0 0 -nan 0.000000 2147483647.000000 0 -nan 0.000000
1815 743 0 0 -nan 0.000000 2147483647.000000 0 -nan 0.000000
1816 744 0 0 -nan 0.000000 2147483647.000000 0 -nan 0.000000
1817 745 0 0 -nan 0.000000 2147483647.000000 0 -nan 0.000000
1818 746 0 0 -nan 0.000000 2147483647.000000 0 -nan 0.000000
1819 747 0 0 -nan 0.000000 2147483647.000000 0 -nan 0.000000
1820 748 0 0 -nan 0.000000 2147483647.000000 0 -nan 0.000000
1821 749 0 0 -nan 0.000000 2147483647.000000 0 -nan 0.000000
1822 750 796275200 796275200 17747.660484 175647.852560 2319.019588 196800 3.748984 175778284.556621
1823 751 0 0 -nan 0.000000 2147483647.000000 0 -nan 0.000000
1824 752 0 0 -nan 0.000000 2147483647.000000 0 -nan 0.000000
1825 753 0 0 -nan 0.000000 2147483647.000000 0 -nan 0.000000
1826 754 796275200 796275200 18552.123343 144952.707426 2319.019588 196800 3.750000 187178934.039685
1827 755 0 0 -nan 0.000000 2147483647.000000 0 -nan 0.000000
1828 756 796275200 796275200 17273.607850 203473.223291 1405.796642 196800 3.746951 163385870.525692
1829 757 0 0 -nan 0.000000 2147483647.000000 0 -nan 0.000000
1830 758 796275200 796275200 18206.329513 102663.876711 2319.019588 196800 3.872967 221591748.686662
1831 759 0 0 -nan 0.000000 2147483647.000000 0 -nan 0.000000
1832 760 0 0 -nan 0.000000 2147483647.000000 0 -nan 0.000000
1833 761 0 0 -nan 0.000000 2147483647.000000 0 -nan 0.000000
1834 762 796275200 796275200 14916.579775 73719.974129 3147.047749 196800 3.628049 178482561.943365
1835 763 0 0 -nan 0.000000 2147483647.000000 0 -nan 0.000000
1836 764 0 0 -nan 0.000000 2147483647.000000 0 -nan 0.000000
1837 765 0 0 -nan 0.000000 2147483647.000000 0 -nan 0.000000
1838 766 0 0 -nan 0.000000 2147483647.000000 0 -nan 0.000000
1839 767 0 0 -nan 0.000000 2147483647.000000 0 -nan 0.000000
1885 768 0 0 -nan 0.000000 2147483647.000000 0 -nan 0.000000
1886 769 0 0 -nan 0.000000 2147483647.000000 0 -nan 0.000000
1887 770 0 0 -nan 0.000000 2147483647.000000 0 -nan 0.000000
1888 771 0 0 -nan 0.000000 2147483647.000000 0 -nan 0.000000
1889 772 0 0 -nan 0.000000 2147483647.000000 0 -nan 0.000000
1890 773 796276800 796276800 16850.184837 309142.138858 1405.796642 197000 3.498477 137944930.298962
1891 774 0 0 -nan 0.000000 2147483647.000000 0 -nan 0.000000
1892 775 796275200 796275200 15224.769651 99245.909186 3147.047749 196800 3.876016 195162122.191288
1893 776 0 0 -nan 0.000000 2147483647.000000 0 -nan 0.000000
1894 777 796276800 796276800 23293.374330 294426.899737 2319.019588 197000 3.997970 182385172.048516
1895 778 0 0 -nan 0.000000 2147483647.000000 0 -nan 0.000000
1896 779 796275200 796275200 19546.453980 294535.757383 1405.796642 196800 3.501016 160798854.367899
1897 780 796275200 796275200 20527.852585 204784.098866 2319.019588 196800 3.503049 187639186.060449
1898 781 796276800 796276800 21974.761982 309048.532501 1405.796642 197000 3.621320 182738818.040220
1899 782 0 0 -nan 0.000000 2147483647.000000 0 -nan 0.000000
1900 783 0 0 -nan 0.000000 2147483647.000000 0 -nan 0.000000
1901 784 0 0 -nan 0.000000 2147483647.000000 0 -nan 0.000000
1902 785 0 0 -nan 0.000000 2147483647.000000 0 -nan 0.000000
1903 786 0 0 -nan 0.000000 2147483647.000000 0 -nan 0.000000
1904 787 0 0 -nan 0.000000 2147483647.000000 0 -nan 0.000000
1905 788 796275200 796275200 21566.496667 183651.436043 2319.019588 196800 3.875000 162077885.918392
1906 789 0 0 -nan 0.000000 2147483647.000000 0 -nan 0.000000
1907 790 0 0 -nan 0.000000 2147483647.000000 0 -nan 0.000000
1908 791 0 0 -nan 0.000000 2147483647.000000 0 -nan 0.000000
1909 792 0 0 -nan 0.000000 2147483647.000000 0 -nan 0.000000
1910 793 796275200 796275200 25926.654417 205490.929892 1405.796642 196800 3.501016 151919039.181385
1911 794 796275200 796275200 19633.136868 232264.668008 2319.019588 196800 3.875000 144863845.486756
1912 795 0 0 -nan 0.000000 2147483647.000000 0 -nan 0.000000
1913 796 0 0 -nan 0.000000 2147483647.000000 0 -nan 0.000000
1914 797 796276800 796276800 15831.694261 227273.169445 1405.796642 197000 3.494416 163255019.385701
1915 798 0 0 -nan 0.000000 2147483647.000000 0 -nan 0.000000
1916 799 0 0 -nan 0.000000 2147483647.000000 0 -nan 0.000000
1962 800 0 0 -nan 0.000000 2147483647.000000 0 -nan 0.000000
1963 801 0 0 -nan 0.000000 2147483647.000000 0 -nan 0.000000
1964 802 0 0 -nan 0.000000 2147483647.000000 0 -nan 0.000000
1965 803 0 0 -nan 0.000000 2147483647.000000 0 -nan 0.000000
1966 804 796264000 796264000 18233.028679 133414.096479 3147.047749 195400 3.875128 185494079.414511
1967 805 0 0 -nan 0.000000 2147483647.000000 0 -nan 0.000000
1968 806 0 0 -nan 0.000000 2147483647.000000 0 -nan 0.000000
1969 807 796275200 796275200 16708.307996 122844.722419 3147.047749 196800 3.752033 147203264.345572
1970 808 0 0 -nan 0.000000 2147483647.000000 0 -nan 0.000000
1971 809 0 0 -nan 0.000000 2147483647.000000 0 -nan 0.000000
1972 810 0 0 -nan 0.000000 2147483647.000000 0 -nan 0.000000
1973 811 0 0 -nan 0.000000 2147483647.000000 0 -nan 0.000000
1974 812 0 0 -nan 0.000000 2147483647.000000 0 -nan 0.000000
1975 813 796275200 796275200 15587.331393 131533.558779 1490.991427 196800 3.375000 126873890.074504
1976 814 796275200 796275200 16132.670515 156771.011687 2319.019588 196800 3.751016 139518333.442052
1977 815 0 0 -nan 0.000000 2147483647.000000 0 -nan 0.000000
1978 816 0 0 -nan 0.000000 2147483647.000000 0 -nan 0.000000
1979 817 0 0 -nan 0.000000 2147483647.000000 0 -nan 0.000000
1980 818 0 0 -nan 0.000000 2147483647.000000 0 -nan 0.000000
1981 819 0 0 -nan 0.000000 2147483647.000000 0 -nan 0.000000
1982 820 796275200 796275200 14761.855640 104685.885467 2319.019588 196800 3.750000 128701417.939277
1983 821 0 0 -nan 0.000000 2147483647.000000 0 -nan 0.000000
1984 822 0 0 -nan 0.000000 2147483647.000000 0 -nan 0.000000
1985 823 796275200 796275200 15741.856300 129467.890404 2319.019588 196800 3.623984 136833786.231561
1986 824 0 0 -nan 0.000000 2147483647.000000 0 -nan 0.000000
1987 825 0 0 -nan 0.000000 2147483647.000000 0 -nan 0.000000
1988 826 0 0 -nan 0.000000 2147483647.000000 0 -nan 0.000000
1989 827 796275200 796275200 18227.951931 214922.235553 2319.019588 196800 3.751016 127936014.985987
1990 828 796275200 796275200 21254.795410 289039.162075 2319.019588 196800 3.747967 158449378.183776
1991 829 0 0 -nan 0.000000 2147483647.000000 0 -nan 0.000000
1992 830 0 0 -nan 0.000000 2147483647.000000 0 -nan 0.000000
1993 831 0 0 -nan 0.000000 2147483647.000000 0 -nan 0.000000
2039 832 0 0 -nan 0.000000 2147483647.000000 0 -nan 0.000000
2040 833 0 0 -nan 0.000000 2147483647.000000 0 -nan 0.000000
2041 834 0 0 -nan 0.000000 2147483647.000000 0 -nan 0.000000
2042 835 0 0 -nan 0.000000 2147483647.000000 0 -nan 0.000000
2043 836 796275200 796275200 13789.686405 142770.005470 1405.796642 196800 3.623984 109514452.256239
2044 837 0 0 -nan 0.000000 2147483647.000000 0 -nan 0.000000
2045 838 0 0 -nan 0.000000 2147483647.000000 0 -nan 0.000000
2046 839 0 0 -nan 0.000000 2147483647.000000 0 -nan 0.000000
2047 840 0 0 -nan 0.000000 2147483647.000000 0 -nan 0.000000
2048 841 0 0 -nan 0.000000 2147483647.000000 0 -nan 0.000000
2049 842 0 0 -nan 0.000000 2147483647.000000 0 -nan 0.000000
2050 843 796275200 796275200 15487.942239 179667.316895 2319.019588 196800 3.875000 141982548.416864
2051 844 0 0 -nan 0.000000 2147483647.000000 0 -nan 0.000000
2052 845 0 0 -nan 0.000000 2147483647.000000 0 -nan 0.000000
2053 846 0 0 -nan 0.000000 2147483647.000000 0 -nan 0.000000
2054 847 0 0 -nan 0.000000 2147483647.000000 0 -nan 0.000000
2055 848 0 0 -nan 0.000000 2147483647.000000 0 -nan 0.000000
2056 849 0 0 -nan 0.000000 2147483647.000000 0 -nan 0.000000
2057 850 0 0 -nan 0.000000 2147483647.000000 0 -nan 0.000000
2058 851 0 0 -nan 0.000000 2147483647.000000 0 -nan 0.000000
2059 852 0 0 -nan 0.000000 2147483647.000000 0 -nan 0.000000
2060 853 796275200 796275200 15852.243072 96220.340525 1405.796642 196800 3.995935 162143532.154755
2061 854 0 0 -nan 0.000000 2147483647.000000 0 -nan 0.000000
2062 855 796276800 796276800 13883.752438 49788.042630 2319.019588 197000 3.379695 120276047.413272
2063 856 0 0 -nan 0.000000 2147483647.000000 0 -nan 0.000000
2064 857 0 0 -nan 0.000000 2147483647.000000 0 -nan 0.000000
2065 858 0 0 -nan 0.000000 2147483647.000000 0 -nan 0.000000
2066 859 0 0 -nan 0.000000 2147483647.000000 0 -nan 0.000000
2067 860 0 0 -nan 0.000000 2147483647.000000 0 -nan 0.000000
2068 861 0 0 -nan 0.000000 2147483647.000000 0 -nan 0.000000
2069 862 0 0 -nan 0.000000 2147483647.000000 0 -nan 0.000000
2070 863 0 0 -nan 0.000000 2147483647.000000 0 -nan 0.000000
2116 864 796275200 796275200 20274.091300 169187.894251 2319.019588 196800 3.873984 226233999.676468
2117 865 796264000 796264000 20444.232525 160719.807413 3147.047749 195400 3.750256 231867033.694099
2118 866 0 0 -nan 0.000000 2147483647.000000 0 -nan 0.000000
2119 867 796275200 796275200 21287.330411 174534.053771 1405.796642 196800 3.873984 233660951.312872
2120 868 0 0 -nan 0.000000 2147483647.000000 0 -nan 0.000000
2121 869 796275200 796275200 19725.465574 201073.661670 2319.019588 196800 3.873984 169419937.164176
2122 870 796275200 796275200 18582.057491 136670.183177 1405.796642 196800 3.873984 180191171.729260
2123 871 0 0 -nan 0.000000 2147483647.000000 0 -nan 0.000000
2124 872 796275200 796275200 16569.826084 109544.924798 1405.796642 196800 3.500000 170095565.085027
2125 873 0 0 -nan 0.000000 2147483647.000000 0 -nan 0.000000
2126 874 0 0 -nan 0.000000 2147483647.000000 0 -nan 0.000000
2127 875 796276800 796276800 23295.134835 366628.431045 2319.019588 197000 3.875127 188583018.332574
2128 876 0 0 -nan 0.000000 2147483647.000000 0 -nan 0.000000
2129 877 0 0 -nan 0.000000 2147483647.000000 0 -nan 0.000000
2130 878 796275200 796275200 22961.088062 163006.682083 1405.796642 196800 3.871951 148174973.634383
2131 879 0 0 -nan 0.000000 2147483647.000000 0 -nan 0.000000
2132 880 0 0 -nan 0.000000 2147483647.000000 0 -nan 0.000000
2133 881 0 0 -nan 0.000000 2147483647.000000 0 -nan 0.000000
2134 882 0 0 -nan 0.000000 2147483647.000000 0 -nan 0.000000
2135 883 796275200 796275200 19968.124185 131486.809027 2319.019588 196800 3.750000 191311786.057545
2136 884 796275200 796275200 17653.680290 197375.988805 2319.019588 196800 3.626016 160954940.252258
2137 885 0 0 -nan 0.000000 2147483647.000000 0 -nan 0.000000
2138 886 796275200 796275200 19216.053139 177275.623564 2319.019588 196800 3.872967 164858403.519809
2139 887 0 0 -nan 0.000000 2147483647.000000 0 -nan 0.000000
2140 888 796264000 796264000 20219.714745 267948.059960 2319.019588 195400 3.624360 190685561.451581
2141 889 0 0 -nan 0.000000 2147483647.000000 0 -nan 0.000000
2142 890 0 0 -nan 0.000000 2147483647.000000 0 -nan 0.000000
2143 891 0 0 -nan 0.000000 2147483647.000000 0 -nan 0.000000
2144 892 796264000 796264000 18319.942810 167751.626440 2319.019588 195400 3.749232 192329452.510852
2145 893 0 0 -nan 0.000000 2147483647.000000 0 -nan 0.000000
2146 894 0 0 -nan 0.000000 2147483647.000000 0 -nan 0.000000
2147 895 0 0 -nan 0.000000 2147483647.000000 0 -nan 0.000000
2193 896 0 0 -nan 0.000000 2147483647.000000 0 -nan 0.000000
2194 897 0 0 -nan 0.000000 2147483647.000000 0 -nan 0.000000
2195 898 0 0 -nan 0.000000 2147483647.000000 0 -nan 0.000000
2196 899 0 0 -nan 0.000000 2147483647.000000 0 -nan 0.000000
2197 900 0 0 -nan 0.000000 2147483647.000000 0 -nan 0.000000
2198 901 796275200 796275200 16070.791348 102492.460051 1490.991427 196800 3.748984 164173212.282378
2199 902 0 0 -nan 0.000000 2147483647.000000 0 -nan 0.000000
2200 903 0 0 -nan 0.000000 2147483647.000000 0 -nan 0.000000
2201 904 0 0 -nan 0.000000 2147483647.000000 0 -nan 0.000000
2202 905 0 0 -nan 0.000000 2147483647.000000 0 -nan 0.000000
2203 906 0 0 -nan 0.000000 2147483647.000000 0 -nan 0.000000
2204 907 0 0 -nan 0.000000 2147483647.000000 0 -nan 0.000000
2205 908 0 0 -nan 0.000000 2147483647.000000 0 -nan 0.000000
2206 909 796275200 796275200 17573.814955 142551.582325 3147.047749 196800 4.000000 132381851.869726
2207 910 0 0 -nan 0.000000 2147483647.000000 0 -nan 0.000000
2208 911 0 0 -nan 0.000000 2147483647.000000 0 -nan 0.000000
2209 912 796264000 796264000 14853.554994 114111.564665 2776.949749 195400 3.625384 130684432.941499
2210 913 0 0 -nan 0.000000 2147483647.000000 0 -nan 0.000000
2211 914 0 0 -nan 0.000000 2147483647.000000 0 -nan 0.000000
2212 915 0 0 -nan 0.000000 2147483647.000000 0 -nan 0.000000
2213 916 0 0 -nan 0.000000 2147483647.000000 0 -nan 0.000000
2214 917 796275200 796275200 18346.420389 124306.641869 2319.019588 196800 3.627033 153023181.239594
2215 918 0 0 -nan 0.000000 2147483647.000000 0 -nan 0.000000
2216 919 0 0 -nan 0.000000 2147483647.000000 0 -nan 0.000000
2217 920 0 0 -nan 0.000000 2147483647.000000 0 -nan 0.000000
2218 921 796276800 796276800 15406.084069 153088.120348 2319.019588 197000 3.874112 135615263.707273
2219 922 0 0 -nan 0.000000 2147483647.000000 0 -nan 0.000000
2220 923 0 0 -nan 0.000000 2147483647.000000 0 -nan 0.000000
2221 924 796275200 796275200 17619.620119 123569.921713 2319.019588 196800 3.751016 144421955.135757
2222 925 0 0 -nan 0.000000 2147483647.000000 0 -nan 0.000000
2223 926 0 0 -nan 0.000000 2147483647.000000 0 -nan 0.000000
2224 927 0 0 -nan 0.000000 2147483647.000000 0 -nan 0.000000
2270 928 796275200 796275200 19536.394391 126682.196553 2319.019588 196800 3.873984 182535739.778277
2271 929 796275200 796275200 22284.492686 152786.013183 577.768481 196800 3.994919 215214443.763806
2272 930 0 0 -nan 0.000000 2147483647.000000 0 -nan 0.000000
2273 931 796275200 796275200 17425.951287 269834.411793 577.768481 196800 3.623984 187204242.143146
2274 932 796276800 796276800 22595.125396 215888.273578 2319.019588 197000 3.624365 174318076.301460
2275 933 0 0 -nan 0.000000 2147483647.000000 0 -nan 0.000000
2276 934 0 0 -nan 0.000000 2147483647.000000 0 -nan 0.000000
2277 935 796275200 796275200 18927.088255 281621.911149 2319.019588 196800 3.750000 168617044.385955
2278 936 796264000 796264000 20552.747153 271815.532287 2319.019588 195400 3.374616 183274282.281746
2279 937 0 0 -nan 0.000000 2147483647.000000 0 -nan 0.000000
2280 938 796264000 796264000 24389.002704 309841.776183 1053.674316 195400 3.250768 131579464.227830
2281 939 796264000 796264000 19314.776175 272449.485385 1053.674316 195400 3.625384 446361299.635425
2282 940 0 0 -nan 0.000000 2147483647.000000 0 -nan 0.000000
2283 941 0 0 -nan 0.000000 2147483647.000000 0 -nan 0.000000
2284 942 0 0 -nan 0.000000 2147483647.000000 0 -nan 0.000000
2285 943 0 0 -nan 0.000000 2147483647.000000 0 -nan 0.000000
2286 944 0 0 -nan 0.000000 2147483647.000000 0 -nan 0.000000
2287 945 796275200 796275200 17626.754181 254685.513760 2319.019588 196800 3.873984 158467092.809284
2288 946 0 0 -nan 0.000000 2147483647.000000 0 -nan 0.000000
2289 947 0 0 -nan 0.000000 2147483647.000000 0 -nan 0.000000
2290 948 796275200 796275200 26824.273371 202137.762680 2319.019588 196800 3.872967 194884958.030550
2291 949 796276800 796276800 21933.422199 197970.113641 1490.991427 197000 3.871066 191898988.554395
2292 950 0 0 -nan 0.000000 2147483647.000000 0 -nan 0.000000
2293 951 0 0 -nan 0.000000 2147483647.000000 0 -nan 0.000000
2294 952 0 0 -nan 0.000000 2147483647.000000 0 -nan 0.000000
2295 953 0 0 -nan 0.000000 2147483647.000000 0 -nan 0.000000
2296 954 0 0 -nan 0.000000 2147483647.000000 0 -nan 0.000000
2297 955 0 0 -nan 0.000000 2147483647.000000 0 -nan 0.000000
2298 956 796264000 796264000 16258.402237 181163.146945 3147.047749 195400 3.875128 136911269.624783
2299 957 0 0 -nan 0.000000 2147483647.000000 0 -nan 0.000000
2300 958 0 0 -nan 0.000000 2147483647.000000 0 -nan 0.000000
2301 959 0 0 -nan 0.000000 2147483647.000000 0 -nan 0.000000
2347 960 0 0 -nan 0.000000 2147483647.000000 0 -nan 0.000000
2348 961 0 0 -nan 0.000000 2147483647.000000 0 -nan 0.000000
2349 962 0 0 -nan 0.000000 2147483647.000000 0 -nan 0.000000
2350 963 0 0 -nan 0.000000 2147483647.000000 0 -nan 0.000000
2351 964 0 0 -nan 0.000000 2147483647.000000 0 -nan 0.000000
2352 965 0 0 -nan 0.000000 2147483647.000000 0 -nan 0.000000
2353 966 0 0 -nan 0.000000 2147483647.000000 0 -nan 0.000000
2354 967 0 0 -nan 0.000000 2147483647.000000 0 -nan 0.000000
2355 968 0 0 -nan 0.000000 2147483647.000000 0 -nan 0.000000
2356 969 0 0 -nan 0.000000 2147483647.000000 0 -nan 0.000000
2357 970 0 0 -nan 0.000000 2147483647.000000 0 -nan 0.000000
2358 971 0 0 -nan 0.000000 2147483647.000000 0 -nan 0.000000
2359 972 0 0 -nan 0.000000 2147483647.000000 0 -nan 0.000000
2360 973 0 0 -nan 0.000000 2147483647.000000 0 -nan 0.000000
2361 974 0 0 -nan 0.000000 2147483647.000000 0 -nan 0.000000
2362 975 0 0 -nan 0.000000 2147483647.000000 0 -nan 0.000000
2363 976 0 0 -nan 0.000000 2147483647.000000 0 -nan 0.000000
2364 977 0 0 -nan 0.000000 2147483647.000000 0 -nan 0.000000
2365 978 0 0 -nan 0.000000 2147483647.000000 0 -nan 0.000000
2366 979 0 0 -nan 0.000000 2147483647.000000 0 -nan 0.000000
2367 980 0 0 -nan 0.000000 2147483647.000000 0 -nan 0.000000
2368 981 0 0 -nan 0.000000 2147483647.000000 0 -nan 0.000000
2369 982 0 0 -nan 0.000000 2147483647.000000 0 -nan 0.000000
2370 983 0 0 -nan 0.000000 2147483647.000000 0 -nan 0.000000
2371 984 0 0 -nan 0.000000 2147483647.000000 0 -nan 0.000000
2372 985 0 0 -nan 0.000000 2147483647.000000 0 -nan 0.000000
2373 986 0 0 -nan 0.000000 2147483647.000000 0 -nan 0.000000
2374 987 0 0 -nan 0.000000 2147483647.000000 0 -nan 0.000000
2375 988 0 0 -nan 0.000000 2147483647.000000 0 -nan 0.000000
2376 989 0 0 -nan 0.000000 2147483647.000000 0 -nan 0.000000
2377 990 0 0 -nan 0.000000 2147483647.000000 0 -nan 0.000000
2378 991 0 0 -nan 0.000000 2147483647.000000 0 -nan 0.000000
2424 992 0 0 -nan 0.000000 2147483647.000000 0 -nan 0.000000
2425 993 0 0 -nan 0.000000 2147483647.000000 0 -nan 0.000000
2426 994 0 0 -nan 0.000000 2147483647.000000 0 -nan 0.000000
2427 995 0 0 -nan 0.000000 2147483647.000000 0 -nan 0.000000
2428 996 0 0 -nan 0.000000 2147483647.000000 0 -nan 0.000000
2429 997 0 0 -nan 0.000000 2147483647.000000 0 -nan 0.000000
2430 998 0 0 -nan 0.000000 2147483647.000000 0 -nan 0.000000
2431 999 0 0 -nan 0.000000 2147483647.000000 0 -nan 0.000000
2432 1000 0 0 -nan 0.000000 2147483647.000000 0 -nan 0.000000
2433 1001 0 0 -nan 0.000000 2147483647.000000 0 -nan 0.000000
2434 1002 0 0 -nan 0.000000 2147483647.000000 0 -nan 0.000000
2435 1003 0 0 -nan 0.000000 2147483647.000000 0 -nan 0.000000
2436 1004 0 0 -nan 0.000000 2147483647.000000 0 -nan 0.000000
2437 1005 0 0 -nan 0.000000 2147483647.000000 0 -nan 0.000000
2438 1006 0 0 -nan 0.000000 2147483647.000000 0 -nan 0.000000
2439 1007 0 0 -nan 0.000000 2147483647.000000 0 -nan 0.000000
2440 1008 0 0 -nan 0.000000 2147483647.000000 0 -nan 0.000000
2441 1009 0 0 -nan 0.000000 2147483647.000000 0 -nan 0.000000
2442 1010 0 0 -nan 0.000000 2147483647.000000 0 -nan 0.000000
2443 1011 0 0 -nan 0.000000 2147483647.000000 0 -nan 0.000000
2444 1012 0 0 -nan 0.000000 2147483647.000000 0 -nan 0.000000
2445 1013 0 0 -nan 0.000000 2147483647.000000 0 -nan 0.000000
2446 1014 0 0 -nan 0.000000 2147483647.000000 0 -nan 0.000000
2447 1015 0 0 -nan 0.000000 2147483647.000000 0 -nan 0.000000
2448 1016 0 0 -nan 0.000000 2147483647.000000 0 -nan 0.000000
2449 1017 0 0 -nan 0.000000 2147483647.000000 0 -nan 0.000000
2450 1018 0 0 -nan 0.000000 2147483647.000000 0 -nan 0.000000
2451 1019 0 0 -nan 0.000000 2147483647.000000 0 -nan 0.000000
2452 1020 0 0 -nan 0.000000 2147483647.000000 0 -nan 0.000000
2453 1021 0 0 -nan 0.000000 2147483647.000000 0 -nan 0.000000
2454 1022 0 0 -nan 0.000000 2147483647.000000 0 -nan 0.000000
2455 1023 0 0 -nan 0.000000 2147483647.000000 0 -nan 0.000000
2501 1024 0 0 -nan 0.000000 2147483647.000000 0 -nan 0.000000
2502 1025 0 0 -nan 0.000000 2147483647.000000 0 -nan 0.000000
2503 1026 0 0 -nan 0.000000 2147483647.000000 0 -nan 0.000000
2504 1027 0 0 -nan 0.000000 2147483647.000000 0 -nan 0.000000
2505 1028 0 0 -nan 0.000000 2147483647.000000 0 -nan 0.000000
2506 1029 0 0 -nan 0.000000 2147483647.000000 0 -nan 0.000000
2507 1030 0 0 -nan 0.000000 2147483647.000000 0 -nan 0.000000
2508 1031 0 0 -nan 0.000000 2147483647.000000 0 -nan 0.000000
2509 1032 0 0 -nan 0.000000 2147483647.000000 0 -nan 0.000000
2510 1033 0 0 -nan 0.000000 2147483647.000000 0 -nan 0.000000
2511 1034 0 0 -nan 0.000000 2147483647.000000 0 -nan 0.000000
2512 1035 0 0 -nan 0.000000 2147483647.000000 0 -nan 0.000000
2513 1036 0 0 -nan 0.000000 2147483647.000000 0 -nan 0.000000
2514 1037 0 0 -nan 0.000000 2147483647.000000 0 -nan 0.000000
2515 1038 0 0 -nan 0.000000 2147483647.000000 0 -nan 0.000000
2516 1039 0 0 -nan 0.000000 2147483647.000000 0 -nan 0.000000
2517 1040 0 0 -nan 0.000000 2147483647.000000 0 -nan 0.000000
2518 1041 0 0 -nan 0.000000 2147483647.000000 0 -nan 0.000000
2519 1042 0 0 -nan 0.000000 2147483647.000000 0 -nan 0.000000
2520 1043 0 0 -nan 0.000000 2147483647.000000 0 -nan 0.000000
2521 1044 0 0 -nan 0.000000 2147483647.000000 0 -nan 0.000000
2522 1045 0 0 -nan 0.000000 2147483647.000000 0 -nan 0.000000
2523 1046 0 0 -nan 0.000000 2147483647.000000 0 -nan 0.000000
2524 1047 0 0 -nan 0.000000 2147483647.000000 0 -nan 0.000000
2525 1048 0 0 -nan 0.000000 2147483647.000000 0 -nan 0.000000
2526 1049 0 0 -nan 0.000000 2147483647.000000 0 -nan 0.000000
2527 1050 0 0 -nan 0.000000 2147483647.000000 0 -nan 0.000000
2528 1051 0 0 -nan 0.000000 2147483647.000000 0 -nan 0.000000
2529 1052 0 0 -nan 0.000000 2147483647.000000 0 -nan 0.000000
2530 1053 0 0 -nan 0.000000 2147483647.000000 0 -nan 0.000000
2531 1054 0 0 -nan 0.000000 2147483647.000000 0 -nan 0.000000
2532 1055 0 0 -nan 0.000000 2147483647.000000 0 -nan 0.000000
