# Format <LP ID> <Terminal ID> <Job ID> <Local Rank> <Total sends> <Total Recvs> <Bytes sent> <Bytes recvd> <Send time> <Comm. time> <Compute time> <Avg msg time> <Max Msg Time>
6 0 -1 -1 0 0 0 0 0.000000 0.000000 0.000000 -nan 0.000000
7 1 -1 -1 0 0 0 0 0.000000 0.000000 0.000000 -nan 0.000000
8 2 -1 -1 0 0 0 0 0.000000 0.000000 0.000000 -nan 0.000000
9 3 -1 -1 0 0 0 0 0.000000 0.000000 0.000000 -nan 0.000000
10 4 -1 -1 0 0 0 0 0.000000 0.000000 0.000000 -nan 0.000000
11 5 -1 -1 0 0 0 0 0.000000 0.000000 0.000000 -nan 0.000000
12 6 0 246 3200 3200 796275200 796275200 1181164480.483949 485833472.769223 5000.000000 369113.900151 485838472.769223
13 7 -1 -1 0 0 0 0 0.000000 0.000000 0.000000 -nan 0.000000
14 8 -1 -1 0 0 0 0 0.000000 0.000000 0.000000 -nan 0.000000
15 9 -1 -1 0 0 0 0 0.000000 0.000000 0.000000 -nan 0.000000
16 10 0 286 3200 3200 796275200 796275200 1276441384.038598 485831153.331064 5000.000000 398887.932512 485836153.331064
17 11 -1 -1 0 0 0 0 0.000000 0.000000 0.000000 -nan 0.000000
18 12 -1 -1 0 0 0 0 0.000000 0.000000 0.000000 -nan 0.000000
19 13 0 248 3200 3200 796275200 796275200 1274714214.703385 485828836.628530 5000.000000 398348.192095 485833836.628530
20 14 0 81 3400 3400 796276800 796276800 1394631525.980107 485831534.670856 5000.000000 410185.742935 485836534.670856
21 15 -1 -1 0 0 0 0 0.000000 0.000000 0.000000 -nan 0.000000
22 16 -1 -1 0 0 0 0 0.000000 0.000000 0.000000 -nan 0.000000
23 17 -1 -1 0 0 0 0 0.000000 0.000000 0.000000 -nan 0.000000
24 18 0 24 1800 1800 796264000 796264000 1195336600.728842 485832175.939078 5000.000000 664075.889294 485837175.939078
25 19 -1 -1 0 0 0 0 0.000000 0.000000 0.000000 -nan 0.000000
26 20 -1 -1 0 0 0 0 0.000000 0.000000 0.000000 -nan 0.000000
27 21 -1 -1 0 0 0 0 0.000000 0.000000 0.000000 -nan 0.000000
28 22 -1 -1 0 0 0 0 0.000000 0.000000 0.000000 -nan 0.000000
29 23 -1 -1 0 0 0 0 0.000000 0.000000 0.000000 -nan 0.000000
30 24 0 174 3200 3200 796275200 796275200 1310063100.316589 485828072.751678 5000.000000 409394.718849 485833072.751678
31 25 -1 -1 0 0 0 0 0.000000 0.000000 0.000000 -nan 0.000000
32 26 -1 -1 0 0 0 0 0.000000 0.000000 0.000000 -nan 0.000000
33 27 -1 -1 0 0 0 0 0.000000 0.000000 0.000000 -nan 0.000000
34 28 -1 -1 0 0 0 0 0.000000 0.000000 0.000000 -nan 0.000000
35 29 -1 -1 0 0 0 0 0.000000 0.000000 0.000000 -nan 0.000000
83 30 -1 -1 0 0 0 0 0.000000 0.000000 0.000000 -nan 0.000000
84 31 -1 -1 0 0 0 0 0.000000 0.000000 0.000000 -nan 0.000000
85 32 -1 -1 0 0 0 0 0.000000 0.000000 0.000000 -nan 0.000000
86 33 -1 -1 0 0 0 0 0.000000 0.000000 0.000000 -nan 0.000000
87 34 0 198 3200 3200 796275200 796275200 1466669594.216733 485833473.762617 5000.000000 458334.248193 485838473.762617
88 35 -1 -1 0 0 0 0 0.000000 0.000000 0.000000 -nan 0.000000
89 36 -1 -1 0 0 0 0 0.000000 0.000000 0.000000 -nan 0.000000
90 37 -1 -1 0 0 0 0 0.000000 0.000000 0.000000 -nan 0.000000
91 38 0 180 3200 3200 796275200 796275200 1759601658.487464 485828902.106664 5000.000000 549875.518277 485833902.106664
92 39 -1 -1 0 0 0 0 0.000000 0.000000 0.000000 -nan 0.000000
93 40 -1 -1 0 0 0 0 0.000000 0.000000 0.000000 -nan 0.000000
94 41 0 264 3200 3200 796275200 796275200 1445988509.641696 485831153.116276 5000.000000 451871.409263 485836153.116276
95 42 -1 -1 0 0 0 0 0.000000 0.000000 0.000000 -nan 0.000000
96 43 -1 -1 0 0 0 0 0.000000 0.000000 0.000000 -nan 0.000000
97 44 -1 -1 0 0 0 0 0.000000 0.000000 0.000000 -nan 0.000000
98 45 -1 -1 0 0 0 0 0.000000 0.000000 0.000000 -nan 0.000000
99 46 0 209 3200 3200 796275200 796275200 1228625449.739548 485828009.936850 5000.000000 383945.453044 485833009.936850
100 47 -1 -1 0 0 0 0 0.000000 0.000000 0.000000 -nan 0.000000
101 48 -1 -1 0 0 0 0 0.000000 0.000000 0.000000 -nan 0.000000
102 49 -1 -1 0 0 0 0 0.000000 0.000000 0.000000 -nan 0.000000
103 50 -1 -1 0 0 0 0 0.000000 0.000000 0.000000 -nan 0.000000
104 51 0 148 3200 3200 796275200 796275200 1463198586.075979 485831154.234051 5000.000000 457249.558149 485836154.234051
105 52 0 229 3200 3200 796275200 796275200 1633800935.572489 485831983.525473 5000.000000 510562.792366 485836983.525473
106 53 -1 -1 0 0 0 0 0.000000 0.000000 0.000000 -nan 0.000000
107 54 0 70 1800 1800 796264000 796264000 1420990107.170417 485836174.958047 5000.000000 789438.948428 485841174.958047
108 55 0 193 3200 3200 796275200 796275200 1468900260.820545 485825438.868382 5000.000000 459031.331506 485830438.868382
109 56 -1 -1 0 0 0 0 0.000000 0.000000 0.000000 -nan 0.000000
110 57 -1 -1 0 0 0 0 0.000000 0.000000 0.000000 -nan 0.000000
111 58 0 158 3200 3200 796275200 796275200 1549594051.679336 485828835.259118 5000.000000 484248.141150 485833835.259118
112 59 0 11 3400 3400 796276800 796276800 1448109157.201779 485832427.618444 5000.000000 425914.458001 485837427.618444
160 60 -1 -1 0 0 0 0 0.000000 0.000000 0.000000 -nan 0.000000
161 61 -1 -1 0 0 0 0 0.000000 0.000000 0.000000 -nan 0.000000
162 62 0 96 3200 3200 796275200 796275200 1396323929.747975 485820226.664793 5000.000000 436351.228046 485825226.664793
163 63 0 116 3200 3200 796275200 796275200 1311015421.832696 485828074.578088 5000.000000 409692.319323 485833074.578088
164 64 -1 -1 0 0 0 0 0.000000 0.000000 0.000000 -nan 0.000000
165 65 -1 -1 0 0 0 0 0.000000 0.000000 0.000000 -nan 0.000000
166 66 -1 -1 0 0 0 0 0.000000 0.000000 0.000000 -nan 0.000000
167 67 -1 -1 0 0 0 0 0.000000 0.000000 0.000000 -nan 0.000000
168 68 -1 -1 0 0 0 0 0.000000 0.000000 0.000000 -nan 0.000000
169 69 0 28 1800 1800 796264000 796264000 1242864862.732815 485837065.028935 5000.000000 690480.479296 485842065.028935
170 70 -1 -1 0 0 0 0 0.000000 0.000000 0.000000 -nan 0.000000
171 71 -1 -1 0 0 0 0 0.000000 0.000000 0.000000 -nan 0.000000
172 72 -1 -1 0 0 0 0 0.000000 0.000000 0.000000 -nan 0.000000
173 73 0 291 3200 3200 796275200 796275200 1251003465.220018 485830326.734597 5000.000000 390938.582881 485835326.734597
174 74 -1 -1 0 0 0 0 0.000000 0.000000 0.000000 -nan 0.000000
175 75 0 250 3200 3200 796275200 796275200 1340379328.376603 485832811.192188 5000.000000 418868.540118 485837811.192188
176 76 -1 -1 0 0 0 0 0.000000 0.000000 0.000000 -nan 0.000000
177 77 -1 -1 0 0 0 0 0.000000 0.000000 0.000000 -nan 0.000000
178 78 0 267 3200 3200 796275200 796275200 1531834920.337375 485836620.055619 5000.000000 478698.412605 485841620.055619
179 79 -1 -1 0 0 0 0 0.000000 0.000000 0.000000 -nan 0.000000
180 80 -1 -1 0 0 0 0 0.000000 0.000000 0.000000 -nan 0.000000
181 81 -1 -1 0 0 0 0 0.000000 0.000000 0.000000 -nan 0.000000
182 82 -1 -1 0 0 0 0 0.000000 0.000000 0.000000 -nan 0.000000
183 83 -1 -1 0 0 0 0 0.000000 0.000000 0.000000 -nan 0.000000
184 84 -1 -1 0 0 0 0 0.000000 0.000000 0.000000 -nan 0.000000
185 85 0 98 3200 3200 796275200 796275200 1390514253.281932 485823370.558712 5000.000000 434535.704151 485828370.558712
186 86 0 77 3400 3400 796276800 796276800 1490413839.123990 485829282.285728 5000.000000 438357.011507 485834282.285728
187 87 -1 -1 0 0 0 0 0.000000 0.000000 0.000000 -nan 0.000000
188 88 -1 -1 0 0 0 0 0.000000 0.000000 0.000000 -nan 0.000000
189 89 0 182 3200 3200 796275200 796275200 1482725953.379213 485830326.786720 5000.000000 463351.860431 485835326.786720
237 90 -1 -1 0 0 0 0 0.000000 0.000000 0.000000 -nan 0.000000
238 91 0 258 3200 3200 796275200 796275200 2136931508.974385 485830239.011174 5000.000000 667791.096554 485835239.011174
239 92 -1 -1 0 0 0 0 0.000000 0.000000 0.000000 -nan 0.000000
240 93 -1 -1 0 0 0 0 0.000000 0.000000 0.000000 -nan 0.000000
241 94 0 222 3200 3200 796275200 796275200 1921885520.988657 485828835.379858 5000.000000 600589.225309 485833835.379858
242 95 -1 -1 0 0 0 0 0.000000 0.000000 0.000000 -nan 0.000000
243 96 0 283 3200 3200 796275200 796275200 1535656939.842275 485834879.424415 5000.000000 479892.793701 485839879.424415
244 97 0 188 3200 3200 796275200 796275200 1553678269.269034 485828008.482480 5000.000000 485524.459147 485833008.482480
245 98 -1 -1 0 0 0 0 0.000000 0.000000 0.000000 -nan 0.000000
246 99 0 266 3200 3200 796275200 796275200 2533432201.147955 485835127.624778 5000.000000 791697.562859 485840127.624778
247 100 0 262 3200 3200 796275200 796275200 2852222612.780683 485836619.675824 5000.000000 891319.566494 485841619.675824
248 101 0 44 1800 1800 796264000 796264000 2976781449.020841 485831601.417957 5000.000000 1653767.471678 485836601.417957
249 102 -1 -1 0 0 0 0 0.000000 0.000000 0.000000 -nan 0.000000
250 103 0 153 3200 3200 796275200 796275200 1642840272.314193 485831982.169701 5000.000000 513387.585098 485836982.169701
251 104 -1 -1 0 0 0 0 0.000000 0.000000 0.000000 -nan 0.000000
252 105 0 147 3200 3200 796275200 796275200 1247277428.147565 485830328.729729 5000.000000 389774.196296 485835328.729729
253 106 0 256 3200 3200 796275200 796275200 2071815380.934681 485829663.464908 5000.000000 647442.306542 485834663.464908
254 107 0 122 3200 3200 796275200 796275200 1694446124.754318 485829664.762975 5000.000000 529514.413986 485834664.762975
255 108 -1 -1 0 0 0 0 0.000000 0.000000 0.000000 -nan 0.000000
256 109 -1 -1 0 0 0 0 0.000000 0.000000 0.000000 -nan 0.000000
257 110 -1 -1 0 0 0 0 0.000000 0.000000 0.000000 -nan 0.000000
258 111 -1 -1 0 0 0 0 0.000000 0.000000 0.000000 -nan 0.000000
259 112 0 272 3200 3200 796275200 796275200 2314412925.190226 485829665.466942 5000.000000 723254.039122 485834665.466942
260 113 0 49 3400 3400 796276800 796276800 1611441597.367297 485831601.200002 5000.000000 473953.410990 485836601.200002
261 114 -1 -1 0 0 0 0 0.000000 0.000000 0.000000 -nan 0.000000
262 115 -1 -1 0 0 0 0 0.000000 0.000000 0.000000 -nan 0.000000
263 116 0 293 3200 3200 796275200 796275200 1755340947.987616 485835957.123622 5000.000000 548544.046246 485840957.123622
264 117 -1 -1 0 0 0 0 0.000000 0.000000 0.000000 -nan 0.000000
265 118 -1 -1 0 0 0 0 0.000000 0.000000 0.000000 -nan 0.000000
266 119 -1 -1 0 0 0 0 0.000000 0.000000 0.000000 -nan 0.000000
314 120 0 197 3200 3200 796275200 796275200 1768387097.881636 485830987.479755 5000.000000 552620.968088 485835987.479755
315 121 -1 -1 0 0 0 0 0.000000 0.000000 0.000000 -nan 0.000000
316 122 0 255 3200 3200 796275200 796275200 1724688498.298031 485832477.304062 5000.000000 538965.155718 485837477.304062
317 123 0 2 1800 1800 796264000 796264000 1752299100.796926 485832839.646946 5000.000000 973499.500443 485837839.646946
318 124 0 3 3400 3400 796276800 796276800 1551841899.688384 485831433.729490 5000.000000 456424.088144 485836433.729490
319 125 -1 -1 0 0 0 0 0.000000 0.000000 0.000000 -nan 0.000000
320 126 0 18 1800 1800 796264000 796264000 1640980936.303353 485839382.928007 5000.000000 911656.075724 485844382.928007
321 127 -1 -1 0 0 0 0 0.000000 0.000000 0.000000 -nan 0.000000
322 128 -1 -1 0 0 0 0 0.000000 0.000000 0.000000 -nan 0.000000
323 129 -1 -1 0 0 0 0 0.000000 0.000000 0.000000 -nan 0.000000
324 130 -1 -1 0 0 0 0 0.000000 0.000000 0.000000 -nan 0.000000
325 131 -1 -1 0 0 0 0 0.000000 0.000000 0.000000 -nan 0.000000
326 132 -1 -1 0 0 0 0 0.000000 0.000000 0.000000 -nan 0.000000
327 133 0 129 3200 3200 796275200 796275200 1515136972.525707 485825439.735843 5000.000000 473480.303914 485830439.735843
328 134 0 74 1800 1800 796264000 796264000 1383819486.105372 485832366.014243 5000.000000 768788.603392 485837366.014243
329 135 0 21 3400 3400 796276800 796276800 1789321992.664283 485836235.858572 5000.000000 526271.174313 485841235.858572
330 136 -1 -1 0 0 0 0 0.000000 0.000000 0.000000 -nan 0.000000
331 137 -1 -1 0 0 0 0 0.000000 0.000000 0.000000 -nan 0.000000
332 138 -1 -1 0 0 0 0 0.000000 0.000000 0.000000 -nan 0.000000
333 139 -1 -1 0 0 0 0 0.000000 0.000000 0.000000 -nan 0.000000
334 140 -1 -1 0 0 0 0 0.000000 0.000000 0.000000 -nan 0.000000
335 141 0 57 3400 3400 796276800 796276800 1544517520.909982 485828453.377083 5000.000000 454269.859091 485833453.377083
336 142 -1 -1 0 0 0 0 0.000000 0.000000 0.000000 -nan 0.000000
337 143 0 276 3200 3200 796275200 796275200 1428194529.434809 485834300.919626 5000.000000 446310.790448 485839300.919626
338 144 -1 -1 0 0 0 0 0.000000 0.000000 0.000000 -nan 0.000000
339 145 0 273 3200 3200 796275200 796275200 2423473198.802529 485831983.977959 5000.000000 757335.374626 485836983.977959
340 146 -1 -1 0 0 0 0 0.000000 0.000000 0.000000 -nan 0.000000
341 147 -1 -1 0 0 0 0 0.000000 0.000000 0.000000 -nan 0.000000
342 148 -1 -1 0 0 0 0 0.000000 0.000000 0.000000 -nan 0.000000
343 149 0 120 3200 3200 796275200 796275200 1438015986.836705 485826518.537502 5000.000000 449379.995886 485831518.537502
391 150 -1 -1 0 0 0 0 0.000000 0.000000 0.000000 -nan 0.000000
392 151 -1 -1 0 0 0 0 0.000000 0.000000 0.000000 -nan 0.000000
393 152 0 58 1800 1800 796264000 796264000 1549958651.357313 485833918.833712 5000.000000 861088.139643 485838918.833712
394 153 -1 -1 0 0 0 0 0.000000 0.000000 0.000000 -nan 0.000000
395 154 -1 -1 0 0 0 0 0.000000 0.000000 0.000000 -nan 0.000000
396 155 0 295 3200 3200 796275200 796275200 1252763431.521966 485835792.130571 5000.000000 391488.572351 485840792.130571
397 156 0 169 3200 3200 796275200 796275200 1324430799.074000 485829663.608522 5000.000000 413884.624711 485834663.608522
398 157 -1 -1 0 0 0 0 0.000000 0.000000 0.000000 -nan 0.000000
399 158 -1 -1 0 0 0 0 0.000000 0.000000 0.000000 -nan 0.000000
400 159 0 237 3200 3200 796275200 796275200 1473786830.752657 485831983.288492 5000.000000 460558.384610 485836983.288492
401 160 -1 -1 0 0 0 0 0.000000 0.000000 0.000000 -nan 0.000000
402 161 0 119 3200 3200 796275200 796275200 1629357112.782126 485833473.917310 5000.000000 509174.097744 485838473.917310
403 162 -1 -1 0 0 0 0 0.000000 0.000000 0.000000 -nan 0.000000
404 163 -1 -1 0 0 0 0 0.000000 0.000000 0.000000 -nan 0.000000
405 164 0 252 3200 3200 796275200 796275200 2075790934.076711 485830327.148619 5000.000000 648684.666899 485835327.148619
406 165 0 141 3200 3200 796275200 796275200 1972686609.732690 485832811.538902 5000.000000 616464.565541 485837811.538902
407 166 0 171 3200 3200 796275200 796275200 1506734433.990268 485830327.321073 5000.000000 470854.510622 485835327.321073
408 167 0 265 3200 3200 796275200 796275200 1559745606.610552 485832645.235994 5000.000000 487420.502066 485837645.235994
409 168 -1 -1 0 0 0 0 0.000000 0.000000 0.000000 -nan 0.000000
410 169 -1 -1 0 0 0 0 0.000000 0.000000 0.000000 -nan 0.000000
411 170 -1 -1 0 0 0 0 0.000000 0.000000 0.000000 -nan 0.000000
412 171 0 294 3200 3200 796275200 796275200 1259689625.698771 485833472.110714 5000.000000 393653.008031 485838472.110714
413 172 -1 -1 0 0 0 0 0.000000 0.000000 0.000000 -nan 0.000000
414 173 -1 -1 0 0 0 0 0.000000 0.000000 0.000000 -nan 0.000000
415 174 -1 -1 0 0 0 0 0.000000 0.000000 0.000000 -nan 0.000000
416 175 -1 -1 0 0 0 0 0.000000 0.000000 0.000000 -nan 0.000000
417 176 -1 -1 0 0 0 0 0.000000 0.000000 0.000000 -nan 0.000000
418 177 -1 -1 0 0 0 0 0.000000 0.000000 0.000000 -nan 0.000000
419 178 -1 -1 0 0 0 0 0.000000 0.000000 0.000000 -nan 0.000000
420 179 0 187 3200 3200 796275200 796275200 1290510117.105005 485830392.172598 5000.000000 403284.411595 485835392.172598
468 180 -1 -1 0 0 0 0 0.000000 0.000000 0.000000 -nan 0.000000
469 181 -1 -1 0 0 0 0 0.000000 0.000000 0.000000 -nan 0.000000
470 182 -1 -1 0 0 0 0 0.000000 0.000000 0.000000 -nan 0.000000
471 183 -1 -1 0 0 0 0 0.000000 0.000000 0.000000 -nan 0.000000
472 184 0 263 3200 3200 796275200 796275200 1818098796.705356 485837278.900453 5000.000000 568155.873970 485842278.900453
473 185 -1 -1 0 0 0 0 0.000000 0.000000 0.000000 -nan 0.000000
474 186 -1 -1 0 0 0 0 0.000000 0.000000 0.000000 -nan 0.000000
475 187 -1 -1 0 0 0 0 0.000000 0.000000 0.000000 -nan 0.000000
476 188 0 128 3200 3200 796275200 796275200 1312877186.426802 485826517.185106 5000.000000 410274.120758 485831517.185106
477 189 0 67 3400 3400 796276800 796276800 1602070334.161755 485833191.215357 5000.000000 471197.157106 485838191.215357
478 190 0 61 3400 3400 796276800 796276800 1506695198.001384 485832361.910618 5000.000000 443145.646471 485837361.910618
479 191 0 170 3200 3200 796275200 796275200 1324440075.283114 485829663.459664 5000.000000 413887.523526 485834663.459664
480 192 0 31 3400 3400 796276800 796276800 1387881053.768136 485835408.520260 5000.000000 408200.309932 485840408.520260
481 193 -1 -1 0 0 0 0 0.000000 0.000000 0.000000 -nan 0.000000
482 194 -1 -1 0 0 0 0 0.000000 0.000000 0.000000 -nan 0.000000
483 195 -1 -1 0 0 0 0 0.000000 0.000000 0.000000 -nan 0.000000
484 196 0 215 3200 3200 796275200 796275200 1407615876.530968 485836620.423752 5000.000000 439879.961416 485841620.423752
485 197 0 196 3200 3200 796275200 796275200 1860936823.500130 485830327.134668 5000.000000 581542.757344 485835327.134668
486 198 -1 -1 0 0 0 0 0.000000 0.000000 0.000000 -nan 0.000000
487 199 -1 -1 0 0 0 0 0.000000 0.000000 0.000000 -nan 0.000000
488 200 -1 -1 0 0 0 0 0.000000 0.000000 0.000000 -nan 0.000000
489 201 -1 -1 0 0 0 0 0.000000 0.000000 0.000000 -nan 0.000000
490 202 0 166 3200 3200 796275200 796275200 1285379323.531620 485830326.666882 5000.000000 401681.038604 485835326.666882
491 203 -1 -1 0 0 0 0 0.000000 0.000000 0.000000 -nan 0.000000
492 204 -1 -1 0 0 0 0 0.000000 0.000000 0.000000 -nan 0.000000
493 205 0 144 3200 3200 796275200 796275200 1444151640.659488 485826519.128942 5000.000000 451297.387706 485831519.128942
494 206 -1 -1 0 0 0 0 0.000000 0.000000 0.000000 -nan 0.000000
495 207 -1 -1 0 0 0 0 0.000000 0.000000 0.000000 -nan 0.000000
496 208 -1 -1 0 0 0 0 0.000000 0.000000 0.000000 -nan 0.000000
497 209 -1 -1 0 0 0 0 0.000000 0.000000 0.000000 -nan 0.000000
545 210 -1 -1 0 0 0 0 0.000000 0.000000 0.000000 -nan 0.000000
546 211 0 12 1800 1800 796264000 796264000 1576956515.030368 485835576.207058 5000.000000 876086.952795 485840576.207058
547 212 -1 -1 0 0 0 0 0.000000 0.000000 0.000000 -nan 0.000000
548 213 -1 -1 0 0 0 0 0.000000 0.000000 0.000000 -nan 0.000000
549 214 -1 -1 0 0 0 0 0.000000 0.000000 0.000000 -nan 0.000000
550 215 -1 -1 0 0 0 0 0.000000 0.000000 0.000000 -nan 0.000000
551 216 0 177 3200 3200 796275200 796275200 1502006752.931102 485826519.650005 5000.000000 469377.110291 485831519.650005
552 217 -1 -1 0 0 0 0 0.000000 0.000000 0.000000 -nan 0.000000
553 218 0 103 3200 3200 796275200 796275200 1634844410.845102 485830327.294330 5000.000000 510888.878389 485835327.294330
554 219 0 289 3200 3200 796275200 796275200 1480722689.535049 485829666.246969 5000.000000 462725.840480 485834666.246969
555 220 -1 -1 0 0 0 0 0.000000 0.000000 0.000000 -nan 0.000000
556 221 -1 -1 0 0 0 0 0.000000 0.000000 0.000000 -nan 0.000000
557 222 0 69 3400 3400 796276800 796276800 1452054429.399338 485831598.312180 5000.000000 427074.832176 485836598.312180
558 223 0 201 3200 3200 796275200 796275200 1318520482.995259 485830326.871717 5000.000000 412037.650936 485835326.871717
559 224 -1 -1 0 0 0 0 0.000000 0.000000 0.000000 -nan 0.000000
560 225 -1 -1 0 0 0 0 0.000000 0.000000 0.000000 -nan 0.000000
561 226 -1 -1 0 0 0 0 0.000000 0.000000 0.000000 -nan 0.000000
562 227 -1 -1 0 0 0 0 0.000000 0.000000 0.000000 -nan 0.000000
563 228 0 185 3200 3200 796275200 796275200 1490644521.596850 485828835.788637 5000.000000 465826.412999 485833835.788637
564 229 -1 -1 0 0 0 0 0.000000 0.000000 0.000000 -nan 0.000000
565 230 -1 -1 0 0 0 0 0.000000 0.000000 0.000000 -nan 0.000000
566 231 -1 -1 0 0 0 0 0.000000 0.000000 0.000000 -nan 0.000000
567 232 -1 -1 0 0 0 0 0.000000 0.000000 0.000000 -nan 0.000000
568 233 0 233 3200 3200 796275200 796275200 1414256080.444520 485829663.448055 5000.000000 441955.025139 485834663.448055
569 234 0 97 3200 3200 796275200 796275200 1728249334.318123 485823373.834225 5000.000000 540077.916974 485828373.834225
570 235 0 75 3400 3400 796276800 796276800 1678529536.951313 485829219.410176 5000.000000 493685.157927 485834219.410176
571 236 -1 -1 0 0 0 0 0.000000 0.000000 0.000000 -nan 0.000000
572 237 -1 -1 0 0 0 0 0.000000 0.000000 0.000000 -nan 0.000000
573 238 -1 -1 0 0 0 0 0.000000 0.000000 0.000000 -nan 0.000000
574 239 -1 -1 0 0 0 0 0.000000 0.000000 0.000000 -nan 0.000000
622 240 0 0 1800 1800 796264000 796264000 1387125515.816591 485833919.727422 5000.000000 770625.286565 485838919.727422
623 241 -1 -1 0 0 0 0 0.000000 0.000000 0.000000 -nan 0.000000
624 242 0 181 3200 3200 796275200 796275200 1729162655.607569 485831980.618941 5000.000000 540363.329877 485836980.618941
625 243 -1 -1 0 0 0 0 0.000000 0.000000 0.000000 -nan 0.000000
626 244 -1 -1 0 0 0 0 0.000000 0.000000 0.000000 -nan 0.000000
627 245 -1 -1 0 0 0 0 0.000000 0.000000 0.000000 -nan 0.000000
628 246 -1 -1 0 0 0 0 0.000000 0.000000 0.000000 -nan 0.000000
629 247 -1 -1 0 0 0 0 0.000000 0.000000 0.000000 -nan 0.000000
630 248 0 135 3200 3200 796275200 796275200 1456424608.741281 485834132.209439 5000.000000 455132.690232 485839132.209439
631 249 -1 -1 0 0 0 0 0.000000 0.000000 0.000000 -nan 0.000000
632 250 -1 -1 0 0 0 0 0.000000 0.000000 0.000000 -nan 0.000000
633 251 -1 -1 0 0 0 0 0.000000 0.000000 0.000000 -nan 0.000000
634 252 0 239 3200 3200 796275200 796275200 1165192181.039378 485832646.478616 5000.000000 364122.556575 485837646.478616
635 253 -1 -1 0 0 0 0 0.000000 0.000000 0.000000 -nan 0.000000
636 254 -1 -1 0 0 0 0 0.000000 0.000000 0.000000 -nan 0.000000
637 255 -1 -1 0 0 0 0 0.000000 0.000000 0.000000 -nan 0.000000
638 256 0 183 3200 3200 796275200 796275200 1438740343.746422 485833474.452728 5000.000000 449606.357421 485838474.452728
639 257 -1 -1 0 0 0 0 0.000000 0.000000 0.000000 -nan 0.000000
640 258 -1 -1 0 0 0 0 0.000000 0.000000 0.000000 -nan 0.000000
641 259 -1 -1 0 0 0 0 0.000000 0.000000 0.000000 -nan 0.000000
642 260 -1 -1 0 0 0 0 0.000000 0.000000 0.000000 -nan 0.000000
643 261 0 247 3200 3200 796275200 796275200 1380779029.608926 485836620.549645 5000.000000 431493.446753 485841620.549645
644 262 -1 -1 0 0 0 0 0.000000 0.000000 0.000000 -nan 0.000000
645 263 -1 -1 0 0 0 0 0.000000 0.000000 0.000000 -nan 0.000000
646 264 0 298 3200 3200 796275200 796275200 1414725167.269992 485832809.357884 5000.000000 442101.614772 485837809.357884
647 265 0 230 3200 3200 796275200 796275200 1503945157.862245 485831153.969562 5000.000000 469982.861832 485836153.969562
648 266 -1 -1 0 0 0 0 0.000000 0.000000 0.000000 -nan 0.000000
649 267 0 42 1800 1800 796264000 796264000 1884424770.923790 485831599.739169 5000.000000 1046902.650513 485836599.739169
650 268 -1 -1 0 0 0 0 0.000000 0.000000 0.000000 -nan 0.000000
651 269 0 156 3200 3200 796275200 796275200 1509183251.512122 485825689.930184 5000.000000 471619.766098 485830689.930184
699 270 -1 -1 0 0 0 0 0.000000 0.000000 0.000000 -nan 0.000000
700 271 -1 -1 0 0 0 0 0.000000 0.000000 0.000000 -nan 0.000000
701 272 -1 -1 0 0 0 0 0.000000 0.000000 0.000000 -nan 0.000000
702 273 -1 -1 0 0 0 0 0.000000 0.000000 0.000000 -nan 0.000000
703 274 -1 -1 0 0 0 0 0.000000 0.000000 0.000000 -nan 0.000000
704 275 0 131 3200 3200 796275200 796275200 2309212634.775287 485830326.825699 5000.000000 721628.948367 485835326.825699
705 276 0 118 3200 3200 796275200 796275200 1692231141.019407 485830390.169410 5000.000000 528822.231569 485835390.169410
706 277 0 253 3200 3200 796275200 796275200 2155740813.756507 485830074.876814 5000.000000 673669.004299 485835074.876814
707 278 -1 -1 0 0 0 0 0.000000 0.000000 0.000000 -nan 0.000000
708 279 -1 -1 0 0 0 0 0.000000 0.000000 0.000000 -nan 0.000000
709 280 -1 -1 0 0 0 0 0.000000 0.000000 0.000000 -nan 0.000000
710 281 -1 -1 0 0 0 0 0.000000 0.000000 0.000000 -nan 0.000000
711 282 0 41 3400 3400 796276800 796276800 1381728931.212391 485826897.318640 5000.000000 406390.862121 485831897.318640
712 283 -1 -1 0 0 0 0 0.000000 0.000000 0.000000 -nan 0.000000
713 284 0 190 3200 3200 796275200 796275200 1566891354.888395 485830326.779676 5000.000000 489653.548403 485835326.779676
714 285 -1 -1 0 0 0 0 0.000000 0.000000 0.000000 -nan 0.000000
715 286 -1 -1 0 0 0 0 0.000000 0.000000 0.000000 -nan 0.000000
716 287 -1 -1 0 0 0 0 0.000000 0.000000 0.000000 -nan 0.000000
717 288 -1 -1 0 0 0 0 0.000000 0.000000 0.000000 -nan 0.000000
718 289 -1 -1 0 0 0 0 0.000000 0.000000 0.000000 -nan 0.000000
719 290 0 212 3200 3200 796275200 796275200 1380723439.440568 485830326.066788 5000.000000 431476.074825 485835326.066788
720 291 -1 -1 0 0 0 0 0.000000 0.000000 0.000000 -nan 0.000000
721 292 -1 -1 0 0 0 0 0.000000 0.000000 0.000000 -nan 0.000000
722 293 -1 -1 0 0 0 0 0.000000 0.000000 0.000000 -nan 0.000000
723 294 -1 -1 0 0 0 0 0.000000 0.000000 0.000000 -nan 0.000000
724 295 0 218 3200 3200 796275200 796275200 1283239576.717479 485831982.971842 5000.000000 401012.367724 485836982.971842
725 296 -1 -1 0 0 0 0 0.000000 0.000000 0.000000 -nan 0.000000
726 297 0 108 3200 3200 796275200 796275200 1361964167.194227 485825754.660943 5000.000000 425613.802248 485830754.660943
727 298 0 208 3200 3200 796275200 796275200 1177139364.240913 485826519.154640 5000.000000 367856.051325 485831519.154640
728 299 -1 -1 0 0 0 0 0.000000 0.000000 0.000000 -nan 0.000000
776 300 0 168 3200 3200 796275200 796275200 1456464888.244318 485825689.625754 5000.000000 455145.277576 485830689.625754
777 301 -1 -1 0 0 0 0 0.000000 0.000000 0.000000 -nan 0.000000
778 302 -1 -1 0 0 0 0 0.000000 0.000000 0.000000 -nan 0.000000
779 303 -1 -1 0 0 0 0 0.000000 0.000000 0.000000 -nan 0.000000
780 304 -1 -1 0 0 0 0 0.000000 0.000000 0.000000 -nan 0.000000
781 305 -1 -1 0 0 0 0 0.000000 0.000000 0.000000 -nan 0.000000
782 306 -1 -1 0 0 0 0 0.000000 0.000000 0.000000 -nan 0.000000
783 307 0 244 3200 3200 796275200 796275200 1718222854.325703 485831157.051604 5000.000000 536944.641977 485836157.051604
784 308 0 10 1800 1800 796264000 796264000 1480171208.764476 485835574.712038 5000.000000 822317.338202 485840574.712038
785 309 -1 -1 0 0 0 0 0.000000 0.000000 0.000000 -nan 0.000000
786 310 0 207 3200 3200 796275200 796275200 1486838863.933232 485831819.318483 5000.000000 464637.144979 485836819.318483
787 311 -1 -1 0 0 0 0 0.000000 0.000000 0.000000 -nan 0.000000
788 312 -1 -1 0 0 0 0 0.000000 0.000000 0.000000 -nan 0.000000
789 313 0 243 3200 3200 796275200 796275200 1357072146.844407 485831982.231387 5000.000000 424085.045889 485836982.231387
790 314 0 43 3400 3400 796276800 796276800 2072610824.637693 485828452.235574 5000.000000 609591.419011 485833452.235574
791 315 0 92 3200 3200 796275200 796275200 1426363682.186840 485822543.435791 5000.000000 445738.650683 485827543.435791
792 316 0 176 3200 3200 796275200 796275200 1290902667.377957 485822609.305059 5000.000000 403407.083556 485827609.305059
793 317 0 138 3200 3200 796275200 796275200 1603756426.304733 485831981.255861 5000.000000 501173.883220 485836981.255861
794 318 -1 -1 0 0 0 0 0.000000 0.000000 0.000000 -nan 0.000000
795 319 -1 -1 0 0 0 0 0.000000 0.000000 0.000000 -nan 0.000000
796 320 -1 -1 0 0 0 0 0.000000 0.000000 0.000000 -nan 0.000000
797 321 -1 -1 0 0 0 0 0.000000 0.000000 0.000000 -nan 0.000000
798 322 -1 -1 0 0 0 0 0.000000 0.000000 0.000000 -nan 0.000000
799 323 0 165 3200 3200 796275200 796275200 1582245421.407480 485832810.674665 5000.000000 494451.694190 485837810.674665
800 324 -1 -1 0 0 0 0 0.000000 0.000000 0.000000 -nan 0.000000
801 325 0 121 3200 3200 796275200 796275200 1270614129.467793 485828836.025866 5000.000000 397066.915459 485833836.025866
802 326 -1 -1 0 0 0 0 0.000000 0.000000 0.000000 -nan 0.000000
803 327 -1 -1 0 0 0 0 0.000000 0.000000 0.000000 -nan 0.000000
804 328 -1 -1 0 0 0 0 0.000000 0.000000 0.000000 -nan 0.000000
805 329 -1 -1 0 0 0 0 0.000000 0.000000 0.000000 -nan 0.000000
853 330 0 80 1800 1800 796264000 796264000 1342506380.099797 485834681.825530 5000.000000 745836.877833 485839681.825530
854 331 -1 -1 0 0 0 0 0.000000 0.000000 0.000000 -nan 0.000000
855 332 -1 -1 0 0 0 0 0.000000 0.000000 0.000000 -nan 0.000000
856 333 0 194 3200 3200 796275200 796275200 1565485282.161969 485827093.240247 5000.000000 489214.150676 485832093.240247
857 334 0 261 3200 3200 796275200 796275200 2298574854.679558 485832392.802325 5000.000000 718304.642087 485837392.802325
858 335 0 275 3200 3200 796275200 796275200 2416012732.127054 485833475.033331 5000.000000 755003.978790 485838475.033331
859 336 0 219 3200 3200 796275200 796275200 1954479127.081293 485831732.958450 5000.000000 610774.727213 485836732.958450
860 337 0 112 3200 3200 796275200 796275200 1583108178.490128 485823373.477035 5000.000000 494721.305778 485828373.477035
861 338 0 7 3400 3400 796276800 796276800 1853112170.976673 485832839.059264 5000.000000 545032.991464 485837839.059264
862 339 -1 -1 0 0 0 0 0.000000 0.000000 0.000000 -nan 0.000000
863 340 0 134 3200 3200 796275200 796275200 1590107535.871238 485833473.225490 5000.000000 496908.604960 485838473.225490
864 341 -1 -1 0 0 0 0 0.000000 0.000000 0.000000 -nan 0.000000
865 342 -1 -1 0 0 0 0 0.000000 0.000000 0.000000 -nan 0.000000
866 343 0 123 3200 3200 796275200 796275200 1312302271.248401 485830327.733395 5000.000000 410094.459765 485835327.733395
867 344 -1 -1 0 0 0 0 0.000000 0.000000 0.000000 -nan 0.000000
868 345 -1 -1 0 0 0 0 0.000000 0.000000 0.000000 -nan 0.000000
869 346 0 292 3200 3200 796275200 796275200 1584503293.070023 485830327.860637 5000.000000 495157.279084 485835327.860637
870 347 -1 -1 0 0 0 0 0.000000 0.000000 0.000000 -nan 0.000000
871 348 -1 -1 0 0 0 0 0.000000 0.000000 0.000000 -nan 0.000000
872 349 -1 -1 0 0 0 0 0.000000 0.000000 0.000000 -nan 0.000000
873 350 -1 -1 0 0 0 0 0.000000 0.000000 0.000000 -nan 0.000000
874 351 0 133 3200 3200 796275200 796275200 1495901747.567373 485830988.115230 5000.000000 467469.296115 485835988.115230
875 352 -1 -1 0 0 0 0 0.000000 0.000000 0.000000 -nan 0.000000
876 353 0 109 3200 3200 796275200 796275200 1392140950.097627 485828836.539967 5000.000000 435044.046906 485833836.539967
877 354 0 4 1800 1800 796264000 796264000 1775826130.818015 485837893.181523 5000.000000 986570.072677 485842893.181523
878 355 -1 -1 0 0 0 0 0.000000 0.000000 0.000000 -nan 0.000000
879 356 0 203 3200 3200 796275200 796275200 1341261596.744498 485834301.556109 5000.000000 419144.248983 485839301.556109
880 357 -1 -1 0 0 0 0 0.000000 0.000000 0.000000 -nan 0.000000
881 358 -1 -1 0 0 0 0 0.000000 0.000000 0.000000 -nan 0.000000
882 359 -1 -1 0 0 0 0 0.000000 0.000000 0.000000 -nan 0.000000
930 360 0 152 3200 3200 796275200 796275200 1358993250.764518 485828835.393193 5000.000000 424685.390864 485833835.393193
931 361 0 284 3200 3200 796275200 796275200 1496091765.560885 485828836.349935 5000.000000 467528.676738 485833836.349935
932 362 -1 -1 0 0 0 0 0.000000 0.000000 0.000000 -nan 0.000000
933 363 0 155 3200 3200 796275200 796275200 1384463818.257195 485831733.183223 5000.000000 432644.943205 485836733.183223
934 364 -1 -1 0 0 0 0 0.000000 0.000000 0.000000 -nan 0.000000
935 365 -1 -1 0 0 0 0 0.000000 0.000000 0.000000 -nan 0.000000
936 366 0 167 3200 3200 796275200 796275200 1150163397.841350 485833473.089307 5000.000000 359426.061825 485838473.089307
937 367 -1 -1 0 0 0 0 0.000000 0.000000 0.000000 -nan 0.000000
938 368 0 223 3200 3200 796275200 796275200 1614280108.356227 485830329.409884 5000.000000 504462.533861 485835329.409884
939 369 0 36 1800 1800 796264000 796264000 1267167488.532005 485833854.392258 5000.000000 703981.938073 485838854.392258
940 370 -1 -1 0 0 0 0 0.000000 0.000000 0.000000 -nan 0.000000
941 371 -1 -1 0 0 0 0 0.000000 0.000000 0.000000 -nan 0.000000
942 372 -1 -1 0 0 0 0 0.000000 0.000000 0.000000 -nan 0.000000
943 373 -1 -1 0 0 0 0 0.000000 0.000000 0.000000 -nan 0.000000
944 374 -1 -1 0 0 0 0 0.000000 0.000000 0.000000 -nan 0.000000
945 375 0 254 3200 3200 796275200 796275200 1253463538.169552 485834301.002446 5000.000000 391707.355678 485839301.002446
946 376 -1 -1 0 0 0 0 0.000000 0.000000 0.000000 -nan 0.000000
947 377 -1 -1 0 0 0 0 0.000000 0.000000 0.000000 -nan 0.000000
948 378 -1 -1 0 0 0 0 0.000000 0.000000 0.000000 -nan 0.000000
949 379 -1 -1 0 0 0 0 0.000000 0.000000 0.000000 -nan 0.000000
950 380 -1 -1 0 0 0 0 0.000000 0.000000 0.000000 -nan 0.000000
951 381 -1 -1 0 0 0 0 0.000000 0.000000 0.000000 -nan 0.000000
952 382 -1 -1 0 0 0 0 0.000000 0.000000 0.000000 -nan 0.000000
953 383 -1 -1 0 0 0 0 0.000000 0.000000 0.000000 -nan 0.000000
954 384 0 179 3200 3200 796275200 796275200 1268008992.489331 485828836.528308 5000.000000 396252.810153 485833836.528308
955 385 0 235 3200 3200 796275200 796275200 1469025254.217963 485831155.852396 5000.000000 459070.391943 485836155.852396
956 386 -1 -1 0 0 0 0 0.000000 0.000000 0.000000 -nan 0.000000
957 387 -1 -1 0 0 0 0 0.000000 0.000000 0.000000 -nan 0.000000
958 388 -1 -1 0 0 0 0 0.000000 0.000000 0.000000 -nan 0.000000
959 389 -1 -1 0 0 0 0 0.000000 0.000000 0.000000 -nan 0.000000
1007 390 -1 -1 0 0 0 0 0.000000 0.000000 0.000000 -nan 0.000000
1008 391 -1 -1 0 0 0 0 0.000000 0.000000 0.000000 -nan 0.000000
1009 392 0 65 3400 3400 796276800 796276800 1302041985.518085 485828389.268389 5000.000000 382953.525152 485833389.268389
1010 393 -1 -1 0 0 0 0 0.000000 0.000000 0.000000 -nan 0.000000
1011 394 -1 -1 0 0 0 0 0.000000 0.000000 0.000000 -nan 0.000000
1012 395 0 277 3200 3200 796275200 796275200 1276995419.841264 485836618.426871 5000.000000 399061.068700 485841618.426871
1013 396 -1 -1 0 0 0 0 0.000000 0.000000 0.000000 -nan 0.000000
1014 397 0 23 3400 3400 796276800 796276800 1490325608.237954 485835985.628500 5000.000000 438331.061246 485840985.628500
1015 398 -1 -1 0 0 0 0 0.000000 0.000000 0.000000 -nan 0.000000
1016 399 -1 -1 0 0 0 0 0.000000 0.000000 0.000000 -nan 0.000000
1017 400 -1 -1 0 0 0 0 0.000000 0.000000 0.000000 -nan 0.000000
1018 401 -1 -1 0 0 0 0 0.000000 0.000000 0.000000 -nan 0.000000
1019 402 -1 -1 0 0 0 0 0.000000 0.000000 0.000000 -nan 0.000000
1020 403 0 59 3400 3400 796276800 796276800 1502020039.608879 485830772.246641 5000.000000 441770.599885 485835772.246641
1021 404 -1 -1 0 0 0 0 0.000000 0.000000 0.000000 -nan 0.000000
1022 405 0 60 1800 1800 796264000 796264000 1392835075.674108 485835508.895110 5000.000000 773797.264263 485840508.895110
1023 406 -1 -1 0 0 0 0 0.000000 0.000000 0.000000 -nan 0.000000
1024 407 0 62 1800 1800 796264000 796264000 1207371322.868069 485837828.049818 5000.000000 670761.846038 485842828.049818
1025 408 0 84 1800 1800 796264000 796264000 1303289713.523293 485837064.383324 5000.000000 724049.840846 485842064.383324
1026 409 -1 -1 0 0 0 0 0.000000 0.000000 0.000000 -nan 0.000000
1027 410 -1 -1 0 0 0 0 0.000000 0.000000 0.000000 -nan 0.000000
1028 411 -1 -1 0 0 0 0 0.000000 0.000000 0.000000 -nan 0.000000
1029 412 0 34 1800 1800 796264000 796264000 1250012449.071555 485834745.649612 5000.000000 694451.360595 485839745.649612
1030 413 -1 -1 0 0 0 0 0.000000 0.000000 0.000000 -nan 0.000000
1031 414 -1 -1 0 0 0 0 0.000000 0.000000 0.000000 -nan 0.000000
1032 415 0 288 3200 3200 796275200 796275200 1244440447.587806 485826519.621249 5000.000000 388887.639871 485831519.621249
1033 416 -1 -1 0 0 0 0 0.000000 0.000000 0.000000 -nan 0.000000
1034 417 -1 -1 0 0 0 0 0.000000 0.000000 0.000000 -nan 0.000000
1035 418 -1 -1 0 0 0 0 0.000000 0.000000 0.000000 -nan 0.000000
1036 419 -1 -1 0 0 0 0 0.000000 0.000000 0.000000 -nan 0.000000
1084 420 -1 -1 0 0 0 0 0.000000 0.000000 0.000000 -nan 0.000000
1085 421 -1 -1 0 0 0 0 0.000000 0.000000 0.000000 -nan 0.000000
1086 422 -1 -1 0 0 0 0 0.000000 0.000000 0.000000 -nan 0.000000
1087 423 -1 -1 0 0 0 0 0.000000 0.000000 0.000000 -nan 0.000000
1088 424 0 47 3400 3400 796276800 796276800 1356534652.245228 485831535.204532 5000.000000 398980.780072 485836535.204532
1089 425 -1 -1 0 0 0 0 0.000000 0.000000 0.000000 -nan 0.000000
1090 426 -1 -1 0 0 0 0 0.000000 0.000000 0.000000 -nan 0.000000
1091 427 0 140 3200 3200 796275200 796275200 1265781395.054227 485827180.183502 5000.000000 395556.685954 485832180.183502
1092 428 0 115 3200 3200 796275200 796275200 1540224427.664364 485828835.963599 5000.000000 481320.133645 485833835.963599
1093 429 -1 -1 0 0 0 0 0.000000 0.000000 0.000000 -nan 0.000000
1094 430 -1 -1 0 0 0 0 0.000000 0.000000 0.000000 -nan 0.000000
1095 431 0 269 3200 3200 796275200 796275200 1536746961.011256 485835957.450226 5000.000000 480233.425316 485840957.450226
1096 432 -1 -1 0 0 0 0 0.000000 0.000000 0.000000 -nan 0.000000
1097 433 -1 -1 0 0 0 0 0.000000 0.000000 0.000000 -nan 0.000000
1098 434 0 25 3400 3400 796276800 796276800 1379083090.074556 485829029.288155 5000.000000 405612.673551 485834029.288155
1099 435 -1 -1 0 0 0 0 0.000000 0.000000 0.000000 -nan 0.000000
1100 436 0 221 3200 3200 796275200 796275200 1469717617.372350 485829665.528728 5000.000000 459286.755429 485834665.528728
1101 437 0 184 3200 3200 796275200 796275200 1423311840.558395 485824776.740766 5000.000000 444784.950174 485829776.740766
1102 438 -1 -1 0 0 0 0 0.000000 0.000000 0.000000 -nan 0.000000
1103 439 -1 -1 0 0 0 0 0.000000 0.000000 0.000000 -nan 0.000000
1104 440 0 63 3400 3400 796276800 796276800 1286564678.009043 485834681.629658 5000.000000 378401.375885 485839681.629658
1105 441 -1 -1 0 0 0 0 0.000000 0.000000 0.000000 -nan 0.000000
1106 442 -1 -1 0 0 0 0 0.000000 0.000000 0.000000 -nan 0.000000
1107 443 -1 -1 0 0 0 0 0.000000 0.000000 0.000000 -nan 0.000000
1108 444 0 281 3200 3200 796275200 796275200 1349797469.716253 485835128.341378 5000.000000 421811.709286 485840128.341378
1109 445 -1 -1 0 0 0 0 0.000000 0.000000 0.000000 -nan 0.000000
1110 446 -1 -1 0 0 0 0 0.000000 0.000000 0.000000 -nan 0.000000
1111 447 0 282 3200 3200 796275200 796275200 1471989355.100188 485835957.044646 5000.000000 459996.673469 485840957.044646
1112 448 -1 -1 0 0 0 0 0.000000 0.000000 0.000000 -nan 0.000000
1113 449 -1 -1 0 0 0 0 0.000000 0.000000 0.000000 -nan 0.000000
1161 450 -1 -1 0 0 0 0 0.000000 0.000000 0.000000 -nan 0.000000
1162 451 -1 -1 0 0 0 0 0.000000 0.000000 0.000000 -nan 0.000000
1163 452 -1 -1 0 0 0 0 0.000000 0.000000 0.000000 -nan 0.000000
1164 453 -1 -1 0 0 0 0 0.000000 0.000000 0.000000 -nan 0.000000
1165 454 -1 -1 0 0 0 0 0.000000 0.000000 0.000000 -nan 0.000000
1166 455 0 88 3200 3200 796275200 796275200 1542190752.581105 485826517.001501 5000.000000 481934.610182 485831517.001501
1167 456 -1 -1 0 0 0 0 0.000000 0.000000 0.000000 -nan 0.000000
1168 457 0 86 1800 1800 796264000 796264000 1589394436.801622 485840147.663671 5000.000000 882996.909334 485845147.663671
1169 458 -1 -1 0 0 0 0 0.000000 0.000000 0.000000 -nan 0.000000
1170 459 0 35 3400 3400 796276800 796276800 1358963305.055366 485831598.333983 5000.000000 399695.089722 485836598.333983
1171 460 -1 -1 0 0 0 0 0.000000 0.000000 0.000000 -nan 0.000000
1172 461 -1 -1 0 0 0 0 0.000000 0.000000 0.000000 -nan 0.000000
1173 462 0 126 3200 3200 796275200 796275200 1331874950.840604 485831154.791051 5000.000000 416210.922138 485836154.791051
1174 463 -1 -1 0 0 0 0 0.000000 0.000000 0.000000 -nan 0.000000
1175 464 -1 -1 0 0 0 0 0.000000 0.000000 0.000000 -nan 0.000000
1176 465 -1 -1 0 0 0 0 0.000000 0.000000 0.000000 -nan 0.000000
1177 466 -1 -1 0 0 0 0 0.000000 0.000000 0.000000 -nan 0.000000
1178 467 0 251 3200 3200 796275200 796275200 1264953411.251162 485833474.045124 5000.000000 395297.941016 485838474.045124
1179 468 -1 -1 0 0 0 0 0.000000 0.000000 0.000000 -nan 0.000000
1180 469 -1 -1 0 0 0 0 0.000000 0.000000 0.000000 -nan 0.000000
1181 470 0 125 3200 3200 796275200 796275200 1402335866.461159 485827756.384961 5000.000000 438229.958269 485832756.384961
1182 471 -1 -1 0 0 0 0 0.000000 0.000000 0.000000 -nan 0.000000
1183 472 0 48 1800 1800 796264000 796264000 1462051124.386150 485833920.415235 5000.000000 812250.624659 485838920.415235
1184 473 -1 -1 0 0 0 0 0.000000 0.000000 0.000000 -nan 0.000000
1185 474 -1 -1 0 0 0 0 0.000000 0.000000 0.000000 -nan 0.000000
1186 475 -1 -1 0 0 0 0 0.000000 0.000000 0.000000 -nan 0.000000
1187 476 0 279 3200 3200 796275200 796275200 1557252112.656225 485839766.543469 5000.000000 486641.285205 485844766.543469
1188 477 0 89 3200 3200 796275200 796275200 1249974759.924557 485828835.488874 5000.000000 390617.112476 485833835.488874
1189 478 -1 -1 0 0 0 0 0.000000 0.000000 0.000000 -nan 0.000000
1190 479 -1 -1 0 0 0 0 0.000000 0.000000 0.000000 -nan 0.000000
1238 480 0 136 3200 3200 796275200 796275200 1466373217.186191 485828007.144344 5000.000000 458241.630371 485833007.144344
1239 481 0 202 3200 3200 796275200 796275200 1546317997.376536 485831153.828258 5000.000000 483224.374180 485836153.828258
1240 482 -1 -1 0 0 0 0 0.000000 0.000000 0.000000 -nan 0.000000
1241 483 0 216 3200 3200 796275200 796275200 1453008069.238442 485829663.622762 5000.000000 454065.021637 485834663.622762
1242 484 -1 -1 0 0 0 0 0.000000 0.000000 0.000000 -nan 0.000000
1243 485 0 124 3200 3200 796275200 796275200 1407521598.807698 485827181.098017 5000.000000 439850.499627 485832181.098017
1244 486 -1 -1 0 0 0 0 0.000000 0.000000 0.000000 -nan 0.000000
1245 487 -1 -1 0 0 0 0 0.000000 0.000000 0.000000 -nan 0.000000
1246 488 -1 -1 0 0 0 0 0.000000 0.000000 0.000000 -nan 0.000000
1247 489 -1 -1 0 0 0 0 0.000000 0.000000 0.000000 -nan 0.000000
1248 490 -1 -1 0 0 0 0 0.000000 0.000000 0.000000 -nan 0.000000
1249 491 -1 -1 0 0 0 0 0.000000 0.000000 0.000000 -nan 0.000000
1250 492 0 173 3200 3200 796275200 796275200 1221037513.060529 485829664.865137 5000.000000 381574.222831 485834664.865137
1251 493 -1 -1 0 0 0 0 0.000000 0.000000 0.000000 -nan 0.000000
1252 494 -1 -1 0 0 0 0 0.000000 0.000000 0.000000 -nan 0.000000
1253 495 -1 -1 0 0 0 0 0.000000 0.000000 0.000000 -nan 0.000000
1254 496 -1 -1 0 0 0 0 0.000000 0.000000 0.000000 -nan 0.000000
1255 497 -1 -1 0 0 0 0 0.000000 0.000000 0.000000 -nan 0.000000
1256 498 -1 -1 0 0 0 0 0.000000 0.000000 0.000000 -nan 0.000000
1257 499 0 200 3200 3200 796275200 796275200 1435875448.283412 485828007.166752 5000.000000 448711.077589 485833007.166752
1258 500 -1 -1 0 0 0 0 0.000000 0.000000 0.000000 -nan 0.000000
1259 501 -1 -1 0 0 0 0 0.000000 0.000000 0.000000 -nan 0.000000
1260 502 -1 -1 0 0 0 0 0.000000 0.000000 0.000000 -nan 0.000000
1261 503 -1 -1 0 0 0 0 0.000000 0.000000 0.000000 -nan 0.000000
1262 504 -1 -1 0 0 0 0 0.000000 0.000000 0.000000 -nan 0.000000
1263 505 -1 -1 0 0 0 0 0.000000 0.000000 0.000000 -nan 0.000000
1264 506 -1 -1 0 0 0 0 0.000000 0.000000 0.000000 -nan 0.000000
1265 507 -1 -1 0 0 0 0 0.000000 0.000000 0.000000 -nan 0.000000
1266 508 -1 -1 0 0 0 0 0.000000 0.000000 0.000000 -nan 0.000000
1267 509 -1 -1 0 0 0 0 0.000000 0.000000 0.000000 -nan 0.000000
1315 510 0 14 1800 1800 796264000 796264000 1384015986.960384 485835409.557721 5000.000000 768897.770534 485840409.557721
1316 511 -1 -1 0 0 0 0 0.000000 0.000000 0.000000 -nan 0.000000
1317 512 -1 -1 0 0 0 0 0.000000 0.000000 0.000000 -nan 0.000000
1318 513 -1 -1 0 0 0 0 0.000000 0.000000 0.000000 -nan 0.000000
1319 514 0 40 1800 1800 796264000 796264000 1621798322.122190 485830044.442610 5000.000000 900999.067846 485835044.442610
1320 515 -1 -1 0 0 0 0 0.000000 0.000000 0.000000 -nan 0.000000
1321 516 0 145 3200 3200 796275200 796275200 1556820778.655519 485828838.028142 5000.000000 486506.493330 485833838.028142
1322 517 -1 -1 0 0 0 0 0.000000 0.000000 0.000000 -nan 0.000000
1323 518 -1 -1 0 0 0 0 0.000000 0.000000 0.000000 -nan 0.000000
1324 519 -1 -1 0 0 0 0 0.000000 0.000000 0.000000 -nan 0.000000
1325 520 0 8 1800 1800 796264000 796264000 1499898685.819542 485829945.399237 5000.000000 833277.047678 485834945.399237
1326 521 0 105 3200 3200 796275200 796275200 1910118085.733946 485826516.966705 5000.000000 596911.901792 485831516.966705
1327 522 -1 -1 0 0 0 0 0.000000 0.000000 0.000000 -nan 0.000000
1328 523 0 259 3200 3200 796275200 796275200 1449064073.246508 485832645.099487 5000.000000 452832.522890 485837645.099487
1329 524 -1 -1 0 0 0 0 0.000000 0.000000 0.000000 -nan 0.000000
1330 525 0 27 3400 3400 796276800 796276800 1256397857.357620 485832261.240141 5000.000000 369528.781576 485837261.240141
1331 526 0 87 3400 3400 796276800 796276800 1600893034.294860 485837000.240360 5000.000000 470850.892440 485842000.240360
1332 527 0 20 1800 1800 796264000 796264000 2053639273.093207 485837726.995478 5000.000000 1140910.707274 485842726.995478
1333 528 0 30 1800 1800 796264000 796264000 1813113757.504698 485838555.857411 5000.000000 1007285.420836 485843555.857411
1334 529 -1 -1 0 0 0 0 0.000000 0.000000 0.000000 -nan 0.000000
1335 530 0 79 3400 3400 796276800 796276800 1960535773.764096 485831537.164547 5000.000000 576628.168754 485836537.164547
1336 531 0 1 3400 3400 796276800 796276800 1810004275.877438 485831600.933392 5000.000000 532354.198787 485836600.933392
1337 532 -1 -1 0 0 0 0 0.000000 0.000000 0.000000 -nan 0.000000
1338 533 -1 -1 0 0 0 0 0.000000 0.000000 0.000000 -nan 0.000000
1339 534 0 85 3400 3400 796276800 796276800 1232393080.803663 485833917.432539 5000.000000 362468.553178 485838917.432539
1340 535 0 94 3200 3200 796275200 796275200 1647354187.412069 485825753.320148 5000.000000 514798.183566 485830753.320148
1341 536 -1 -1 0 0 0 0 0.000000 0.000000 0.000000 -nan 0.000000
1342 537 -1 -1 0 0 0 0 0.000000 0.000000 0.000000 -nan 0.000000
1343 538 0 204 3200 3200 796275200 796275200 1319029613.626082 485826352.834567 5000.000000 412196.754258 485831352.834567
1344 539 -1 -1 0 0 0 0 0.000000 0.000000 0.000000 -nan 0.000000
1392 540 0 163 3200 3200 796275200 796275200 1377493794.734830 485828008.317539 5000.000000 430466.810855 485833008.317539
1393 541 -1 -1 0 0 0 0 0.000000 0.000000 0.000000 -nan 0.000000
1394 542 -1 -1 0 0 0 0 0.000000 0.000000 0.000000 -nan 0.000000
1395 543 -1 -1 0 0 0 0 0.000000 0.000000 0.000000 -nan 0.000000
1396 544 0 83 3400 3400 796276800 796276800 2150643987.193170 485834746.718485 5000.000000 632542.349174 485839746.718485
1397 545 0 56 1800 1800 796264000 796264000 1869396794.995043 485831600.342590 5000.000000 1038553.774997 485836600.342590
1398 546 0 15 3400 3400 796276800 796276800 2184047169.819874 485833090.366478 5000.000000 642366.814653 485838090.366478
1399 547 -1 -1 0 0 0 0 0.000000 0.000000 0.000000 -nan 0.000000
1400 548 -1 -1 0 0 0 0 0.000000 0.000000 0.000000 -nan 0.000000
1401 549 0 271 3200 3200 796275200 796275200 1984209532.465687 485834965.211363 5000.000000 620065.478896 485839965.211363
1402 550 -1 -1 0 0 0 0 0.000000 0.000000 0.000000 -nan 0.000000
1403 551 -1 -1 0 0 0 0 0.000000 0.000000 0.000000 -nan 0.000000
1404 552 -1 -1 0 0 0 0 0.000000 0.000000 0.000000 -nan 0.000000
1405 553 0 50 1800 1800 796264000 796264000 2004882983.344925 485837065.532104 5000.000000 1113823.879636 485842065.532104
1406 554 -1 -1 0 0 0 0 0.000000 0.000000 0.000000 -nan 0.000000
1407 555 -1 -1 0 0 0 0 0.000000 0.000000 0.000000 -nan 0.000000
1408 556 0 290 3200 3200 796275200 796275200 1360355691.251640 485829663.193803 5000.000000 425111.153516 485834663.193803
1409 557 -1 -1 0 0 0 0 0.000000 0.000000 0.000000 -nan 0.000000
1410 558 -1 -1 0 0 0 0 0.000000 0.000000 0.000000 -nan 0.000000
1411 559 -1 -1 0 0 0 0 0.000000 0.000000 0.000000 -nan 0.000000
1412 560 0 130 3200 3200 796275200 796275200 1584590712.961524 485827093.213555 5000.000000 495184.597800 485832093.213555
1413 561 0 268 3200 3200 796275200 796275200 1512347410.248410 485830326.067344 5000.000000 472608.565703 485835326.067344
1414 562 0 90 3200 3200 796275200 796275200 1672504883.384055 485829665.167920 5000.000000 522657.776058 485834665.167920
1415 563 -1 -1 0 0 0 0 0.000000 0.000000 0.000000 -nan 0.000000
1416 564 0 257 3200 3200 796275200 796275200 2057804818.276563 485827758.008096 5000.000000 643064.005711 485832758.008096
1417 565 0 287 3200 3200 796275200 796275200 1471502261.175062 485832647.320097 5000.000000 459844.456617 485837647.320097
1418 566 0 226 3200 3200 796275200 796275200 1382584544.413046 485826516.381485 5000.000000 432057.670129 485831516.381485
1419 567 -1 -1 0 0 0 0 0.000000 0.000000 0.000000 -nan 0.000000
1420 568 0 285 3200 3200 796275200 796275200 1982166735.421196 485832811.626265 5000.000000 619427.104819 485837811.626265
1421 569 0 191 3200 3200 796275200 796275200 2261691980.096130 485830158.879326 5000.000000 706778.743780 485835158.879326
1469 570 -1 -1 0 0 0 0 0.000000 0.000000 0.000000 -nan 0.000000
1470 571 0 280 3200 3200 796275200 796275200 1711172467.472144 485831981.457267 5000.000000 534741.396085 485836981.457267
1471 572 -1 -1 0 0 0 0 0.000000 0.000000 0.000000 -nan 0.000000
1472 573 0 154 3200 3200 796275200 796275200 1597283032.268257 485832810.518895 5000.000000 499150.947584 485837810.518895
1473 574 -1 -1 0 0 0 0 0.000000 0.000000 0.000000 -nan 0.000000
1474 575 -1 -1 0 0 0 0 0.000000 0.000000 0.000000 -nan 0.000000
1475 576 0 17 3400 3400 796276800 796276800 1441845548.432448 485833917.305339 5000.000000 424072.220127 485838917.305339
1476 577 -1 -1 0 0 0 0 0.000000 0.000000 0.000000 -nan 0.000000
1477 578 -1 -1 0 0 0 0 0.000000 0.000000 0.000000 -nan 0.000000
1478 579 0 64 1800 1800 796264000 796264000 1308108749.265058 485831536.321266 5000.000000 726727.082925 485836536.321266
1479 580 -1 -1 0 0 0 0 0.000000 0.000000 0.000000 -nan 0.000000
1480 581 0 51 3400 3400 796276800 796276800 1356634801.669903 485833918.668218 5000.000000 399010.235785 485838918.668218
1481 582 -1 -1 0 0 0 0 0.000000 0.000000 0.000000 -nan 0.000000
1482 583 -1 -1 0 0 0 0 0.000000 0.000000 0.000000 -nan 0.000000
1483 584 -1 -1 0 0 0 0 0.000000 0.000000 0.000000 -nan 0.000000
1484 585 0 205 3200 3200 796275200 796275200 1281007290.916803 485832810.903868 5000.000000 400314.778412 485837810.903868
1485 586 -1 -1 0 0 0 0 0.000000 0.000000 0.000000 -nan 0.000000
1486 587 -1 -1 0 0 0 0 0.000000 0.000000 0.000000 -nan 0.000000
1487 588 -1 -1 0 0 0 0 0.000000 0.000000 0.000000 -nan 0.000000
1488 589 0 160 3200 3200 796275200 796275200 1319822981.599918 485823373.323534 5000.000000 412444.681750 485828373.323534
1489 590 -1 -1 0 0 0 0 0.000000 0.000000 0.000000 -nan 0.000000
1490 591 -1 -1 0 0 0 0 0.000000 0.000000 0.000000 -nan 0.000000
1491 592 -1 -1 0 0 0 0 0.000000 0.000000 0.000000 -nan 0.000000
1492 593 -1 -1 0 0 0 0 0.000000 0.000000 0.000000 -nan 0.000000
1493 594 -1 -1 0 0 0 0 0.000000 0.000000 0.000000 -nan 0.000000
1494 595 0 16 1800 1800 796264000 796264000 1497316127.217528 485835322.805645 5000.000000 831842.292899 485840322.805645
1495 596 0 162 3200 3200 796275200 796275200 1635386382.755596 485826516.892406 5000.000000 511058.244611 485831516.892406
1496 597 0 270 3200 3200 796275200 796275200 1681327624.363822 485832643.848298 5000.000000 525414.882614 485837643.848298
1497 598 -1 -1 0 0 0 0 0.000000 0.000000 0.000000 -nan 0.000000
1498 599 -1 -1 0 0 0 0 0.000000 0.000000 0.000000 -nan 0.000000
1546 600 0 5 3400 3400 796276800 796276800 2006672114.283961 485834746.286662 5000.000000 590197.680672 485839746.286662
1547 601 0 95 3200 3200 796275200 796275200 1556749539.315434 485827183.270132 5000.000000 486484.231036 485832183.270132
1548 602 -1 -1 0 0 0 0 0.000000 0.000000 0.000000 -nan 0.000000
1549 603 -1 -1 0 0 0 0 0.000000 0.000000 0.000000 -nan 0.000000
1550 604 -1 -1 0 0 0 0 0.000000 0.000000 0.000000 -nan 0.000000
1551 605 0 240 3200 3200 796275200 796275200 1380560713.089967 485826519.703814 5000.000000 431425.222841 485831519.703814
1552 606 0 113 3200 3200 796275200 796275200 1680328578.962467 485826519.516080 5000.000000 525102.680926 485831519.516080
1553 607 -1 -1 0 0 0 0 0.000000 0.000000 0.000000 -nan 0.000000
1554 608 -1 -1 0 0 0 0 0.000000 0.000000 0.000000 -nan 0.000000
1555 609 -1 -1 0 0 0 0 0.000000 0.000000 0.000000 -nan 0.000000
1556 610 0 111 3200 3200 796275200 796275200 1591390466.524659 485829499.992548 5000.000000 497309.520789 485834499.992548
1557 611 0 45 3400 3400 796276800 796276800 1763071649.276225 485828454.627796 5000.000000 518550.485081 485833454.627796
1558 612 -1 -1 0 0 0 0 0.000000 0.000000 0.000000 -nan 0.000000
1559 613 -1 -1 0 0 0 0 0.000000 0.000000 0.000000 -nan 0.000000
1560 614 -1 -1 0 0 0 0 0.000000 0.000000 0.000000 -nan 0.000000
1561 615 0 6 1800 1800 796264000 796264000 1914280039.854259 485835158.119492 5000.000000 1063488.911030 485840158.119492
1562 616 -1 -1 0 0 0 0 0.000000 0.000000 0.000000 -nan 0.000000
1563 617 -1 -1 0 0 0 0 0.000000 0.000000 0.000000 -nan 0.000000
1564 618 -1 -1 0 0 0 0 0.000000 0.000000 0.000000 -nan 0.000000
1565 619 -1 -1 0 0 0 0 0.000000 0.000000 0.000000 -nan 0.000000
1566 620 -1 -1 0 0 0 0 0.000000 0.000000 0.000000 -nan 0.000000
1567 621 -1 -1 0 0 0 0 0.000000 0.000000 0.000000 -nan 0.000000
1568 622 0 175 3200 3200 796275200 796275200 1491393006.110856 485828672.589749 5000.000000 466060.314410 485833672.589749
1569 623 0 149 3200 3200 796275200 796275200 1636814982.652643 485834299.871534 5000.000000 511504.682079 485839299.871534
1570 624 -1 -1 0 0 0 0 0.000000 0.000000 0.000000 -nan 0.000000
1571 625 0 26 1800 1800 796264000 796264000 1248313034.521387 485835408.370047 5000.000000 693507.241401 485840408.370047
1572 626 -1 -1 0 0 0 0 0.000000 0.000000 0.000000 -nan 0.000000
1573 627 -1 -1 0 0 0 0 0.000000 0.000000 0.000000 -nan 0.000000
1574 628 -1 -1 0 0 0 0 0.000000 0.000000 0.000000 -nan 0.000000
1575 629 0 192 3200 3200 796275200 796275200 1557044491.271077 485826516.621609 5000.000000 486576.403522 485831516.621609
1623 630 -1 -1 0 0 0 0 0.000000 0.000000 0.000000 -nan 0.000000
1624 631 -1 -1 0 0 0 0 0.000000 0.000000 0.000000 -nan 0.000000
1625 632 0 214 3200 3200 796275200 796275200 1723912314.460557 485832558.746296 5000.000000 538722.598269 485837558.746296
1626 633 0 71 3400 3400 796276800 796276800 1465331873.288590 485833027.895347 5000.000000 430979.962732 485838027.895347
1627 634 0 241 3200 3200 796275200 796275200 1558649230.880229 485829666.001140 5000.000000 487077.884650 485834666.001140
1628 635 0 54 1800 1800 796264000 796264000 1783110663.984195 485838555.916614 5000.000000 990617.035547 485843555.916614
1629 636 -1 -1 0 0 0 0 0.000000 0.000000 0.000000 -nan 0.000000
1630 637 -1 -1 0 0 0 0 0.000000 0.000000 0.000000 -nan 0.000000
1631 638 -1 -1 0 0 0 0 0.000000 0.000000 0.000000 -nan 0.000000
1632 639 0 159 3200 3200 796275200 796275200 1706719146.300812 485829500.928161 5000.000000 533349.733219 485834500.928161
1633 640 -1 -1 0 0 0 0 0.000000 0.000000 0.000000 -nan 0.000000
1634 641 -1 -1 0 0 0 0 0.000000 0.000000 0.000000 -nan 0.000000
1635 642 0 178 3200 3200 796275200 796275200 1660035859.468175 485826517.991289 5000.000000 518761.206084 485831517.991289
1636 643 0 104 3200 3200 796275200 796275200 1358767939.443473 485822608.932450 5000.000000 424614.981076 485827608.932450
1637 644 -1 -1 0 0 0 0 0.000000 0.000000 0.000000 -nan 0.000000
1638 645 0 91 3200 3200 796275200 796275200 1330367252.471926 485828737.745177 5000.000000 415739.766397 485833737.745177
1639 646 -1 -1 0 0 0 0 0.000000 0.000000 0.000000 -nan 0.000000
1640 647 -1 -1 0 0 0 0 0.000000 0.000000 0.000000 -nan 0.000000
1641 648 0 217 3200 3200 796275200 796275200 1459539974.625792 485831981.989485 5000.000000 456106.242071 485836981.989485
1642 649 -1 -1 0 0 0 0 0.000000 0.000000 0.000000 -nan 0.000000
1643 650 -1 -1 0 0 0 0 0.000000 0.000000 0.000000 -nan 0.000000
1644 651 -1 -1 0 0 0 0 0.000000 0.000000 0.000000 -nan 0.000000
1645 652 -1 -1 0 0 0 0 0.000000 0.000000 0.000000 -nan 0.000000
1646 653 -1 -1 0 0 0 0 0.000000 0.000000 0.000000 -nan 0.000000
1647 654 -1 -1 0 0 0 0 0.000000 0.000000 0.000000 -nan 0.000000
1648 655 -1 -1 0 0 0 0 0.000000 0.000000 0.000000 -nan 0.000000
1649 656 -1 -1 0 0 0 0 0.000000 0.000000 0.000000 -nan 0.000000
1650 657 -1 -1 0 0 0 0 0.000000 0.000000 0.000000 -nan 0.000000
1651 658 0 172 3200 3200 796275200 796275200 1265061734.029605 485825755.567074 5000.000000 395331.791884 485830755.567074
1652 659 -1 -1 0 0 0 0 0.000000 0.000000 0.000000 -nan 0.000000
1700 660 -1 -1 0 0 0 0 0.000000 0.000000 0.000000 -nan 0.000000
1701 661 -1 -1 0 0 0 0 0.000000 0.000000 0.000000 -nan 0.000000
1702 662 0 68 1800 1800 796264000 796264000 1214022627.584768 485833917.967884 5000.000000 674457.015325 485838917.967884
1703 663 -1 -1 0 0 0 0 0.000000 0.000000 0.000000 -nan 0.000000
1704 664 -1 -1 0 0 0 0 0.000000 0.000000 0.000000 -nan 0.000000
1705 665 0 143 3200 3200 796275200 796275200 1319707787.771753 485831819.187152 5000.000000 412408.683679 485836819.187152
1706 666 -1 -1 0 0 0 0 0.000000 0.000000 0.000000 -nan 0.000000
1707 667 0 151 3200 3200 796275200 796275200 1348801634.388504 485836620.156437 5000.000000 421500.510746 485841620.156437
1708 668 -1 -1 0 0 0 0 0.000000 0.000000 0.000000 -nan 0.000000
1709 669 0 199 3200 3200 796275200 796275200 1498676477.745599 485834132.457676 5000.000000 468336.399295 485839132.457676
1710 670 -1 -1 0 0 0 0 0.000000 0.000000 0.000000 -nan 0.000000
1711 671 0 227 3200 3200 796275200 796275200 1315794423.016251 485828836.283765 5000.000000 411185.757193 485833836.283765
1712 672 -1 -1 0 0 0 0 0.000000 0.000000 0.000000 -nan 0.000000
1713 673 -1 -1 0 0 0 0 0.000000 0.000000 0.000000 -nan 0.000000
1714 674 0 236 3200 3200 796275200 796275200 1204311492.468725 485828836.386813 5000.000000 376347.341396 485833836.386813
1715 675 -1 -1 0 0 0 0 0.000000 0.000000 0.000000 -nan 0.000000
1716 676 -1 -1 0 0 0 0 0.000000 0.000000 0.000000 -nan 0.000000
1717 677 -1 -1 0 0 0 0 0.000000 0.000000 0.000000 -nan 0.000000
1718 678 -1 -1 0 0 0 0 0.000000 0.000000 0.000000 -nan 0.000000
1719 679 -1 -1 0 0 0 0 0.000000 0.000000 0.000000 -nan 0.000000
1720 680 -1 -1 0 0 0 0 0.000000 0.000000 0.000000 -nan 0.000000
1721 681 -1 -1 0 0 0 0 0.000000 0.000000 0.000000 -nan 0.000000
1722 682 -1 -1 0 0 0 0 0.000000 0.000000 0.000000 -nan 0.000000
1723 683 -1 -1 0 0 0 0 0.000000 0.000000 0.000000 -nan 0.000000
1724 684 -1 -1 0 0 0 0 0.000000 0.000000 0.000000 -nan 0.000000
1725 685 -1 -1 0 0 0 0 0.000000 0.000000 0.000000 -nan 0.000000
1726 686 -1 -1 0 0 0 0 0.000000 0.000000 0.000000 -nan 0.000000
1727 687 0 206 3200 3200 796275200 796275200 1301504668.656283 485828669.278532 5000.000000 406720.208955 485833669.278532
1728 688 0 234 3200 3200 796275200 796275200 1329325282.396131 485829663.417919 5000.000000 415414.150749 485834663.417919
1729 689 -1 -1 0 0 0 0 0.000000 0.000000 0.000000 -nan 0.000000
1777 690 -1 -1 0 0 0 0 0.000000 0.000000 0.000000 -nan 0.000000
1778 691 -1 -1 0 0 0 0 0.000000 0.000000 0.000000 -nan 0.000000
1779 692 0 72 1800 1800 796264000 796264000 1236572998.008341 485829218.100404 5000.000000 686984.998894 485834218.100404
1780 693 0 225 3200 3200 796275200 796275200 1468895210.983301 485826520.044421 5000.000000 459029.753432 485831520.044421
1781 694 0 93 3200 3200 796275200 796275200 1607882441.998441 485826519.485246 5000.000000 502463.263125 485831519.485246
1782 695 0 39 3400 3400 796276800 796276800 1609097776.752797 485833918.294505 5000.000000 473264.051986 485838918.294505
1783 696 -1 -1 0 0 0 0 0.000000 0.000000 0.000000 -nan 0.000000
1784 697 -1 -1 0 0 0 0 0.000000 0.000000 0.000000 -nan 0.000000
1785 698 -1 -1 0 0 0 0 0.000000 0.000000 0.000000 -nan 0.000000
1786 699 -1 -1 0 0 0 0 0.000000 0.000000 0.000000 -nan 0.000000
1787 700 -1 -1 0 0 0 0 0.000000 0.000000 0.000000 -nan 0.000000
1788 701 -1 -1 0 0 0 0 0.000000 0.000000 0.000000 -nan 0.000000
1789 702 -1 -1 0 0 0 0 0.000000 0.000000 0.000000 -nan 0.000000
1790 703 -1 -1 0 0 0 0 0.000000 0.000000 0.000000 -nan 0.000000
1791 704 0 220 3200 3200 796275200 796275200 1421257101.199264 485824862.485629 5000.000000 444142.844125 485829862.485629
1792 705 -1 -1 0 0 0 0 0.000000 0.000000 0.000000 -nan 0.000000
1793 706 -1 -1 0 0 0 0 0.000000 0.000000 0.000000 -nan 0.000000
1794 707 -1 -1 0 0 0 0 0.000000 0.000000 0.000000 -nan 0.000000
1795 708 0 210 3200 3200 796275200 796275200 1410630604.549011 485828835.520134 5000.000000 440822.063922 485833835.520134
1796 709 -1 -1 0 0 0 0 0.000000 0.000000 0.000000 -nan 0.000000
1797 710 0 101 3200 3200 796275200 796275200 1406557590.767015 485829664.891099 5000.000000 439549.247115 485834664.891099
1798 711 -1 -1 0 0 0 0 0.000000 0.000000 0.000000 -nan 0.000000
1799 712 0 139 3200 3200 796275200 796275200 1861202102.377055 485833473.095654 5000.000000 581625.656993 485838473.095654
1800 713 -1 -1 0 0 0 0 0.000000 0.000000 0.000000 -nan 0.000000
1801 714 -1 -1 0 0 0 0 0.000000 0.000000 0.000000 -nan 0.000000
1802 715 -1 -1 0 0 0 0 0.000000 0.000000 0.000000 -nan 0.000000
1803 716 0 245 3200 3200 796275200 796275200 1600671770.404590 485835127.950191 5000.000000 500209.928251 485840127.950191
1804 717 -1 -1 0 0 0 0 0.000000 0.000000 0.000000 -nan 0.000000
1805 718 -1 -1 0 0 0 0 0.000000 0.000000 0.000000 -nan 0.000000
1806 719 -1 -1 0 0 0 0 0.000000 0.000000 0.000000 -nan 0.000000
1854 720 -1 -1 0 0 0 0 0.000000 0.000000 0.000000 -nan 0.000000
1855 721 -1 -1 0 0 0 0 0.000000 0.000000 0.000000 -nan 0.000000
1856 722 -1 -1 0 0 0 0 0.000000 0.000000 0.000000 -nan 0.000000
1857 723 -1 -1 0 0 0 0 0.000000 0.000000 0.000000 -nan 0.000000
1858 724 -1 -1 0 0 0 0 0.000000 0.000000 0.000000 -nan 0.000000
1859 725 0 53 3400 3400 796276800 796276800 1275380327.674520 485834746.762161 5000.000000 375111.861081 485839746.762161
1860 726 -1 -1 0 0 0 0 0.000000 0.000000 0.000000 -nan 0.000000
1861 727 0 157 3200 3200 796275200 796275200 1584422667.995275 485829665.267567 5000.000000 495132.083749 485834665.267567
1862 728 -1 -1 0 0 0 0 0.000000 0.000000 0.000000 -nan 0.000000
1863 729 0 19 3400 3400 796276800 796276800 1488266877.169003 485836236.482027 5000.000000 437725.552109 485841236.482027
1864 730 -1 -1 0 0 0 0 0.000000 0.000000 0.000000 -nan 0.000000
1865 731 0 107 3200 3200 796275200 796275200 1370420644.041289 485828009.046048 5000.000000 428256.451263 485833009.046048
1866 732 0 127 3200 3200 796275200 796275200 1585882722.251135 485830158.575493 5000.000000 495588.350703 485835158.575493
1867 733 0 33 3400 3400 796276800 796276800 1620645643.774353 485829282.911182 5000.000000 476660.483463 485834282.911182
1868 734 -1 -1 0 0 0 0 0.000000 0.000000 0.000000 -nan 0.000000
1869 735 -1 -1 0 0 0 0 0.000000 0.000000 0.000000 -nan 0.000000
1870 736 -1 -1 0 0 0 0 0.000000 0.000000 0.000000 -nan 0.000000
1871 737 -1 -1 0 0 0 0 0.000000 0.000000 0.000000 -nan 0.000000
1872 738 -1 -1 0 0 0 0 0.000000 0.000000 0.000000 -nan 0.000000
1873 739 -1 -1 0 0 0 0 0.000000 0.000000 0.000000 -nan 0.000000
1874 740 0 150 3200 3200 796275200 796275200 1388413889.537478 485832558.662151 5000.000000 433879.340480 485837558.662151
1875 741 -1 -1 0 0 0 0 0.000000 0.000000 0.000000 -nan 0.000000
1876 742 -1 -1 0 0 0 0 0.000000 0.000000 0.000000 -nan 0.000000
1877 743 -1 -1 0 0 0 0 0.000000 0.000000 0.000000 -nan 0.000000
1878 744 -1 -1 0 0 0 0 0.000000 0.000000 0.000000 -nan 0.000000
1879 745 0 106 3200 3200 796275200 796275200 1306556215.839841 485826517.237000 5000.000000 408298.817450 485831517.237000
1880 746 0 186 3200 3200 796275200 796275200 1277461521.367753 485829664.442743 5000.000000 399206.725427 485834664.442743
1881 747 -1 -1 0 0 0 0 0.000000 0.000000 0.000000 -nan 0.000000
1882 748 -1 -1 0 0 0 0 0.000000 0.000000 0.000000 -nan 0.000000
1883 749 0 37 3400 3400 796276800 796276800 1437627769.344921 485831535.110398 5000.000000 422831.696866 485836535.110398
1931 750 -1 -1 0 0 0 0 0.000000 0.000000 0.000000 -nan 0.000000
1932 751 -1 -1 0 0 0 0 0.000000 0.000000 0.000000 -nan 0.000000
1933 752 -1 -1 0 0 0 0 0.000000 0.000000 0.000000 -nan 0.000000
1934 753 -1 -1 0 0 0 0 0.000000 0.000000 0.000000 -nan 0.000000
1935 754 0 78 1800 1800 796264000 796264000 1536464860.590280 485834684.218085 5000.000000 853591.589217 485839684.218085
1936 755 -1 -1 0 0 0 0 0.000000 0.000000 0.000000 -nan 0.000000
1937 756 -1 -1 0 0 0 0 0.000000 0.000000 0.000000 -nan 0.000000
1938 757 0 296 3200 3200 796275200 796275200 1376616020.712708 485828835.789299 5000.000000 430192.506473 485833835.789299
1939 758 -1 -1 0 0 0 0 0.000000 0.000000 0.000000 -nan 0.000000
1940 759 -1 -1 0 0 0 0 0.000000 0.000000 0.000000 -nan 0.000000
1941 760 -1 -1 0 0 0 0 0.000000 0.000000 0.000000 -nan 0.000000
1942 761 -1 -1 0 0 0 0 0.000000 0.000000 0.000000 -nan 0.000000
1943 762 -1 -1 0 0 0 0 0.000000 0.000000 0.000000 -nan 0.000000
1944 763 0 213 3200 3200 796275200 796275200 1243796009.068979 485833472.216942 5000.000000 388686.252834 485838472.216942
1945 764 0 114 3200 3200 796275200 796275200 1287263051.040913 485826517.437097 5000.000000 402269.703450 485831517.437097
1946 765 -1 -1 0 0 0 0 0.000000 0.000000 0.000000 -nan 0.000000
1947 766 -1 -1 0 0 0 0 0.000000 0.000000 0.000000 -nan 0.000000
1948 767 -1 -1 0 0 0 0 0.000000 0.000000 0.000000 -nan 0.000000
1949 768 -1 -1 0 0 0 0 0.000000 0.000000 0.000000 -nan 0.000000
1950 769 -1 -1 0 0 0 0 0.000000 0.000000 0.000000 -nan 0.000000
1951 770 0 231 3200 3200 796275200 796275200 1262681751.194164 485833473.634574 5000.000000 394588.047248 485838473.634574
1952 771 -1 -1 0 0 0 0 0.000000 0.000000 0.000000 -nan 0.000000
1953 772 -1 -1 0 0 0 0 0.000000 0.000000 0.000000 -nan 0.000000
1954 773 0 249 3200 3200 796275200 796275200 1320417204.154222 485831982.091894 5000.000000 412630.376298 485836982.091894
1955 774 -1 -1 0 0 0 0 0.000000 0.000000 0.000000 -nan 0.000000
1956 775 -1 -1 0 0 0 0 0.000000 0.000000 0.000000 -nan 0.000000
1957 776 -1 -1 0 0 0 0 0.000000 0.000000 0.000000 -nan 0.000000
1958 777 0 211 3200 3200 796275200 796275200 1294260521.502833 485830328.435248 5000.000000 404456.412970 485835328.435248
1959 778 0 100 3200 3200 796275200 796275200 1461487308.270488 485825755.555745 5000.000000 456714.783835 485830755.555745
1960 779 -1 -1 0 0 0 0 0.000000 0.000000 0.000000 -nan 0.000000
2008 780 -1 -1 0 0 0 0 0.000000 0.000000 0.000000 -nan 0.000000
2009 781 -1 -1 0 0 0 0 0.000000 0.000000 0.000000 -nan 0.000000
2010 782 -1 -1 0 0 0 0 0.000000 0.000000 0.000000 -nan 0.000000
2011 783 -1 -1 0 0 0 0 0.000000 0.000000 0.000000 -nan 0.000000
2012 784 0 242 3200 3200 796275200 796275200 1174702521.127629 485829663.684702 5000.000000 367094.537852 485834663.684702
2013 785 -1 -1 0 0 0 0 0.000000 0.000000 0.000000 -nan 0.000000
2014 786 -1 -1 0 0 0 0 0.000000 0.000000 0.000000 -nan 0.000000
2015 787 -1 -1 0 0 0 0 0.000000 0.000000 0.000000 -nan 0.000000
2016 788 -1 -1 0 0 0 0 0.000000 0.000000 0.000000 -nan 0.000000
2017 789 -1 -1 0 0 0 0 0.000000 0.000000 0.000000 -nan 0.000000
2018 790 -1 -1 0 0 0 0 0.000000 0.000000 0.000000 -nan 0.000000
2019 791 0 228 3200 3200 796275200 796275200 1313791791.149211 485828009.659063 5000.000000 410559.934734 485833009.659063
2020 792 -1 -1 0 0 0 0 0.000000 0.000000 0.000000 -nan 0.000000
2021 793 -1 -1 0 0 0 0 0.000000 0.000000 0.000000 -nan 0.000000
2022 794 -1 -1 0 0 0 0 0.000000 0.000000 0.000000 -nan 0.000000
2023 795 -1 -1 0 0 0 0 0.000000 0.000000 0.000000 -nan 0.000000
2024 796 -1 -1 0 0 0 0 0.000000 0.000000 0.000000 -nan 0.000000
2025 797 -1 -1 0 0 0 0 0.000000 0.000000 0.000000 -nan 0.000000
2026 798 -1 -1 0 0 0 0 0.000000 0.000000 0.000000 -nan 0.000000
2027 799 -1 -1 0 0 0 0 0.000000 0.000000 0.000000 -nan 0.000000
2028 800 -1 -1 0 0 0 0 0.000000 0.000000 0.000000 -nan 0.000000
2029 801 0 238 3200 3200 796275200 796275200 1457048996.779551 485830326.934087 5000.000000 455327.811494 485835326.934087
2030 802 -1 -1 0 0 0 0 0.000000 0.000000 0.000000 -nan 0.000000
2031 803 0 29 3400 3400 796276800 796276800 1233033717.291083 485833917.832059 5000.000000 362656.975674 485838917.832059
2032 804 -1 -1 0 0 0 0 0.000000 0.000000 0.000000 -nan 0.000000
2033 805 -1 -1 0 0 0 0 0.000000 0.000000 0.000000 -nan 0.000000
2034 806 -1 -1 0 0 0 0 0.000000 0.000000 0.000000 -nan 0.000000
2035 807 -1 -1 0 0 0 0 0.000000 0.000000 0.000000 -nan 0.000000
2036 808 -1 -1 0 0 0 0 0.000000 0.000000 0.000000 -nan 0.000000
2037 809 -1 -1 0 0 0 0 0.000000 0.000000 0.000000 -nan 0.000000
2085 810 0 274 3200 3200 796275200 796275200 1884375958.542791 485830326.262106 5000.000000 588867.487045 485835326.262106
2086 811 0 32 1800 1800 796264000 796264000 1971778321.071404 485832429.810836 5000.000000 1095432.400595 485837429.810836
2087 812 -1 -1 0 0 0 0 0.000000 0.000000 0.000000 -nan 0.000000
2088 813 0 260 3200 3200 796275200 796275200 1828027933.786557 485830076.281505 5000.000000 571258.729308 485835076.281505
2089 814 -1 -1 0 0 0 0 0.000000 0.000000 0.000000 -nan 0.000000
2090 815 0 299 3200 3200 796275200 796275200 1561068725.839381 485833473.378942 5000.000000 487833.976825 485838473.378942
2091 816 0 232 3200 3200 796275200 796275200 1553880342.820264 485825689.508545 5000.000000 485587.607131 485830689.508545
2092 817 -1 -1 0 0 0 0 0.000000 0.000000 0.000000 -nan 0.000000
2093 818 0 132 3200 3200 796275200 796275200 1298266097.549809 485828671.290072 5000.000000 405708.155484 485833671.290072
2094 819 -1 -1 0 0 0 0 0.000000 0.000000 0.000000 -nan 0.000000
2095 820 -1 -1 0 0 0 0 0.000000 0.000000 0.000000 -nan 0.000000
2096 821 0 13 3400 3400 796276800 796276800 1739957218.933145 485832428.508803 5000.000000 511752.123216 485837428.508803
2097 822 -1 -1 0 0 0 0 0.000000 0.000000 0.000000 -nan 0.000000
2098 823 -1 -1 0 0 0 0 0.000000 0.000000 0.000000 -nan 0.000000
2099 824 0 224 3200 3200 796275200 796275200 1401240225.679428 485823373.427752 5000.000000 437887.570525 485828373.427752
2100 825 -1 -1 0 0 0 0 0.000000 0.000000 0.000000 -nan 0.000000
2101 826 -1 -1 0 0 0 0 0.000000 0.000000 0.000000 -nan 0.000000
2102 827 -1 -1 0 0 0 0 0.000000 0.000000 0.000000 -nan 0.000000
2103 828 -1 -1 0 0 0 0 0.000000 0.000000 0.000000 -nan 0.000000
2104 829 0 117 3200 3200 796275200 796275200 1560665769.354903 485831981.325088 5000.000000 487708.052923 485836981.325088
2105 830 0 137 3200 3200 796275200 796275200 1361093854.166786 485829499.419291 5000.000000 425341.829427 485834499.419291
2106 831 -1 -1 0 0 0 0 0.000000 0.000000 0.000000 -nan 0.000000
2107 832 0 99 3200 3200 796275200 796275200 1396425750.178367 485825690.192252 5000.000000 436383.046931 485830690.192252
2108 833 -1 -1 0 0 0 0 0.000000 0.000000 0.000000 -nan 0.000000
2109 834 0 76 1800 1800 796264000 796264000 1668770617.962335 485831601.845596 5000.000000 927094.787757 485836601.845596
2110 835 -1 -1 0 0 0 0 0.000000 0.000000 0.000000 -nan 0.000000
2111 836 -1 -1 0 0 0 0 0.000000 0.000000 0.000000 -nan 0.000000
2112 837 -1 -1 0 0 0 0 0.000000 0.000000 0.000000 -nan 0.000000
2113 838 0 38 1800 1800 796264000 796264000 1567128226.966522 485836237.641739 5000.000000 870626.792759 485841237.641739
2114 839 -1 -1 0 0 0 0 0.000000 0.000000 0.000000 -nan 0.000000
2162 840 -1 -1 0 0 0 0 0.000000 0.000000 0.000000 -nan 0.000000
2163 841 -1 -1 0 0 0 0 0.000000 0.000000 0.000000 -nan 0.000000
2164 842 -1 -1 0 0 0 0 0.000000 0.000000 0.000000 -nan 0.000000
2165 843 -1 -1 0 0 0 0 0.000000 0.000000 0.000000 -nan 0.000000
2166 844 -1 -1 0 0 0 0 0.000000 0.000000 0.000000 -nan 0.000000
2167 845 0 297 3200 3200 796275200 796275200 1483406519.470812 485832810.228994 5000.000000 463564.537335 485837810.228994
2168 846 -1 -1 0 0 0 0 0.000000 0.000000 0.000000 -nan 0.000000
2169 847 -1 -1 0 0 0 0 0.000000 0.000000 0.000000 -nan 0.000000
2170 848 -1 -1 0 0 0 0 0.000000 0.000000 0.000000 -nan 0.000000
2171 849 -1 -1 0 0 0 0 0.000000 0.000000 0.000000 -nan 0.000000
2172 850 -1 -1 0 0 0 0 0.000000 0.000000 0.000000 -nan 0.000000
2173 851 -1 -1 0 0 0 0 0.000000 0.000000 0.000000 -nan 0.000000
2174 852 -1 -1 0 0 0 0 0.000000 0.000000 0.000000 -nan 0.000000
2175 853 0 161 3200 3200 796275200 796275200 1247934735.286538 485826520.226376 5000.000000 389979.604777 485831520.226376
2176 854 -1 -1 0 0 0 0 0.000000 0.000000 0.000000 -nan 0.000000
2177 855 -1 -1 0 0 0 0 0.000000 0.000000 0.000000 -nan 0.000000
2178 856 0 66 1800 1800 796264000 796264000 1298219013.323250 485836338.261146 5000.000000 721232.785180 485841338.261146
2179 857 -1 -1 0 0 0 0 0.000000 0.000000 0.000000 -nan 0.000000
2180 858 -1 -1 0 0 0 0 0.000000 0.000000 0.000000 -nan 0.000000
2181 859 -1 -1 0 0 0 0 0.000000 0.000000 0.000000 -nan 0.000000
2182 860 -1 -1 0 0 0 0 0.000000 0.000000 0.000000 -nan 0.000000
2183 861 0 110 3200 3200 796275200 796275200 1412006997.773201 485828900.895648 5000.000000 441252.186804 485833900.895648
2184 862 -1 -1 0 0 0 0 0.000000 0.000000 0.000000 -nan 0.000000
2185 863 -1 -1 0 0 0 0 0.000000 0.000000 0.000000 -nan 0.000000
2186 864 -1 -1 0 0 0 0 0.000000 0.000000 0.000000 -nan 0.000000
2187 865 0 73 3400 3400 796276800 796276800 1249240881.895508 485826898.832967 5000.000000 367423.788793 485831898.832967
2188 866 -1 -1 0 0 0 0 0.000000 0.000000 0.000000 -nan 0.000000
2189 867 -1 -1 0 0 0 0 0.000000 0.000000 0.000000 -nan 0.000000
2190 868 0 189 3200 3200 796275200 796275200 1306589728.350620 485829498.297877 5000.000000 408309.290110 485834498.297877
2191 869 -1 -1 0 0 0 0 0.000000 0.000000 0.000000 -nan 0.000000
2239 870 0 164 3200 3200 796275200 796275200 1480712891.496320 485828009.457785 5000.000000 462722.778593 485833009.457785
2240 871 0 146 3200 3200 796275200 796275200 1766172697.616284 485828007.875281 5000.000000 551928.968005 485833007.875281
2241 872 -1 -1 0 0 0 0 0.000000 0.000000 0.000000 -nan 0.000000
2242 873 0 142 3200 3200 796275200 796275200 1508723690.839845 485829497.558359 5000.000000 471476.153387 485834497.558359
2243 874 0 55 3400 3400 796276800 796276800 1505672304.315382 485836236.437912 5000.000000 442844.795387 485841236.437912
2244 875 -1 -1 0 0 0 0 0.000000 0.000000 0.000000 -nan 0.000000
2245 876 -1 -1 0 0 0 0 0.000000 0.000000 0.000000 -nan 0.000000
2246 877 0 278 3200 3200 796275200 796275200 1392258820.314054 485835705.260742 5000.000000 435080.881348 485840705.260742
2247 878 0 52 1800 1800 796264000 796264000 1382181713.643150 485837065.318058 5000.000000 767878.729802 485842065.318058
2248 879 -1 -1 0 0 0 0 0.000000 0.000000 0.000000 -nan 0.000000
2249 880 0 82 1800 1800 796264000 796264000 1318396487.961747 485837893.647333 5000.000000 732442.493312 485842893.647333
2250 881 0 22 1800 1800 796264000 796264000 1554289426.868496 485839132.926054 5000.000000 863494.126038 485844132.926054
2251 882 -1 -1 0 0 0 0 0.000000 0.000000 0.000000 -nan 0.000000
2252 883 -1 -1 0 0 0 0 0.000000 0.000000 0.000000 -nan 0.000000
2253 884 -1 -1 0 0 0 0 0.000000 0.000000 0.000000 -nan 0.000000
2254 885 -1 -1 0 0 0 0 0.000000 0.000000 0.000000 -nan 0.000000
2255 886 -1 -1 0 0 0 0 0.000000 0.000000 0.000000 -nan 0.000000
2256 887 0 102 3200 3200 796275200 796275200 1432143942.005490 485828071.930135 5000.000000 447544.981877 485833071.930135
2257 888 -1 -1 0 0 0 0 0.000000 0.000000 0.000000 -nan 0.000000
2258 889 -1 -1 0 0 0 0 0.000000 0.000000 0.000000 -nan 0.000000
2259 890 0 195 3200 3200 796275200 796275200 1639126430.774059 485831154.898771 5000.000000 512227.009617 485836154.898771
2260 891 0 9 3400 3400 796276800 796276800 1555825431.130347 485828453.882275 5000.000000 457595.715038 485833453.882275
2261 892 -1 -1 0 0 0 0 0.000000 0.000000 0.000000 -nan 0.000000
2262 893 -1 -1 0 0 0 0 0.000000 0.000000 0.000000 -nan 0.000000
2263 894 -1 -1 0 0 0 0 0.000000 0.000000 0.000000 -nan 0.000000
2264 895 -1 -1 0 0 0 0 0.000000 0.000000 0.000000 -nan 0.000000
2265 896 -1 -1 0 0 0 0 0.000000 0.000000 0.000000 -nan 0.000000
2266 897 -1 -1 0 0 0 0 0.000000 0.000000 0.000000 -nan 0.000000
2267 898 0 46 1800 1800 796264000 796264000 1249262894.456047 485834682.212012 5000.000000 694034.941364 485839682.212012
2268 899 -1 -1 0 0 0 0 0.000000 0.000000 0.000000 -nan 0.000000
2316 900 -1 -1 0 0 0 0 0.000000 0.000000 0.000000 -nan 0.000000
2317 901 -1 -1 0 0 0 0 0.000000 0.000000 0.000000 -nan 0.000000
2318 902 -1 -1 0 0 0 0 0.000000 0.000000 0.000000 -nan 0.000000
2319 903 -1 -1 0 0 0 0 0.000000 0.000000 0.000000 -nan 0.000000
2320 904 -1 -1 0 0 0 0 0.000000 0.000000 0.000000 -nan 0.000000
2321 905 -1 -1 0 0 0 0 0.000000 0.000000 0.000000 -nan 0.000000
2322 906 -1 -1 0 0 0 0 0.000000 0.000000 0.000000 -nan 0.000000
2323 907 -1 -1 0 0 0 0 0.000000 0.000000 0.000000 -nan 0.000000
2324 908 -1 -1 0 0 0 0 0.000000 0.000000 0.000000 -nan 0.000000
2325 909 -1 -1 0 0 0 0 0.000000 0.000000 0.000000 -nan 0.000000
2326 910 -1 -1 0 0 0 0 0.000000 0.000000 0.000000 -nan 0.000000
2327 911 -1 -1 0 0 0 0 0.000000 0.000000 0.000000 -nan 0.000000
2328 912 -1 -1 0 0 0 0 0.000000 0.000000 0.000000 -nan 0.000000
2329 913 -1 -1 0 0 0 0 0.000000 0.000000 0.000000 -nan 0.000000
2330 914 -1 -1 0 0 0 0 0.000000 0.000000 0.000000 -nan 0.000000
2331 915 -1 -1 0 0 0 0 0.000000 0.000000 0.000000 -nan 0.000000
2332 916 -1 -1 0 0 0 0 0.000000 0.000000 0.000000 -nan 0.000000
2333 917 -1 -1 0 0 0 0 0.000000 0.000000 0.000000 -nan 0.000000
2334 918 -1 -1 0 0 0 0 0.000000 0.000000 0.000000 -nan 0.000000
2335 919 -1 -1 0 0 0 0 0.000000 0.000000 0.000000 -nan 0.000000
2336 920 -1 -1 0 0 0 0 0.000000 0.000000 0.000000 -nan 0.000000
2337 921 -1 -1 0 0 0 0 0.000000 0.000000 0.000000 -nan 0.000000
2338 922 -1 -1 0 0 0 0 0.000000 0.000000 0.000000 -nan 0.000000
2339 923 -1 -1 0 0 0 0 0.000000 0.000000 0.000000 -nan 0.000000
2340 924 -1 -1 0 0 0 0 0.000000 0.000000 0.000000 -nan 0.000000
2341 925 -1 -1 0 0 0 0 0.000000 0.000000 0.000000 -nan 0.000000
2342 926 -1 -1 0 0 0 0 0.000000 0.000000 0.000000 -nan 0.000000
2343 927 -1 -1 0 0 0 0 0.000000 0.000000 0.000000 -nan 0.000000
2344 928 -1 -1 0 0 0 0 0.000000 0.000000 0.000000 -nan 0.000000
2345 929 -1 -1 0 0 0 0 0.000000 0.000000 0.000000 -nan 0.000000
2393 930 -1 -1 0 0 0 0 0.000000 0.000000 0.000000 -nan 0.000000
2394 931 -1 -1 0 0 0 0 0.000000 0.000000 0.000000 -nan 0.000000
2395 932 -1 -1 0 0 0 0 0.000000 0.000000 0.000000 -nan 0.000000
2396 933 -1 -1 0 0 0 0 0.000000 0.000000 0.000000 -nan 0.000000
2397 934 -1 -1 0 0 0 0 0.000000 0.000000 0.000000 -nan 0.000000
2398 935 -1 -1 0 0 0 0 0.000000 0.000000 0.000000 -nan 0.000000
2399 936 -1 -1 0 0 0 0 0.000000 0.000000 0.000000 -nan 0.000000
2400 937 -1 -1 0 0 0 0 0.000000 0.000000 0.000000 -nan 0.000000
2401 938 -1 -1 0 0 0 0 0.000000 0.000000 0.000000 -nan 0.000000
2402 939 -1 -1 0 0 0 0 0.000000 0.000000 0.000000 -nan 0.000000
2403 940 -1 -1 0 0 0 0 0.000000 0.000000 0.000000 -nan 0.000000
2404 941 -1 -1 0 0 0 0 0.000000 0.000000 0.000000 -nan 0.000000
2405 942 -1 -1 0 0 0 0 0.000000 0.000000 0.000000 -nan 0.000000
2406 943 -1 -1 0 0 0 0 0.000000 0.000000 0.000000 -nan 0.000000
2407 944 -1 -1 0 0 0 0 0.000000 0.000000 0.000000 -nan 0.000000
2408 945 -1 -1 0 0 0 0 0.000000 0.000000 0.000000 -nan 0.000000
2409 946 -1 -1 0 0 0 0 0.000000 0.000000 0.000000 -nan 0.000000
2410 947 -1 -1 0 0 0 0 0.000000 0.000000 0.000000 -nan 0.000000
2411 948 -1 -1 0 0 0 0 0.000000 0.000000 0.000000 -nan 0.000000
2412 949 -1 -1 0 0 0 0 0.000000 0.000000 0.000000 -nan 0.000000
2413 950 -1 -1 0 0 0 0 0.000000 0.000000 0.000000 -nan 0.000000
2414 951 -1 -1 0 0 0 0 0.000000 0.000000 0.000000 -nan 0.000000
2415 952 -1 -1 0 0 0 0 0.000000 0.000000 0.000000 -nan 0.000000
2416 953 -1 -1 0 0 0 0 0.000000 0.000000 0.000000 -nan 0.000000
2417 954 -1 -1 0 0 0 0 0.000000 0.000000 0.000000 -nan 0.000000
2418 955 -1 -1 0 0 0 0 0.000000 0.000000 0.000000 -nan 0.000000
2419 956 -1 -1 0 0 0 0 0.000000 0.000000 0.000000 -nan 0.000000
2420 957 -1 -1 0 0 0 0 0.000000 0.000000 0.000000 -nan 0.000000
2421 958 -1 -1 0 0 0 0 0.000000 0.000000 0.000000 -nan 0.000000
2422 959 -1 -1 0 0 0 0 0.000000 0.000000 0.000000 -nan 0.000000
2470 960 -1 -1 0 0 0 0 0.000000 0.000000 0.000000 -nan 0.000000
2471 961 -1 -1 0 0 0 0 0.000000 0.000000 0.000000 -nan 0.000000
2472 962 -1 -1 0 0 0 0 0.000000 0.000000 0.000000 -nan 0.000000
2473 963 -1 -1 0 0 0 0 0.000000 0.000000 0.000000 -nan 0.000000
2474 964 -1 -1 0 0 0 0 0.000000 0.000000 0.000000 -nan 0.000000
2475 965 -1 -1 0 0 0 0 0.000000 0.000000 0.000000 -nan 0.000000
2476 966 -1 -1 0 0 0 0 0.000000 0.000000 0.000000 -nan 0.000000
2477 967 -1 -1 0 0 0 0 0.000000 0.000000 0.000000 -nan 0.000000
2478 968 -1 -1 0 0 0 0 0.000000 0.000000 0.000000 -nan 0.000000
2479 969 -1 -1 0 0 0 0 0.000000 0.000000 0.000000 -nan 0.000000
2480 970 -1 -1 0 0 0 0 0.000000 0.000000 0.000000 -nan 0.000000
2481 971 -1 -1 0 0 0 0 0.000000 0.000000 0.000000 -nan 0.000000
2482 972 -1 -1 0 0 0 0 0.000000 0.000000 0.000000 -nan 0.000000
2483 973 -1 -1 0 0 0 0 0.000000 0.000000 0.000000 -nan 0.000000
2484 974 -1 -1 0 0 0 0 0.000000 0.000000 0.000000 -nan 0.000000
2485 975 -1 -1 0 0 0 0 0.000000 0.000000 0.000000 -nan 0.000000
2486 976 -1 -1 0 0 0 0 0.000000 0.000000 0.000000 -nan 0.000000
2487 977 -1 -1 0 0 0 0 0.000000 0.000000 0.000000 -nan 0.000000
2488 978 -1 -1 0 0 0 0 0.000000 0.000000 0.000000 -nan 0.000000
2489 979 -1 -1 0 0 0 0 0.000000 0.000000 0.000000 -nan 0.000000
2490 980 -1 -1 0 0 0 0 0.000000 0.000000 0.000000 -nan 0.000000
2491 981 -1 -1 0 0 0 0 0.000000 0.000000 0.000000 -nan 0.000000
2492 982 -1 -1 0 0 0 0 0.000000 0.000000 0.000000 -nan 0.000000
2493 983 -1 -1 0 0 0 0 0.000000 0.000000 0.000000 -nan 0.000000
2494 984 -1 -1 0 0 0 0 0.000000 0.000000 0.000000 -nan 0.000000
2495 985 -1 -1 0 0 0 0 0.000000 0.000000 0.000000 -nan 0.000000
2496 986 -1 -1 0 0 0 0 0.000000 0.000000 0.000000 -nan 0.000000
2497 987 -1 -1 0 0 0 0 0.000000 0.000000 0.000000 -nan 0.000000
2498 988 -1 -1 0 0 0 0 0.000000 0.000000 0.000000 -nan 0.000000
2499 989 -1 -1 0 0 0 0 0.000000 0.000000 0.000000 -nan 0.000000