# Format <LP ID> <Terminal ID> <Job ID> <Local Rank> <Total sends> <Total Recvs> <Bytes sent> <Bytes recvd> <Send time> <Comm. time> <Compute time> <Avg msg time> <Max Msg Time>
6 0 -1 -1 0 0 0 0 0.000000 0.000000 0.000000 -nan 0.000000
7 1 -1 -1 0 0 0 0 0.000000 0.000000 0.000000 -nan 0.000000
8 2 -1 -1 0 0 0 0 0.000000 0.000000 0.000000 -nan 0.000000
9 3 -1 -1 0 0 0 0 0.000000 0.000000 0.000000 -nan 0.000000
10 4 -1 -1 0 0 0 0 0.000000 0.000000 0.000000 -nan 0.000000
11 5 -1 -1 0 0 0 0 0.000000 0.000000 0.000000 -nan 0.000000
12 6 -1 -1 0 0 0 0 0.000000 0.000000 0.000000 -nan 0.000000
13 7 -1 -1 0 0 0 0 0.000000 0.000000 0.000000 -nan 0.000000
14 8 -1 -1 0 0 0 0 0.000000 0.000000 0.000000 -nan 0.000000
15 9 -1 -1 0 0 0 0 0.000000 0.000000 0.000000 -nan 0.000000
16 10 -1 -1 0 0 0 0 0.000000 0.000000 0.000000 -nan 0.000000
17 11 -1 -1 0 0 0 0 0.000000 0.000000 0.000000 -nan 0.000000
18 12 -1 -1 0 0 0 0 0.000000 0.000000 0.000000 -nan 0.000000
19 13 -1 -1 0 0 0 0 0.000000 0.000000 0.000000 -nan 0.000000
20 14 -1 -1 0 0 0 0 0.000000 0.000000 0.000000 -nan 0.000000
21 15 -1 -1 0 0 0 0 0.000000 0.000000 0.000000 -nan 0.000000
22 16 -1 -1 0 0 0 0 0.000000 0.000000 0.000000 -nan 0.000000
23 17 -1 -1 0 0 0 0 0.000000 0.000000 0.000000 -nan 0.000000
24 18 -1 -1 0 0 0 0 0.000000 0.000000 0.000000 -nan 0.000000
25 19 -1 -1 0 0 0 0 0.000000 0.000000 0.000000 -nan 0.000000
26 20 -1 -1 0 0 0 0 0.000000 0.000000 0.000000 -nan 0.000000
27 21 -1 -1 0 0 0 0 0.000000 0.000000 0.000000 -nan 0.000000
28 22 -1 -1 0 0 0 0 0.000000 0.000000 0.000000 -nan 0.000000
29 23 -1 -1 0 0 0 0 0.000000 0.000000 0.000000 -nan 0.000000
30 24 -1 -1 0 0 0 0 0.000000 0.000000 0.000000 -nan 0.000000
31 25 -1 -1 0 0 0 0 0.000000 0.000000 0.000000 -nan 0.000000
32 26 -1 -1 0 0 0 0 0.000000 0.000000 0.000000 -nan 0.000000
33 27 -1 -1 0 0 0 0 0.000000 0.000000 0.000000 -nan 0.000000
34 28 -1 -1 0 0 0 0 0.000000 0.000000 0.000000 -nan 0.000000
35 29 -1 -1 0 0 0 0 0.000000 0.000000 0.000000 -nan 0.000000
83 30 -1 -1 0 0 0 0 0.000000 0.000000 0.000000 -nan 0.000000
84 31 -1 -1 0 0 0 0 0.000000 0.000000 0.000000 -nan 0.000000
85 32 -1 -1 0 0 0 0 0.000000 0.000000 0.000000 -nan 0.000000
86 33 -1 -1 0 0 0 0 0.000000 0.000000 0.000000 -nan 0.000000
87 34 -1 -1 0 0 0 0 0.000000 0.000000 0.000000 -nan 0.000000
88 35 -1 -1 0 0 0 0 0.000000 0.000000 0.000000 -nan 0.000000
89 36 -1 -1 0 0 0 0 0.000000 0.000000 0.000000 -nan 0.000000
90 37 -1 -1 0 0 0 0 0.000000 0.000000 0.000000 -nan 0.000000
91 38 -1 -1 0 0 0 0 0.000000 0.000000 0.000000 -nan 0.000000
92 39 -1 -1 0 0 0 0 0.000000 0.000000 0.000000 -nan 0.000000
93 40 -1 -1 0 0 0 0 0.000000 0.000000 0.000000 -nan 0.000000
94 41 -1 -1 0 0 0 0 0.000000 0.000000 0.000000 -nan 0.000000
95 42 -1 -1 0 0 0 0 0.000000 0.000000 0.000000 -nan 0.000000
96 43 -1 -1 0 0 0 0 0.000000 0.000000 0.000000 -nan 0.000000
97 44 -1 -1 0 0 0 0 0.000000 0.000000 0.000000 -nan 0.000000
98 45 -1 -1 0 0 0 0 0.000000 0.000000 0.000000 -nan 0.000000
99 46 -1 -1 0 0 0 0 0.000000 0.000000 0.000000 -nan 0.000000
100 47 -1 -1 0 0 0 0 0.000000 0.000000 0.000000 -nan 0.000000
101 48 -1 -1 0 0 0 0 0.000000 0.000000 0.000000 -nan 0.000000
102 49 -1 -1 0 0 0 0 0.000000 0.000000 0.000000 -nan 0.000000
103 50 -1 -1 0 0 0 0 0.000000 0.000000 0.000000 -nan 0.000000
104 51 -1 -1 0 0 0 0 0.000000 0.000000 0.000000 -nan 0.000000
105 52 -1 -1 0 0 0 0 0.000000 0.000000 0.000000 -nan 0.000000
106 53 -1 -1 0 0 0 0 0.000000 0.000000 0.000000 -nan 0.000000
107 54 -1 -1 0 0 0 0 0.000000 0.000000 0.000000 -nan 0.000000
108 55 -1 -1 0 0 0 0 0.000000 0.000000 0.000000 -nan 0.000000
109 56 -1 -1 0 0 0 0 0.000000 0.000000 0.000000 -nan 0.000000
110 57 -1 -1 0 0 0 0 0.000000 0.000000 0.000000 -nan 0.000000
111 58 -1 -1 0 0 0 0 0.000000 0.000000 0.000000 -nan 0.000000
112 59 -1 -1 0 0 0 0 0.000000 0.000000 0.000000 -nan 0.000000
160 60 -1 -1 0 0 0 0 0.000000 0.000000 0.000000 -nan 0.000000
161 61 -1 -1 0 0 0 0 0.000000 0.000000 0.000000 -nan 0.000000
162 62 -1 -1 0 0 0 0 0.000000 0.000000 0.000000 -nan 0.000000
163 63 -1 -1 0 0 0 0 0.000000 0.000000 0.000000 -nan 0.000000
164 64 -1 -1 0 0 0 0 0.000000 0.000000 0.000000 -nan 0.000000
165 65 -1 -1 0 0 0 0 0.000000 0.000000 0.000000 -nan 0.000000
166 66 -1 -1 0 0 0 0 0.000000 0.000000 0.000000 -nan 0.000000
167 67 -1 -1 0 0 0 0 0.000000 0.000000 0.000000 -nan 0.000000
168 68 -1 -1 0 0 0 0 0.000000 0.000000 0.000000 -nan 0.000000
169 69 -1 -1 0 0 0 0 0.000000 0.000000 0.000000 -nan 0.000000
170 70 -1 -1 0 0 0 0 0.000000 0.000000 0.000000 -nan 0.000000
171 71 -1 -1 0 0 0 0 0.000000 0.000000 0.000000 -nan 0.000000
172 72 -1 -1 0 0 0 0 0.000000 0.000000 0.000000 -nan 0.000000
173 73 -1 -1 0 0 0 0 0.000000 0.000000 0.000000 -nan 0.000000
174 74 -1 -1 0 0 0 0 0.000000 0.000000 0.000000 -nan 0.000000
175 75 -1 -1 0 0 0 0 0.000000 0.000000 0.000000 -nan 0.000000
176 76 -1 -1 0 0 0 0 0.000000 0.000000 0.000000 -nan 0.000000
177 77 -1 -1 0 0 0 0 0.000000 0.000000 0.000000 -nan 0.000000
178 78 -1 -1 0 0 0 0 0.000000 0.000000 0.000000 -nan 0.000000
179 79 -1 -1 0 0 0 0 0.000000 0.000000 0.000000 -nan 0.000000
180 80 -1 -1 0 0 0 0 0.000000 0.000000 0.000000 -nan 0.000000
181 81 -1 -1 0 0 0 0 0.000000 0.000000 0.000000 -nan 0.000000
182 82 -1 -1 0 0 0 0 0.000000 0.000000 0.000000 -nan 0.000000
183 83 -1 -1 0 0 0 0 0.000000 0.000000 0.000000 -nan 0.000000
184 84 -1 -1 0 0 0 0 0.000000 0.000000 0.000000 -nan 0.000000
185 85 -1 -1 0 0 0 0 0.000000 0.000000 0.000000 -nan 0.000000
186 86 -1 -1 0 0 0 0 0.000000 0.000000 0.000000 -nan 0.000000
187 87 -1 -1 0 0 0 0 0.000000 0.000000 0.000000 -nan 0.000000
188 88 -1 -1 0 0 0 0 0.000000 0.000000 0.000000 -nan 0.000000
189 89 -1 -1 0 0 0 0 0.000000 0.000000 0.000000 -nan 0.000000
237 90 -1 -1 0 0 0 0 0.000000 0.000000 0.000000 -nan 0.000000
238 91 -1 -1 0 0 0 0 0.000000 0.000000 0.000000 -nan 0.000000
239 92 -1 -1 0 0 0 0 0.000000 0.000000 0.000000 -nan 0.000000
240 93 -1 -1 0 0 0 0 0.000000 0.000000 0.000000 -nan 0.000000
241 94 -1 -1 0 0 0 0 0.000000 0.000000 0.000000 -nan 0.000000
242 95 -1 -1 0 0 0 0 0.000000 0.000000 0.000000 -nan 0.000000
243 96 -1 -1 0 0 0 0 0.000000 0.000000 0.000000 -nan 0.000000
244 97 -1 -1 0 0 0 0 0.000000 0.000000 0.000000 -nan 0.000000
245 98 -1 -1 0 0 0 0 0.000000 0.000000 0.000000 -nan 0.000000
246 99 -1 -1 0 0 0 0 0.000000 0.000000 0.000000 -nan 0.000000
247 100 -1 -1 0 0 0 0 0.000000 0.000000 0.000000 -nan 0.000000
248 101 -1 -1 0 0 0 0 0.000000 0.000000 0.000000 -nan 0.000000
249 102 -1 -1 0 0 0 0 0.000000 0.000000 0.000000 -nan 0.000000
250 103 -1 -1 0 0 0 0 0.000000 0.000000 0.000000 -nan 0.000000
251 104 -1 -1 0 0 0 0 0.000000 0.000000 0.000000 -nan 0.000000
252 105 -1 -1 0 0 0 0 0.000000 0.000000 0.000000 -nan 0.000000
253 106 -1 -1 0 0 0 0 0.000000 0.000000 0.000000 -nan 0.000000
254 107 -1 -1 0 0 0 0 0.000000 0.000000 0.000000 -nan 0.000000
255 108 -1 -1 0 0 0 0 0.000000 0.000000 0.000000 -nan 0.000000
256 109 -1 -1 0 0 0 0 0.000000 0.000000 0.000000 -nan 0.000000
257 110 -1 -1 0 0 0 0 0.000000 0.000000 0.000000 -nan 0.000000
258 111 -1 -1 0 0 0 0 0.000000 0.000000 0.000000 -nan 0.000000
259 112 -1 -1 0 0 0 0 0.000000 0.000000 0.000000 -nan 0.000000
260 113 -1 -1 0 0 0 0 0.000000 0.000000 0.000000 -nan 0.000000
261 114 -1 -1 0 0 0 0 0.000000 0.000000 0.000000 -nan 0.000000
262 115 -1 -1 0 0 0 0 0.000000 0.000000 0.000000 -nan 0.000000
263 116 -1 -1 0 0 0 0 0.000000 0.000000 0.000000 -nan 0.000000
264 117 -1 -1 0 0 0 0 0.000000 0.000000 0.000000 -nan 0.000000
265 118 -1 -1 0 0 0 0 0.000000 0.000000 0.000000 -nan 0.000000
266 119 -1 -1 0 0 0 0 0.000000 0.000000 0.000000 -nan 0.000000
314 120 -1 -1 0 0 0 0 0.000000 0.000000 0.000000 -nan 0.000000
315 121 -1 -1 0 0 0 0 0.000000 0.000000 0.000000 -nan 0.000000
316 122 -1 -1 0 0 0 0 0.000000 0.000000 0.000000 -nan 0.000000
317 123 -1 -1 0 0 0 0 0.000000 0.000000 0.000000 -nan 0.000000
318 124 -1 -1 0 0 0 0 0.000000 0.000000 0.000000 -nan 0.000000
319 125 -1 -1 0 0 0 0 0.000000 0.000000 0.000000 -nan 0.000000
320 126 -1 -1 0 0 0 0 0.000000 0.000000 0.000000 -nan 0.000000
321 127 -1 -1 0 0 0 0 0.000000 0.000000 0.000000 -nan 0.000000
322 128 -1 -1 0 0 0 0 0.000000 0.000000 0.000000 -nan 0.000000
323 129 -1 -1 0 0 0 0 0.000000 0.000000 0.000000 -nan 0.000000
324 130 -1 -1 0 0 0 0 0.000000 0.000000 0.000000 -nan 0.000000
325 131 -1 -1 0 0 0 0 0.000000 0.000000 0.000000 -nan 0.000000
326 132 -1 -1 0 0 0 0 0.000000 0.000000 0.000000 -nan 0.000000
327 133 -1 -1 0 0 0 0 0.000000 0.000000 0.000000 -nan 0.000000
328 134 -1 -1 0 0 0 0 0.000000 0.000000 0.000000 -nan 0.000000
329 135 -1 -1 0 0 0 0 0.000000 0.000000 0.000000 -nan 0.000000
330 136 -1 -1 0 0 0 0 0.000000 0.000000 0.000000 -nan 0.000000
331 137 -1 -1 0 0 0 0 0.000000 0.000000 0.000000 -nan 0.000000
332 138 -1 -1 0 0 0 0 0.000000 0.000000 0.000000 -nan 0.000000
333 139 -1 -1 0 0 0 0 0.000000 0.000000 0.000000 -nan 0.000000
334 140 -1 -1 0 0 0 0 0.000000 0.000000 0.000000 -nan 0.000000
335 141 -1 -1 0 0 0 0 0.000000 0.000000 0.000000 -nan 0.000000
336 142 -1 -1 0 0 0 0 0.000000 0.000000 0.000000 -nan 0.000000
337 143 -1 -1 0 0 0 0 0.000000 0.000000 0.000000 -nan 0.000000
338 144 -1 -1 0 0 0 0 0.000000 0.000000 0.000000 -nan 0.000000
339 145 -1 -1 0 0 0 0 0.000000 0.000000 0.000000 -nan 0.000000
340 146 -1 -1 0 0 0 0 0.000000 0.000000 0.000000 -nan 0.000000
341 147 -1 -1 0 0 0 0 0.000000 0.000000 0.000000 -nan 0.000000
342 148 -1 -1 0 0 0 0 0.000000 0.000000 0.000000 -nan 0.000000
343 149 -1 -1 0 0 0 0 0.000000 0.000000 0.000000 -nan 0.000000
391 150 -1 -1 0 0 0 0 0.000000 0.000000 0.000000 -nan 0.000000
392 151 -1 -1 0 0 0 0 0.000000 0.000000 0.000000 -nan 0.000000
393 152 -1 -1 0 0 0 0 0.000000 0.000000 0.000000 -nan 0.000000
394 153 -1 -1 0 0 0 0 0.000000 0.000000 0.000000 -nan 0.000000
395 154 -1 -1 0 0 0 0 0.000000 0.000000 0.000000 -nan 0.000000
396 155 -1 -1 0 0 0 0 0.000000 0.000000 0.000000 -nan 0.000000
397 156 -1 -1 0 0 0 0 0.000000 0.000000 0.000000 -nan 0.000000
398 157 -1 -1 0 0 0 0 0.000000 0.000000 0.000000 -nan 0.000000
399 158 -1 -1 0 0 0 0 0.000000 0.000000 0.000000 -nan 0.000000
400 159 -1 -1 0 0 0 0 0.000000 0.000000 0.000000 -nan 0.000000
401 160 -1 -1 0 0 0 0 0.000000 0.000000 0.000000 -nan 0.000000
402 161 -1 -1 0 0 0 0 0.000000 0.000000 0.000000 -nan 0.000000
403 162 -1 -1 0 0 0 0 0.000000 0.000000 0.000000 -nan 0.000000
404 163 -1 -1 0 0 0 0 0.000000 0.000000 0.000000 -nan 0.000000
405 164 -1 -1 0 0 0 0 0.000000 0.000000 0.000000 -nan 0.000000
406 165 -1 -1 0 0 0 0 0.000000 0.000000 0.000000 -nan 0.000000
407 166 -1 -1 0 0 0 0 0.000000 0.000000 0.000000 -nan 0.000000
408 167 -1 -1 0 0 0 0 0.000000 0.000000 0.000000 -nan 0.000000
409 168 -1 -1 0 0 0 0 0.000000 0.000000 0.000000 -nan 0.000000
410 169 -1 -1 0 0 0 0 0.000000 0.000000 0.000000 -nan 0.000000
411 170 -1 -1 0 0 0 0 0.000000 0.000000 0.000000 -nan 0.000000
412 171 -1 -1 0 0 0 0 0.000000 0.000000 0.000000 -nan 0.000000
413 172 -1 -1 0 0 0 0 0.000000 0.000000 0.000000 -nan 0.000000
414 173 -1 -1 0 0 0 0 0.000000 0.000000 0.000000 -nan 0.000000
415 174 -1 -1 0 0 0 0 0.000000 0.000000 0.000000 -nan 0.000000
416 175 -1 -1 0 0 0 0 0.000000 0.000000 0.000000 -nan 0.000000
417 176 -1 -1 0 0 0 0 0.000000 0.000000 0.000000 -nan 0.000000
418 177 -1 -1 0 0 0 0 0.000000 0.000000 0.000000 -nan 0.000000
419 178 -1 -1 0 0 0 0 0.000000 0.000000 0.000000 -nan 0.000000
420 179 -1 -1 0 0 0 0 0.000000 0.000000 0.000000 -nan 0.000000
468 180 -1 -1 0 0 0 0 0.000000 0.000000 0.000000 -nan 0.000000
469 181 -1 -1 0 0 0 0 0.000000 0.000000 0.000000 -nan 0.000000
470 182 -1 -1 0 0 0 0 0.000000 0.000000 0.000000 -nan 0.000000
471 183 -1 -1 0 0 0 0 0.000000 0.000000 0.000000 -nan 0.000000
472 184 -1 -1 0 0 0 0 0.000000 0.000000 0.000000 -nan 0.000000
473 185 -1 -1 0 0 0 0 0.000000 0.000000 0.000000 -nan 0.000000
474 186 -1 -1 0 0 0 0 0.000000 0.000000 0.000000 -nan 0.000000
475 187 -1 -1 0 0 0 0 0.000000 0.000000 0.000000 -nan 0.000000
476 188 -1 -1 0 0 0 0 0.000000 0.000000 0.000000 -nan 0.000000
477 189 -1 -1 0 0 0 0 0.000000 0.000000 0.000000 -nan 0.000000
478 190 -1 -1 0 0 0 0 0.000000 0.000000 0.000000 -nan 0.000000
479 191 -1 -1 0 0 0 0 0.000000 0.000000 0.000000 -nan 0.000000
480 192 -1 -1 0 0 0 0 0.000000 0.000000 0.000000 -nan 0.000000
481 193 -1 -1 0 0 0 0 0.000000 0.000000 0.000000 -nan 0.000000
482 194 -1 -1 0 0 0 0 0.000000 0.000000 0.000000 -nan 0.000000
483 195 -1 -1 0 0 0 0 0.000000 0.000000 0.000000 -nan 0.000000
484 196 -1 -1 0 0 0 0 0.000000 0.000000 0.000000 -nan 0.000000
485 197 -1 -1 0 0 0 0 0.000000 0.000000 0.000000 -nan 0.000000
486 198 -1 -1 0 0 0 0 0.000000 0.000000 0.000000 -nan 0.000000
487 199 -1 -1 0 0 0 0 0.000000 0.000000 0.000000 -nan 0.000000
488 200 -1 -1 0 0 0 0 0.000000 0.000000 0.000000 -nan 0.000000
489 201 -1 -1 0 0 0 0 0.000000 0.000000 0.000000 -nan 0.000000
490 202 -1 -1 0 0 0 0 0.000000 0.000000 0.000000 -nan 0.000000
491 203 -1 -1 0 0 0 0 0.000000 0.000000 0.000000 -nan 0.000000
492 204 -1 -1 0 0 0 0 0.000000 0.000000 0.000000 -nan 0.000000
493 205 -1 -1 0 0 0 0 0.000000 0.000000 0.000000 -nan 0.000000
494 206 -1 -1 0 0 0 0 0.000000 0.000000 0.000000 -nan 0.000000
495 207 -1 -1 0 0 0 0 0.000000 0.000000 0.000000 -nan 0.000000
496 208 -1 -1 0 0 0 0 0.000000 0.000000 0.000000 -nan 0.000000
497 209 -1 -1 0 0 0 0 0.000000 0.000000 0.000000 -nan 0.000000
545 210 -1 -1 0 0 0 0 0.000000 0.000000 0.000000 -nan 0.000000
546 211 -1 -1 0 0 0 0 0.000000 0.000000 0.000000 -nan 0.000000
547 212 -1 -1 0 0 0 0 0.000000 0.000000 0.000000 -nan 0.000000
548 213 -1 -1 0 0 0 0 0.000000 0.000000 0.000000 -nan 0.000000
549 214 -1 -1 0 0 0 0 0.000000 0.000000 0.000000 -nan 0.000000
550 215 -1 -1 0 0 0 0 0.000000 0.000000 0.000000 -nan 0.000000
551 216 -1 -1 0 0 0 0 0.000000 0.000000 0.000000 -nan 0.000000
552 217 -1 -1 0 0 0 0 0.000000 0.000000 0.000000 -nan 0.000000
553 218 -1 -1 0 0 0 0 0.000000 0.000000 0.000000 -nan 0.000000
554 219 -1 -1 0 0 0 0 0.000000 0.000000 0.000000 -nan 0.000000
555 220 -1 -1 0 0 0 0 0.000000 0.000000 0.000000 -nan 0.000000
556 221 -1 -1 0 0 0 0 0.000000 0.000000 0.000000 -nan 0.000000
557 222 -1 -1 0 0 0 0 0.000000 0.000000 0.000000 -nan 0.000000
558 223 -1 -1 0 0 0 0 0.000000 0.000000 0.000000 -nan 0.000000
559 224 -1 -1 0 0 0 0 0.000000 0.000000 0.000000 -nan 0.000000
560 225 -1 -1 0 0 0 0 0.000000 0.000000 0.000000 -nan 0.000000
561 226 -1 -1 0 0 0 0 0.000000 0.000000 0.000000 -nan 0.000000
562 227 -1 -1 0 0 0 0 0.000000 0.000000 0.000000 -nan 0.000000
563 228 -1 -1 0 0 0 0 0.000000 0.000000 0.000000 -nan 0.000000
564 229 -1 -1 0 0 0 0 0.000000 0.000000 0.000000 -nan 0.000000
565 230 -1 -1 0 0 0 0 0.000000 0.000000 0.000000 -nan 0.000000
566 231 -1 -1 0 0 0 0 0.000000 0.000000 0.000000 -nan 0.000000
567 232 -1 -1 0 0 0 0 0.000000 0.000000 0.000000 -nan 0.000000
568 233 -1 -1 0 0 0 0 0.000000 0.000000 0.000000 -nan 0.000000
569 234 -1 -1 0 0 0 0 0.000000 0.000000 0.000000 -nan 0.000000
570 235 -1 -1 0 0 0 0 0.000000 0.000000 0.000000 -nan 0.000000
571 236 -1 -1 0 0 0 0 0.000000 0.000000 0.000000 -nan 0.000000
572 237 -1 -1 0 0 0 0 0.000000 0.000000 0.000000 -nan 0.000000
573 238 -1 -1 0 0 0 0 0.000000 0.000000 0.000000 -nan 0.000000
574 239 -1 -1 0 0 0 0 0.000000 0.000000 0.000000 -nan 0.000000
622 240 -1 -1 0 0 0 0 0.000000 0.000000 0.000000 -nan 0.000000
623 241 -1 -1 0 0 0 0 0.000000 0.000000 0.000000 -nan 0.000000
624 242 -1 -1 0 0 0 0 0.000000 0.000000 0.000000 -nan 0.000000
625 243 -1 -1 0 0 0 0 0.000000 0.000000 0.000000 -nan 0.000000
626 244 -1 -1 0 0 0 0 0.000000 0.000000 0.000000 -nan 0.000000
627 245 -1 -1 0 0 0 0 0.000000 0.000000 0.000000 -nan 0.000000
628 246 -1 -1 0 0 0 0 0.000000 0.000000 0.000000 -nan 0.000000
629 247 -1 -1 0 0 0 0 0.000000 0.000000 0.000000 -nan 0.000000
630 248 -1 -1 0 0 0 0 0.000000 0.000000 0.000000 -nan 0.000000
631 249 -1 -1 0 0 0 0 0.000000 0.000000 0.000000 -nan 0.000000
632 250 -1 -1 0 0 0 0 0.000000 0.000000 0.000000 -nan 0.000000
633 251 -1 -1 0 0 0 0 0.000000 0.000000 0.000000 -nan 0.000000
634 252 -1 -1 0 0 0 0 0.000000 0.000000 0.000000 -nan 0.000000
635 253 -1 -1 0 0 0 0 0.000000 0.000000 0.000000 -nan 0.000000
636 254 -1 -1 0 0 0 0 0.000000 0.000000 0.000000 -nan 0.000000
637 255 -1 -1 0 0 0 0 0.000000 0.000000 0.000000 -nan 0.000000
638 256 -1 -1 0 0 0 0 0.000000 0.000000 0.000000 -nan 0.000000
639 257 -1 -1 0 0 0 0 0.000000 0.000000 0.000000 -nan 0.000000
640 258 -1 -1 0 0 0 0 0.000000 0.000000 0.000000 -nan 0.000000
641 259 -1 -1 0 0 0 0 0.000000 0.000000 0.000000 -nan 0.000000
642 260 -1 -1 0 0 0 0 0.000000 0.000000 0.000000 -nan 0.000000
643 261 -1 -1 0 0 0 0 0.000000 0.000000 0.000000 -nan 0.000000
644 262 -1 -1 0 0 0 0 0.000000 0.000000 0.000000 -nan 0.000000
645 263 -1 -1 0 0 0 0 0.000000 0.000000 0.000000 -nan 0.000000
646 264 -1 -1 0 0 0 0 0.000000 0.000000 0.000000 -nan 0.000000
647 265 -1 -1 0 0 0 0 0.000000 0.000000 0.000000 -nan 0.000000
648 266 -1 -1 0 0 0 0 0.000000 0.000000 0.000000 -nan 0.000000
649 267 -1 -1 0 0 0 0 0.000000 0.000000 0.000000 -nan 0.000000
650 268 -1 -1 0 0 0 0 0.000000 0.000000 0.000000 -nan 0.000000
651 269 -1 -1 0 0 0 0 0.000000 0.000000 0.000000 -nan 0.000000
699 270 -1 -1 0 0 0 0 0.000000 0.000000 0.000000 -nan 0.000000
700 271 -1 -1 0 0 0 0 0.000000 0.000000 0.000000 -nan 0.000000
701 272 -1 -1 0 0 0 0 0.000000 0.000000 0.000000 -nan 0.000000
702 273 -1 -1 0 0 0 0 0.000000 0.000000 0.000000 -nan 0.000000
703 274 -1 -1 0 0 0 0 0.000000 0.000000 0.000000 -nan 0.000000
704 275 -1 -1 0 0 0 0 0.000000 0.000000 0.000000 -nan 0.000000
705 276 -1 -1 0 0 0 0 0.000000 0.000000 0.000000 -nan 0.000000
706 277 -1 -1 0 0 0 0 0.000000 0.000000 0.000000 -nan 0.000000
707 278 -1 -1 0 0 0 0 0.000000 0.000000 0.000000 -nan 0.000000
708 279 -1 -1 0 0 0 0 0.000000 0.000000 0.000000 -nan 0.000000
709 280 -1 -1 0 0 0 0 0.000000 0.000000 0.000000 -nan 0.000000
710 281 -1 -1 0 0 0 0 0.000000 0.000000 0.000000 -nan 0.000000
711 282 -1 -1 0 0 0 0 0.000000 0.000000 0.000000 -nan 0.000000
712 283 -1 -1 0 0 0 0 0.000000 0.000000 0.000000 -nan 0.000000
713 284 -1 -1 0 0 0 0 0.000000 0.000000 0.000000 -nan 0.000000
714 285 -1 -1 0 0 0 0 0.000000 0.000000 0.000000 -nan 0.000000
715 286 -1 -1 0 0 0 0 0.000000 0.000000 0.000000 -nan 0.000000
716 287 -1 -1 0 0 0 0 0.000000 0.000000 0.000000 -nan 0.000000
717 288 -1 -1 0 0 0 0 0.000000 0.000000 0.000000 -nan 0.000000
718 289 -1 -1 0 0 0 0 0.000000 0.000000 0.000000 -nan 0.000000
719 290 -1 -1 0 0 0 0 0.000000 0.000000 0.000000 -nan 0.000000
720 291 -1 -1 0 0 0 0 0.000000 0.000000 0.000000 -nan 0.000000
721 292 -1 -1 0 0 0 0 0.000000 0.000000 0.000000 -nan 0.000000
722 293 -1 -1 0 0 0 0 0.000000 0.000000 0.000000 -nan 0.000000
723 294 -1 -1 0 0 0 0 0.000000 0.000000 0.000000 -nan 0.000000
724 295 -1 -1 0 0 0 0 0.000000 0.000000 0.000000 -nan 0.000000
725 296 -1 -1 0 0 0 0 0.000000 0.000000 0.000000 -nan 0.000000
726 297 -1 -1 0 0 0 0 0.000000 0.000000 0.000000 -nan 0.000000
727 298 -1 -1 0 0 0 0 0.000000 0.000000 0.000000 -nan 0.000000
728 299 -1 -1 0 0 0 0 0.000000 0.000000 0.000000 -nan 0.000000
776 300 -1 -1 0 0 0 0 0.000000 0.000000 0.000000 -nan 0.000000
777 301 -1 -1 0 0 0 0 0.000000 0.000000 0.000000 -nan 0.000000
778 302 -1 -1 0 0 0 0 0.000000 0.000000 0.000000 -nan 0.000000
779 303 -1 -1 0 0 0 0 0.000000 0.000000 0.000000 -nan 0.000000
780 304 -1 -1 0 0 0 0 0.000000 0.000000 0.000000 -nan 0.000000
781 305 -1 -1 0 0 0 0 0.000000 0.000000 0.000000 -nan 0.000000
782 306 -1 -1 0 0 0 0 0.000000 0.000000 0.000000 -nan 0.000000
783 307 -1 -1 0 0 0 0 0.000000 0.000000 0.000000 -nan 0.000000
784 308 -1 -1 0 0 0 0 0.000000 0.000000 0.000000 -nan 0.000000
785 309 -1 -1 0 0 0 0 0.000000 0.000000 0.000000 -nan 0.000000
786 310 -1 -1 0 0 0 0 0.000000 0.000000 0.000000 -nan 0.000000
787 311 -1 -1 0 0 0 0 0.000000 0.000000 0.000000 -nan 0.000000
788 312 -1 -1 0 0 0 0 0.000000 0.000000 0.000000 -nan 0.000000
789 313 -1 -1 0 0 0 0 0.000000 0.000000 0.000000 -nan 0.000000
790 314 -1 -1 0 0 0 0 0.000000 0.000000 0.000000 -nan 0.000000
791 315 -1 -1 0 0 0 0 0.000000 0.000000 0.000000 -nan 0.000000
792 316 -1 -1 0 0 0 0 0.000000 0.000000 0.000000 -nan 0.000000
793 317 -1 -1 0 0 0 0 0.000000 0.000000 0.000000 -nan 0.000000
794 318 -1 -1 0 0 0 0 0.000000 0.000000 0.000000 -nan 0.000000
795 319 -1 -1 0 0 0 0 0.000000 0.000000 0.000000 -nan 0.000000
796 320 -1 -1 0 0 0 0 0.000000 0.000000 0.000000 -nan 0.000000
797 321 -1 -1 0 0 0 0 0.000000 0.000000 0.000000 -nan 0.000000
798 322 -1 -1 0 0 0 0 0.000000 0.000000 0.000000 -nan 0.000000
799 323 -1 -1 0 0 0 0 0.000000 0.000000 0.000000 -nan 0.000000
800 324 -1 -1 0 0 0 0 0.000000 0.000000 0.000000 -nan 0.000000
801 325 -1 -1 0 0 0 0 0.000000 0.000000 0.000000 -nan 0.000000
802 326 -1 -1 0 0 0 0 0.000000 0.000000 0.000000 -nan 0.000000
803 327 -1 -1 0 0 0 0 0.000000 0.000000 0.000000 -nan 0.000000
804 328 -1 -1 0 0 0 0 0.000000 0.000000 0.000000 -nan 0.000000
805 329 -1 -1 0 0 0 0 0.000000 0.000000 0.000000 -nan 0.000000
853 330 -1 -1 0 0 0 0 0.000000 0.000000 0.000000 -nan 0.000000
854 331 -1 -1 0 0 0 0 0.000000 0.000000 0.000000 -nan 0.000000
855 332 -1 -1 0 0 0 0 0.000000 0.000000 0.000000 -nan 0.000000
856 333 -1 -1 0 0 0 0 0.000000 0.000000 0.000000 -nan 0.000000
857 334 -1 -1 0 0 0 0 0.000000 0.000000 0.000000 -nan 0.000000
858 335 -1 -1 0 0 0 0 0.000000 0.000000 0.000000 -nan 0.000000
859 336 -1 -1 0 0 0 0 0.000000 0.000000 0.000000 -nan 0.000000
860 337 -1 -1 0 0 0 0 0.000000 0.000000 0.000000 -nan 0.000000
861 338 -1 -1 0 0 0 0 0.000000 0.000000 0.000000 -nan 0.000000
862 339 -1 -1 0 0 0 0 0.000000 0.000000 0.000000 -nan 0.000000
863 340 -1 -1 0 0 0 0 0.000000 0.000000 0.000000 -nan 0.000000
864 341 -1 -1 0 0 0 0 0.000000 0.000000 0.000000 -nan 0.000000
865 342 -1 -1 0 0 0 0 0.000000 0.000000 0.000000 -nan 0.000000
866 343 -1 -1 0 0 0 0 0.000000 0.000000 0.000000 -nan 0.000000
867 344 -1 -1 0 0 0 0 0.000000 0.000000 0.000000 -nan 0.000000
868 345 -1 -1 0 0 0 0 0.000000 0.000000 0.000000 -nan 0.000000
869 346 -1 -1 0 0 0 0 0.000000 0.000000 0.000000 -nan 0.000000
870 347 -1 -1 0 0 0 0 0.000000 0.000000 0.000000 -nan 0.000000
871 348 -1 -1 0 0 0 0 0.000000 0.000000 0.000000 -nan 0.000000
872 349 -1 -1 0 0 0 0 0.000000 0.000000 0.000000 -nan 0.000000
873 350 -1 -1 0 0 0 0 0.000000 0.000000 0.000000 -nan 0.000000
874 351 -1 -1 0 0 0 0 0.000000 0.000000 0.000000 -nan 0.000000
875 352 -1 -1 0 0 0 0 0.000000 0.000000 0.000000 -nan 0.000000
876 353 -1 -1 0 0 0 0 0.000000 0.000000 0.000000 -nan 0.000000
877 354 -1 -1 0 0 0 0 0.000000 0.000000 0.000000 -nan 0.000000
878 355 -1 -1 0 0 0 0 0.000000 0.000000 0.000000 -nan 0.000000
879 356 -1 -1 0 0 0 0 0.000000 0.000000 0.000000 -nan 0.000000
880 357 -1 -1 0 0 0 0 0.000000 0.000000 0.000000 -nan 0.000000
881 358 -1 -1 0 0 0 0 0.000000 0.000000 0.000000 -nan 0.000000
882 359 -1 -1 0 0 0 0 0.000000 0.000000 0.000000 -nan 0.000000
930 360 -1 -1 0 0 0 0 0.000000 0.000000 0.000000 -nan 0.000000
931 361 -1 -1 0 0 0 0 0.000000 0.000000 0.000000 -nan 0.000000
932 362 -1 -1 0 0 0 0 0.000000 0.000000 0.000000 -nan 0.000000
933 363 -1 -1 0 0 0 0 0.000000 0.000000 0.000000 -nan 0.000000
934 364 -1 -1 0 0 0 0 0.000000 0.000000 0.000000 -nan 0.000000
935 365 -1 -1 0 0 0 0 0.000000 0.000000 0.000000 -nan 0.000000
936 366 -1 -1 0 0 0 0 0.000000 0.000000 0.000000 -nan 0.000000
937 367 -1 -1 0 0 0 0 0.000000 0.000000 0.000000 -nan 0.000000
938 368 -1 -1 0 0 0 0 0.000000 0.000000 0.000000 -nan 0.000000
939 369 -1 -1 0 0 0 0 0.000000 0.000000 0.000000 -nan 0.000000
940 370 -1 -1 0 0 0 0 0.000000 0.000000 0.000000 -nan 0.000000
941 371 -1 -1 0 0 0 0 0.000000 0.000000 0.000000 -nan 0.000000
942 372 -1 -1 0 0 0 0 0.000000 0.000000 0.000000 -nan 0.000000
943 373 -1 -1 0 0 0 0 0.000000 0.000000 0.000000 -nan 0.000000
944 374 -1 -1 0 0 0 0 0.000000 0.000000 0.000000 -nan 0.000000
945 375 -1 -1 0 0 0 0 0.000000 0.000000 0.000000 -nan 0.000000
946 376 -1 -1 0 0 0 0 0.000000 0.000000 0.000000 -nan 0.000000
947 377 -1 -1 0 0 0 0 0.000000 0.000000 0.000000 -nan 0.000000
948 378 -1 -1 0 0 0 0 0.000000 0.000000 0.000000 -nan 0.000000
949 379 -1 -1 0 0 0 0 0.000000 0.000000 0.000000 -nan 0.000000
950 380 -1 -1 0 0 0 0 0.000000 0.000000 0.000000 -nan 0.000000
951 381 -1 -1 0 0 0 0 0.000000 0.000000 0.000000 -nan 0.000000
952 382 -1 -1 0 0 0 0 0.000000 0.000000 0.000000 -nan 0.000000
953 383 -1 -1 0 0 0 0 0.000000 0.000000 0.000000 -nan 0.000000
954 384 -1 -1 0 0 0 0 0.000000 0.000000 0.000000 -nan 0.000000
955 385 -1 -1 0 0 0 0 0.000000 0.000000 0.000000 -nan 0.000000
956 386 -1 -1 0 0 0 0 0.000000 0.000000 0.000000 -nan 0.000000
957 387 -1 -1 0 0 0 0 0.000000 0.000000 0.000000 -nan 0.000000
958 388 -1 -1 0 0 0 0 0.000000 0.000000 0.000000 -nan 0.000000
959 389 -1 -1 0 0 0 0 0.000000 0.000000 0.000000 -nan 0.000000
1007 390 -1 -1 0 0 0 0 0.000000 0.000000 0.000000 -nan 0.000000
1008 391 -1 -1 0 0 0 0 0.000000 0.000000 0.000000 -nan 0.000000
1009 392 -1 -1 0 0 0 0 0.000000 0.000000 0.000000 -nan 0.000000
1010 393 -1 -1 0 0 0 0 0.000000 0.000000 0.000000 -nan 0.000000
1011 394 -1 -1 0 0 0 0 0.000000 0.000000 0.000000 -nan 0.000000
1012 395 -1 -1 0 0 0 0 0.000000 0.000000 0.000000 -nan 0.000000
1013 396 -1 -1 0 0 0 0 0.000000 0.000000 0.000000 -nan 0.000000
1014 397 -1 -1 0 0 0 0 0.000000 0.000000 0.000000 -nan 0.000000
1015 398 -1 -1 0 0 0 0 0.000000 0.000000 0.000000 -nan 0.000000
1016 399 -1 -1 0 0 0 0 0.000000 0.000000 0.000000 -nan 0.000000
1017 400 -1 -1 0 0 0 0 0.000000 0.000000 0.000000 -nan 0.000000
1018 401 -1 -1 0 0 0 0 0.000000 0.000000 0.000000 -nan 0.000000
1019 402 -1 -1 0 0 0 0 0.000000 0.000000 0.000000 -nan 0.000000
1020 403 -1 -1 0 0 0 0 0.000000 0.000000 0.000000 -nan 0.000000
1021 404 -1 -1 0 0 0 0 0.000000 0.000000 0.000000 -nan 0.000000
1022 405 -1 -1 0 0 0 0 0.000000 0.000000 0.000000 -nan 0.000000
1023 406 -1 -1 0 0 0 0 0.000000 0.000000 0.000000 -nan 0.000000
1024 407 -1 -1 0 0 0 0 0.000000 0.000000 0.000000 -nan 0.000000
1025 408 -1 -1 0 0 0 0 0.000000 0.000000 0.000000 -nan 0.000000
1026 409 -1 -1 0 0 0 0 0.000000 0.000000 0.000000 -nan 0.000000
1027 410 -1 -1 0 0 0 0 0.000000 0.000000 0.000000 -nan 0.000000
1028 411 -1 -1 0 0 0 0 0.000000 0.000000 0.000000 -nan 0.000000
1029 412 -1 -1 0 0 0 0 0.000000 0.000000 0.000000 -nan 0.000000
1030 413 -1 -1 0 0 0 0 0.000000 0.000000 0.000000 -nan 0.000000
1031 414 -1 -1 0 0 0 0 0.000000 0.000000 0.000000 -nan 0.000000
1032 415 -1 -1 0 0 0 0 0.000000 0.000000 0.000000 -nan 0.000000
1033 416 -1 -1 0 0 0 0 0.000000 0.000000 0.000000 -nan 0.000000
1034 417 -1 -1 0 0 0 0 0.000000 0.000000 0.000000 -nan 0.000000
1035 418 -1 -1 0 0 0 0 0.000000 0.000000 0.000000 -nan 0.000000
1036 419 -1 -1 0 0 0 0 0.000000 0.000000 0.000000 -nan 0.000000
1084 420 -1 -1 0 0 0 0 0.000000 0.000000 0.000000 -nan 0.000000
1085 421 -1 -1 0 0 0 0 0.000000 0.000000 0.000000 -nan 0.000000
1086 422 -1 -1 0 0 0 0 0.000000 0.000000 0.000000 -nan 0.000000
1087 423 -1 -1 0 0 0 0 0.000000 0.000000 0.000000 -nan 0.000000
1088 424 -1 -1 0 0 0 0 0.000000 0.000000 0.000000 -nan 0.000000
1089 425 -1 -1 0 0 0 0 0.000000 0.000000 0.000000 -nan 0.000000
1090 426 -1 -1 0 0 0 0 0.000000 0.000000 0.000000 -nan 0.000000
1091 427 -1 -1 0 0 0 0 0.000000 0.000000 0.000000 -nan 0.000000
1092 428 -1 -1 0 0 0 0 0.000000 0.000000 0.000000 -nan 0.000000
1093 429 -1 -1 0 0 0 0 0.000000 0.000000 0.000000 -nan 0.000000
1094 430 -1 -1 0 0 0 0 0.000000 0.000000 0.000000 -nan 0.000000
1095 431 -1 -1 0 0 0 0 0.000000 0.000000 0.000000 -nan 0.000000
1096 432 -1 -1 0 0 0 0 0.000000 0.000000 0.000000 -nan 0.000000
1097 433 -1 -1 0 0 0 0 0.000000 0.000000 0.000000 -nan 0.000000
1098 434 -1 -1 0 0 0 0 0.000000 0.000000 0.000000 -nan 0.000000
1099 435 -1 -1 0 0 0 0 0.000000 0.000000 0.000000 -nan 0.000000
1100 436 -1 -1 0 0 0 0 0.000000 0.000000 0.000000 -nan 0.000000
1101 437 -1 -1 0 0 0 0 0.000000 0.000000 0.000000 -nan 0.000000
1102 438 -1 -1 0 0 0 0 0.000000 0.000000 0.000000 -nan 0.000000
1103 439 -1 -1 0 0 0 0 0.000000 0.000000 0.000000 -nan 0.000000
1104 440 -1 -1 0 0 0 0 0.000000 0.000000 0.000000 -nan 0.000000
1105 441 -1 -1 0 0 0 0 0.000000 0.000000 0.000000 -nan 0.000000
1106 442 -1 -1 0 0 0 0 0.000000 0.000000 0.000000 -nan 0.000000
1107 443 -1 -1 0 0 0 0 0.000000 0.000000 0.000000 -nan 0.000000
1108 444 -1 -1 0 0 0 0 0.000000 0.000000 0.000000 -nan 0.000000
1109 445 -1 -1 0 0 0 0 0.000000 0.000000 0.000000 -nan 0.000000
1110 446 -1 -1 0 0 0 0 0.000000 0.000000 0.000000 -nan 0.000000
1111 447 -1 -1 0 0 0 0 0.000000 0.000000 0.000000 -nan 0.000000
1112 448 -1 -1 0 0 0 0 0.000000 0.000000 0.000000 -nan 0.000000
1113 449 -1 -1 0 0 0 0 0.000000 0.000000 0.000000 -nan 0.000000
1161 450 -1 -1 0 0 0 0 0.000000 0.000000 0.000000 -nan 0.000000
1162 451 -1 -1 0 0 0 0 0.000000 0.000000 0.000000 -nan 0.000000
1163 452 -1 -1 0 0 0 0 0.000000 0.000000 0.000000 -nan 0.000000
1164 453 -1 -1 0 0 0 0 0.000000 0.000000 0.000000 -nan 0.000000
1165 454 -1 -1 0 0 0 0 0.000000 0.000000 0.000000 -nan 0.000000
1166 455 -1 -1 0 0 0 0 0.000000 0.000000 0.000000 -nan 0.000000
1167 456 -1 -1 0 0 0 0 0.000000 0.000000 0.000000 -nan 0.000000
1168 457 -1 -1 0 0 0 0 0.000000 0.000000 0.000000 -nan 0.000000
1169 458 -1 -1 0 0 0 0 0.000000 0.000000 0.000000 -nan 0.000000
1170 459 -1 -1 0 0 0 0 0.000000 0.000000 0.000000 -nan 0.000000
1171 460 -1 -1 0 0 0 0 0.000000 0.000000 0.000000 -nan 0.000000
1172 461 -1 -1 0 0 0 0 0.000000 0.000000 0.000000 -nan 0.000000
1173 462 -1 -1 0 0 0 0 0.000000 0.000000 0.000000 -nan 0.000000
1174 463 -1 -1 0 0 0 0 0.000000 0.000000 0.000000 -nan 0.000000
1175 464 -1 -1 0 0 0 0 0.000000 0.000000 0.000000 -nan 0.000000
1176 465 -1 -1 0 0 0 0 0.000000 0.000000 0.000000 -nan 0.000000
1177 466 -1 -1 0 0 0 0 0.000000 0.000000 0.000000 -nan 0.000000
1178 467 -1 -1 0 0 0 0 0.000000 0.000000 0.000000 -nan 0.000000
1179 468 -1 -1 0 0 0 0 0.000000 0.000000 0.000000 -nan 0.000000
1180 469 -1 -1 0 0 0 0 0.000000 0.000000 0.000000 -nan 0.000000
1181 470 -1 -1 0 0 0 0 0.000000 0.000000 0.000000 -nan 0.000000
1182 471 -1 -1 0 0 0 0 0.000000 0.000000 0.000000 -nan 0.000000
1183 472 -1 -1 0 0 0 0 0.000000 0.000000 0.000000 -nan 0.000000
1184 473 -1 -1 0 0 0 0 0.000000 0.000000 0.000000 -nan 0.000000
1185 474 -1 -1 0 0 0 0 0.000000 0.000000 0.000000 -nan 0.000000
1186 475 -1 -1 0 0 0 0 0.000000 0.000000 0.000000 -nan 0.000000
1187 476 -1 -1 0 0 0 0 0.000000 0.000000 0.000000 -nan 0.000000
1188 477 -1 -1 0 0 0 0 0.000000 0.000000 0.000000 -nan 0.000000
1189 478 -1 -1 0 0 0 0 0.000000 0.000000 0.000000 -nan 0.000000
1190 479 -1 -1 0 0 0 0 0.000000 0.000000 0.000000 -nan 0.000000
1238 480 -1 -1 0 0 0 0 0.000000 0.000000 0.000000 -nan 0.000000
1239 481 -1 -1 0 0 0 0 0.000000 0.000000 0.000000 -nan 0.000000
1240 482 -1 -1 0 0 0 0 0.000000 0.000000 0.000000 -nan 0.000000
1241 483 -1 -1 0 0 0 0 0.000000 0.000000 0.000000 -nan 0.000000
1242 484 -1 -1 0 0 0 0 0.000000 0.000000 0.000000 -nan 0.000000
1243 485 -1 -1 0 0 0 0 0.000000 0.000000 0.000000 -nan 0.000000
1244 486 -1 -1 0 0 0 0 0.000000 0.000000 0.000000 -nan 0.000000
1245 487 -1 -1 0 0 0 0 0.000000 0.000000 0.000000 -nan 0.000000
1246 488 -1 -1 0 0 0 0 0.000000 0.000000 0.000000 -nan 0.000000
1247 489 -1 -1 0 0 0 0 0.000000 0.000000 0.000000 -nan 0.000000
1248 490 -1 -1 0 0 0 0 0.000000 0.000000 0.000000 -nan 0.000000
1249 491 -1 -1 0 0 0 0 0.000000 0.000000 0.000000 -nan 0.000000
1250 492 -1 -1 0 0 0 0 0.000000 0.000000 0.000000 -nan 0.000000
1251 493 -1 -1 0 0 0 0 0.000000 0.000000 0.000000 -nan 0.000000
1252 494 -1 -1 0 0 0 0 0.000000 0.000000 0.000000 -nan 0.000000
1253 495 -1 -1 0 0 0 0 0.000000 0.000000 0.000000 -nan 0.000000
1254 496 -1 -1 0 0 0 0 0.000000 0.000000 0.000000 -nan 0.000000
1255 497 -1 -1 0 0 0 0 0.000000 0.000000 0.000000 -nan 0.000000
1256 498 -1 -1 0 0 0 0 0.000000 0.000000 0.000000 -nan 0.000000
1257 499 -1 -1 0 0 0 0 0.000000 0.000000 0.000000 -nan 0.000000
1258 500 -1 -1 0 0 0 0 0.000000 0.000000 0.000000 -nan 0.000000
1259 501 -1 -1 0 0 0 0 0.000000 0.000000 0.000000 -nan 0.000000
1260 502 -1 -1 0 0 0 0 0.000000 0.000000 0.000000 -nan 0.000000
1261 503 -1 -1 0 0 0 0 0.000000 0.000000 0.000000 -nan 0.000000
1262 504 -1 -1 0 0 0 0 0.000000 0.000000 0.000000 -nan 0.000000
1263 505 -1 -1 0 0 0 0 0.000000 0.000000 0.000000 -nan 0.000000
1264 506 -1 -1 0 0 0 0 0.000000 0.000000 0.000000 -nan 0.000000
1265 507 -1 -1 0 0 0 0 0.000000 0.000000 0.000000 -nan 0.000000
1266 508 -1 -1 0 0 0 0 0.000000 0.000000 0.000000 -nan 0.000000
1267 509 -1 -1 0 0 0 0 0.000000 0.000000 0.000000 -nan 0.000000
1315 510 -1 -1 0 0 0 0 0.000000 0.000000 0.000000 -nan 0.000000
1316 511 -1 -1 0 0 0 0 0.000000 0.000000 0.000000 -nan 0.000000
1317 512 -1 -1 0 0 0 0 0.000000 0.000000 0.000000 -nan 0.000000
1318 513 -1 -1 0 0 0 0 0.000000 0.000000 0.000000 -nan 0.000000
1319 514 -1 -1 0 0 0 0 0.000000 0.000000 0.000000 -nan 0.000000
1320 515 -1 -1 0 0 0 0 0.000000 0.000000 0.000000 -nan 0.000000
1321 516 -1 -1 0 0 0 0 0.000000 0.000000 0.000000 -nan 0.000000
1322 517 -1 -1 0 0 0 0 0.000000 0.000000 0.000000 -nan 0.000000
1323 518 -1 -1 0 0 0 0 0.000000 0.000000 0.000000 -nan 0.000000
1324 519 -1 -1 0 0 0 0 0.000000 0.000000 0.000000 -nan 0.000000
1325 520 -1 -1 0 0 0 0 0.000000 0.000000 0.000000 -nan 0.000000
1326 521 -1 -1 0 0 0 0 0.000000 0.000000 0.000000 -nan 0.000000
1327 522 -1 -1 0 0 0 0 0.000000 0.000000 0.000000 -nan 0.000000
1328 523 -1 -1 0 0 0 0 0.000000 0.000000 0.000000 -nan 0.000000
1329 524 -1 -1 0 0 0 0 0.000000 0.000000 0.000000 -nan 0.000000
1330 525 -1 -1 0 0 0 0 0.000000 0.000000 0.000000 -nan 0.000000
1331 526 -1 -1 0 0 0 0 0.000000 0.000000 0.000000 -nan 0.000000
1332 527 -1 -1 0 0 0 0 0.000000 0.000000 0.000000 -nan 0.000000
1333 528 -1 -1 0 0 0 0 0.000000 0.000000 0.000000 -nan 0.000000
1334 529 -1 -1 0 0 0 0 0.000000 0.000000 0.000000 -nan 0.000000
1335 530 -1 -1 0 0 0 0 0.000000 0.000000 0.000000 -nan 0.000000
1336 531 -1 -1 0 0 0 0 0.000000 0.000000 0.000000 -nan 0.000000
1337 532 -1 -1 0 0 0 0 0.000000 0.000000 0.000000 -nan 0.000000
1338 533 -1 -1 0 0 0 0 0.000000 0.000000 0.000000 -nan 0.000000
1339 534 -1 -1 0 0 0 0 0.000000 0.000000 0.000000 -nan 0.000000
1340 535 -1 -1 0 0 0 0 0.000000 0.000000 0.000000 -nan 0.000000
1341 536 -1 -1 0 0 0 0 0.000000 0.000000 0.000000 -nan 0.000000
1342 537 -1 -1 0 0 0 0 0.000000 0.000000 0.000000 -nan 0.000000
1343 538 -1 -1 0 0 0 0 0.000000 0.000000 0.000000 -nan 0.000000
1344 539 -1 -1 0 0 0 0 0.000000 0.000000 0.000000 -nan 0.000000
1392 540 -1 -1 0 0 0 0 0.000000 0.000000 0.000000 -nan 0.000000
1393 541 -1 -1 0 0 0 0 0.000000 0.000000 0.000000 -nan 0.000000
1394 542 -1 -1 0 0 0 0 0.000000 0.000000 0.000000 -nan 0.000000
1395 543 -1 -1 0 0 0 0 0.000000 0.000000 0.000000 -nan 0.000000
1396 544 -1 -1 0 0 0 0 0.000000 0.000000 0.000000 -nan 0.000000
1397 545 -1 -1 0 0 0 0 0.000000 0.000000 0.000000 -nan 0.000000
1398 546 -1 -1 0 0 0 0 0.000000 0.000000 0.000000 -nan 0.000000
1399 547 -1 -1 0 0 0 0 0.000000 0.000000 0.000000 -nan 0.000000
1400 548 -1 -1 0 0 0 0 0.000000 0.000000 0.000000 -nan 0.000000
1401 549 -1 -1 0 0 0 0 0.000000 0.000000 0.000000 -nan 0.000000
1402 550 -1 -1 0 0 0 0 0.000000 0.000000 0.000000 -nan 0.000000
1403 551 -1 -1 0 0 0 0 0.000000 0.000000 0.000000 -nan 0.000000
1404 552 -1 -1 0 0 0 0 0.000000 0.000000 0.000000 -nan 0.000000
1405 553 -1 -1 0 0 0 0 0.000000 0.000000 0.000000 -nan 0.000000
1406 554 -1 -1 0 0 0 0 0.000000 0.000000 0.000000 -nan 0.000000
1407 555 -1 -1 0 0 0 0 0.000000 0.000000 0.000000 -nan 0.000000
1408 556 -1 -1 0 0 0 0 0.000000 0.000000 0.000000 -nan 0.000000
1409 557 -1 -1 0 0 0 0 0.000000 0.000000 0.000000 -nan 0.000000
1410 558 -1 -1 0 0 0 0 0.000000 0.000000 0.000000 -nan 0.000000
1411 559 -1 -1 0 0 0 0 0.000000 0.000000 0.000000 -nan 0.000000
1412 560 -1 -1 0 0 0 0 0.000000 0.000000 0.000000 -nan 0.000000
1413 561 -1 -1 0 0 0 0 0.000000 0.000000 0.000000 -nan 0.000000
1414 562 -1 -1 0 0 0 0 0.000000 0.000000 0.000000 -nan 0.000000
1415 563 -1 -1 0 0 0 0 0.000000 0.000000 0.000000 -nan 0.000000
1416 564 -1 -1 0 0 0 0 0.000000 0.000000 0.000000 -nan 0.000000
1417 565 -1 -1 0 0 0 0 0.000000 0.000000 0.000000 -nan 0.000000
1418 566 -1 -1 0 0 0 0 0.000000 0.000000 0.000000 -nan 0.000000
1419 567 -1 -1 0 0 0 0 0.000000 0.000000 0.000000 -nan 0.000000
1420 568 -1 -1 0 0 0 0 0.000000 0.000000 0.000000 -nan 0.000000
1421 569 -1 -1 0 0 0 0 0.000000 0.000000 0.000000 -nan 0.000000
1469 570 -1 -1 0 0 0 0 0.000000 0.000000 0.000000 -nan 0.000000
1470 571 -1 -1 0 0 0 0 0.000000 0.000000 0.000000 -nan 0.000000
1471 572 -1 -1 0 0 0 0 0.000000 0.000000 0.000000 -nan 0.000000
1472 573 -1 -1 0 0 0 0 0.000000 0.000000 0.000000 -nan 0.000000
1473 574 -1 -1 0 0 0 0 0.000000 0.000000 0.000000 -nan 0.000000
1474 575 -1 -1 0 0 0 0 0.000000 0.000000 0.000000 -nan 0.000000
1475 576 -1 -1 0 0 0 0 0.000000 0.000000 0.000000 -nan 0.000000
1476 577 -1 -1 0 0 0 0 0.000000 0.000000 0.000000 -nan 0.000000
1477 578 -1 -1 0 0 0 0 0.000000 0.000000 0.000000 -nan 0.000000
1478 579 -1 -1 0 0 0 0 0.000000 0.000000 0.000000 -nan 0.000000
1479 580 -1 -1 0 0 0 0 0.000000 0.000000 0.000000 -nan 0.000000
1480 581 -1 -1 0 0 0 0 0.000000 0.000000 0.000000 -nan 0.000000
1481 582 -1 -1 0 0 0 0 0.000000 0.000000 0.000000 -nan 0.000000
1482 583 -1 -1 0 0 0 0 0.000000 0.000000 0.000000 -nan 0.000000
1483 584 -1 -1 0 0 0 0 0.000000 0.000000 0.000000 -nan 0.000000
1484 585 -1 -1 0 0 0 0 0.000000 0.000000 0.000000 -nan 0.000000
1485 586 -1 -1 0 0 0 0 0.000000 0.000000 0.000000 -nan 0.000000
1486 587 -1 -1 0 0 0 0 0.000000 0.000000 0.000000 -nan 0.000000
1487 588 -1 -1 0 0 0 0 0.000000 0.000000 0.000000 -nan 0.000000
1488 589 -1 -1 0 0 0 0 0.000000 0.000000 0.000000 -nan 0.000000
1489 590 -1 -1 0 0 0 0 0.000000 0.000000 0.000000 -nan 0.000000
1490 591 -1 -1 0 0 0 0 0.000000 0.000000 0.000000 -nan 0.000000
1491 592 -1 -1 0 0 0 0 0.000000 0.000000 0.000000 -nan 0.000000
1492 593 -1 -1 0 0 0 0 0.000000 0.000000 0.000000 -nan 0.000000
1493 594 -1 -1 0 0 0 0 0.000000 0.000000 0.000000 -nan 0.000000
1494 595 -1 -1 0 0 0 0 0.000000 0.000000 0.000000 -nan 0.000000
1495 596 -1 -1 0 0 0 0 0.000000 0.000000 0.000000 -nan 0.000000
1496 597 -1 -1 0 0 0 0 0.000000 0.000000 0.000000 -nan 0.000000
1497 598 -1 -1 0 0 0 0 0.000000 0.000000 0.000000 -nan 0.000000
1498 599 -1 -1 0 0 0 0 0.000000 0.000000 0.000000 -nan 0.000000
1546 600 0 0 5 5 147584000 147584000 90141941.632809 2164719899.678240 645000000.000000 18028388.326562 2809719899.678240
1547 601 0 1 85 85 441599000 441599000 305205276.422864 2164719024.686921 645000000.000000 3590650.310857 2809719024.686921
1548 602 0 2 5 5 147584000 147584000 90859496.478107 2164720744.390172 645000000.000000 18171899.295621 2809720744.390172
1549 603 0 3 85 85 441599000 441599000 304603982.407091 2164719869.192908 645000000.000000 3583576.263613 2809719869.192908
1550 604 0 4 5 5 147584000 147584000 90638931.706339 2164711029.638353 645000000.000000 18127786.341268 2809711029.638353
1551 605 0 5 85 85 441599000 441599000 331577878.766161 2164710154.812528 645000000.000000 3900916.220778 2809710154.812528
1552 606 0 6 5 5 147584000 147584000 90141943.774324 2164711874.205898 645000000.000000 18028388.754865 2809711874.205898
1553 607 0 7 85 85 441599000 441599000 331470278.358198 2164710999.561221 645000000.000000 3899650.333626 2809710999.561221
1554 608 0 8 5 5 147584000 147584000 89783402.853361 2164734793.909956 645000000.000000 17956680.570672 2809734793.909956
1555 609 0 9 85 85 441599000 441599000 329717254.950354 2164733919.022601 645000000.000000 3879026.528828 2809733919.022601
1556 610 0 10 5 5 147584000 147584000 89783403.066709 2164735638.750776 645000000.000000 17956680.613342 2809735638.750776
1557 611 0 11 85 85 441599000 441599000 329678881.326903 2164734763.946300 645000000.000000 3878575.074434 2809734763.946300
1558 612 0 12 5 5 147584000 147584000 89783430.066159 2164725922.947264 645000000.000000 17956686.013232 2809725922.947264
1559 613 0 13 85 85 441599000 441599000 318737816.545130 2164725048.682325 645000000.000000 3749856.665237 2809725048.682325
1560 614 0 14 5 5 147584000 147584000 89784029.319190 2164726767.913269 645000000.000000 17956805.863838 2809726767.913269
1561 615 0 15 85 85 441599000 441599000 322006966.151113 2164725893.013791 645000000.000000 3788317.248837 2809725893.013791
1562 616 0 16 5 5 147584000 147584000 89783403.504464 2164227142.985208 645000000.000000 17956680.700893 2809227142.985208
1563 617 0 17 85 85 441599000 441599000 318272165.442464 2164226268.233970 645000000.000000 3744378.416970 2809226268.233970
1564 618 0 18 5 5 147584000 147584000 89783404.010139 2164227987.693299 645000000.000000 17956680.802028 2809227987.693299
1565 619 0 19 85 85 441599000 441599000 318634289.067827 2164227113.152440 645000000.000000 3748638.694916 2809227113.152440
1566 620 0 20 5 5 147584000 147584000 89783403.822220 2164218272.597487 645000000.000000 17956680.764444 2809218272.597487
1567 621 0 21 85 85 441599000 441599000 324230800.142873 2164217397.871825 645000000.000000 3814480.001681 2809217397.871825
1568 622 0 22 5 5 147584000 147584000 89783402.973112 2164219116.609556 645000000.000000 17956680.594622 2809219116.609556
1569 623 0 23 85 85 441599000 441599000 323800890.766273 2164218241.564941 645000000.000000 3809422.244309 2809218241.564941
1570 624 0 24 5 5 147584000 147584000 89783403.446207 2163090098.821022 645000000.000000 17956680.689241 2808090098.821022
1571 625 0 25 85 85 441599000 441599000 306459579.962799 2163089224.016024 645000000.000000 3605406.823092 2808089224.016024
1572 626 0 26 5 5 147584000 147584000 89783403.031926 2163089254.610276 645000000.000000 17956680.606385 2808089254.610276
1573 627 0 27 85 85 441599000 441599000 302416276.018617 2163088379.687369 645000000.000000 3557838.541395 2808088379.687369
1574 628 0 28 5 5 147584000 147584000 89783402.295385 2165145059.665925 645000000.000000 17956680.459077 2810145059.665925
1575 629 0 29 85 85 441599000 441599000 314952015.915090 2165144184.508281 645000000.000000 3705317.834295 2810144184.508281
1623 630 0 30 5 5 147584000 147584000 89783403.396118 2165130730.237777 645000000.000000 17956680.679224 2810130730.237777
1624 631 0 31 85 85 441599000 441599000 316483422.936558 2165129855.460613 645000000.000000 3723334.387489 2810129855.460613
1625 632 0 32 5 5 147584000 147584000 89783403.239612 2164855566.723179 645000000.000000 17956680.647922 2809855566.723179
1626 633 0 33 85 85 441599000 441599000 309851395.315104 2164854691.735168 645000000.000000 3645310.533119 2809854691.735168
1627 634 0 34 5 5 147584000 147584000 89783880.698227 2164846970.268628 645000000.000000 17956776.139645 2809846970.268628
1628 635 0 35 85 85 441599000 441599000 331431641.736490 2164846095.677675 645000000.000000 3899195.785135 2809846095.677675
1629 636 0 36 5 5 147584000 147584000 89783403.791252 2164846696.483089 645000000.000000 17956680.758250 2809846696.483089
1630 637 0 37 85 85 441599000 441599000 331104082.425141 2164845822.230548 645000000.000000 3895342.146178 2809845822.230548
1631 638 0 38 5 5 147584000 147584000 89783403.665304 2164838100.571795 645000000.000000 17956680.733061 2809838100.571795
1632 639 0 39 85 85 441599000 441599000 322346468.835837 2164837226.166856 645000000.000000 3792311.398069 2809837226.166856
1633 640 0 40 5 5 147584000 147584000 89783641.921986 2164846485.349232 645000000.000000 17956728.384397 2809846485.349232
1634 641 0 41 85 85 441599000 441599000 323828190.061686 2164845610.606545 645000000.000000 3809743.412490 2809845610.606545
1635 642 0 42 5 5 147584000 147584000 89783880.320896 2164837889.816427 645000000.000000 17956776.064179 2809837889.816427
1636 643 0 43 85 85 441599000 441599000 324446467.911915 2164837014.593514 645000000.000000 3817017.269552 2809837014.593514
1637 644 0 44 5 5 147584000 147584000 89783403.437407 2164837614.511665 645000000.000000 17956680.687481 2809837614.511665
1638 645 0 45 85 85 441599000 441599000 326977822.204608 2164836739.820114 645000000.000000 3846797.908290 2809836739.820114
1639 646 0 46 5 5 147584000 147584000 89783402.682423 2164829018.770333 645000000.000000 17956680.536485 2809829018.770333
1640 647 0 47 85 85 441599000 441599000 323118924.123683 2164828143.657685 645000000.000000 3801399.107337 2809828143.657685
1641 648 0 48 5 5 147584000 147584000 89783403.810061 2165622886.905054 645000000.000000 17956680.762012 2810622886.905054
1642 649 0 49 85 85 441599000 441599000 319118977.322872 2165622012.033062 645000000.000000 3754340.909681 2810622012.033062
1643 650 0 50 5 5 147584000 147584000 89783403.369347 2165614291.376693 645000000.000000 17956680.673869 2810614291.376693
1644 651 0 51 85 85 441599000 441599000 324627774.563746 2165613415.859558 645000000.000000 3819150.288985 2810613415.859558
1645 652 0 52 5 5 147584000 147584000 89783402.642102 2165614016.803865 645000000.000000 17956680.528420 2810614016.803865
1646 653 0 53 85 85 441599000 441599000 329305631.924180 2165613141.903348 645000000.000000 3874183.904990 2810613141.903348
1647 654 0 54 5 5 147584000 147584000 89783404.214342 2165605420.624019 645000000.000000 17956680.842868 2810605420.624019
1648 655 0 55 85 85 441599000 441599000 329223591.568306 2165604546.542149 645000000.000000 3873218.724333 2810604546.542149
1649 656 0 56 5 5 147584000 147584000 89783641.372757 2167555646.850330 645000000.000000 17956728.274551 2812555646.850330
1650 657 0 57 85 85 441599000 441599000 348055609.494156 2167554771.692173 645000000.000000 4094771.876402 2812554771.692173
1651 658 0 58 5 5 147584000 147584000 89783403.291814 2167547051.227016 645000000.000000 17956680.658363 2812547051.227016
1652 659 0 59 85 85 441599000 441599000 331319149.653776 2167546176.329538 645000000.000000 3897872.348868 2812546176.329538
1700 660 0 60 5 5 147584000 147584000 89783403.358257 2165781027.578179 645000000.000000 17956680.671651 2810781027.578179
1701 661 0 61 85 85 441599000 441599000 319101095.402478 2165780152.459749 645000000.000000 3754130.534147 2810780152.459749
1702 662 0 62 5 5 147584000 147584000 90280391.979181 2165780183.647307 645000000.000000 18056078.395836 2810780183.647307
1703 663 0 63 85 85 441599000 441599000 318470336.377535 2165779308.684153 645000000.000000 3746709.839736 2810779308.684153
1704 664 0 64 5 5 147584000 147584000 89783402.614406 2164815699.563254 645000000.000000 17956680.522881 2809815699.563254
1705 665 0 65 85 85 441599000 441599000 318927263.252513 2164814825.081374 645000000.000000 3752085.450030 2809814825.081374
1706 666 0 66 5 5 147584000 147584000 90500481.314972 2164814855.002037 645000000.000000 18100096.262994 2809814855.002037
1707 667 0 67 85 85 441599000 441599000 320093458.193735 2164813980.226091 645000000.000000 3765805.390515 2809813980.226091
1708 668 0 68 5 5 147584000 147584000 89783403.080652 2164806828.940501 645000000.000000 17956680.616130 2809806828.940501
1709 669 0 69 85 85 441599000 441599000 335691721.267522 2164805954.264281 645000000.000000 3949314.367853 2809805954.264281
1710 670 0 70 5 5 147584000 147584000 90997707.148365 2164805985.189998 645000000.000000 18199541.429673 2809805985.189998
1711 671 0 71 85 85 441599000 441599000 334280360.096326 2164805110.053878 645000000.000000 3932710.118780 2809805110.053878
1712 672 0 72 5 5 147584000 147584000 89783641.821699 2164800804.451145 645000000.000000 17956728.364340 2809800804.451145
1713 673 0 73 85 85 441599000 441599000 323520490.172149 2164799929.522076 645000000.000000 3806123.413790 2809799929.522076
1714 674 0 74 5 5 147584000 147584000 89783403.190665 2164799961.178793 645000000.000000 17956680.638133 2809799961.178793
1715 675 0 75 85 85 441599000 441599000 322842700.640561 2164799086.188940 645000000.000000 3798149.419301 2809799086.188940
1716 676 0 76 5 5 147584000 147584000 89783403.261170 2164791934.641093 645000000.000000 17956680.652234 2809791934.641093
1717 677 0 77 85 85 441599000 441599000 333125082.155023 2164791059.900732 645000000.000000 3919118.613589 2809791059.900732
1718 678 0 78 5 5 147584000 147584000 89783403.043810 2164791090.338001 645000000.000000 17956680.608762 2809791090.338001
1719 679 0 79 85 85 441599000 441599000 332749904.229460 2164790215.647752 645000000.000000 3914704.755641 2809790215.647752
1720 680 0 80 5 5 147584000 147584000 89784118.116092 2165628690.437789 645000000.000000 17956823.623218 2810628690.437789
1721 681 0 81 85 85 441599000 441599000 321219497.915727 2165627815.796490 645000000.000000 3779052.916656 2810627815.796490
1722 682 0 82 5 5 147584000 147584000 89783402.154672 2165629535.832591 645000000.000000 17956680.430934 2810629535.832591
1723 683 0 83 85 85 441599000 441599000 322540981.137678 2165628661.093298 645000000.000000 3794599.778090 2810628661.093298
1724 684 0 84 5 5 147584000 147584000 89783641.657361 2165619821.471786 645000000.000000 17956728.331472 2810619821.471786
1725 685 0 85 85 85 441599000 441599000 340838750.712799 2165618946.388013 645000000.000000 4009867.655445 2810618946.388013
1726 686 0 86 5 5 147584000 147584000 89783878.876061 2165620665.298006 645000000.000000 17956775.775212 2810620665.298006
1727 687 0 87 85 85 441599000 441599000 339059215.424118 2165619790.582445 645000000.000000 3988931.946166 2810619790.582445
1728 688 0 88 80 80 294015000 294015000 234627433.546101 2150450886.726071 645000000.000000 2932842.919326 2795450886.726071
1729 689 0 89 80 80 294015000 294015000 233548794.867135 2150451731.030056 645000000.000000 2919359.935839 2795451731.030056
1777 690 0 90 80 80 294015000 294015000 253168146.318400 2150436282.185889 645000000.000000 3164601.828980 2795436282.185889
1778 691 0 91 80 80 294015000 294015000 253526383.915690 2150437126.426295 645000000.000000 3169079.798946 2795437126.426295
1779 692 0 92 80 80 294015000 294015000 221974766.167789 2146854868.231814 645000000.000000 2774684.577097 2791854868.231814
1780 693 0 93 80 80 294015000 294015000 223912390.393104 2146854023.468590 645000000.000000 2798904.879914 2791854023.468590
1781 694 0 94 80 80 294015000 294015000 256901943.825900 2146844863.308759 645000000.000000 3211274.297824 2791844863.308759
1782 695 0 95 80 80 294015000 294015000 257116273.627579 2146844018.575352 645000000.000000 3213953.420345 2791844018.575352
1783 696 0 96 80 80 294015000 294015000 248783554.727635 2146846582.825113 645000000.000000 3109794.434095 2791846582.825113
1784 697 0 97 80 80 294015000 294015000 248439486.130877 2146847427.303458 645000000.000000 3105493.576636 2791847427.303458
1785 698 0 98 80 80 294015000 294015000 253750834.781889 2146837713.843805 645000000.000000 3171885.434774 2791837713.843805
1786 699 0 99 80 80 294015000 294015000 253380651.337247 2146838557.821500 645000000.000000 3167258.141716 2791838557.821500
1787 700 0 100 80 80 294015000 294015000 240030968.329054 2146840350.783404 645000000.000000 3000387.104113 2791840350.783404
1788 701 0 101 80 80 294015000 294015000 242020273.147218 2146839506.492494 645000000.000000 3025253.414340 2791839506.492494
1789 702 0 102 80 80 294015000 294015000 255685537.100726 2146831479.893267 645000000.000000 3196069.213759 2791831479.893267
1790 703 0 103 80 80 294015000 294015000 255449988.778808 2146830635.832654 645000000.000000 3193124.859735 2791830635.832654
1791 704 0 104 80 80 294015000 294015000 249513782.430012 2146849432.382478 645000000.000000 3118922.280375 2791849432.382478
1792 705 0 105 80 80 294015000 294015000 246857447.601452 2146848587.993351 645000000.000000 3085718.095018 2791848587.993351
1793 706 0 106 80 80 294015000 294015000 225052203.613975 2146840562.103022 645000000.000000 2813152.545175 2791840562.103022
1794 707 0 107 80 80 294015000 294015000 225129581.817010 2146839717.900798 645000000.000000 2814119.772713 2791839717.900798
1795 708 0 108 80 80 294015000 294015000 232605812.899883 2147550506.125565 645000000.000000 2907572.661249 2792550506.125565
1796 709 0 109 80 80 294015000 294015000 230050466.350405 2147551350.227584 645000000.000000 2875630.829380 2792551350.227584
1797 710 0 110 80 80 294015000 294015000 245152437.385013 2147541635.420731 645000000.000000 3064405.467313 2792541635.420731
1798 711 0 111 80 80 294015000 294015000 244846447.823753 2147542479.663368 645000000.000000 3060580.597797 2792542479.663368
1799 712 0 112 80 80 294015000 294015000 238386559.711778 2147565400.556552 645000000.000000 2979831.996397 2792565400.556552
1800 713 0 113 80 80 294015000 294015000 237744650.988620 2147566244.781670 645000000.000000 2971808.137358 2792566244.781670
1801 714 0 114 80 80 294015000 294015000 244468639.550580 2147556529.843370 645000000.000000 3055857.994382 2792556529.843370
1802 715 0 115 80 80 294015000 294015000 244621989.835488 2147557374.773345 645000000.000000 3057774.872944 2792557374.773345
1803 716 0 116 80 80 294015000 294015000 248285312.411392 2148337602.556812 645000000.000000 3103566.405142 2793337602.556812
1804 717 0 117 80 80 294015000 294015000 248814002.589749 2148336758.507613 645000000.000000 3110175.032372 2793336758.507613
1805 718 0 118 80 80 294015000 294015000 241649201.559348 2148328732.966108 645000000.000000 3020615.019492 2793328732.966108
1806 719 0 119 80 80 294015000 294015000 241811170.094281 2148327888.032402 645000000.000000 3022639.626179 2793327888.032402
1854 720 0 120 80 80 294015000 294015000 218985710.314516 2146221579.943944 645000000.000000 2737321.378931 2791221579.943944
1855 721 0 121 80 80 294015000 294015000 214582772.732236 2146220735.399622 645000000.000000 2682284.659153 2791220735.399622
1856 722 0 122 80 80 294015000 294015000 225976706.486749 2146220632.362643 645000000.000000 2824708.831084 2791220632.362643
1857 723 0 123 80 80 294015000 294015000 224508137.759021 2146219787.348414 645000000.000000 2806351.721988 2791219787.348414
1858 724 0 124 80 80 294015000 294015000 222757478.331042 2145348419.072257 645000000.000000 2784468.479138 2790348419.072257
1859 725 0 125 80 80 294015000 294015000 224525595.931868 2145349263.636510 645000000.000000 2806569.949148 2790349263.636510
1860 726 0 126 80 80 294015000 294015000 230539218.433354 2145347470.239764 645000000.000000 2881740.230417 2790347470.239764
1861 727 0 127 80 80 294015000 294015000 231710865.794806 2145348314.243812 645000000.000000 2896385.822435 2790348314.243812
1862 728 0 128 80 80 294015000 294015000 218777116.192312 2145357500.196105 645000000.000000 2734713.952404 2790357500.196105
1863 729 0 129 80 80 294015000 294015000 217691192.150226 2145358344.760875 645000000.000000 2721139.901878 2790358344.760875
1864 730 0 130 80 80 294015000 294015000 225841859.671091 2145356551.782406 645000000.000000 2823023.245889 2790356551.782406
1865 731 0 131 80 80 294015000 294015000 226263058.219677 2145357396.024747 645000000.000000 2828288.227746 2790357396.024747
1866 732 0 132 80 80 294015000 294015000 222711865.346811 2145362936.460760 645000000.000000 2783898.316835 2790362936.460760
1867 733 0 133 80 80 294015000 294015000 222863573.323806 2145363780.249240 645000000.000000 2785794.666548 2790363780.249240
1868 734 0 134 80 80 294015000 294015000 228619314.832771 2145361987.603570 645000000.000000 2857741.435410 2790361987.603570
1869 735 0 135 80 80 294015000 294015000 230867351.485614 2145362832.380072 645000000.000000 2885841.893570 2790362832.380072
1870 736 0 136 80 80 294015000 294015000 211951677.796290 2145372017.119279 645000000.000000 2649395.972454 2790372017.119279
1871 737 0 137 80 80 294015000 294015000 210775739.857510 2145372861.733235 645000000.000000 2634696.748219 2790372861.733235
1872 738 0 138 80 80 294015000 294015000 215492749.444381 2145371069.244615 645000000.000000 2693659.368055 2790371069.244615
1873 739 0 139 80 80 294015000 294015000 217062784.985533 2145371913.740878 645000000.000000 2713284.812319 2790371913.740878
1874 740 0 140 80 80 294015000 294015000 209976065.067065 2146648129.265966 645000000.000000 2624700.813338 2791648129.265966
1875 741 0 141 80 80 294015000 294015000 212638529.690554 2146648973.867742 645000000.000000 2657981.621132 2791648973.867742
1876 742 0 142 80 80 294015000 294015000 227559080.856711 2146647180.553310 645000000.000000 2844488.510709 2791647180.553310
1877 743 0 143 80 80 294015000 294015000 226032134.776957 2146648024.835855 645000000.000000 2825401.684712 2791648024.835855
1878 744 0 144 80 80 294015000 294015000 225229879.965655 2146657210.207884 645000000.000000 2815373.499571 2791657210.207884
1879 745 0 145 80 80 294015000 294015000 225370158.951761 2146658055.011130 645000000.000000 2817126.986897 2791658055.011130
1880 746 0 146 80 80 294015000 294015000 228995403.306156 2146656261.986304 645000000.000000 2862442.541327 2791656261.986304
1881 747 0 147 80 80 294015000 294015000 229956276.564320 2146657105.921252 645000000.000000 2874453.457054 2791657105.921252
1882 748 0 148 80 80 294015000 294015000 240232715.858039 2149157578.273370 645000000.000000 3002908.948225 2794157578.273370
1883 749 0 149 80 80 294015000 294015000 238818505.979044 2149158422.244196 645000000.000000 2985231.324738 2794158422.244196
1931 750 0 150 80 80 294015000 294015000 243289101.271576 2149142974.486073 645000000.000000 3041113.765895 2794142974.486073
1932 751 0 151 80 80 294015000 294015000 242896229.765978 2149143818.626914 645000000.000000 3036202.872075 2794143818.626914
1933 752 0 152 80 80 294015000 294015000 247369372.166783 2148862959.746373 645000000.000000 3092117.152085 2793862959.746373
1934 753 0 153 80 80 294015000 294015000 245771794.755456 2148863803.674105 645000000.000000 3072147.434443 2793863803.674105
1935 754 0 154 80 80 294015000 294015000 238089853.086826 2148854089.424144 645000000.000000 2976123.163585 2793854089.424144
1936 755 0 155 80 80 294015000 294015000 236221117.656156 2148854933.388853 645000000.000000 2952763.970702 2793854933.388853
1937 756 0 156 80 80 294015000 294015000 232560512.734780 2147823776.179694 645000000.000000 2907006.409185 2792823776.179694
1938 757 0 157 80 80 294015000 294015000 233064552.106085 2147824620.156330 645000000.000000 2913306.901326 2792824620.156330
1939 758 0 158 80 80 294015000 294015000 251494443.556839 2147814905.707309 645000000.000000 3143680.544460 2792814905.707309
1940 759 0 159 80 80 294015000 294015000 250303407.617574 2147815750.557389 645000000.000000 3128792.595220 2792815750.557389
1941 760 0 160 80 80 294015000 294015000 243028372.601303 2147838670.702138 645000000.000000 3037854.657516 2792838670.702138
1942 761 0 161 80 80 294015000 294015000 241967367.439062 2147839515.211954 645000000.000000 3024592.092988 2792839515.211954
1943 762 0 162 80 80 294015000 294015000 246889848.413483 2147829799.796988 645000000.000000 3086123.105169 2792829799.796988
1944 763 0 163 80 80 294015000 294015000 247200058.986777 2147830643.678656 645000000.000000 3090000.737335 2792830643.678656
1945 764 0 164 80 80 294015000 294015000 242412778.564102 2147844105.282629 645000000.000000 3030159.732051 2792844105.282629
1946 765 0 165 80 80 294015000 294015000 243703067.024063 2147844950.100313 645000000.000000 3046288.337801 2792844950.100313
1947 766 0 166 80 80 294015000 294015000 232568127.705546 2147835235.218037 645000000.000000 2907101.596319 2792835235.218037
1948 767 0 167 80 80 294015000 294015000 232119045.943716 2147836080.017147 645000000.000000 2901488.074296 2792836080.017147
1949 768 0 168 80 80 294015000 294015000 229397243.748090 2147859000.652138 645000000.000000 2867465.546851 2792859000.652138
1950 769 0 169 80 80 294015000 294015000 227164386.267685 2147859844.579828 645000000.000000 2839554.828346 2792859844.579828
1951 770 0 170 80 80 294015000 294015000 227493546.514539 2147850129.678898 645000000.000000 2843669.331432 2792850129.678898
1952 771 0 171 80 80 294015000 294015000 227242518.681685 2147850974.052004 645000000.000000 2840531.483521 2792850974.052004
1953 772 0 172 80 80 294015000 294015000 234387361.122259 2147808969.967752 645000000.000000 2929842.014028 2792808969.967752
1954 773 0 173 80 80 294015000 294015000 234135373.843117 2147809814.027145 645000000.000000 2926692.173039 2792809814.027145
1955 774 0 174 80 80 294015000 294015000 252955232.129220 2147800098.947997 645000000.000000 3161940.401615 2792800098.947997
1956 775 0 175 80 80 294015000 294015000 253414269.203762 2147800942.782623 645000000.000000 3167678.365047 2792800942.782623
1957 776 0 176 80 80 294015000 294015000 244635268.531406 2147823864.527690 645000000.000000 3057940.856643 2792823864.527690
1958 777 0 177 80 80 294015000 294015000 241790665.646349 2147824708.461874 645000000.000000 3022383.320579 2792824708.461874
1959 778 0 178 80 80 294015000 294015000 239898400.087399 2147814993.694624 645000000.000000 2998730.001092 2792814993.694624
1960 779 0 179 80 80 294015000 294015000 240008199.129145 2147815837.704490 645000000.000000 3000102.489114 2792815837.704490
2008 780 0 180 80 80 294015000 294015000 219446727.097796 2145672940.539860 645000000.000000 2743084.088722 2790672940.539860
2009 781 0 181 80 80 294015000 294015000 219847543.193166 2145673785.042729 645000000.000000 2748094.289915 2790673785.042729
2010 782 0 182 80 80 294015000 294015000 222670327.068019 2145671991.817164 645000000.000000 2783379.088350 2790671991.817164
2011 783 0 183 80 80 294015000 294015000 223782417.102297 2145672836.349187 645000000.000000 2797280.213779 2790672836.349187
2012 784 0 184 80 80 294015000 294015000 235222318.644863 2145682022.285750 645000000.000000 2940278.983061 2790682022.285750
2013 785 0 185 80 80 294015000 294015000 217907166.235230 2145682866.262047 645000000.000000 2723839.577940 2790682866.262047
2014 786 0 186 80 80 294015000 294015000 233762978.099506 2145681073.642485 645000000.000000 2922037.226244 2790681073.642485
2015 787 0 187 80 80 294015000 294015000 237041789.302565 2145681917.722479 645000000.000000 2963022.366282 2790681917.722479
2016 788 0 188 80 80 294015000 294015000 224595836.920257 2145250982.536017 645000000.000000 2807447.961503 2790250982.536017
2017 789 0 189 80 80 294015000 294015000 228877332.493211 2145251827.272449 645000000.000000 2860966.656165 2790251827.272449
2018 790 0 190 80 80 294015000 294015000 233695588.535750 2145250034.463445 645000000.000000 2921194.856697 2790250034.463445
2019 791 0 191 80 80 294015000 294015000 234230527.846754 2145250878.589406 645000000.000000 2927881.598084 2790250878.589406
2020 792 0 192 80 80 294015000 294015000 228419033.609216 2145260064.231995 645000000.000000 2855237.920115 2790260064.231995
2021 793 0 193 80 80 294015000 294015000 228109894.265876 2145260907.981010 645000000.000000 2851373.678323 2790260907.981010
2022 794 0 194 80 80 294015000 294015000 230799196.705884 2145259115.735893 645000000.000000 2884989.958824 2790259115.735893
2023 795 0 195 80 80 294015000 294015000 231813630.091874 2145259959.688745 645000000.000000 2897670.376148 2790259959.688745
2024 796 0 196 80 80 294015000 294015000 229075650.186309 2145265500.868103 645000000.000000 2863445.627329 2790265500.868103
2025 797 0 197 80 80 294015000 294015000 230310008.557166 2145266345.085904 645000000.000000 2878875.106965 2790266345.085904
2026 798 0 198 80 80 294015000 294015000 226276925.147375 2145264551.759768 645000000.000000 2828461.564342 2790264551.759768
2027 799 0 199 80 80 294015000 294015000 229980152.215986 2145265395.959552 645000000.000000 2874751.902700 2790265395.959552
2028 800 0 200 80 80 294015000 294015000 226075471.147320 2145274580.744645 645000000.000000 2825943.389341 2790274580.744645
2029 801 0 201 80 80 294015000 294015000 217173927.721226 2145275425.218100 645000000.000000 2714674.096515 2790275425.218100
2030 802 0 202 80 80 294015000 294015000 224381362.214949 2145273632.675786 645000000.000000 2804767.027687 2790273632.675786
2031 803 0 203 80 80 294015000 294015000 226329120.710322 2145274477.019630 645000000.000000 2829114.008879 2790274477.019630
2032 804 0 204 80 80 294015000 294015000 210822130.687170 2146369350.837520 645000000.000000 2635276.633590 2791369350.837520
2033 805 0 205 80 80 294015000 294015000 214967243.763608 2146370195.462370 645000000.000000 2687090.547045 2791370195.462370
2034 806 0 206 80 80 294015000 294015000 227992068.404638 2146368401.901219 645000000.000000 2849900.855058 2791368401.901219
2035 807 0 207 80 80 294015000 294015000 226477987.712718 2146369245.914462 645000000.000000 2830974.846409 2791369245.914462
2036 808 0 208 80 80 294015000 294015000 230948889.877995 2148840337.601062 645000000.000000 2886861.123475 2793840337.601062
2037 809 0 209 80 80 294015000 294015000 231691779.455970 2148841181.950937 645000000.000000 2896147.243200 2793841181.950937
2085 810 0 210 80 80 294015000 294015000 245380299.294219 2148825733.015358 645000000.000000 3067253.741178 2793825733.015358
2086 811 0 211 80 80 294015000 294015000 246029088.997037 2148826577.460274 645000000.000000 3075363.612463 2793826577.460274
2087 812 0 212 80 80 294015000 294015000 250209592.100814 2147102720.226439 645000000.000000 3127619.901260 2792102720.226439
2088 813 0 213 80 80 294015000 294015000 249284070.505258 2147103564.838421 645000000.000000 3116050.881316 2792103564.838421
2089 814 0 214 80 80 294015000 294015000 250810986.069924 2147093850.989271 645000000.000000 3135137.325874 2792093850.989271
2090 815 0 215 80 80 294015000 294015000 251186058.537603 2147094694.897683 645000000.000000 3139825.731720 2792094694.897683
2091 816 0 216 80 80 294015000 294015000 249548139.012143 2147117615.558935 645000000.000000 3119351.737652 2792117615.558935
2092 817 0 217 80 80 294015000 294015000 248611391.213097 2147118459.590920 645000000.000000 3107642.390164 2792118459.590920
2093 818 0 218 80 80 294015000 294015000 227735868.680622 2147108744.721828 645000000.000000 2846698.358508 2792108744.721828
2094 819 0 219 80 80 294015000 294015000 227451645.571960 2147109588.721943 645000000.000000 2843145.569650 2792109588.721943
2095 820 0 220 80 80 294015000 294015000 230405704.818442 2146946790.323417 645000000.000000 2880071.310231 2791946790.323417
2096 821 0 221 80 80 294015000 294015000 232316762.374325 2146947634.895707 645000000.000000 2903959.529679 2791947634.895707
2097 822 0 222 80 80 294015000 294015000 253366451.879311 2146937920.283496 645000000.000000 3167080.648491 2791937920.283496
2098 823 0 223 80 80 294015000 294015000 253619284.766763 2146938765.131884 645000000.000000 3170241.059585 2791938765.131884
2099 824 0 224 80 80 294015000 294015000 244326506.588273 2146961685.183805 645000000.000000 3054081.332353 2791961685.183805
2100 825 0 225 80 80 294015000 294015000 242443516.710050 2146962529.609306 645000000.000000 3030543.958876 2791962529.609306
2101 826 0 226 80 80 294015000 294015000 232645955.595021 2146952814.122973 645000000.000000 2908074.444938 2791952814.122973
2102 827 0 227 80 80 294015000 294015000 232109810.448760 2146953658.579827 645000000.000000 2901372.630609 2791953658.579827
2103 828 0 228 80 80 294015000 294015000 225952091.987847 2146967121.213608 645000000.000000 2824401.149848 2791967121.213608
2104 829 0 229 80 80 294015000 294015000 225546419.525982 2146967965.627485 645000000.000000 2819330.244075 2791967965.627485
2105 830 0 230 80 80 294015000 294015000 243992931.027655 2146958250.423469 645000000.000000 3049911.637846 2791958250.423469
2106 831 0 231 80 80 294015000 294015000 243565911.778805 2146959095.023722 645000000.000000 3044573.897235 2791959095.023722
2107 832 0 232 80 80 294015000 294015000 229688714.406850 2146982014.651624 645000000.000000 2871108.930086 2791982014.651624
2108 833 0 233 80 80 294015000 294015000 225173296.943705 2146982858.984365 645000000.000000 2814666.211796 2791982858.984365
2109 834 0 234 80 80 294015000 294015000 225859393.602687 2146973144.594073 645000000.000000 2823242.420034 2791973144.594073
2110 835 0 235 80 80 294015000 294015000 226190929.307959 2146973988.234609 645000000.000000 2827386.616349 2791973988.234609
2111 836 0 236 80 80 294015000 294015000 243432333.014583 2147881779.529474 645000000.000000 3042904.162682 2792881779.529474
2112 837 0 237 80 80 294015000 294015000 243392348.075791 2147882623.941053 645000000.000000 3042404.350947 2792882623.941053
2113 838 0 238 80 80 294015000 294015000 244713225.645084 2147872909.383110 645000000.000000 3058915.320564 2792872909.383110
2114 839 0 239 80 80 294015000 294015000 246239702.840323 2147873754.087354 645000000.000000 3077996.285504 2792873754.087354
2162 840 0 240 80 80 294015000 294015000 216017630.537581 2145746277.088482 645000000.000000 2700220.381720 2790746277.088482
2163 841 0 241 80 80 294015000 294015000 212269179.471967 2145747121.837204 645000000.000000 2653364.743400 2790747121.837204
2164 842 0 242 80 80 294015000 294015000 223278721.515484 2145745329.210176 645000000.000000 2790984.018944 2790745329.210176
2165 843 0 243 80 80 294015000 294015000 223256400.051315 2145746173.481121 645000000.000000 2790705.000641 2790746173.481121
2166 844 0 244 80 80 294015000 294015000 226183877.582444 2145176966.456239 645000000.000000 2827298.469781 2790176966.456239
2167 845 0 245 80 80 294015000 294015000 226117310.582507 2145177811.023554 645000000.000000 2826466.382281 2790177811.023554
2168 846 0 246 80 80 294015000 294015000 231431905.355049 2145176017.301044 645000000.000000 2892898.816938 2790176017.301044
2169 847 0 247 80 80 294015000 294015000 233147034.523904 2145176861.538754 645000000.000000 2914337.931549 2790176861.538754
2170 848 0 248 80 80 294015000 294015000 226512102.961932 2145186047.093178 645000000.000000 2831401.287024 2790186047.093178
2171 849 0 249 80 80 294015000 294015000 225180583.746897 2145186891.160934 645000000.000000 2814757.296836 2790186891.160934
2172 850 0 250 80 80 294015000 294015000 223976044.890934 2145185098.904910 645000000.000000 2799700.561137 2790185098.904910
2173 851 0 251 80 80 294015000 294015000 227038830.119987 2145185942.926490 645000000.000000 2837985.376500 2790185942.926490
2174 852 0 252 80 80 294015000 294015000 222856002.504504 2144443128.481381 645000000.000000 2785700.031306 2789443128.481381
2175 853 0 253 80 80 294015000 294015000 224957451.225571 2144443973.013403 645000000.000000 2811968.140320 2789443973.013403
2176 854 0 254 80 80 294015000 294015000 232569843.074222 2144442180.445430 645000000.000000 2907123.038428 2789442180.445430
2177 855 0 255 80 80 294015000 294015000 233083249.839651 2144443024.208797 645000000.000000 2913540.622996 2789443024.208797
2178 856 0 256 80 80 294015000 294015000 229446458.306617 2144452210.057559 645000000.000000 2868080.728833 2789452210.057559
2179 857 0 257 80 80 294015000 294015000 225633293.612935 2144453054.529618 645000000.000000 2820416.170162 2789453054.529618
2180 858 0 258 80 80 294015000 294015000 229592275.235562 2144451261.555709 645000000.000000 2869903.440445 2789451261.555709
2181 859 0 259 80 80 294015000 294015000 229626219.342519 2144452105.638330 645000000.000000 2870327.741781 2789452105.638330
2182 860 0 260 80 80 294015000 294015000 226896057.853168 2144428611.791344 645000000.000000 2836200.723165 2789428611.791344
2183 861 0 261 80 80 294015000 294015000 225408575.132201 2144429456.613565 645000000.000000 2817607.189153 2789429456.613565
2184 862 0 262 80 80 294015000 294015000 230123144.702495 2144427663.359550 645000000.000000 2876539.308781 2789427663.359550
2185 863 0 263 80 80 294015000 294015000 230396628.111970 2144428507.264405 645000000.000000 2879957.851400 2789428507.264405
2186 864 0 264 80 80 294015000 294015000 225863264.011237 2144437693.229291 645000000.000000 2823290.800140 2789437693.229291
2187 865 0 265 80 80 294015000 294015000 220330182.319893 2144438537.180484 645000000.000000 2754127.278999 2789438537.180484
2188 866 0 266 80 80 294015000 294015000 224730025.573888 2144436744.826256 645000000.000000 2809125.319674 2789436744.826256
2189 867 0 267 80 80 294015000 294015000 226210479.725963 2144437589.319460 645000000.000000 2827630.996575 2789437589.319460
2190 868 0 268 80 80 294015000 294015000 230944780.211150 2146946399.230017 645000000.000000 2886809.752639 2791946399.230017
2191 869 0 269 80 80 294015000 294015000 226774503.910349 2146947243.610371 645000000.000000 2834681.298879 2791947243.610371
2239 870 0 270 80 80 294015000 294015000 230942399.461548 2146931795.167645 645000000.000000 2886779.993269 2791931795.167645
2240 871 0 271 80 80 294015000 294015000 229483641.111871 2146932639.220755 645000000.000000 2868545.513898 2791932639.220755
2241 872 0 272 80 80 294015000 294015000 237219188.445188 2146621992.834178 645000000.000000 2965239.855565 2791621992.834178
2242 873 0 273 80 80 294015000 294015000 237140250.205283 2146622836.695154 645000000.000000 2964253.127566 2791622836.695154
2243 874 0 274 80 80 294015000 294015000 232531472.728974 2146613122.748669 645000000.000000 2906643.409112 2791613122.748669
2244 875 0 275 80 80 294015000 294015000 232527794.955978 2146613967.103879 645000000.000000 2906597.436950 2791613967.103879
2245 876 0 276 80 80 294015000 294015000 235282210.878133 2146657216.915500 645000000.000000 2941027.635977 2791657216.915500
2246 877 0 277 80 80 294015000 294015000 234835836.119983 2146658061.460749 645000000.000000 2935447.951500 2791658061.460749
2247 878 0 278 80 80 294015000 294015000 240436261.620847 2146648347.609632 645000000.000000 3005453.270261 2791648347.609632
2248 879 0 279 80 80 294015000 294015000 239586580.136855 2146649191.954001 645000000.000000 2994832.251711 2791649191.954001
2249 880 0 280 80 80 294015000 294015000 239796765.669531 2146642323.254876 645000000.000000 2997459.570869 2791642323.254876
2250 881 0 281 80 80 294015000 294015000 238137611.410672 2146643167.405843 645000000.000000 2976720.142633 2791643167.405843
2251 882 0 282 80 80 294015000 294015000 236047383.531302 2146633452.383913 645000000.000000 2950592.294141 2791633452.383913
2252 883 0 283 80 80 294015000 294015000 235408082.225929 2146634297.045092 645000000.000000 2942601.027824 2791634297.045092
2253 884 0 284 80 80 294015000 294015000 231819761.164625 2146610835.885657 645000000.000000 2897747.014558 2791610835.885657
2254 885 0 285 80 80 294015000 294015000 233338129.744844 2146611680.044510 645000000.000000 2916726.621811 2791611680.044510
2255 886 0 286 80 80 294015000 294015000 241212720.535163 2146601964.788745 645000000.000000 3015159.006690 2791601964.788745
2256 887 0 287 80 80 294015000 294015000 240423219.903096 2146602808.871195 645000000.000000 3005290.248789 2791602808.871195
2257 888 0 288 80 80 294015000 294015000 237624073.898904 2146606959.861422 645000000.000000 2970300.923736 2791606959.861422
2258 889 0 289 80 80 294015000 294015000 238027874.401984 2146607804.327563 645000000.000000 2975348.430025 2791607804.327563
2259 890 0 290 80 80 294015000 294015000 241448907.429151 2146598088.687989 645000000.000000 3018111.342864 2791598088.687989
2260 891 0 291 80 80 294015000 294015000 241586093.683823 2146598933.760624 645000000.000000 3019826.171048 2791598933.760624
2261 892 0 292 80 80 294015000 294015000 232278440.736642 2146631165.231122 645000000.000000 2903480.509208 2791631165.231122
2262 893 0 293 80 80 294015000 294015000 233930058.882291 2146632009.819658 645000000.000000 2924125.736029 2791632009.819658
2263 894 0 294 80 80 294015000 294015000 241278370.627773 2146622294.541582 645000000.000000 3015979.632847 2791622294.541582
2264 895 0 295 80 80 294015000 294015000 241587493.177451 2146623138.556221 645000000.000000 3019843.664718 2791623138.556221
2265 896 0 296 80 80 294015000 294015000 234557895.081281 2146616271.144650 645000000.000000 2931973.688516 2791616271.144650
2266 897 0 297 80 80 294015000 294015000 233491755.555786 2146617115.345628 645000000.000000 2918646.944447 2791617115.345628
2267 898 0 298 80 80 294015000 294015000 221632786.017333 2146607400.481561 645000000.000000 2770409.825217 2791607400.481561
2268 899 0 299 80 80 294015000 294015000 221535710.753886 2146608244.559419 645000000.000000 2769196.384424 2791608244.559419
2316 900 -1 -1 0 0 0 0 0.000000 0.000000 0.000000 -nan 0.000000
2317 901 -1 -1 0 0 0 0 0.000000 0.000000 0.000000 -nan 0.000000
2318 902 -1 -1 0 0 0 0 0.000000 0.000000 0.000000 -nan 0.000000
2319 903 -1 -1 0 0 0 0 0.000000 0.000000 0.000000 -nan 0.000000
2320 904 -1 -1 0 0 0 0 0.000000 0.000000 0.000000 -nan 0.000000
2321 905 -1 -1 0 0 0 0 0.000000 0.000000 0.000000 -nan 0.000000
2322 906 -1 -1 0 0 0 0 0.000000 0.000000 0.000000 -nan 0.000000
2323 907 -1 -1 0 0 0 0 0.000000 0.000000 0.000000 -nan 0.000000
2324 908 -1 -1 0 0 0 0 0.000000 0.000000 0.000000 -nan 0.000000
2325 909 -1 -1 0 0 0 0 0.000000 0.000000 0.000000 -nan 0.000000
2326 910 -1 -1 0 0 0 0 0.000000 0.000000 0.000000 -nan 0.000000
2327 911 -1 -1 0 0 0 0 0.000000 0.000000 0.000000 -nan 0.000000
2328 912 -1 -1 0 0 0 0 0.000000 0.000000 0.000000 -nan 0.000000
2329 913 -1 -1 0 0 0 0 0.000000 0.000000 0.000000 -nan 0.000000
2330 914 -1 -1 0 0 0 0 0.000000 0.000000 0.000000 -nan 0.000000
2331 915 -1 -1 0 0 0 0 0.000000 0.000000 0.000000 -nan 0.000000
2332 916 -1 -1 0 0 0 0 0.000000 0.000000 0.000000 -nan 0.000000
2333 917 -1 -1 0 0 0 0 0.000000 0.000000 0.000000 -nan 0.000000
2334 918 -1 -1 0 0 0 0 0.000000 0.000000 0.000000 -nan 0.000000
2335 919 -1 -1 0 0 0 0 0.000000 0.000000 0.000000 -nan 0.000000
2336 920 -1 -1 0 0 0 0 0.000000 0.000000 0.000000 -nan 0.000000
2337 921 -1 -1 0 0 0 0 0.000000 0.000000 0.000000 -nan 0.000000
2338 922 -1 -1 0 0 0 0 0.000000 0.000000 0.000000 -nan 0.000000
2339 923 -1 -1 0 0 0 0 0.000000 0.000000 0.000000 -nan 0.000000
2340 924 -1 -1 0 0 0 0 0.000000 0.000000 0.000000 -nan 0.000000
2341 925 -1 -1 0 0 0 0 0.000000 0.000000 0.000000 -nan 0.000000
2342 926 -1 -1 0 0 0 0 0.000000 0.000000 0.000000 -nan 0.000000
2343 927 -1 -1 0 0 0 0 0.000000 0.000000 0.000000 -nan 0.000000
2344 928 -1 -1 0 0 0 0 0.000000 0.000000 0.000000 -nan 0.000000
2345 929 -1 -1 0 0 0 0 0.000000 0.000000 0.000000 -nan 0.000000
2393 930 -1 -1 0 0 0 0 0.000000 0.000000 0.000000 -nan 0.000000
2394 931 -1 -1 0 0 0 0 0.000000 0.000000 0.000000 -nan 0.000000
2395 932 -1 -1 0 0 0 0 0.000000 0.000000 0.000000 -nan 0.000000
2396 933 -1 -1 0 0 0 0 0.000000 0.000000 0.000000 -nan 0.000000
2397 934 -1 -1 0 0 0 0 0.000000 0.000000 0.000000 -nan 0.000000
2398 935 -1 -1 0 0 0 0 0.000000 0.000000 0.000000 -nan 0.000000
2399 936 -1 -1 0 0 0 0 0.000000 0.000000 0.000000 -nan 0.000000
2400 937 -1 -1 0 0 0 0 0.000000 0.000000 0.000000 -nan 0.000000
2401 938 -1 -1 0 0 0 0 0.000000 0.000000 0.000000 -nan 0.000000
2402 939 -1 -1 0 0 0 0 0.000000 0.000000 0.000000 -nan 0.000000
2403 940 -1 -1 0 0 0 0 0.000000 0.000000 0.000000 -nan 0.000000
2404 941 -1 -1 0 0 0 0 0.000000 0.000000 0.000000 -nan 0.000000
2405 942 -1 -1 0 0 0 0 0.000000 0.000000 0.000000 -nan 0.000000
2406 943 -1 -1 0 0 0 0 0.000000 0.000000 0.000000 -nan 0.000000
2407 944 -1 -1 0 0 0 0 0.000000 0.000000 0.000000 -nan 0.000000
2408 945 -1 -1 0 0 0 0 0.000000 0.000000 0.000000 -nan 0.000000
2409 946 -1 -1 0 0 0 0 0.000000 0.000000 0.000000 -nan 0.000000
2410 947 -1 -1 0 0 0 0 0.000000 0.000000 0.000000 -nan 0.000000
2411 948 -1 -1 0 0 0 0 0.000000 0.000000 0.000000 -nan 0.000000
2412 949 -1 -1 0 0 0 0 0.000000 0.000000 0.000000 -nan 0.000000
2413 950 -1 -1 0 0 0 0 0.000000 0.000000 0.000000 -nan 0.000000
2414 951 -1 -1 0 0 0 0 0.000000 0.000000 0.000000 -nan 0.000000
2415 952 -1 -1 0 0 0 0 0.000000 0.000000 0.000000 -nan 0.000000
2416 953 -1 -1 0 0 0 0 0.000000 0.000000 0.000000 -nan 0.000000
2417 954 -1 -1 0 0 0 0 0.000000 0.000000 0.000000 -nan 0.000000
2418 955 -1 -1 0 0 0 0 0.000000 0.000000 0.000000 -nan 0.000000
2419 956 -1 -1 0 0 0 0 0.000000 0.000000 0.000000 -nan 0.000000
2420 957 -1 -1 0 0 0 0 0.000000 0.000000 0.000000 -nan 0.000000
2421 958 -1 -1 0 0 0 0 0.000000 0.000000 0.000000 -nan 0.000000
2422 959 -1 -1 0 0 0 0 0.000000 0.000000 0.000000 -nan 0.000000
2470 960 -1 -1 0 0 0 0 0.000000 0.000000 0.000000 -nan 0.000000
2471 961 -1 -1 0 0 0 0 0.000000 0.000000 0.000000 -nan 0.000000
2472 962 -1 -1 0 0 0 0 0.000000 0.000000 0.000000 -nan 0.000000
2473 963 -1 -1 0 0 0 0 0.000000 0.000000 0.000000 -nan 0.000000
2474 964 -1 -1 0 0 0 0 0.000000 0.000000 0.000000 -nan 0.000000
2475 965 -1 -1 0 0 0 0 0.000000 0.000000 0.000000 -nan 0.000000
2476 966 -1 -1 0 0 0 0 0.000000 0.000000 0.000000 -nan 0.000000
2477 967 -1 -1 0 0 0 0 0.000000 0.000000 0.000000 -nan 0.000000
2478 968 -1 -1 0 0 0 0 0.000000 0.000000 0.000000 -nan 0.000000
2479 969 -1 -1 0 0 0 0 0.000000 0.000000 0.000000 -nan 0.000000
2480 970 -1 -1 0 0 0 0 0.000000 0.000000 0.000000 -nan 0.000000
2481 971 -1 -1 0 0 0 0 0.000000 0.000000 0.000000 -nan 0.000000
2482 972 -1 -1 0 0 0 0 0.000000 0.000000 0.000000 -nan 0.000000
2483 973 -1 -1 0 0 0 0 0.000000 0.000000 0.000000 -nan 0.000000
2484 974 -1 -1 0 0 0 0 0.000000 0.000000 0.000000 -nan 0.000000
2485 975 -1 -1 0 0 0 0 0.000000 0.000000 0.000000 -nan 0.000000
2486 976 -1 -1 0 0 0 0 0.000000 0.000000 0.000000 -nan 0.000000
2487 977 -1 -1 0 0 0 0 0.000000 0.000000 0.000000 -nan 0.000000
2488 978 -1 -1 0 0 0 0 0.000000 0.000000 0.000000 -nan 0.000000
2489 979 -1 -1 0 0 0 0 0.000000 0.000000 0.000000 -nan 0.000000
2490 980 -1 -1 0 0 0 0 0.000000 0.000000 0.000000 -nan 0.000000
2491 981 -1 -1 0 0 0 0 0.000000 0.000000 0.000000 -nan 0.000000
2492 982 -1 -1 0 0 0 0 0.000000 0.000000 0.000000 -nan 0.000000
2493 983 -1 -1 0 0 0 0 0.000000 0.000000 0.000000 -nan 0.000000
2494 984 -1 -1 0 0 0 0 0.000000 0.000000 0.000000 -nan 0.000000
2495 985 -1 -1 0 0 0 0 0.000000 0.000000 0.000000 -nan 0.000000
2496 986 -1 -1 0 0 0 0 0.000000 0.000000 0.000000 -nan 0.000000
2497 987 -1 -1 0 0 0 0 0.000000 0.000000 0.000000 -nan 0.000000
2498 988 -1 -1 0 0 0 0 0.000000 0.000000 0.000000 -nan 0.000000
2499 989 -1 -1 0 0 0 0 0.000000 0.000000 0.000000 -nan 0.000000