# Format <LP id> <Workload type> <client id> <Bytes written> <Bytes read> <Synthetic data Received> <Time to write bytes > <Total elapsed time>
6 conceptual-cosmo 0 41943040 0 0 954074020.298698 3583757065.573582
7 conceptual-cosmo 1 41943040 0 0 928302169.111235 3583757065.573582
8 conceptual-checkpoint 2 166666666 0 0 2504380389.690092 3583757065.573582
9 conceptual-checkpoint 3 166666666 0 0 2496485766.856227 3583757065.573582
10 conceptual-checkpoint 4 166666666 0 0 2501748848.853177 3583757065.573582
11 conceptual-cosmo 5 41943040 0 0 945223017.265041 3583757065.573582
12 nekbone 6 0 0 0 0.000000 3583757065.573582
13 conceptual-checkpoint 7 166666666 0 0 2493854226.394510 3583757065.573582
14 conceptual-checkpoint 8 166666666 0 0 2499117308.070127 3583757065.573582
15 conceptual-cosmo 9 41943040 0 0 916737318.742215 3583757065.573582
16 nekbone 10 0 0 0 0.000000 3583757065.573582
17 conceptual-checkpoint 11 166666666 0 0 2491222686.078757 3583757065.573582
18 conceptual-cosmo 12 41943040 0 0 936662455.042465 3583757065.573582
19 nekbone 13 0 0 0 0.000000 3583757065.573582
20 nekbone 14 0 0 0 0.000000 3583757065.573582
21 conceptual-checkpoint 15 166666666 0 0 2153629737.208773 3583757065.573582
22 conceptual-cosmo 16 41943040 0 0 986902607.700944 3583757065.573582
23 conceptual-cosmo 17 41943040 0 0 956235934.504376 3583757065.573582
24 nekbone 18 0 0 0 0.000000 3583757065.573582
25 conceptual-checkpoint 19 166666666 0 0 2148310884.916418 3583757065.573582
26 conceptual-cosmo 20 41943040 0 0 943837457.383007 3583757065.573582
27 conceptual-checkpoint 21 166666666 0 0 2164454752.330209 3583757065.573582
28 conceptual-checkpoint 22 166666666 0 0 2161823212.031933 3583757065.573582
29 conceptual-checkpoint 23 166666666 0 0 2167086293.500010 3583757065.573582
30 nekbone 24 0 0 0 0.000000 3583757065.573582
31 conceptual-cosmo 25 41943040 0 0 1005109357.112840 3583757065.573582
32 conceptual-cosmo 26 41943040 0 0 1027560920.231592 3583757065.573582
33 conceptual-cosmo 27 41943040 0 0 1021842078.530954 3583757065.573582
34 conceptual-cosmo 28 41943040 0 0 911587088.709024 3583757065.573582
35 conceptual-cosmo 29 41943040 0 0 978044137.437893 3583757065.573582
83 conceptual-checkpoint 30 166666666 0 0 3192526032.331038 3583757065.573582
84 conceptual-checkpoint 31 166666666 0 0 3195157572.568343 3583757065.573582
85 conceptual-cosmo 32 41943040 0 0 1149221213.548896 3583757065.573582
86 conceptual-cosmo 33 41943040 0 0 1128156067.151157 3583757065.573582
87 nekbone 34 0 0 0 0.000000 3583757065.573582
88 conceptual-cosmo 35 41943040 0 0 1127113252.169699 3583757065.573582
89 conceptual-checkpoint 36 166666666 0 0 3197789113.398174 3583757065.573582
90 conceptual-checkpoint 37 166666666 0 0 3189894491.565485 3583757065.573582
91 nekbone 38 0 0 0 0.000000 3583757065.573582
92 conceptual-checkpoint 39 166666666 0 0 3187262950.447193 3583757065.573582
93 conceptual-checkpoint 40 166666666 0 0 3181756787.669580 3583757065.573582
94 nekbone 41 0 0 0 0.000000 3583757065.573582
95 conceptual-checkpoint 42 166666666 0 0 3203052194.745437 3583757065.573582
96 conceptual-cosmo 43 41943040 0 0 1156305725.504669 3583757065.573582
97 conceptual-checkpoint 44 166666666 0 0 3200420653.957434 3583757065.573582
98 conceptual-checkpoint 45 166666666 0 0 2195214386.095232 3583757065.573582
99 nekbone 46 0 0 0 0.000000 3583757065.573582
100 conceptual-checkpoint 47 166666666 0 0 2187132452.473122 3583757065.573582
101 conceptual-checkpoint 48 166666666 0 0 2189951304.383186 3583757065.573582
102 conceptual-checkpoint 49 166666666 0 0 2192582845.214955 3583757065.573582
103 conceptual-checkpoint 50 166666666 0 0 2170689732.502154 3583757065.573582
104 nekbone 51 0 0 0 0.000000 3583757065.573582
105 nekbone 52 0 0 0 0.000000 3583757065.573582
106 conceptual-cosmo 53 41943040 0 0 710355126.774446 3583757065.573582
107 nekbone 54 0 0 0 0.000000 3583757065.573582
108 nekbone 55 0 0 0 0.000000 3583757065.573582
109 conceptual-checkpoint 56 166666666 0 0 2168058192.312592 3583757065.573582
110 conceptual-cosmo 57 41943040 0 0 701857902.501807 3583757065.573582
111 nekbone 58 0 0 0 0.000000 3583757065.573582
112 nekbone 59 0 0 0 0.000000 3583757065.573582
160 conceptual-cosmo 60 41943040 0 0 989399312.106844 3583757065.573582
161 conceptual-checkpoint 61 166666666 0 0 2530349065.571212 3583757065.573582
162 nekbone 62 0 0 0 0.000000 3583757065.573582
163 nekbone 63 0 0 0 0.000000 3583757065.573582
164 conceptual-checkpoint 64 166666666 0 0 2549124473.074513 3583757065.573582
165 conceptual-cosmo 65 41943040 0 0 996097795.138684 3583757065.573582
166 conceptual-cosmo 66 41943040 0 0 982843406.334128 3583757065.573582
167 conceptual-checkpoint 67 166666666 0 0 2551756013.403903 3583757065.573582
168 conceptual-cosmo 68 41943040 0 0 968765728.276768 3583757065.573582
169 nekbone 69 0 0 0 0.000000 3583757065.573582
170 conceptual-checkpoint 70 166666666 0 0 2546492932.214046 3583757065.573582
171 conceptual-checkpoint 71 166666666 0 0 2543861391.363667 3583757065.573582
172 conceptual-checkpoint 72 166666666 0 0 2532980605.847182 3583757065.573582
173 nekbone 73 0 0 0 0.000000 3583757065.573582
174 conceptual-cosmo 74 41943040 0 0 962232545.041404 3583757065.573582
175 nekbone 75 0 0 0 0.000000 3583757065.573582
176 conceptual-cosmo 76 41943040 0 0 707676583.374022 3583757065.573582
177 conceptual-cosmo 77 41943040 0 0 719667873.003509 3583757065.573582
178 nekbone 78 0 0 0 0.000000 3583757065.573582
179 conceptual-cosmo 79 41943040 0 0 698213937.206690 3583757065.573582
180 conceptual-checkpoint 80 166666666 0 0 1829799437.143207 3583757065.573582
181 conceptual-checkpoint 81 166666666 0 0 1832430977.263620 3583757065.573582
182 conceptual-checkpoint 82 166666666 0 0 1827167896.481053 3583757065.573582
183 conceptual-checkpoint 83 166666666 0 0 1835062518.519882 3583757065.573582
184 conceptual-checkpoint 84 166666666 0 0 1808037865.351619 3583757065.573582
185 nekbone 85 0 0 0 0.000000 3583757065.573582
186 nekbone 86 0 0 0 0.000000 3583757065.573582
187 conceptual-cosmo 87 41943040 0 0 704537442.202209 3583757065.573582
188 conceptual-cosmo 88 41943040 0 0 623359299.034317 3583757065.573582
189 nekbone 89 0 0 0 0.000000 3583757065.573582
237 conceptual-checkpoint 90 166666666 0 0 1053764253.277094 3583757065.573582
238 nekbone 91 0 0 0 0.000000 3583757065.573582
239 conceptual-cosmo 92 41943040 0 0 310477929.905327 3583757065.573582
240 conceptual-cosmo 93 41943040 0 0 368242080.867434 3583757065.573582
241 nekbone 94 0 0 0 0.000000 3583757065.573582
242 conceptual-cosmo 95 41943040 0 0 350902342.305736 3583757065.573582
243 nekbone 96 0 0 0 0.000000 3583757065.573582
244 nekbone 97 0 0 0 0.000000 3583757065.573582
245 conceptual-checkpoint 98 166666666 0 0 1056395794.338629 3583757065.573582
246 nekbone 99 0 0 0 0.000000 3583757065.573582
247 nekbone 100 0 0 0 0.000000 3583757065.573582
248 nekbone 101 0 0 0 0.000000 3583757065.573582
249 conceptual-cosmo 102 41943040 0 0 343112709.541959 3583757065.573582
250 nekbone 103 0 0 0 0.000000 3583757065.573582
251 conceptual-checkpoint 104 166666666 0 0 1059027334.512362 3583757065.573582
252 nekbone 105 0 0 0 0.000000 3583757065.573582
253 nekbone 106 0 0 0 0.000000 3583757065.573582
254 nekbone 107 0 0 0 0.000000 3583757065.573582
255 conceptual-checkpoint 108 166666666 0 0 2401232898.598052 3583757065.573582
256 conceptual-checkpoint 109 166666666 0 0 2403864438.757013 3583757065.573582
257 conceptual-cosmo 110 41943040 0 0 756475756.512250 3583757065.573582
258 conceptual-checkpoint 111 166666666 0 0 2385089031.188561 3583757065.573582
259 nekbone 112 0 0 0 0.000000 3583757065.573582
260 nekbone 113 0 0 0 0.000000 3583757065.573582
261 conceptual-checkpoint 114 166666666 0 0 2398601357.490670 3583757065.573582
262 conceptual-cosmo 115 41943040 0 0 762406234.746543 3583757065.573582
263 nekbone 116 0 0 0 0.000000 3583757065.573582
264 conceptual-checkpoint 117 166666666 0 0 2395969817.143606 3583757065.573582
265 conceptual-checkpoint 118 166666666 0 0 2366201232.589984 3583757065.573582
266 conceptual-checkpoint 119 166666666 0 0 2368832773.536078 3583757065.573582
314 nekbone 120 0 0 0 0.000000 3583757065.573582
315 conceptual-checkpoint 121 166666666 0 0 1383620770.788938 3583757065.573582
316 nekbone 122 0 0 0 0.000000 3583757065.573582
317 nekbone 123 0 0 0 0.000000 3583757065.573582
318 nekbone 124 0 0 0 0.000000 3583757065.573582
319 conceptual-checkpoint 125 166666666 0 0 1380989229.805036 3583757065.573582
320 nekbone 126 0 0 0 0.000000 3583757065.573582
321 conceptual-cosmo 127 41943040 0 0 461703633.566518 3583757065.573582
322 conceptual-cosmo 128 41943040 0 0 462919689.933794 3583757065.573582
323 conceptual-cosmo 129 41943040 0 0 476341097.232799 3583757065.573582
324 conceptual-checkpoint 130 166666666 0 0 1417123914.138957 3583757065.573582
325 conceptual-checkpoint 131 166666666 0 0 1419755455.010530 3583757065.573582
326 conceptual-cosmo 132 41943040 0 0 451935338.231573 3583757065.573582
327 nekbone 133 0 0 0 0.000000 3583757065.573582
328 nekbone 134 0 0 0 0.000000 3583757065.573582
329 nekbone 135 0 0 0 0.000000 3583757065.573582
330 conceptual-checkpoint 136 166666666 0 0 2337608161.111535 3583757065.573582
331 conceptual-cosmo 137 41943040 0 0 829587272.744413 3583757065.573582
332 conceptual-checkpoint 138 166666666 0 0 2340239701.715327 3583757065.573582
333 conceptual-checkpoint 139 166666666 0 0 2342871242.129191 3583757065.573582
334 conceptual-checkpoint 140 166666666 0 0 2318589670.749863 3583757065.573582
335 nekbone 141 0 0 0 0.000000 3583757065.573582
336 conceptual-cosmo 142 41943040 0 0 821557872.394214 3583757065.573582
337 nekbone 143 0 0 0 0.000000 3583757065.573582
338 conceptual-cosmo 144 41943040 0 0 855843085.780419 3583757065.573582
339 nekbone 145 0 0 0 0.000000 3583757065.573582
340 conceptual-checkpoint 146 166666666 0 0 2334976619.741145 3583757065.573582
341 conceptual-checkpoint 147 166666666 0 0 2332345078.788265 3583757065.573582
342 conceptual-cosmo 148 41943040 0 0 806774228.416457 3583757065.573582
343 nekbone 149 0 0 0 0.000000 3583757065.573582
391 conceptual-cosmo 150 41943040 0 0 650552948.074830 3583757065.573582
392 conceptual-checkpoint 151 166666666 0 0 1621541607.742287 3583757065.573582
393 nekbone 152 0 0 0 0.000000 3583757065.573582
394 conceptual-checkpoint 153 166666666 0 0 1618910066.800643 3583757065.573582
395 conceptual-cosmo 154 41943040 0 0 650338682.046091 3583757065.573582
396 nekbone 155 0 0 0 0.000000 3583757065.573582
397 nekbone 156 0 0 0 0.000000 3583757065.573582
398 conceptual-cosmo 157 41943040 0 0 663260396.236706 3583757065.573582
399 conceptual-checkpoint 158 166666666 0 0 1613646984.986512 3583757065.573582
400 nekbone 159 0 0 0 0.000000 3583757065.573582
401 conceptual-checkpoint 160 166666666 0 0 1616278526.406175 3583757065.573582
402 nekbone 161 0 0 0 0.000000 3583757065.573582
403 conceptual-cosmo 162 41943040 0 0 694256979.594432 3583757065.573582
404 conceptual-cosmo 163 41943040 0 0 686432975.827483 3583757065.573582
405 nekbone 164 0 0 0 0.000000 3583757065.573582
406 nekbone 165 0 0 0 0.000000 3583757065.573582
407 nekbone 166 0 0 0 0.000000 3583757065.573582
408 nekbone 167 0 0 0 0.000000 3583757065.573582
409 conceptual-cosmo 168 41943040 0 0 872064227.000252 3583757065.573582
410 conceptual-checkpoint 169 166666666 0 0 2281473951.685669 3583757065.573582
411 conceptual-cosmo 170 41943040 0 0 887940638.686074 3583757065.573582
412 nekbone 171 0 0 0 0.000000 3583757065.573582
413 conceptual-checkpoint 172 166666666 0 0 2297617819.358122 3583757065.573582
414 conceptual-checkpoint 173 166666666 0 0 2300249360.023424 3583757065.573582
415 conceptual-cosmo 174 41943040 0 0 870380201.597846 3583757065.573582
416 conceptual-cosmo 175 41943040 0 0 894881681.080530 3583757065.573582
417 conceptual-checkpoint 176 166666666 0 0 2292354737.560400 3583757065.573582
418 conceptual-checkpoint 177 166666666 0 0 2294986277.928697 3583757065.573582
419 conceptual-checkpoint 178 166666666 0 0 2265217693.261424 3583757065.573582
420 nekbone 179 0 0 0 0.000000 3583757065.573582
468 conceptual-cosmo 180 41943040 0 0 532139618.815639 3583757065.573582
469 conceptual-cosmo 181 41943040 0 0 497458562.810769 3583757065.573582
470 conceptual-cosmo 182 41943040 0 0 526976222.713297 3583757065.573582
471 conceptual-cosmo 183 41943040 0 0 585662575.285178 3583757065.573582
472 nekbone 184 0 0 0 0.000000 3583757065.573582
473 conceptual-checkpoint 185 166666666 0 0 621984907.669745 3583757065.573582
474 conceptual-cosmo 186 41943040 0 0 501787333.590013 3583757065.573582
475 conceptual-cosmo 187 41943040 0 0 508654634.003847 3583757065.573582
476 nekbone 188 0 0 0 0.000000 3583757065.573582
477 nekbone 189 0 0 0 0.000000 3583757065.573582
478 nekbone 190 0 0 0 0.000000 3583757065.573582
479 nekbone 191 0 0 0 0.000000 3583757065.573582
480 nekbone 192 0 0 0 0.000000 3583757065.573582
481 conceptual-cosmo 193 41943040 0 0 468254775.604800 3583757065.573582
482 conceptual-checkpoint 194 166666666 0 0 624803759.435758 3583757065.573582
483 conceptual-checkpoint 195 166666666 0 0 1900814593.475908 3583757065.573582
484 nekbone 196 0 0 0 0.000000 3583757065.573582
485 nekbone 197 0 0 0 0.000000 3583757065.573582
486 conceptual-cosmo 198 41943040 0 0 701772803.868990 3583757065.573582
487 conceptual-checkpoint 199 166666666 0 0 1873743352.239305 3583757065.573582
488 conceptual-checkpoint 200 166666666 0 0 1876374893.647747 3583757065.573582
489 conceptual-cosmo 201 41943040 0 0 701657354.369096 3583757065.573582
490 nekbone 202 0 0 0 0.000000 3583757065.573582
491 conceptual-cosmo 203 41943040 0 0 689717410.157719 3583757065.573582
492 conceptual-cosmo 204 41943040 0 0 670751410.290141 3583757065.573582
493 nekbone 205 0 0 0 0.000000 3583757065.573582
494 conceptual-checkpoint 206 166666666 0 0 1906077675.211124 3583757065.573582
495 conceptual-checkpoint 207 166666666 0 0 1903446134.502854 3583757065.573582
496 conceptual-cosmo 208 41943040 0 0 688725668.900127 3583757065.573582
497 conceptual-cosmo 209 41943040 0 0 678420320.865756 3583757065.573582
545 conceptual-cosmo 210 41943040 0 0 530705352.182480 3583757065.573582
546 nekbone 211 0 0 0 0.000000 3583757065.573582
547 conceptual-cosmo 212 41943040 0 0 551254089.345232 3583757065.573582
548 conceptual-checkpoint 213 166666666 0 0 1132169257.047902 3583757065.573582
549 conceptual-cosmo 214 41943040 0 0 547726939.121047 3583757065.573582
550 conceptual-cosmo 215 41943040 0 0 522461358.199585 3583757065.573582
551 nekbone 216 0 0 0 0.000000 3583757065.573582
552 conceptual-checkpoint 217 166666666 0 0 1137432338.304631 3583757065.573582
553 nekbone 218 0 0 0 0.000000 3583757065.573582
554 nekbone 219 0 0 0 0.000000 3583757065.573582
555 conceptual-checkpoint 220 166666666 0 0 1134800798.490334 3583757065.573582
556 conceptual-cosmo 221 41943040 0 0 443358890.331091 3583757065.573582
557 nekbone 222 0 0 0 0.000000 3583757065.573582
558 nekbone 223 0 0 0 0.000000 3583757065.573582
559 conceptual-cosmo 224 41943040 0 0 415822287.672783 3583757065.573582
560 conceptual-checkpoint 225 166666666 0 0 1838422971.103807 3583757065.573582
561 conceptual-cosmo 226 41943040 0 0 722758606.757420 3583757065.573582
562 conceptual-cosmo 227 41943040 0 0 727865240.614994 3583757065.573582
563 nekbone 228 0 0 0 0.000000 3583757065.573582
564 conceptual-cosmo 229 41943040 0 0 704088651.631483 3583757065.573582
565 conceptual-checkpoint 230 166666666 0 0 1849192216.164578 3583757065.573582
566 conceptual-checkpoint 231 166666666 0 0 1846560675.515349 3583757065.573582
567 conceptual-cosmo 232 41943040 0 0 679253476.122439 3583757065.573582
568 nekbone 233 0 0 0 0.000000 3583757065.573582
569 nekbone 234 0 0 0 0.000000 3583757065.573582
570 nekbone 235 0 0 0 0.000000 3583757065.573582
571 conceptual-checkpoint 236 166666666 0 0 1841054512.362524 3583757065.573582
572 conceptual-cosmo 237 41943040 0 0 714657638.516384 3583757065.573582
573 conceptual-cosmo 238 41943040 0 0 637113198.311402 3583757065.573582
574 conceptual-checkpoint 239 166666666 0 0 1824666713.438021 3583757065.573582
622 nekbone 240 0 0 0 0.000000 3583757065.573582
623 conceptual-cosmo 241 41943040 0 0 872706960.059390 3583757065.573582
624 nekbone 242 0 0 0 0.000000 3583757065.573582
625 conceptual-checkpoint 243 166666666 0 0 2107914647.134565 3583757065.573582
626 conceptual-cosmo 244 41943040 0 0 854495805.850462 3583757065.573582
627 conceptual-cosmo 245 41943040 0 0 886559673.461817 3583757065.573582
628 conceptual-checkpoint 246 166666666 0 0 2110546187.979898 3583757065.573582
629 conceptual-cosmo 247 41943040 0 0 911840548.539477 3583757065.573582
630 nekbone 248 0 0 0 0.000000 3583757065.573582
631 conceptual-checkpoint 249 166666666 0 0 2118683891.669245 3583757065.573582
632 conceptual-cosmo 250 41943040 0 0 832711765.618695 3583757065.573582
633 conceptual-checkpoint 251 166666666 0 0 2121315432.628397 3583757065.573582
634 nekbone 252 0 0 0 0.000000 3583757065.573582
635 conceptual-cosmo 253 41943040 0 0 905013034.313301 3583757065.573582
636 conceptual-checkpoint 254 166666666 0 0 2113177728.619433 3583757065.573582
637 conceptual-cosmo 255 41943040 0 0 415939186.516156 3583757065.573582
638 nekbone 256 0 0 0 0.000000 3583757065.573582
639 conceptual-cosmo 257 41943040 0 0 469112232.846647 3583757065.573582
640 conceptual-checkpoint 258 166666666 0 0 689175325.134971 3583757065.573582
641 conceptual-cosmo 259 41943040 0 0 484377088.393115 3583757065.573582
642 conceptual-checkpoint 260 166666666 0 0 692181487.772636 3583757065.573582
643 nekbone 261 0 0 0 0.000000 3583757065.573582
644 conceptual-cosmo 262 41943040 0 0 519830407.835290 3583757065.573582
645 conceptual-cosmo 263 41943040 0 0 529895175.436043 3583757065.573582
646 nekbone 264 0 0 0 0.000000 3583757065.573582
647 nekbone 265 0 0 0 0.000000 3583757065.573582
648 conceptual-cosmo 266 41943040 0 0 495168323.105114 3583757065.573582
649 nekbone 267 0 0 0 0.000000 3583757065.573582
650 conceptual-cosmo 268 41943040 0 0 429744663.857864 3583757065.573582
651 nekbone 269 0 0 0 0.000000 3583757065.573582
699 conceptual-cosmo 270 41943040 0 0 633665390.202977 3583757065.573582
700 conceptual-cosmo 271 41943040 0 0 659910297.855725 3583757065.573582
701 conceptual-cosmo 272 41943040 0 0 655873124.624929 3583757065.573582
702 conceptual-cosmo 273 41943040 0 0 645060570.656858 3583757065.573582
703 conceptual-checkpoint 274 166666666 0 0 1499632358.655661 3583757065.573582
704 nekbone 275 0 0 0 0.000000 3583757065.573582
705 nekbone 276 0 0 0 0.000000 3583757065.573582
706 nekbone 277 0 0 0 0.000000 3583757065.573582
707 conceptual-cosmo 278 41943040 0 0 597793133.828840 3583757065.573582
708 conceptual-checkpoint 279 166666666 0 0 1507825833.672630 3583757065.573582
709 conceptual-checkpoint 280 166666666 0 0 1513088914.426833 3583757065.573582
710 conceptual-checkpoint 281 166666666 0 0 1510457373.549402 3583757065.573582
711 nekbone 282 0 0 0 0.000000 3583757065.573582
712 conceptual-cosmo 283 41943040 0 0 607083683.915654 3583757065.573582
713 nekbone 284 0 0 0 0.000000 3583757065.573582
714 conceptual-checkpoint 285 166666666 0 0 1666163334.998519 3583757065.573582
715 conceptual-checkpoint 286 166666666 0 0 1663344482.635603 3583757065.573582
716 conceptual-cosmo 287 41943040 0 0 728746792.443213 3583757065.573582
717 conceptual-cosmo 288 41943040 0 0 766312043.126063 3583757065.573582
718 conceptual-cosmo 289 41943040 0 0 763079382.244683 3583757065.573582
719 nekbone 290 0 0 0 0.000000 3583757065.573582
720 conceptual-checkpoint 291 166666666 0 0 1671669497.600851 3583757065.573582
721 conceptual-cosmo 292 41943040 0 0 683386427.302906 3583757065.573582
722 conceptual-checkpoint 293 166666666 0 0 1674301038.463157 3583757065.573582
723 conceptual-cosmo 294 41943040 0 0 754218900.264239 3583757065.573582
724 nekbone 295 0 0 0 0.000000 3583757065.573582
725 conceptual-cosmo 296 41943040 0 0 729630761.649604 3583757065.573582
726 nekbone 297 0 0 0 0.000000 3583757065.573582
727 nekbone 298 0 0 0 0.000000 3583757065.573582
728 conceptual-cosmo 299 41943040 0 0 650020746.256593 3583757065.573582
776 nekbone 300 0 0 0 0.000000 3583757065.573582
777 conceptual-checkpoint 301 166666666 0 0 2423832639.449325 3583757065.573582
778 conceptual-cosmo 302 41943040 0 0 831925289.993943 3583757065.573582
779 conceptual-checkpoint 303 166666666 0 0 2429095721.226896 3583757065.573582
780 conceptual-cosmo 304 41943040 0 0 835732155.202876 3583757065.573582
781 conceptual-checkpoint 305 166666666 0 0 2426464179.960566 3583757065.573582
782 conceptual-checkpoint 306 166666666 0 0 2421201098.836762 3583757065.573582
783 nekbone 307 0 0 0 0.000000 3583757065.573582
784 nekbone 308 0 0 0 0.000000 3583757065.573582
785 conceptual-checkpoint 309 166666666 0 0 2407688771.640657 3583757065.573582
786 nekbone 310 0 0 0 0.000000 3583757065.573582
787 conceptual-cosmo 311 41943040 0 0 826570303.037014 3583757065.573582
788 conceptual-checkpoint 312 166666666 0 0 2410320312.773349 3583757065.573582
789 nekbone 313 0 0 0 0.000000 3583757065.573582
790 nekbone 314 0 0 0 0.000000 3583757065.573582
791 nekbone 315 0 0 0 0.000000 3583757065.573582
792 nekbone 316 0 0 0 0.000000 3583757065.573582
793 nekbone 317 0 0 0 0.000000 3583757065.573582
794 conceptual-checkpoint 318 166666666 0 0 1701802933.455240 3583757065.573582
795 conceptual-cosmo 319 41943040 0 0 615753915.674617 3583757065.573582
796 conceptual-cosmo 320 41943040 0 0 631321636.534481 3583757065.573582
797 conceptual-checkpoint 321 166666666 0 0 1699171392.372623 3583757065.573582
798 conceptual-cosmo 322 41943040 0 0 621779023.141279 3583757065.573582
799 nekbone 323 0 0 0 0.000000 3583757065.573582
800 conceptual-checkpoint 324 166666666 0 0 1709940637.336764 3583757065.573582
801 nekbone 325 0 0 0 0.000000 3583757065.573582
802 conceptual-cosmo 326 41943040 0 0 602683856.727426 3583757065.573582
803 conceptual-checkpoint 327 166666666 0 0 1707309096.275045 3583757065.573582
804 conceptual-cosmo 328 41943040 0 0 537893127.643146 3583757065.573582
805 conceptual-checkpoint 329 166666666 0 0 1685415135.211627 3583757065.573582
853 nekbone 330 0 0 0 0.000000 3583757065.573582
854 conceptual-checkpoint 331 166666666 0 0 541541120.501605 3583757065.573582
855 conceptual-checkpoint 332 166666666 0 0 544172660.298846 3583757065.573582
856 nekbone 333 0 0 0 0.000000 3583757065.573582
857 nekbone 334 0 0 0 0.000000 3583757065.573582
858 nekbone 335 0 0 0 0.000000 3583757065.573582
859 nekbone 336 0 0 0 0.000000 3583757065.573582
860 nekbone 337 0 0 0 0.000000 3583757065.573582
861 nekbone 338 0 0 0 0.000000 3583757065.573582
862 conceptual-cosmo 339 41943040 0 0 187229850.417819 3583757065.573582
863 nekbone 340 0 0 0 0.000000 3583757065.573582
864 conceptual-cosmo 341 41943040 0 0 166293345.044566 3583757065.573582
865 conceptual-cosmo 342 41943040 0 0 199076480.105338 3583757065.573582
866 nekbone 343 0 0 0 0.000000 3583757065.573582
867 conceptual-cosmo 344 41943040 0 0 190533640.133890 3583757065.573582
868 conceptual-checkpoint 345 166666666 0 0 2888682703.326210 3583757065.573582
869 nekbone 346 0 0 0 0.000000 3583757065.573582
870 conceptual-checkpoint 347 166666666 0 0 2902195029.709976 3583757065.573582
871 conceptual-checkpoint 348 166666666 0 0 2904826570.636933 3583757065.573582
872 conceptual-cosmo 349 41943040 0 0 879856332.153317 3583757065.573582
873 conceptual-checkpoint 350 166666666 0 0 2907458111.167652 3583757065.573582
874 nekbone 351 0 0 0 0.000000 3583757065.573582
875 conceptual-checkpoint 352 166666666 0 0 2910089652.132162 3583757065.573582
876 nekbone 353 0 0 0 0.000000 3583757065.573582
877 nekbone 354 0 0 0 0.000000 3583757065.573582
878 conceptual-cosmo 355 41943040 0 0 897030694.750870 3583757065.573582
879 nekbone 356 0 0 0 0.000000 3583757065.573582
880 conceptual-checkpoint 357 166666666 0 0 2891314243.901829 3583757065.573582
881 conceptual-checkpoint 358 166666666 0 0 2869420282.208292 3583757065.573582
882 conceptual-checkpoint 359 166666666 0 0 2872051823.294732 3583757065.573582
930 nekbone 360 0 0 0 0.000000 3583757065.573582
931 nekbone 361 0 0 0 0.000000 3583757065.573582
932 conceptual-cosmo 362 41943040 0 0 596104021.444762 3583757065.573582
933 nekbone 363 0 0 0 0.000000 3583757065.573582
934 conceptual-cosmo 364 41943040 0 0 615775758.793321 3583757065.573582
935 conceptual-checkpoint 365 166666666 0 0 1164794401.285702 3583757065.573582
936 nekbone 366 0 0 0 0.000000 3583757065.573582
937 conceptual-cosmo 367 41943040 0 0 568871054.598829 3583757065.573582
938 nekbone 368 0 0 0 0.000000 3583757065.573582
939 nekbone 369 0 0 0 0.000000 3583757065.573582
940 conceptual-checkpoint 370 166666666 0 0 1167425942.321209 3583757065.573582
941 conceptual-cosmo 371 41943040 0 0 581245060.257834 3583757065.573582
942 conceptual-cosmo 372 41943040 0 0 586603010.025740 3583757065.573582
943 conceptual-checkpoint 373 166666666 0 0 1162162861.011311 3583757065.573582
944 conceptual-cosmo 374 41943040 0 0 598535182.145010 3583757065.573582
945 nekbone 375 0 0 0 0.000000 3583757065.573582
946 conceptual-checkpoint 376 166666666 0 0 2787545527.780654 3583757065.573582
947 conceptual-cosmo 377 41943040 0 0 1061601150.504961 3583757065.573582
948 conceptual-checkpoint 378 166666666 0 0 2782282446.278941 3583757065.573582
949 conceptual-cosmo 379 41943040 0 0 1065885024.557000 3583757065.573582
950 conceptual-cosmo 380 41943040 0 0 1051723196.483757 3583757065.573582
951 conceptual-checkpoint 381 166666666 0 0 2779650905.615505 3583757065.573582
952 conceptual-cosmo 382 41943040 0 0 1072375919.796754 3583757065.573582
953 conceptual-checkpoint 383 166666666 0 0 2784913987.455891 3583757065.573582
954 nekbone 384 0 0 0 0.000000 3583757065.573582
955 nekbone 385 0 0 0 0.000000 3583757065.573582
956 conceptual-checkpoint 386 166666666 0 0 2790177068.826843 3583757065.573582
957 conceptual-checkpoint 387 166666666 0 0 2792808609.489366 3583757065.573582
958 conceptual-checkpoint 388 166666666 0 0 2749770780.312169 3583757065.573582
959 conceptual-cosmo 389 41943040 0 0 969752026.229788 3583757065.573582
1007 conceptual-cosmo 390 41943040 0 0 1076956924.963482 3583757065.573582
1008 conceptual-checkpoint 391 166666666 0 0 3129124250.063106 3583757065.573582
1009 nekbone 392 0 0 0 0.000000 3583757065.573582
1010 conceptual-cosmo 393 41943040 0 0 1095960119.965762 3583757065.573582
1011 conceptual-checkpoint 394 166666666 0 0 3150961592.315024 3583757065.573582
1012 nekbone 395 0 0 0 0.000000 3583757065.573582
1013 conceptual-checkpoint 396 166666666 0 0 3145511199.302493 3583757065.573582
1014 nekbone 397 0 0 0 0.000000 3583757065.573582
1015 conceptual-checkpoint 398 166666666 0 0 3159043526.233939 3583757065.573582
1016 conceptual-checkpoint 399 166666666 0 0 3156411984.697300 3583757065.573582
1017 conceptual-checkpoint 400 166666666 0 0 3153780444.353591 3583757065.573582
1018 conceptual-cosmo 401 41943040 0 0 1073903582.183873 3583757065.573582
1019 conceptual-checkpoint 402 166666666 0 0 3142879658.684669 3583757065.573582
1020 nekbone 403 0 0 0 0.000000 3583757065.573582
1021 conceptual-checkpoint 404 166666666 0 0 3148330051.713480 3583757065.573582
1022 nekbone 405 0 0 0 0.000000 3583757065.573582
1023 conceptual-checkpoint 406 166666666 0 0 1694171393.209988 3583757065.573582
1024 nekbone 407 0 0 0 0.000000 3583757065.573582
1025 nekbone 408 0 0 0 0.000000 3583757065.573582
1026 conceptual-cosmo 409 41943040 0 0 626699055.174047 3583757065.573582
1027 conceptual-cosmo 410 41943040 0 0 619469035.357977 3583757065.573582
1028 conceptual-checkpoint 411 166666666 0 0 1696802933.218768 3583757065.573582
1029 nekbone 412 0 0 0 0.000000 3583757065.573582
1030 conceptual-cosmo 413 41943040 0 0 637888832.447259 3583757065.573582
1031 conceptual-cosmo 414 41943040 0 0 601089872.242986 3583757065.573582
1032 nekbone 415 0 0 0 0.000000 3583757065.573582
1033 conceptual-checkpoint 416 166666666 0 0 1704940637.666095 3583757065.573582
1034 conceptual-checkpoint 417 166666666 0 0 1702309096.961503 3583757065.573582
1035 conceptual-checkpoint 418 166666666 0 0 1680415135.170500 3583757065.573582
1036 conceptual-cosmo 419 41943040 0 0 578267417.762499 3583757065.573582
1084 conceptual-cosmo 420 41943040 0 0 416223716.982816 3583757065.573582
1085 conceptual-checkpoint 421 166666666 0 0 1077113390.788705 3583757065.573582
1086 conceptual-cosmo 422 41943040 0 0 551088487.565683 3583757065.573582
1087 conceptual-cosmo 423 41943040 0 0 483313437.827897 3583757065.573582
1088 nekbone 424 0 0 0 0.000000 3583757065.573582
1089 conceptual-cosmo 425 41943040 0 0 533213575.124331 3583757065.573582
1090 conceptual-cosmo 426 41943040 0 0 537406087.211714 3583757065.573582
1091 nekbone 427 0 0 0 0.000000 3583757065.573582
1092 nekbone 428 0 0 0 0.000000 3583757065.573582
1093 conceptual-cosmo 429 41943040 0 0 478486768.421705 3583757065.573582
1094 conceptual-checkpoint 430 166666666 0 0 1071850309.438083 3583757065.573582
1095 nekbone 431 0 0 0 0.000000 3583757065.573582
1096 conceptual-checkpoint 432 166666666 0 0 1074481849.730674 3583757065.573582
1097 conceptual-cosmo 433 41943040 0 0 541366705.967978 3583757065.573582
1098 nekbone 434 0 0 0 0.000000 3583757065.573582
1099 conceptual-cosmo 435 41943040 0 0 459863670.998224 3583757065.573582
1100 nekbone 436 0 0 0 0.000000 3583757065.573582
1101 nekbone 437 0 0 0 0.000000 3583757065.573582
1102 conceptual-checkpoint 438 166666666 0 0 1094417657.756401 3583757065.573582
1103 conceptual-checkpoint 439 166666666 0 0 1097049198.445084 3583757065.573582
1104 nekbone 440 0 0 0 0.000000 3583757065.573582
1105 conceptual-cosmo 441 41943040 0 0 475128183.943362 3583757065.573582
1106 conceptual-cosmo 442 41943040 0 0 469520176.396178 3583757065.573582
1107 conceptual-cosmo 443 41943040 0 0 409420805.082445 3583757065.573582
1108 nekbone 444 0 0 0 0.000000 3583757065.573582
1109 conceptual-checkpoint 445 166666666 0 0 1088911494.472980 3583757065.573582
1110 conceptual-cosmo 446 41943040 0 0 450678413.505861 3583757065.573582
1111 nekbone 447 0 0 0 0.000000 3583757065.573582
1112 conceptual-cosmo 448 41943040 0 0 479190829.790828 3583757065.573582
1113 conceptual-cosmo 449 41943040 0 0 424343746.823588 3583757065.573582
1161 conceptual-cosmo 450 41943040 0 0 737653641.866571 3583757065.573582
1162 conceptual-cosmo 451 41943040 0 0 718558055.690063 3583757065.573582
1163 conceptual-cosmo 452 41943040 0 0 765526507.257061 3583757065.573582
1164 conceptual-cosmo 453 41943040 0 0 749627796.407158 3583757065.573582
1165 conceptual-checkpoint 454 166666666 0 0 1254233499.260987 3583757065.573582
1166 nekbone 455 0 0 0 0.000000 3583757065.573582
1167 conceptual-cosmo 456 41943040 0 0 704373427.855268 3583757065.573582
1168 nekbone 457 0 0 0 0.000000 3583757065.573582
1169 conceptual-cosmo 458 41943040 0 0 737609685.843289 3583757065.573582
1170 nekbone 459 0 0 0 0.000000 3583757065.573582
1171 conceptual-cosmo 460 41943040 0 0 723560391.218196 3583757065.573582
1172 conceptual-checkpoint 461 166666666 0 0 1256865039.353160 3583757065.573582
1173 nekbone 462 0 0 0 0.000000 3583757065.573582
1174 conceptual-checkpoint 463 166666666 0 0 1251601957.857076 3583757065.573582
1175 conceptual-cosmo 464 41943040 0 0 716201347.414846 3583757065.573582
1176 conceptual-cosmo 465 41943040 0 0 709681112.363997 3583757065.573582
1177 conceptual-checkpoint 466 166666666 0 0 1857440637.366465 3583757065.573582
1178 nekbone 467 0 0 0 0.000000 3583757065.573582
1179 conceptual-cosmo 468 41943040 0 0 673751035.779774 3583757065.573582
1180 conceptual-checkpoint 469 166666666 0 0 1854809097.188700 3583757065.573582
1181 nekbone 470 0 0 0 0.000000 3583757065.573582
1182 conceptual-checkpoint 471 166666666 0 0 1846671392.871902 3583757065.573582
1183 nekbone 472 0 0 0 0.000000 3583757065.573582
1184 conceptual-cosmo 473 41943040 0 0 680594843.434162 3583757065.573582
1185 conceptual-checkpoint 474 166666666 0 0 1849302933.379774 3583757065.573582
1186 conceptual-cosmo 475 41943040 0 0 692131197.940557 3583757065.573582
1187 nekbone 476 0 0 0 0.000000 3583757065.573582
1188 nekbone 477 0 0 0 0.000000 3583757065.573582
1189 conceptual-cosmo 478 41943040 0 0 651378842.898787 3583757065.573582
1190 conceptual-checkpoint 479 166666666 0 0 1830415134.779113 3583757065.573582
1238 nekbone 480 0 0 0 0.000000 3583757065.573582
1239 nekbone 481 0 0 0 0.000000 3583757065.573582
1240 conceptual-cosmo 482 41943040 0 0 810760540.881335 3583757065.573582
1241 nekbone 483 0 0 0 0.000000 3583757065.573582
1242 conceptual-cosmo 484 41943040 0 0 791505738.656536 3583757065.573582
1243 nekbone 485 0 0 0 0.000000 3583757065.573582
1244 conceptual-checkpoint 486 166666666 0 0 1981398904.132139 3583757065.573582
1245 conceptual-checkpoint 487 166666666 0 0 1978580051.817120 3583757065.573582
1246 conceptual-checkpoint 488 166666666 0 0 1984217756.386277 3583757065.573582
1247 conceptual-checkpoint 489 166666666 0 0 1992730082.643375 3583757065.573582
1248 conceptual-checkpoint 490 166666666 0 0 1986849296.753545 3583757065.573582
1249 conceptual-cosmo 491 41943040 0 0 787811135.026098 3583757065.573582
1250 nekbone 492 0 0 0 0.000000 3583757065.573582
1251 conceptual-cosmo 493 41943040 0 0 821971972.605118 3583757065.573582
1252 conceptual-cosmo 494 41943040 0 0 812444025.293252 3583757065.573582
1253 conceptual-checkpoint 495 166666666 0 0 3000681722.271336 3583757065.573582
1254 conceptual-cosmo 496 41943040 0 0 1181775439.789652 3583757065.573582
1255 conceptual-cosmo 497 41943040 0 0 1214509237.864334 3583757065.573582
1256 conceptual-cosmo 498 41943040 0 0 1225446159.684682 3583757065.573582
1257 nekbone 499 0 0 0 0.000000 3583757065.573582
1258 conceptual-checkpoint 500 166666666 0 0 3027706375.930373 3583757065.573582
1259 conceptual-checkpoint 501 166666666 0 0 3030337916.274376 3583757065.573582
1260 conceptual-checkpoint 502 166666666 0 0 3025074834.443401 3583757065.573582
1261 conceptual-checkpoint 503 166666666 0 0 3022443294.564846 3583757065.573582
1262 conceptual-cosmo 504 41943040 0 0 1192966222.460392 3583757065.573582
1263 conceptual-cosmo 505 41943040 0 0 1205991884.355610 3583757065.573582
1264 conceptual-checkpoint 506 166666666 0 0 3003313263.192490 3583757065.573582
1265 conceptual-cosmo 507 41943040 0 0 1183262888.936602 3583757065.573582
1266 conceptual-checkpoint 508 166666666 0 0 2992300087.000229 3583757065.573582
1267 conceptual-checkpoint 509 166666666 0 0 2989668546.666610 3583757065.573582
1315 nekbone 510 0 0 0 0.000000 3583757065.573582
1316 conceptual-cosmo 511 41943040 0 0 510063930.990830 3583757065.573582
1317 conceptual-checkpoint 512 166666666 0 0 1367816568.159188 3583757065.573582
1318 conceptual-cosmo 513 41943040 0 0 521525223.296877 3583757065.573582
1319 nekbone 514 0 0 0 0.000000 3583757065.573582
1320 conceptual-checkpoint 515 166666666 0 0 1385084301.416329 3583757065.573582
1321 nekbone 516 0 0 0 0.000000 3583757065.573582
1322 conceptual-checkpoint 517 166666666 0 0 1379203517.366056 3583757065.573582
1323 conceptual-checkpoint 518 166666666 0 0 1370448108.013068 3583757065.573582
1324 conceptual-cosmo 519 41943040 0 0 504300026.083488 3583757065.573582
1325 nekbone 520 0 0 0 0.000000 3583757065.573582
1326 nekbone 521 0 0 0 0.000000 3583757065.573582
1327 conceptual-cosmo 522 41943040 0 0 504568680.301792 3583757065.573582
1328 nekbone 523 0 0 0 0.000000 3583757065.573582
1329 conceptual-cosmo 524 41943040 0 0 504355574.752811 3583757065.573582
1330 nekbone 525 0 0 0 0.000000 3583757065.573582
1331 nekbone 526 0 0 0 0.000000 3583757065.573582
1332 nekbone 527 0 0 0 0.000000 3583757065.573582
1333 nekbone 528 0 0 0 0.000000 3583757065.573582
1334 conceptual-checkpoint 529 166666666 0 0 1413655871.622729 3583757065.573582
1335 nekbone 530 0 0 0 0.000000 3583757065.573582
1336 nekbone 531 0 0 0 0.000000 3583757065.573582
1337 conceptual-cosmo 532 41943040 0 0 417104454.416485 3583757065.573582
1338 conceptual-cosmo 533 41943040 0 0 424293798.833925 3583757065.573582
1339 nekbone 534 0 0 0 0.000000 3583757065.573582
1340 nekbone 535 0 0 0 0.000000 3583757065.573582
1341 conceptual-checkpoint 536 166666666 0 0 1419162034.721069 3583757065.573582
1342 conceptual-checkpoint 537 166666666 0 0 1421793575.655155 3583757065.573582
1343 nekbone 538 0 0 0 0.000000 3583757065.573582
1344 conceptual-checkpoint 539 166666666 0 0 1388775746.617777 3583757065.573582
1392 nekbone 540 0 0 0 0.000000 3583757065.573582
1393 conceptual-cosmo 541 41943040 0 0 611005317.436848 3583757065.573582
1394 conceptual-checkpoint 542 166666666 0 0 1149462872.442549 3583757065.573582
1395 conceptual-cosmo 543 41943040 0 0 643906613.487718 3583757065.573582
1396 nekbone 544 0 0 0 0.000000 3583757065.573582
1397 nekbone 545 0 0 0 0.000000 3583757065.573582
1398 nekbone 546 0 0 0 0.000000 3583757065.573582
1399 conceptual-cosmo 547 41943040 0 0 624260099.487651 3583757065.573582
1400 conceptual-checkpoint 548 166666666 0 0 1152094413.345861 3583757065.573582
1401 nekbone 549 0 0 0 0.000000 3583757065.573582
1402 conceptual-cosmo 550 41943040 0 0 648037372.735415 3583757065.573582
1403 conceptual-cosmo 551 41943040 0 0 655037952.499317 3583757065.573582
1404 conceptual-checkpoint 552 166666666 0 0 1154913264.710892 3583757065.573582
1405 nekbone 553 0 0 0 0.000000 3583757065.573582
1406 conceptual-cosmo 554 41943040 0 0 591475811.933045 3583757065.573582
1407 conceptual-checkpoint 555 166666666 0 0 938395647.145168 3583757065.573582
1408 nekbone 556 0 0 0 0.000000 3583757065.573582
1409 conceptual-cosmo 557 41943040 0 0 236258457.365414 3583757065.573582
1410 conceptual-cosmo 558 41943040 0 0 261949423.330838 3583757065.573582
1411 conceptual-checkpoint 559 166666666 0 0 935576795.531883 3583757065.573582
1412 nekbone 560 0 0 0 0.000000 3583757065.573582
1413 nekbone 561 0 0 0 0.000000 3583757065.573582
1414 nekbone 562 0 0 0 0.000000 3583757065.573582
1415 conceptual-checkpoint 563 166666666 0 0 932945254.403082 3583757065.573582
1416 nekbone 564 0 0 0 0.000000 3583757065.573582
1417 nekbone 565 0 0 0 0.000000 3583757065.573582
1418 nekbone 566 0 0 0 0.000000 3583757065.573582
1419 conceptual-cosmo 567 41943040 0 0 246778555.216537 3583757065.573582
1420 nekbone 568 0 0 0 0.000000 3583757065.573582
1421 nekbone 569 0 0 0 0.000000 3583757065.573582
1469 conceptual-cosmo 570 41943040 0 0 586363275.009702 3583757065.573582
1470 nekbone 571 0 0 0 0.000000 3583757065.573582
1471 conceptual-checkpoint 572 166666666 0 0 1696924807.935417 3583757065.573582
1472 nekbone 573 0 0 0 0.000000 3583757065.573582
1473 conceptual-checkpoint 574 166666666 0 0 1683412481.638002 3583757065.573582
1474 conceptual-cosmo 575 41943040 0 0 539769932.743485 3583757065.573582
1475 nekbone 576 0 0 0 0.000000 3583757065.573582
1476 conceptual-cosmo 577 41943040 0 0 564356345.500282 3583757065.573582
1477 conceptual-checkpoint 578 166666666 0 0 1702430971.456673 3583757065.573582
1478 nekbone 579 0 0 0 0.000000 3583757065.573582
1479 conceptual-checkpoint 580 166666666 0 0 1705062512.469088 3583757065.573582
1480 nekbone 581 0 0 0 0.000000 3583757065.573582
1481 conceptual-cosmo 582 41943040 0 0 554459077.160308 3583757065.573582
1482 conceptual-checkpoint 583 166666666 0 0 1686044022.091876 3583757065.573582
1483 conceptual-cosmo 584 41943040 0 0 585342190.446536 3583757065.573582
1484 nekbone 585 0 0 0 0.000000 3583757065.573582
1485 conceptual-checkpoint 586 166666666 0 0 2242749358.723884 3583757065.573582
1486 conceptual-cosmo 587 41943040 0 0 842309367.814477 3583757065.573582
1487 conceptual-checkpoint 588 166666666 0 0 2240117817.431065 3583757065.573582
1488 nekbone 589 0 0 0 0.000000 3583757065.573582
1489 conceptual-checkpoint 590 166666666 0 0 2234854737.009446 3583757065.573582
1490 conceptual-checkpoint 591 166666666 0 0 2232223195.695100 3583757065.573582
1491 conceptual-cosmo 592 41943040 0 0 834549582.978478 3583757065.573582
1492 conceptual-checkpoint 593 166666666 0 0 2237486276.864318 3583757065.573582
1493 conceptual-cosmo 594 41943040 0 0 815651785.602143 3583757065.573582
1494 nekbone 595 0 0 0 0.000000 3583757065.573582
1495 nekbone 596 0 0 0 0.000000 3583757065.573582
1496 nekbone 597 0 0 0 0.000000 3583757065.573582
1497 conceptual-checkpoint 598 166666666 0 0 2207717692.681346 3583757065.573582
1498 conceptual-cosmo 599 41943040 0 0 788972264.817233 3583757065.573582
1546 nekbone 600 0 0 0 0.000000 3583757065.573582
1547 nekbone 601 0 0 0 0.000000 3583757065.573582
1548 conceptual-cosmo 602 41943040 0 0 589613651.786583 3583757065.573582
1549 conceptual-checkpoint 603 166666666 0 0 1485342766.947336 3583757065.573582
1550 conceptual-checkpoint 604 166666666 0 0 1487974307.265904 3583757065.573582
1551 nekbone 605 0 0 0 0.000000 3583757065.573582
1552 nekbone 606 0 0 0 0.000000 3583757065.573582
1553 conceptual-cosmo 607 41943040 0 0 601031285.713612 3583757065.573582
1554 conceptual-checkpoint 608 166666666 0 0 1503867066.506852 3583757065.573582
1555 conceptual-checkpoint 609 166666666 0 0 1493480471.219613 3583757065.573582
1556 nekbone 610 0 0 0 0.000000 3583757065.573582
1557 nekbone 611 0 0 0 0.000000 3583757065.573582
1558 conceptual-cosmo 612 41943040 0 0 560132955.526186 3583757065.573582
1559 conceptual-cosmo 613 41943040 0 0 598480891.104868 3583757065.573582
1560 conceptual-cosmo 614 41943040 0 0 570261718.412824 3583757065.573582
1561 nekbone 615 0 0 0 0.000000 3583757065.573582
1562 conceptual-cosmo 616 41943040 0 0 860834138.032844 3583757065.573582
1563 conceptual-checkpoint 617 166666666 0 0 2259854507.130254 3583757065.573582
1564 conceptual-checkpoint 618 166666666 0 0 2262486048.179668 3583757065.573582
1565 conceptual-cosmo 619 41943040 0 0 837926744.188699 3583757065.573582
1566 conceptual-checkpoint 620 166666666 0 0 2248973721.222552 3583757065.573582
1567 conceptual-cosmo 621 41943040 0 0 838446186.758133 3583757065.573582
1568 nekbone 622 0 0 0 0.000000 3583757065.573582
1569 nekbone 623 0 0 0 0.000000 3583757065.573582
1570 conceptual-cosmo 624 41943040 0 0 868344290.415564 3583757065.573582
1571 nekbone 625 0 0 0 0.000000 3583757065.573582
1572 conceptual-checkpoint 626 166666666 0 0 2265117588.999841 3583757065.573582
1573 conceptual-checkpoint 627 166666666 0 0 2267749129.178855 3583757065.573582
1574 conceptual-checkpoint 628 166666666 0 0 2235217463.230449 3583757065.573582
1575 nekbone 629 0 0 0 0.000000 3583757065.573582
1623 conceptual-cosmo 630 41943040 0 0 464380685.807490 3583757065.573582
1624 conceptual-cosmo 631 41943040 0 0 443051477.505196 3583757065.573582
1625 nekbone 632 0 0 0 0.000000 3583757065.573582
1626 nekbone 633 0 0 0 0.000000 3583757065.573582
1627 nekbone 634 0 0 0 0.000000 3583757065.573582
1628 nekbone 635 0 0 0 0.000000 3583757065.573582
1629 conceptual-checkpoint 636 166666666 0 0 1292125696.269985 3583757065.573582
1630 conceptual-cosmo 637 41943040 0 0 466332637.583035 3583757065.573582
1631 conceptual-checkpoint 638 166666666 0 0 1297631859.720269 3583757065.573582
1632 nekbone 639 0 0 0 0.000000 3583757065.573582
1633 conceptual-checkpoint 640 166666666 0 0 1300263400.612117 3583757065.573582
1634 conceptual-cosmo 641 41943040 0 0 440491568.968401 3583757065.573582
1635 nekbone 642 0 0 0 0.000000 3583757065.573582
1636 nekbone 643 0 0 0 0.000000 3583757065.573582
1637 conceptual-checkpoint 644 166666666 0 0 1289494156.020483 3583757065.573582
1638 nekbone 645 0 0 0 0.000000 3583757065.573582
1639 conceptual-cosmo 646 41943040 0 0 1126575685.875112 3583757065.573582
1640 conceptual-cosmo 647 41943040 0 0 1157901604.386479 3583757065.573582
1641 nekbone 648 0 0 0 0.000000 3583757065.573582
1642 conceptual-checkpoint 649 166666666 0 0 3160412052.459928 3583757065.573582
1643 conceptual-checkpoint 650 166666666 0 0 3184805165.406805 3583757065.573582
1644 conceptual-checkpoint 651 166666666 0 0 3190068245.978032 3583757065.573582
1645 conceptual-cosmo 652 41943040 0 0 1159466940.799531 3583757065.573582
1646 conceptual-checkpoint 653 166666666 0 0 3182173624.738795 3583757065.573582
1647 conceptual-checkpoint 654 166666666 0 0 3187436705.837072 3583757065.573582
1648 conceptual-checkpoint 655 166666666 0 0 3179542083.551591 3583757065.573582
1649 conceptual-cosmo 656 41943040 0 0 1132763364.018958 3583757065.573582
1650 conceptual-checkpoint 657 166666666 0 0 3192699786.828739 3583757065.573582
1651 nekbone 658 0 0 0 0.000000 3583757065.573582
1652 conceptual-checkpoint 659 166666666 0 0 3144155794.911621 3583757065.573582
1700 conceptual-cosmo 660 41943040 0 0 224596785.343460 3583757065.573582
1701 conceptual-cosmo 661 41943040 0 0 340012908.585140 3583757065.573582
1702 nekbone 662 0 0 0 0.000000 3583757065.573582
1703 conceptual-checkpoint 663 166666666 0 0 564519797.187895 3583757065.573582
1704 conceptual-cosmo 664 41943040 0 0 309018362.414782 3583757065.573582
1705 nekbone 665 0 0 0 0.000000 3583757065.573582
1706 conceptual-cosmo 666 41943040 0 0 342852891.345652 3583757065.573582
1707 nekbone 667 0 0 0 0.000000 3583757065.573582
1708 conceptual-checkpoint 668 166666666 0 0 567338649.309420 3583757065.573582
1709 nekbone 669 0 0 0 0.000000 3583757065.573582
1710 conceptual-cosmo 670 41943040 0 0 194779266.662437 3583757065.573582
1711 nekbone 671 0 0 0 0.000000 3583757065.573582
1712 conceptual-cosmo 672 41943040 0 0 335850197.533944 3583757065.573582
1713 conceptual-cosmo 673 41943040 0 0 353502098.173085 3583757065.573582
1714 nekbone 674 0 0 0 0.000000 3583757065.573582
1715 conceptual-cosmo 675 41943040 0 0 1223552287.670606 3583757065.573582
1716 conceptual-checkpoint 676 166666666 0 0 3361567735.351251 3583757065.573582
1717 conceptual-checkpoint 677 166666666 0 0 3364199276.331672 3583757065.573582
1718 conceptual-checkpoint 678 166666666 0 0 3358936194.841981 3583757065.573582
1719 conceptual-checkpoint 679 166666666 0 0 3366830816.378705 3583757065.573582
1720 conceptual-checkpoint 680 166666666 0 0 3340160787.057630 3583757065.573582
1721 conceptual-cosmo 681 41943040 0 0 1246296834.703280 3583757065.573582
1722 conceptual-cosmo 682 41943040 0 0 1238001011.015344 3583757065.573582
1723 conceptual-checkpoint 683 166666666 0 0 3342792327.293161 3583757065.573582
1724 conceptual-cosmo 684 41943040 0 0 1220920126.360399 3583757065.573582
1725 conceptual-checkpoint 685 166666666 0 0 3348055408.952010 3583757065.573582
1726 conceptual-checkpoint 686 166666666 0 0 3345423868.392360 3583757065.573582
1727 nekbone 687 0 0 0 0.000000 3583757065.573582
1728 nekbone 688 0 0 0 0.000000 3583757065.573582
1729 conceptual-cosmo 689 41943040 0 0 1193373559.409273 3583757065.573582
1777 conceptual-cosmo 690 41943040 0 0 629651376.581869 3583757065.573582
1778 conceptual-cosmo 691 41943040 0 0 643380460.631694 3583757065.573582
1779 nekbone 692 0 0 0 0.000000 3583757065.573582
1780 nekbone 693 0 0 0 0.000000 3583757065.573582
1781 nekbone 694 0 0 0 0.000000 3583757065.573582
1782 nekbone 695 0 0 0 0.000000 3583757065.573582
1783 conceptual-checkpoint 696 166666666 0 0 1511825866.037927 3583757065.573582
1784 conceptual-cosmo 697 41943040 0 0 645567231.392855 3583757065.573582
1785 conceptual-cosmo 698 41943040 0 0 649170566.263748 3583757065.573582
1786 conceptual-checkpoint 699 166666666 0 0 1525376688.878105 3583757065.573582
1787 conceptual-cosmo 700 41943040 0 0 618581940.914886 3583757065.573582
1788 conceptual-checkpoint 701 166666666 0 0 1528008229.658532 3583757065.573582
1789 conceptual-checkpoint 702 166666666 0 0 1530639770.075207 3583757065.573582
1790 conceptual-cosmo 703 41943040 0 0 618571370.402106 3583757065.573582
1791 nekbone 704 0 0 0 0.000000 3583757065.573582
1792 conceptual-checkpoint 705 166666666 0 0 2085930187.310885 3583757065.573582
1793 conceptual-checkpoint 706 166666666 0 0 2091193268.893941 3583757065.573582
1794 conceptual-checkpoint 707 166666666 0 0 2088561729.062147 3583757065.573582
1795 nekbone 708 0 0 0 0.000000 3583757065.573582
1796 conceptual-cosmo 709 41943040 0 0 920546158.051127 3583757065.573582
1797 nekbone 710 0 0 0 0.000000 3583757065.573582
1798 conceptual-cosmo 711 41943040 0 0 863329253.470466 3583757065.573582
1799 nekbone 712 0 0 0 0.000000 3583757065.573582
1800 conceptual-cosmo 713 41943040 0 0 913681348.865806 3583757065.573582
1801 conceptual-cosmo 714 41943040 0 0 892338580.979573 3583757065.573582
1802 conceptual-cosmo 715 41943040 0 0 874955189.530860 3583757065.573582
1803 nekbone 716 0 0 0 0.000000 3583757065.573582
1804 conceptual-checkpoint 717 166666666 0 0 2077736712.981502 3583757065.573582
1805 conceptual-checkpoint 718 166666666 0 0 2053912711.427988 3583757065.573582
1806 conceptual-cosmo 719 41943040 0 0 824491611.724402 3583757065.573582
1854 conceptual-cosmo 720 41943040 0 0 474940773.664544 3583757065.573582
1855 conceptual-cosmo 721 41943040 0 0 474374596.186263 3583757065.573582
1856 conceptual-cosmo 722 41943040 0 0 461695521.271131 3583757065.573582
1857 conceptual-cosmo 723 41943040 0 0 437388273.874002 3583757065.573582
1858 conceptual-cosmo 724 41943040 0 0 457603193.260389 3583757065.573582
1859 nekbone 725 0 0 0 0.000000 3583757065.573582
1860 conceptual-cosmo 726 41943040 0 0 345077471.149792 3583757065.573582
1861 nekbone 727 0 0 0 0.000000 3583757065.573582
1862 conceptual-checkpoint 728 166666666 0 0 1092296667.503209 3583757065.573582
1863 nekbone 729 0 0 0 0.000000 3583757065.573582
1864 conceptual-checkpoint 730 166666666 0 0 1094928208.450602 3583757065.573582
1865 nekbone 731 0 0 0 0.000000 3583757065.573582
1866 nekbone 732 0 0 0 0.000000 3583757065.573582
1867 nekbone 733 0 0 0 0.000000 3583757065.573582
1868 conceptual-checkpoint 734 166666666 0 0 1097559748.996869 3583757065.573582
1869 conceptual-checkpoint 735 166666666 0 0 1676537957.772856 3583757065.573582
1870 conceptual-cosmo 736 41943040 0 0 743371475.907178 3583757065.573582
1871 conceptual-cosmo 737 41943040 0 0 743988074.965040 3583757065.573582
1872 conceptual-cosmo 738 41943040 0 0 757937784.177930 3583757065.573582
1873 conceptual-checkpoint 739 166666666 0 0 1668344482.857174 3583757065.573582
1874 nekbone 740 0 0 0 0.000000 3583757065.573582
1875 conceptual-checkpoint 741 166666666 0 0 1681801038.676253 3583757065.573582
1876 conceptual-checkpoint 742 166666666 0 0 1679169497.910932 3583757065.573582
1877 conceptual-cosmo 743 41943040 0 0 712057728.899271 3583757065.573582
1878 conceptual-cosmo 744 41943040 0 0 725998257.986256 3583757065.573582
1879 nekbone 745 0 0 0 0.000000 3583757065.573582
1880 nekbone 746 0 0 0 0.000000 3583757065.573582
1881 conceptual-cosmo 747 41943040 0 0 745537634.575199 3583757065.573582
1882 conceptual-cosmo 748 41943040 0 0 604892518.065860 3583757065.573582
1883 nekbone 749 0 0 0 0.000000 3583757065.573582
1931 conceptual-checkpoint 750 166666666 0 0 2121315389.393640 3583757065.573582
1932 conceptual-cosmo 751 41943040 0 0 823132311.783442 3583757065.573582
1933 conceptual-checkpoint 752 166666666 0 0 2116052308.688152 3583757065.573582
1934 conceptual-checkpoint 753 166666666 0 0 2118683849.034452 3583757065.573582
1935 nekbone 754 0 0 0 0.000000 3583757065.573582
1936 conceptual-checkpoint 755 166666666 0 0 2099665359.273114 3583757065.573582
1937 conceptual-cosmo 756 41943040 0 0 892702642.376909 3583757065.573582
1938 nekbone 757 0 0 0 0.000000 3583757065.573582
1939 conceptual-cosmo 758 41943040 0 0 909423580.949706 3583757065.573582
1940 conceptual-cosmo 759 41943040 0 0 895866616.063184 3583757065.573582
1941 conceptual-cosmo 760 41943040 0 0 867669269.966280 3583757065.573582
1942 conceptual-cosmo 761 41943040 0 0 876784549.750157 3583757065.573582
1943 conceptual-checkpoint 762 166666666 0 0 2113420767.995576 3583757065.573582
1944 nekbone 763 0 0 0 0.000000 3583757065.573582
1945 nekbone 764 0 0 0 0.000000 3583757065.573582
1946 conceptual-checkpoint 765 166666666 0 0 3454343818.367586 3583757065.573582
1947 conceptual-checkpoint 766 166666666 0 0 3478493848.572391 3583757065.573582
1948 conceptual-checkpoint 767 166666666 0 0 3473230767.217974 3583757065.573582
1949 conceptual-checkpoint 768 166666666 0 0 3470599226.550205 3583757065.573582
1950 conceptual-cosmo 769 41943040 0 0 1064529347.355640 3583757065.573582
1951 nekbone 770 0 0 0 0.000000 3583757065.573582
1952 conceptual-cosmo 771 41943040 0 0 1073661589.689829 3583757065.573582
1953 conceptual-checkpoint 772 166666666 0 0 3451524966.293272 3583757065.573582
1954 nekbone 773 0 0 0 0.000000 3583757065.573582
1955 conceptual-checkpoint 774 166666666 0 0 3483756930.605191 3583757065.573582
1956 conceptual-checkpoint 775 166666666 0 0 3481125390.245926 3583757065.573582
1957 conceptual-checkpoint 776 166666666 0 0 3475862308.283421 3583757065.573582
1958 nekbone 777 0 0 0 0.000000 3583757065.573582
1959 nekbone 778 0 0 0 0.000000 3583757065.573582
1960 conceptual-checkpoint 779 166666666 0 0 3427206774.271274 3583757065.573582
2008 conceptual-checkpoint 780 166666666 0 0 2655195134.053330 3583757065.573582
2009 conceptual-checkpoint 781 166666666 0 0 2657826674.693581 3583757065.573582
2010 conceptual-checkpoint 782 166666666 0 0 2652563593.399221 3583757065.573582
2011 conceptual-checkpoint 783 166666666 0 0 2660458215.023823 3583757065.573582
2012 nekbone 784 0 0 0 0.000000 3583757065.573582
2013 conceptual-cosmo 785 41943040 0 0 1055564582.275686 3583757065.573582
2014 conceptual-checkpoint 786 166666666 0 0 2639051266.503155 3583757065.573582
2015 conceptual-checkpoint 787 166666666 0 0 2641682806.963147 3583757065.573582
2016 conceptual-cosmo 788 41943040 0 0 1102176569.020709 3583757065.573582
2017 conceptual-cosmo 789 41943040 0 0 1076587982.567453 3583757065.573582
2018 conceptual-cosmo 790 41943040 0 0 1115389257.643996 3583757065.573582
2019 nekbone 791 0 0 0 0.000000 3583757065.573582
2020 conceptual-cosmo 792 41943040 0 0 1118970647.041783 3583757065.573582
2021 conceptual-cosmo 793 41943040 0 0 1060207346.782811 3583757065.573582
2022 conceptual-cosmo 794 41943040 0 0 1082855683.106073 3583757065.573582
2023 conceptual-checkpoint 795 166666666 0 0 1944585002.407744 3583757065.573582
2024 conceptual-cosmo 796 41943040 0 0 882667600.201842 3583757065.573582
2025 conceptual-checkpoint 797 166666666 0 0 1952722706.587369 3583757065.573582
2026 conceptual-checkpoint 798 166666666 0 0 1964352737.255816 3583757065.573582
2027 conceptual-cosmo 799 41943040 0 0 901236133.514787 3583757065.573582
2028 conceptual-cosmo 800 41943040 0 0 915563360.596741 3583757065.573582
2029 nekbone 801 0 0 0 0.000000 3583757065.573582
2030 conceptual-cosmo 802 41943040 0 0 927743079.987775 3583757065.573582
2031 nekbone 803 0 0 0 0.000000 3583757065.573582
2032 conceptual-cosmo 804 41943040 0 0 907114476.597369 3583757065.573582
2033 conceptual-cosmo 805 41943040 0 0 938307188.655298 3583757065.573582
2034 conceptual-checkpoint 806 166666666 0 0 1947216543.398262 3583757065.573582
2035 conceptual-cosmo 807 41943040 0 0 884517271.615424 3583757065.573582
2036 conceptual-cosmo 808 41943040 0 0 798561041.224233 3583757065.573582
2037 conceptual-checkpoint 809 166666666 0 0 1895958650.620915 3583757065.573582
2085 nekbone 810 0 0 0 0.000000 3583757065.573582
2086 nekbone 811 0 0 0 0.000000 3583757065.573582
2087 conceptual-cosmo 812 41943040 0 0 347275603.571153 3583757065.573582
2088 nekbone 813 0 0 0 0.000000 3583757065.573582
2089 conceptual-checkpoint 814 166666666 0 0 1028606812.817363 3583757065.573582
2090 nekbone 815 0 0 0 0.000000 3583757065.573582
2091 nekbone 816 0 0 0 0.000000 3583757065.573582
2092 conceptual-cosmo 817 41943040 0 0 307709712.991564 3583757065.573582
2093 nekbone 818 0 0 0 0.000000 3583757065.573582
2094 conceptual-checkpoint 819 166666666 0 0 1031238353.065288 3583757065.573582
2095 conceptual-cosmo 820 41943040 0 0 326765153.570697 3583757065.573582
2096 nekbone 821 0 0 0 0.000000 3583757065.573582
2097 conceptual-checkpoint 822 166666666 0 0 1034057205.267857 3583757065.573582
2098 conceptual-cosmo 823 41943040 0 0 335232699.273257 3583757065.573582
2099 nekbone 824 0 0 0 0.000000 3583757065.573582
2100 conceptual-checkpoint 825 166666666 0 0 2579481648.402474 3583757065.573582
2101 conceptual-checkpoint 826 166666666 0 0 2587675123.102771 3583757065.573582
2102 conceptual-checkpoint 827 166666666 0 0 2590306663.984274 3583757065.573582
2103 conceptual-checkpoint 828 166666666 0 0 2592938204.881123 3583757065.573582
2104 nekbone 829 0 0 0 0.000000 3583757065.573582
2105 nekbone 830 0 0 0 0.000000 3583757065.573582
2106 conceptual-cosmo 831 41943040 0 0 913686810.690740 3583757065.573582
2107 nekbone 832 0 0 0 0.000000 3583757065.573582
2108 conceptual-checkpoint 833 166666666 0 0 2576662796.489798 3583757065.573582
2109 nekbone 834 0 0 0 0.000000 3583757065.573582
2110 conceptual-cosmo 835 41943040 0 0 924707386.587734 3583757065.573582
2111 conceptual-cosmo 836 41943040 0 0 942083624.618740 3583757065.573582
2112 conceptual-checkpoint 837 166666666 0 0 2574031255.911371 3583757065.573582
2113 nekbone 838 0 0 0 0.000000 3583757065.573582
2114 conceptual-cosmo 839 41943040 0 0 892530476.894746 3583757065.573582
2162 conceptual-cosmo 840 41943040 0 0 1322930148.658566 3583757065.573582
2163 conceptual-cosmo 841 41943040 0 0 1270030146.104931 3583757065.573582
2164 conceptual-cosmo 842 41943040 0 0 1268035943.209241 3583757065.573582
2165 conceptual-checkpoint 843 166666666 0 0 3136103502.179080 3583757065.573582
2166 conceptual-checkpoint 844 166666666 0 0 3168502778.696043 3583757065.573582
2167 nekbone 845 0 0 0 0.000000 3583757065.573582
2168 conceptual-checkpoint 846 166666666 0 0 3173765859.709534 3583757065.573582
2169 conceptual-checkpoint 847 166666666 0 0 3171134318.316368 3583757065.573582
2170 conceptual-checkpoint 848 166666666 0 0 3160608156.246861 3583757065.573582
2171 conceptual-cosmo 849 41943040 0 0 1245764843.975370 3583757065.573582
2172 conceptual-checkpoint 850 166666666 0 0 3163239696.746663 3583757065.573582
2173 conceptual-checkpoint 851 166666666 0 0 3165871237.364740 3583757065.573582
2174 conceptual-cosmo 852 41943040 0 0 1311988001.909796 3583757065.573582
2175 nekbone 853 0 0 0 0.000000 3583757065.573582
2176 conceptual-cosmo 854 41943040 0 0 1306051988.469197 3583757065.573582
2177 conceptual-cosmo 855 41943040 0 0 748691492.377458 3583757065.573582
2178 nekbone 856 0 0 0 0.000000 3583757065.573582
2179 conceptual-cosmo 857 41943040 0 0 729178447.035023 3583757065.573582
2180 conceptual-checkpoint 858 166666666 0 0 1796558840.187464 3583757065.573582
2181 conceptual-checkpoint 859 166666666 0 0 1801821921.765178 3583757065.573582
2182 conceptual-cosmo 860 41943040 0 0 674498555.261341 3583757065.573582
2183 nekbone 861 0 0 0 0.000000 3583757065.573582
2184 conceptual-checkpoint 862 166666666 0 0 1799190381.797108 3583757065.573582
2185 conceptual-checkpoint 863 166666666 0 0 1793927300.326193 3583757065.573582
2186 conceptual-cosmo 864 41943040 0 0 756760211.510014 3583757065.573582
2187 nekbone 865 0 0 0 0.000000 3583757065.573582
2188 conceptual-cosmo 866 41943040 0 0 750076777.742117 3583757065.573582
2189 conceptual-cosmo 867 41943040 0 0 742957380.168819 3583757065.573582
2190 nekbone 868 0 0 0 0.000000 3583757065.573582
2191 conceptual-checkpoint 869 166666666 0 0 1774796419.213250 3583757065.573582
2239 nekbone 870 0 0 0 0.000000 3583757065.573582
2240 nekbone 871 0 0 0 0.000000 3583757065.573582
2241 conceptual-cosmo 872 41943040 0 0 658848234.815985 3583757065.573582
2242 nekbone 873 0 0 0 0.000000 3583757065.573582
2243 nekbone 874 0 0 0 0.000000 3583757065.573582
2244 conceptual-checkpoint 875 166666666 0 0 2195412817.780249 3583757065.573582
2245 conceptual-checkpoint 876 166666666 0 0 2192781277.236120 3583757065.573582
2246 nekbone 877 0 0 0 0.000000 3583757065.573582
2247 nekbone 878 0 0 0 0.000000 3583757065.573582
2248 conceptual-checkpoint 879 166666666 0 0 2179213179.840729 3583757065.573582
2249 nekbone 880 0 0 0 0.000000 3583757065.573582
2250 nekbone 881 0 0 0 0.000000 3583757065.573582
2251 conceptual-checkpoint 882 166666666 0 0 2203606292.544594 3583757065.573582
2252 conceptual-checkpoint 883 166666666 0 0 2208869373.567452 3583757065.573582
2253 conceptual-checkpoint 884 166666666 0 0 2206237833.302401 3583757065.573582
2254 conceptual-checkpoint 885 166666666 0 0 3306489072.000374 3583757065.573582
2255 conceptual-checkpoint 886 166666666 0 0 3303857530.807202 3583757065.573582
2256 nekbone 887 0 0 0 0.000000 3583757065.573582
2257 conceptual-checkpoint 888 166666666 0 0 3301225990.461111 3583757065.573582
2258 conceptual-checkpoint 889 166666666 0 0 3298594449.444232 3583757065.573582
2259 nekbone 890 0 0 0 0.000000 3583757065.573582
2260 nekbone 891 0 0 0 0.000000 3583757065.573582
2261 conceptual-cosmo 892 41943040 0 0 1074155954.020219 3583757065.573582
2262 conceptual-checkpoint 893 166666666 0 0 3258133240.326935 3583757065.573582
2263 conceptual-cosmo 894 41943040 0 0 1083067764.147042 3583757065.573582
2264 conceptual-checkpoint 895 166666666 0 0 3293331368.010232 3583757065.573582
2265 conceptual-checkpoint 896 166666666 0 0 3295962908.585399 3583757065.573582
2266 conceptual-checkpoint 897 166666666 0 0 3290699827.499419 3583757065.573582
2267 nekbone 898 0 0 0 0.000000 3583757065.573582
2268 conceptual-cosmo 899 41943040 0 0 1046083074.983478 3583757065.573582
2316  900 0 0 0 0.000000 3583757065.573582
2317  901 0 0 0 0.000000 3583757065.573582
2318  902 0 0 0 0.000000 3583757065.573582
2319  903 0 0 0 0.000000 3583757065.573582
2320  904 0 0 0 0.000000 3583757065.573582
2321  905 0 0 0 0.000000 3583757065.573582
2322  906 0 0 0 0.000000 3583757065.573582
2323  907 0 0 0 0.000000 3583757065.573582
2324  908 0 0 0 0.000000 3583757065.573582
2325  909 0 0 0 0.000000 3583757065.573582
2326  910 0 0 0 0.000000 3583757065.573582
2327  911 0 0 0 0.000000 3583757065.573582
2328  912 0 0 0 0.000000 3583757065.573582
2329  913 0 0 0 0.000000 3583757065.573582
2330  914 0 0 0 0.000000 3583757065.573582
2331  915 0 0 0 0.000000 3583757065.573582
2332  916 0 0 0 0.000000 3583757065.573582
2333  917 0 0 0 0.000000 3583757065.573582
2334  918 0 0 0 0.000000 3583757065.573582
2335  919 0 0 0 0.000000 3583757065.573582
2336  920 0 0 0 0.000000 3583757065.573582
2337  921 0 0 0 0.000000 3583757065.573582
2338  922 0 0 0 0.000000 3583757065.573582
2339  923 0 0 0 0.000000 3583757065.573582
2340  924 0 0 0 0.000000 3583757065.573582
2341  925 0 0 0 0.000000 3583757065.573582
2342  926 0 0 0 0.000000 3583757065.573582
2343  927 0 0 0 0.000000 3583757065.573582
2344  928 0 0 0 0.000000 3583757065.573582
2345  929 0 0 0 0.000000 3583757065.573582
2393  930 0 0 0 0.000000 3583757065.573582
2394  931 0 0 0 0.000000 3583757065.573582
2395  932 0 0 0 0.000000 3583757065.573582
2396  933 0 0 0 0.000000 3583757065.573582
2397  934 0 0 0 0.000000 3583757065.573582
2398  935 0 0 0 0.000000 3583757065.573582
2399  936 0 0 0 0.000000 3583757065.573582
2400  937 0 0 0 0.000000 3583757065.573582
2401  938 0 0 0 0.000000 3583757065.573582
2402  939 0 0 0 0.000000 3583757065.573582
2403  940 0 0 0 0.000000 3583757065.573582
2404  941 0 0 0 0.000000 3583757065.573582
2405  942 0 0 0 0.000000 3583757065.573582
2406  943 0 0 0 0.000000 3583757065.573582
2407  944 0 0 0 0.000000 3583757065.573582
2408  945 0 0 0 0.000000 3583757065.573582
2409  946 0 0 0 0.000000 3583757065.573582
2410  947 0 0 0 0.000000 3583757065.573582
2411  948 0 0 0 0.000000 3583757065.573582
2412  949 0 0 0 0.000000 3583757065.573582
2413  950 0 0 0 0.000000 3583757065.573582
2414  951 0 0 0 0.000000 3583757065.573582
2415  952 0 0 0 0.000000 3583757065.573582
2416  953 0 0 0 0.000000 3583757065.573582
2417  954 0 0 0 0.000000 3583757065.573582
2418  955 0 0 0 0.000000 3583757065.573582
2419  956 0 0 0 0.000000 3583757065.573582
2420  957 0 0 0 0.000000 3583757065.573582
2421  958 0 0 0 0.000000 3583757065.573582
2422  959 0 0 0 0.000000 3583757065.573582
2470  960 0 0 0 0.000000 3583757065.573582
2471  961 0 0 0 0.000000 3583757065.573582
2472  962 0 0 0 0.000000 3583757065.573582
2473  963 0 0 0 0.000000 3583757065.573582
2474  964 0 0 0 0.000000 3583757065.573582
2475  965 0 0 0 0.000000 3583757065.573582
2476  966 0 0 0 0.000000 3583757065.573582
2477  967 0 0 0 0.000000 3583757065.573582
2478  968 0 0 0 0.000000 3583757065.573582
2479  969 0 0 0 0.000000 3583757065.573582
2480  970 0 0 0 0.000000 3583757065.573582
2481  971 0 0 0 0.000000 3583757065.573582
2482  972 0 0 0 0.000000 3583757065.573582
2483  973 0 0 0 0.000000 3583757065.573582
2484  974 0 0 0 0.000000 3583757065.573582
2485  975 0 0 0 0.000000 3583757065.573582
2486  976 0 0 0 0.000000 3583757065.573582
2487  977 0 0 0 0.000000 3583757065.573582
2488  978 0 0 0 0.000000 3583757065.573582
2489  979 0 0 0 0.000000 3583757065.573582
2490  980 0 0 0 0.000000 3583757065.573582
2491  981 0 0 0 0.000000 3583757065.573582
2492  982 0 0 0 0.000000 3583757065.573582
2493  983 0 0 0 0.000000 3583757065.573582
2494  984 0 0 0 0.000000 3583757065.573582
2495  985 0 0 0 0.000000 3583757065.573582
2496  986 0 0 0 0.000000 3583757065.573582
2497  987 0 0 0 0.000000 3583757065.573582
2498  988 0 0 0 0.000000 3583757065.573582
2499  989 0 0 0 0.000000 3583757065.573582