# Format: <server id> <LP id> bytes <read> <written> time <written>
0 0 0 1209715196 73642726390.689606 
1 1 0 1168877650 67039236922.722374 
2 77 0 1501105488 115310431708.594482 
3 78 0 1083886076 56388325701.316971 
4 154 0 1209715196 75534425993.355530 
5 155 0 1043048530 46975409403.066406 
6 231 0 667772158 16920793967.563080 
7 232 0 1250552742 70978766527.723526 
8 308 0 834438824 28118587552.387924 
9 309 0 1167772156 65626175489.896675 
10 385 0 876381864 36260553702.391853 
11 386 0 1167772156 65307793216.384712 
12 462 0 626934612 16744785510.197571 
13 463 0 1084991570 50258519358.107742 
14 539 0 751658238 23199233042.038013 
15 540 0 1084991570 49483158401.340752 
16 616 0 1084991570 58079588452.901604 
17 617 0 626934612 16234570686.292637 
18 693 0 918324904 35718028733.321388 
19 694 0 960267944 42382827245.830170 
20 770 0 1125829116 65259691590.121529 
21 771 0 1043048530 42868700584.663406 
22 847 0 501105492 6679800963.634276 
23 848 0 1417219408 97286028306.205429 
24 924 0 751658238 25383923456.342686 
25 925 0 1376381862 93039129577.804504 
26 1001 0 1459162448 109970198987.947266 
27 1002 0 1043048530 43200135700.693977 
28 1078 0 793601278 23964111224.350216 
29 1079 0 793601278 22895155141.170387 
30 1155 0 835544318 34073435929.965919 
31 1156 0 1043048530 47286061812.296288 
32 1232 0 1043048530 51721175388.421448 
33 1233 0 1584991568 117933181232.397049 
34 1309 0 876381864 29870345868.023239 
35 1310 0 750552744 24995997651.223572 
36 1386 0 751658238 25961289476.707115 
37 1387 0 625829118 13456295502.119280 
38 1463 0 1043048530 42259826517.197266 
39 1464 0 1167772156 63040661978.442390 
40 1540 0 876381864 32580585593.292747 
41 1541 0 1167772156 64293498123.412460 
42 1617 0 834438824 26195073265.745045 
43 1618 0 1501105488 114907726703.521896 
44 1694 0 626934612 11280276411.788324 
45 1695 0 1543048528 125333717465.959900 
46 1771 0 918324904 36112938363.225609 
47 1772 0 1084991570 57054579663.408997 
48 1848 0 751658238 21469623884.777245 
49 1849 0 960267944 42098609345.287674 
50 1925 0 1084991570 58031955311.625938 
51 1926 0 1583886074 130290855316.336395 
52 2002 0 1293601276 86353354425.290619 
53 2003 0 1168877650 61073664451.484375 
54 2079 0 667772158 16489373212.423487 
55 2080 0 1167772156 72743165087.952393 
56 2156 0 1418324902 111748887600.699722 
57 2157 0 1084991570 49516169639.813957 
58 2233 0 1041943036 54330546337.731934 
59 2234 0 1459162448 114232836088.897339 
60 2310 0 0 0.000000 
61 2311 0 0 0.000000 
62 2387 0 0 0.000000 
63 2388 0 0 0.000000 
64 2464 0 0 0.000000 
65 2465 0 0 0.000000 
