# Format <LP id> <Terminal ID> <Total Data Sent> <Total Data Received> <Avg packet latency> <Max packet Latency> <Min packet Latency> <# Packets finished> <Avg Hops> <Avg Busy Time (over rails)>
37 0 335958680 294021400 17783.468207 377586.918498 1441.053854 71880 3.959238 56104548.131154
38 1 335958680 294021400 16487.973501 159459.836503 1441.053854 71880 3.998609 50796964.206188
39 2 166666794 21504 1441.202700 1463.760385 1441.053854 168 2.000000 19052263.450689
40 3 166666794 21504 1441.481627 1476.785624 1441.053854 168 2.000000 19048028.435815
41 4 166666794 21504 1450.988092 1876.057143 1441.053854 168 2.000000 32516349.755700
42 5 483542680 441605400 14351.119161 159459.836477 1441.053854 107915 3.612843 67827074.603322
43 6 641195712 641195712 12843.578276 2867137.163458 1488.474874 182943 3.678752 120601605.586153
44 7 166666794 21504 1441.486968 1477.322866 1441.053854 168 2.000000 19219815.813483
45 8 166666794 21504 1568.476592 8016.162647 1441.053854 168 2.000000 19053246.934763
46 9 335958680 294021400 14741.568080 170760.181297 1441.053854 71880 3.810518 45512216.765433
47 10 532939872 532939872 17665.046125 967526.810450 2315.083877 152037 3.952347 144438171.858379
48 11 166666794 21504 1519.364202 8012.793983 1441.053854 168 2.000000 19048060.060078
49 12 335958680 294021400 15158.015291 432544.734166 1441.053854 71880 3.465776 46607976.204517
50 13 641195712 641195712 17088.466481 2925194.797970 1403.446161 182943 3.953707 175835270.549681
51 14 641210160 641210160 12295.137849 357250.557558 2315.083877 184749 3.813195 90095928.225765
52 15 166666794 21504 1556.105397 7732.200707 1441.053854 168 2.000000 19283068.459172
53 16 335958680 294021400 13210.387006 133273.408427 1441.053854 71880 2.854619 51050415.783234
54 17 335958680 294021400 16352.928427 101445.354944 1441.053854 71880 3.935865 52698914.811188
55 18 425290704 425290704 12257.377190 568649.472941 2315.083877 110307 3.763687 69178138.590876
56 19 166666794 21504 1483.856864 8560.271205 1441.053854 168 2.000000 18962825.065856
57 20 335958680 294021400 15074.817962 150252.615133 1441.053854 71880 3.340289 49666828.756787
58 21 166666794 21504 2005.965830 28463.964637 1441.053854 168 2.000000 20037303.838665
59 22 166666794 21504 2668.228614 187539.465595 1441.053854 168 2.000000 20081638.535228
60 23 166666794 21504 1690.913784 14332.160390 1441.053854 168 2.000000 20265728.627179
61 24 532939872 532939872 13099.192399 1188981.378742 2315.083877 152037 3.800805 134163854.049952
62 25 189527680 147590400 13549.733451 55264.203628 1441.053854 36085 2.998614 27237146.420540
63 26 189527680 147590400 13527.115584 13848.880216 1441.053854 36085 2.998614 27229526.197146
64 27 189527680 147590400 15080.571044 15115.171607 1441.053854 36085 3.997229 27297510.427396
65 28 335958680 294021400 15329.555121 381527.297475 591.738319 71880 2.869644 952909298.659854
66 29 335958680 294021400 18175.471754 721360.945286 591.738319 71880 3.476767 1460161985.259389
67 30 158720 1168883410 9212.070671 541391.538375 591.738319 286410 1.928215 510.337360
68 31 161024 1209719164 9336.395032 63020.467503 1441.053854 296404 2.000000 524.209966
114 32 166666794 21504 1500.296821 7520.717182 1441.053854 168 2.000000 19342207.569695
115 33 166666794 21504 1640.494886 14615.852875 1441.053854 168 2.000000 19347337.454817
116 34 335958680 294021400 13992.598959 43094.177645 1441.053854 71880 3.665415 46427314.671858
117 35 335958680 294021400 12800.321016 47983.328650 1441.053854 71880 3.105454 47980363.335880
118 36 641195712 641195712 15568.292845 1590668.008643 1403.446161 182943 3.496778 164880032.575074
119 37 335958680 294021400 15023.099401 96076.184758 1441.053854 71880 3.986644 52370702.872792
120 38 166666794 21504 1700.334354 21487.098862 1441.053854 168 2.000000 19358313.276034
121 39 166666794 21504 1796.921629 26130.884131 1441.053854 168 2.000000 19341231.910547
122 40 425391840 425391840 17976.353410 1565610.892561 1403.446161 122949 3.950882 170489824.176859
123 41 166666794 21504 1632.471542 10596.804641 1441.053854 168 2.000000 19332285.971614
124 42 166666794 21504 1611.330847 9344.640824 1441.053854 168 2.000000 19318716.138809
125 43 532939872 532939872 13924.996755 1382490.372808 1650.246643 152037 3.968152 151339420.890029
126 44 166666794 21504 1452.062402 1974.727466 1441.053854 168 2.000000 20302136.644737
127 45 335958680 294021400 14660.847159 1915981.408057 1441.053854 71880 3.477462 62421075.364974
128 46 166666794 21504 1441.053854 1441.053854 1441.053854 168 2.000000 20713157.475806
129 47 166666794 21504 1441.481212 1476.883771 1441.053854 168 2.000000 21103581.818357
130 48 425391840 425391840 12768.014310 1254939.339864 1403.446161 122949 3.931289 171586031.482776
131 49 166666794 21504 2305.825562 15306.008108 1441.053854 168 2.000000 19816020.960612
132 50 166666794 21504 2287.477053 15775.397615 1441.053854 168 2.000000 19832750.861058
133 51 166666794 21504 1762.166444 14219.102129 1441.053854 168 2.000000 19837648.349978
134 52 166666794 21504 1589.297236 11597.247187 1441.053854 168 2.000000 18574102.365649
135 53 532939872 532939872 15223.376265 1210413.718695 2315.083877 152037 3.637325 168117392.359926
136 54 532939872 532939872 12735.637122 1457187.356761 1405.796642 152037 3.414254 106640543.851317
137 55 189527680 147590400 15080.826133 15695.365756 1441.053854 36085 3.997229 26386315.596268
138 56 532838736 532838736 15364.619525 231846.164237 1488.474874 139395 3.799914 182697893.718016
139 57 641195712 641195712 13665.557329 1346924.575927 1405.796642 182943 3.655598 155543814.063690
140 58 166666794 21504 1441.481212 1476.883771 1441.053854 168 2.000000 18567537.145537
141 59 189527680 147590400 15113.911780 29553.283968 1441.053854 36085 3.997229 25979306.749670
142 60 641195712 641195712 14450.103537 1579891.530253 1650.246643 182943 3.970237 129045133.020901
143 61 532954320 532954320 15929.526487 1345223.803890 2315.083877 153843 3.814922 104183693.683010
144 62 141824 1083888124 9357.294157 27652.297701 1441.053854 265564 2.000000 2745.698852
145 63 197632 1501109072 9425.681976 28028.124074 1441.053854 367792 2.000000 7370.452764
191 64 189527680 147590400 15181.927210 60705.622748 1441.053854 36085 3.997229 27534629.695189
192 65 166666794 21504 1631.868864 15475.035359 1441.053854 168 2.000000 18566519.003402
193 66 641195712 641195712 20657.864272 1361088.443206 1405.796642 182943 3.655762 85956042.161923
194 67 532939872 532939872 19086.071292 712482.861920 1490.991427 152037 3.952387 182205027.922710
195 68 166666794 21504 2222.149649 38696.448724 1441.053854 168 2.000000 19259723.369517
196 69 483542680 441605400 15598.195091 139353.480112 1441.053854 107915 3.581661 75544609.802490
197 70 335958680 294021400 17012.032548 1207613.788005 1441.053854 71880 3.869226 68189629.116579
198 71 166666794 21504 2127.242237 37935.393974 1441.053854 168 2.000000 19270896.559815
199 72 335958680 294021400 16891.795018 379017.350231 1441.053854 71880 3.747913 53741794.744085
200 73 425290704 425290704 16946.415848 3439060.973203 2315.083877 110307 3.758220 105662002.475188
201 74 166666794 21504 1455.847406 2080.107201 1441.053854 168 2.000000 19264988.738239
202 75 166666794 21504 1635.409008 14626.773195 1441.053854 168 2.000000 19260951.898535
203 76 166666794 21504 1442.187821 1560.685530 1441.053854 168 2.000000 18873006.582153
204 77 532939872 532939872 11180.103569 445819.859383 1405.796642 152037 3.561909 131318914.265954
205 78 335958680 294021400 17278.206408 1905685.958523 1441.053854 71880 3.685031 57510722.996986
206 79 532939872 532939872 16847.892877 3415376.122436 1490.991427 152037 3.621480 109056965.955511
207 80 335958680 294021400 13150.802822 111743.757135 908.387995 71880 3.434335 56961623.956532
208 81 335958680 294021400 14398.743810 121920.274863 908.387995 71880 3.649555 66003792.481581
209 82 532939872 532939872 18818.888783 580145.843453 1405.796642 152037 3.780915 84159758.865192
210 83 335958680 294021400 15822.863577 85584.413870 1441.053854 71880 3.367696 58360887.439932
211 84 166666794 21504 1456.869585 2123.197690 1441.053854 168 2.000000 20444333.549138
212 85 166666794 21504 1476.104125 2930.882143 1441.053854 168 2.000000 20451963.625047
213 86 166666794 21504 1441.480766 1476.701076 1441.053854 168 2.000000 20432831.662313
214 87 166666794 21504 1475.677212 2895.234921 1441.053854 168 2.000000 20458379.034576
215 88 166666794 21504 1564.448989 8704.865722 1441.053854 168 2.000000 18355274.870516
216 89 641195712 641195712 16033.633346 1422729.322373 577.768481 182943 3.635903 141868227.686414
217 90 641210160 641210160 15257.000006 1292050.591938 577.768481 184749 3.488674 191610079.373942
218 91 483542680 441605400 14256.398968 44531.005205 1441.053854 107915 3.665107 67881791.276086
219 92 335958680 294021400 13626.374591 225430.030779 591.738319 71880 3.496522 1197216217.835084
220 93 532939872 532939872 13664.384917 2017026.381622 2315.083877 152037 3.773062 208933047.962639
221 94 139520 1043052370 9589.271735 303677.004259 591.738319 255570 1.959776 335.427252
222 95 161024 1209719164 9351.874790 23837.600436 1441.053854 296404 2.000000 334.422720
268 96 166666794 21504 1441.475954 1476.525084 1441.053854 168 2.000000 18362223.067443
269 97 641195712 641195712 14722.799983 455316.048535 1403.446161 182943 3.625965 127360491.768605
270 98 335958680 294021400 15579.695785 57208.207319 1441.053854 71880 3.884669 49184383.300338
271 99 335958680 294021400 16418.040088 69265.936363 1441.053854 71880 3.485253 56122624.826000
272 100 641195712 641195712 26080.867088 167546.740002 577.768481 182943 3.917351 199525416.806097
273 101 335958680 294021400 15111.325467 72351.784839 1441.053854 71880 3.978854 69427468.226018
274 102 532939872 532939872 31111.214432 782201.645941 1650.246643 152037 3.621461 185144153.284838
275 103 641195712 641195712 12203.249541 152466.886630 577.768481 182943 3.383972 165238425.283385
276 104 166666794 21504 1452.533163 2159.946938 1441.053854 168 2.000000 24872891.067741
277 105 532939872 532939872 18935.699132 271596.318636 576.837158 152037 3.729336 195934205.653150
278 106 641195712 641195712 23993.821999 625739.433589 577.768481 182943 3.914055 179444479.754472
279 107 532838736 532838736 22227.467284 264764.726252 1752.712886 139395 3.608673 153716770.342030
280 108 483542680 441605400 15053.937114 131124.923678 1441.053854 107915 3.852847 68704609.777457
281 109 532939872 532939872 20319.993920 1191550.132652 1650.246643 152037 3.780895 140677845.410600
282 110 166666794 21504 1450.827586 2142.940447 1441.053854 168 2.000000 19744154.330186
283 111 532939872 532939872 13158.821278 511557.409941 2315.083877 152037 3.952327 139580346.654652
284 112 641195712 641195712 14895.496410 145892.961121 1405.796642 182943 3.927354 194314549.648170
285 113 532939872 532939872 24713.460870 535518.892722 1650.246643 152037 3.788788 143168831.044519
286 114 166666794 21504 1444.097332 1881.455705 1441.053854 168 2.000000 19628749.629589
287 115 166666794 21504 1454.815038 2036.927414 1441.053854 168 2.000000 70232978.850396
288 116 335958680 294021400 16215.875021 159459.836503 1441.053854 71880 3.990679 45990211.924861
289 117 166666794 21504 1441.475893 1476.491187 1441.053854 168 2.000000 18813868.245047
290 118 425391840 425391840 16105.085842 2422851.502876 1403.446161 122949 3.768392 162838435.360430
291 119 532954320 532954320 11553.271954 567949.957388 1490.991427 153843 3.066867 79910152.091173
292 120 166666794 21504 1450.985315 1875.886911 1441.053854 168 2.000000 42314681.607779
293 121 335958680 294021400 17107.122573 115575.839451 1441.053854 71880 3.982888 54833419.586602
294 122 532939872 532939872 20625.406902 627139.794257 1490.991427 152037 3.780935 160304825.131107
295 123 166666794 21504 1441.476735 1476.718707 1441.053854 168 2.000000 19515406.081600
296 124 166666794 21504 591.738319 591.738319 591.738319 168 1.000000 228131.582776
297 125 166666794 21504 591.738319 591.738319 591.738319 168 1.000000 229042.428158
298 126 163328 1250554918 7177.361029 477461.525116 591.738319 306398 1.733458 174.065448
299 127 90112 667775102 9440.123339 1339763.100581 1441.053854 163622 2.000000 161.769924
345 128 641195712 641195712 17857.290384 524567.480296 2315.083877 182943 3.808022 200172270.307949
346 129 166666794 21504 1463.085905 2112.908100 1441.053854 168 2.000000 19847301.418379
347 130 532939872 532939872 21032.056432 946346.829450 2315.083877 152037 3.952347 156290498.750695
348 131 425290704 425290704 18659.536179 134696.028321 1405.796642 110307 3.483723 146302889.061441
349 132 425406288 425406288 10235.420002 1105454.584694 1403.446161 124755 2.887964 147343946.666412
350 133 166666794 21504 1482.443054 8394.439498 1441.053854 168 2.000000 18365201.045346
351 134 532838736 532838736 14337.060976 1350924.941019 1403.446161 139395 3.621672 91187792.703007
352 135 335958680 294021400 15278.254007 95319.586902 1441.053854 71880 3.857123 53572068.699724
353 136 483542680 441605400 15863.466010 219992.014434 1441.053854 107915 3.758792 80784380.561867
354 137 335958680 294021400 14196.387725 50665.444200 1441.053854 71880 3.481497 50701088.650122
355 138 166666794 21504 1714.464635 9306.646450 1441.053854 168 2.000000 19344321.407091
356 139 166666794 21504 1694.233092 10114.113109 1441.053854 168 2.000000 19053701.772196
357 140 483542680 441605400 15203.677920 139353.480111 1441.053854 107915 3.821619 73257689.687865
358 141 532939872 532939872 18644.409806 1104772.180463 2315.083877 152037 3.948322 215869507.989635
359 142 532838736 532838736 17510.647845 2920486.303455 2319.019588 139395 3.617432 104278377.109806
360 143 532954320 532954320 11369.357920 1275942.247159 1405.796642 153843 3.058833 74237654.222109
361 144 166666794 21504 2024.914580 48849.937270 1441.053854 168 2.000000 19742494.093402
362 145 335958680 294021400 16773.999551 159459.836503 1441.053854 71880 3.810518 46075380.087592
363 146 166666794 21504 1914.401148 48850.900420 1441.053854 168 2.000000 19883200.966185
364 147 166666794 21504 1715.423188 20242.698176 1441.053854 168 2.000000 19756563.668105
365 148 166666794 21504 1558.810560 7830.518574 1441.053854 168 2.000000 18562843.602663
366 149 532954320 532954320 16420.298184 549720.189364 1405.796642 153843 3.810983 124562758.453030
367 150 335958680 294021400 14716.926286 54476.430377 1441.053854 71880 3.685170 50919458.946089
368 151 532939872 532939872 19824.037608 1107238.897468 2315.083877 152037 3.984076 162975343.755760
369 152 189527680 147590400 15102.589951 18807.815904 1441.053854 36085 3.997229 26466948.519201
370 153 425391840 425391840 15287.350074 974523.370310 2776.949749 122949 3.576117 116112387.184482
371 154 166666794 21504 1462.944463 2285.059789 1441.053854 168 2.000000 19244111.146690
372 155 166666794 21504 1442.197235 1561.088823 1441.053854 168 2.000000 22232258.478956
373 156 189527680 147590400 15368.031869 192421.748573 591.738319 36085 3.995843 20910948.085010
374 157 425391840 425391840 14467.488296 2081614.775730 1488.474874 122949 3.482883 150196019.228700
375 158 154624 1167775484 9090.572234 238670.583949 591.738319 286124 1.964072 100000160.945443
376 159 111616 834441896 9305.698466 48929.578027 1441.053854 204456 2.000000 160.976037
422 160 335958680 294021400 15979.187669 139353.480112 1441.053854 71880 3.998609 46696086.797738
423 161 166666794 21504 1463.173470 2120.057558 1441.053854 168 2.000000 19850973.291172
424 162 532838736 532838736 16691.597199 455472.723817 1403.446161 139395 3.986872 78781954.953404
425 163 166666794 21504 1446.802375 2091.281997 1441.053854 168 2.000000 19840458.183622
426 164 335958680 294021400 13016.030101 1490317.448003 845.058060 71880 2.365053 50201608.129842
427 165 318546768 318546768 13183.373209 2793370.904745 1403.446161 95073 3.114291 47321720.288384
428 166 532939872 532939872 20603.903755 2878899.130075 1405.796642 152037 3.757099 85685656.205463
429 167 335958680 294021400 8230.165691 47648.940096 845.058060 71880 2.494435 29192694.058198
430 168 166666794 21504 1450.778988 2156.302001 1441.053854 168 2.000000 19522275.986414
431 169 532939872 532939872 13486.155751 2941249.901840 2315.083877 152037 3.780915 137225646.363394
432 170 166666794 21504 1463.903171 2285.075508 1441.053854 168 2.000000 27363385.449469
433 171 425391840 425391840 17491.969845 2708130.270701 2315.083877 122949 3.571139 82069772.141645
434 172 335958680 294021400 18523.115080 2939545.732252 1441.053854 71880 3.873261 81750380.072237
435 173 335958680 294021400 19044.308170 152432.442167 1441.053854 71880 3.974819 51089312.592165
436 174 641195712 641195712 13798.732621 2879497.718763 1752.712886 182943 3.821157 157006089.918120
437 175 641195712 641195712 15243.542761 1335448.754704 2315.083877 182943 3.552844 110948226.482786
438 176 641195712 641195712 17151.893193 2820139.578289 1403.446161 182943 3.668946 98131714.950506
439 177 425391840 425391840 16517.641576 2936255.404455 1752.712886 122949 3.324818 133066887.906392
440 178 335958680 294021400 20341.443697 1254477.112533 1441.053854 71880 3.998609 68602782.924390
441 179 166666794 21504 1521.777828 9732.192187 1441.053854 168 2.000000 18727820.397546
442 180 335958680 294021400 15492.780935 131123.504542 1441.053854 71880 3.230801 64706257.114824
443 181 425391840 425391840 12691.292284 2949283.799508 1405.796642 122949 3.734060 97963955.884680
444 182 166666794 21504 1446.667486 1927.957161 1441.053854 168 2.000000 20082123.735689
445 183 166666794 21504 1464.294816 2817.124634 1441.053854 168 2.000000 34158319.207246
446 184 335958680 294021400 12677.313925 63450.039319 1441.053854 71880 3.238453 50071974.334496
447 185 335958680 294021400 16796.783781 1259115.253660 1441.053854 71880 3.493183 69089770.998727
448 186 166666794 21504 1444.739522 1818.493453 1441.053854 168 2.000000 19799913.488271
449 187 166666794 21504 1473.265656 2284.421291 1441.053854 168 2.000000 21098691.058197
450 188 166666794 21504 591.738319 591.738319 591.738319 168 1.000000 0.000000
451 189 641195712 641195712 17914.320036 2950672.732666 1403.446161 182943 3.533018 152627204.966870
452 190 154624 1167775484 8292.540408 237977.130294 591.738319 286124 1.857286 161.290855
453 191 118016 876385576 9644.051243 47855.146629 1441.053854 214736 2.000000 174.351445
499 192 483542680 441605400 15356.587253 51188.867802 1441.053854 107915 3.581661 79954951.062832
500 193 335958680 294021400 16085.427469 57620.586746 1441.053854 71880 3.450056 49010872.873485
501 194 189527680 147590400 15080.569579 15113.586377 1441.053854 36085 3.997229 31866160.109479
502 195 335958680 294021400 16841.187767 1248598.163399 1441.053854 71880 3.653728 51121792.098807
503 196 641195712 641195712 16028.372409 2729961.698248 1752.712886 182943 3.682081 90499155.588379
504 197 166666794 21504 1593.595729 8254.925282 1441.053854 168 2.000000 20735688.896985
505 198 335958680 294021400 15051.997606 242429.985591 1441.053854 71880 3.199360 57235427.608299
506 199 483542680 441605400 16219.371566 159459.836477 1441.053854 107915 3.941528 70030882.587907
507 200 641195712 641195712 16665.209421 981020.940083 1490.991427 182943 3.794887 143336524.930998
508 201 641210160 641210160 20191.016036 980240.617961 674.626029 184749 3.967247 209966430.139952
509 202 532954320 532954320 17730.056631 980267.725392 674.626029 153843 3.617968 91993017.310852
510 203 532939872 532939872 15004.523542 166169.943932 1403.446161 152037 3.780895 142923806.399647
511 204 532954320 532954320 15925.568872 868038.727319 1405.796642 153843 3.460404 85756920.504944
512 205 335958680 294021400 16374.971170 1520153.802547 1441.053854 71880 3.497218 52576489.945203
513 206 166666794 21504 1441.479519 1476.891322 1441.053854 168 2.000000 20074743.049165
514 207 166666794 21504 1454.820882 2037.274708 1441.053854 168 2.000000 19918925.807247
515 208 532939872 532939872 15601.163719 257418.406391 1488.474874 152037 3.266777 111796918.549049
516 209 641195712 641195712 13582.286086 985118.789699 1405.796642 182943 3.519867 137777126.878175
517 210 335958680 294021400 19930.550799 1306946.888039 1441.053854 71880 3.747635 54181891.846894
518 211 166666794 21504 1530.264138 8797.953967 1441.053854 168 2.000000 19326571.766896
519 212 166666794 21504 2048.495368 62347.917259 1441.053854 168 2.000000 19438769.261433
520 213 189527680 147590400 15560.750997 26771.340855 1441.053854 36085 3.997229 26919200.184119
521 214 641195712 641195712 11480.117259 990460.671056 1405.796642 182943 3.500025 127664253.344534
522 215 335958680 294021400 15265.565934 159487.228147 1441.053854 71880 3.422510 50705458.591933
523 216 335958680 294021400 13231.568881 23388.933034 1441.053854 71880 3.105454 56894479.945303
524 217 532939872 532939872 14767.566518 929273.061363 1403.446161 152037 3.637325 125827986.085768
525 218 166666794 21504 1455.847048 2080.311510 1441.053854 168 2.000000 19168926.003162
526 219 166666794 21504 1441.479277 1476.865135 1441.053854 168 2.000000 19163438.359691
527 220 335958680 294021400 14790.101202 1477328.074411 591.738319 71880 3.621870 1208970123.510603
528 221 335958680 294021400 20140.081844 724607.496033 591.738319 71880 3.997913 229559321.710586
529 222 145920 1084996050 8856.265064 534191.675741 591.738319 265850 1.922663 322.117132
530 223 87808 626939348 10218.315505 26928.050881 1441.053854 153628 2.000000 923.239734
576 224 483542680 441605400 14087.299286 197889.010250 1441.053854 107915 3.547514 89620464.405312
577 225 532838736 532838736 17275.945135 165914.681537 2315.083877 139395 3.617389 176465103.974972
578 226 189527680 147590400 11844.976050 11866.869444 1441.053854 36085 2.998614 32515910.015484
579 227 166666794 21504 1441.477758 1476.781853 1441.053854 168 2.000000 18524719.637737
580 228 483542680 441605400 16468.570142 159459.836503 908.387995 107915 3.769263 83381105.750847
581 229 335958680 294021400 17084.000121 53095.500259 908.387995 71880 3.763216 62736964.018963
582 230 532939872 532939872 16548.062748 2627639.007282 1405.796642 152037 3.940508 91858597.751247
583 231 166666794 21504 1560.869596 13964.793909 1441.053854 168 2.000000 18820197.317078
584 232 641195712 641195712 17779.266247 2826045.004343 1405.796642 182943 3.966924 129672102.040407
585 233 425391840 425391840 12708.556749 2666550.757710 2315.083877 122949 3.526975 44621934.798175
586 234 166666794 21504 1445.232581 2009.947491 1441.053854 168 2.000000 18784085.519782
587 235 335958680 294021400 15403.658961 113195.555987 1441.053854 71880 3.481497 52321454.045395
588 236 532954320 532954320 14456.958364 160608.277370 1405.796642 153843 3.594509 141404735.606751
589 237 641195712 641195712 16790.451201 658160.400072 1403.446161 182943 3.778308 124114534.668981
590 238 335958680 294021400 15020.214922 159459.836476 1441.053854 71880 3.677240 46404968.419833
591 239 166666794 21504 1449.864576 1784.911254 1441.053854 168 2.000000 19821861.720223
592 240 335958680 294021400 17441.600819 1917216.889780 1441.053854 71880 3.732193 75405223.614447
593 241 189527680 147590400 15084.468732 18637.758478 1441.053854 36085 3.997229 28720137.488128
594 242 532939872 532939872 15556.682573 619646.753987 1403.446161 152037 3.741352 129227366.636148
595 243 335958680 294021400 15605.401750 55906.043021 1441.053854 71880 3.998609 58155385.410196
596 244 166666794 21504 1459.024439 2123.264502 1441.053854 168 2.000000 20284674.332413
597 245 166666794 21504 1445.804682 2167.438670 1441.053854 168 2.000000 19757968.734837
598 246 335958680 294021400 16973.984398 192454.529434 1441.053854 71880 3.967168 54957445.229091
599 247 641195712 641195712 18414.641564 2814175.486738 1403.446161 182943 3.934029 169844002.543975
600 248 641195712 641195712 11958.137557 2841708.097714 577.768481 182943 3.526508 107770245.426234
601 249 532954320 532954320 15551.584313 1457604.030309 577.768481 153843 3.744486 161926699.996808
602 250 166666794 21504 1446.307686 2050.059921 1441.053854 168 2.000000 19060783.001609
603 251 483542680 441605400 14367.183717 96076.184772 1441.053854 107915 3.662419 67657091.440058
604 252 335958680 294021400 16998.414548 1288935.945910 591.738319 71880 3.480801 1225292122.856235
605 253 166666794 21504 591.738319 591.738319 591.738319 168 1.000000 0.000000
606 254 145920 1084996050 8098.888980 304832.588398 591.738319 265850 1.807734 174.779635
607 255 102912 751662462 9640.897672 21691.833224 1441.053854 184182 2.000000 348.985015
653 256 318445632 318445632 16162.713801 159645.278998 1403.446161 82431 3.654438 57063546.837762
654 257 335958680 294021400 20405.866729 724978.981332 1441.053854 71880 3.861297 89428717.008572
655 258 532939872 532939872 25379.263689 1397447.373716 1405.796642 152037 3.924525 91558183.707902
656 259 166666794 21504 1704.207594 13265.426297 1441.053854 168 2.000000 19473047.405209
657 260 335958680 294021400 15947.845722 258882.977842 1441.053854 71880 3.990679 49681351.486788
658 261 189527680 147590400 11845.448526 11866.869444 1441.053854 36085 2.998614 29584868.146430
659 262 166666794 21504 3457.175497 303287.164744 1441.053854 168 2.000000 19164263.314822
660 263 483542680 441605400 19976.731157 198643.231464 1441.053854 107915 3.951999 109983056.321373
661 264 532939872 532939872 14166.116378 5760636.115156 2319.019588 152037 3.473865 129615539.875302
662 265 166666794 21504 1441.486273 1477.412586 1441.053854 168 2.000000 19611099.695537
663 266 335958680 294021400 19104.299265 127495.465844 1441.053854 71880 3.739983 74833318.393111
664 267 166666794 21504 1449.966227 1833.570643 1441.053854 168 2.000000 19270952.705541
665 268 425391840 425391840 20594.840557 2263888.101646 1405.796642 122949 3.719396 78279908.997499
666 269 483542680 441605400 19080.157418 141445.486346 1441.053854 107915 3.487652 72834426.175798
667 270 166666794 21504 1561.902871 8787.459288 1441.053854 168 2.000000 24325951.041076
668 271 335958680 294021400 13214.651538 131123.504542 1441.053854 71880 3.179744 51677945.619187
669 272 532939872 532939872 23065.766173 5771663.163622 1403.446161 152037 3.418398 78426169.953630
670 273 189527680 147590400 15098.304236 24851.653741 1441.053854 36085 3.997229 26964076.644479
671 274 166666794 21504 1706.612843 13254.209421 1441.053854 168 2.000000 18550803.331407
672 275 335958680 294021400 13623.633992 217726.744308 1441.053854 71880 2.987896 64042264.363964
673 276 166666794 21504 1460.938974 2151.506484 1441.053854 168 2.000000 24026090.536616
674 277 641195712 641195712 11078.812924 5788579.007740 1403.446161 182943 3.635936 102765494.359834
675 278 335958680 294021400 14496.107290 47983.328648 1441.053854 71880 3.716472 68833506.937120
676 279 335958680 294021400 18360.640574 67462.633837 1441.053854 71880 3.931831 74924789.361413
677 280 425391840 425391840 31399.676171 5376946.636911 576.837158 122949 3.531830 139706727.264608
678 281 532939872 532939872 23201.904526 2243916.718558 1488.474874 152037 3.940429 154599231.330862
679 282 335958680 294021400 18609.629404 61032.703204 1441.053854 71880 3.833890 94790163.985269
680 283 641094576 641094576 19452.517059 736931.263330 2728.333501 170301 3.839872 212627737.253909
681 284 335958680 294021400 20655.018169 734345.729467 591.738319 71880 3.664719 1006261839.454379
682 285 641195712 641195712 14321.142643 2258365.459242 1650.246643 182943 3.837687 94555990.176349
683 286 87808 626939348 9373.971141 304418.261039 591.738319 153628 1.933085 348.432097
684 287 145920 1084996050 9563.344546 242363.124256 1441.053854 265850 2.000000 509.894532
730 288 335958680 294021400 15638.668753 159459.836483 1441.053854 71880 3.747913 56705055.949229
731 289 335958680 294021400 16615.013558 73498.706342 1441.053854 71880 3.837785 70709560.838622
732 290 335958680 294021400 17156.465441 73287.100681 1441.053854 71880 3.998609 67673604.358002
733 291 483542680 441605400 16088.150728 145112.423403 1441.053854 107915 3.685864 87193223.543886
734 292 166666794 21504 1464.734052 2100.612152 1441.053854 168 2.000000 19251190.714955
735 293 641195712 641195712 11799.408845 2425056.810031 2315.083877 182943 3.384070 202353012.661044
736 294 532939872 532939872 14060.190176 2105707.759177 1752.712886 152037 3.812644 135232286.316637
737 295 641195712 641195712 13630.909041 2218351.045342 1490.991427 182943 3.817829 131917746.202663
738 296 335958680 294021400 14929.627838 159459.836503 1441.053854 71880 3.865192 51894589.551912
739 297 166666794 21504 1594.719981 18931.169792 1441.053854 168 2.000000 20660460.325194
740 298 166666794 21504 1769.378462 25626.314620 1441.053854 168 2.000000 21933429.496651
741 299 166666794 21504 1803.248300 18699.943843 1441.053854 168 2.000000 20700197.647778
742 300 641210160 641210160 15670.669513 2696869.862409 2315.083877 184749 3.980303 166419349.048052
743 301 335958680 294021400 12469.504569 139353.480112 1441.053854 71880 2.987896 42641799.148390
744 302 532939872 532939872 13557.104079 2416701.081382 2315.083877 152037 3.769076 132134912.422862
745 303 166666794 21504 1520.772790 8033.755899 1441.053854 168 2.000000 19253225.666287
746 304 166666794 21504 1874.288453 19390.325026 1441.053854 168 2.000000 18607840.339929
747 305 335958680 294021400 15028.038180 59285.719855 1441.053854 71880 3.982888 53240814.242913
748 306 189527680 147590400 19255.941722 109144.035104 1441.053854 36085 3.997229 32365326.749969
749 307 189527680 147590400 19145.171012 100709.802060 1441.053854 36085 3.997229 33884094.453974
750 308 532939872 532939872 13545.595287 2506622.899771 1403.446161 152037 3.964147 93905550.519868
751 309 166666794 21504 1441.480023 1476.865598 1441.053854 168 2.000000 19477819.454670
752 310 335958680 294021400 12223.447870 28182.302637 1441.053854 71880 2.995826 43754738.156362
753 311 166666794 21504 1455.847794 2080.311972 1441.053854 168 2.000000 19300381.275794
754 312 335958680 294021400 18830.108681 159459.836503 1441.053854 71880 3.712437 57649572.474772
755 313 641195712 641195712 14623.209381 2723844.799474 1650.246643 182943 3.655647 163561645.398375
756 314 335958680 294021400 18623.710487 64149.448286 1441.053854 71880 3.916110 63644217.977979
757 315 641195712 641195712 14474.655322 2735995.019890 2315.083877 182943 3.983487 155574428.997406
758 316 532939872 532939872 15688.081948 2838982.557593 2315.083877 152037 3.960260 100676452.257259
759 317 189527680 147590400 15203.123086 192421.748544 591.738319 36085 3.995843 21271807.980397
760 318 130816 960272936 9403.767177 307131.053513 591.738319 235296 1.956310 349.522667
761 319 124416 918329256 9995.978672 70859.641112 1441.053854 225016 2.000000 347.830097
807 320 641195712 641195712 11839.840297 2865142.919473 2315.083877 182943 3.397222 144006942.182408
808 321 166666794 21504 1441.482082 1477.033489 1441.053854 168 2.000000 19427787.949122
809 322 335958680 294021400 14615.825126 58310.424740 1441.053854 71880 3.183779 45821102.146378
810 323 166666794 21504 1449.962036 1833.191546 1441.053854 168 2.000000 19286911.537958
811 324 335958680 294021400 15108.182536 92591.410594 1441.053854 71880 3.426544 107911641.945699
812 325 166666794 21504 1455.852323 2080.767553 1441.053854 168 2.000000 19254196.333709
813 326 166666794 21504 1479.040293 7750.418283 1441.053854 168 2.000000 19420472.443867
814 327 425391840 425391840 15439.164849 2033211.731281 1403.446161 122949 3.551497 74299025.373738
815 328 425290704 425290704 18308.434347 191652.656656 2315.083877 110307 3.747233 95461926.668265
816 329 166666794 21504 1459.459124 2056.725459 1441.053854 168 2.000000 21992395.688661
817 330 532939872 532939872 15843.701432 2857397.236947 1488.474874 152037 3.749166 123329297.340239
818 331 335958680 294021400 13259.139067 27286.566888 1441.053854 71880 3.383278 50728372.539497
819 332 166666794 21504 1445.494475 2114.720951 1441.053854 168 2.000000 34886614.335787
820 333 532939872 532939872 11084.497645 2910174.850927 2315.083877 152037 3.294520 188044806.181131
821 334 641210160 641210160 13898.112736 2833767.319043 2315.083877 184749 3.977007 147766723.104102
822 335 532939872 532939872 14561.115891 525602.278270 1650.246643 152037 3.757237 154540996.658874
823 336 532939872 532939872 12498.809494 2831449.225233 1403.446161 152037 3.633320 182093902.565453
824 337 641195712 641195712 12209.566838 2829260.440558 1403.446161 182943 3.556075 219914126.046292
825 338 166666794 21504 1443.177998 1624.646351 1441.053854 168 2.000000 32389180.231582
826 339 335958680 294021400 19707.490762 2939544.146807 1441.053854 71880 3.920006 74273458.751029
827 340 335958680 294021400 17511.205987 143713.134130 1441.053854 71880 3.794658 77735752.529260
828 341 166666794 21504 1462.303202 2136.783872 1441.053854 168 2.000000 19395306.919400
829 342 335958680 294021400 17300.348495 180937.013180 1441.053854 71880 3.935865 74778557.003446
830 343 532939872 532939872 13318.603660 1350798.283680 2315.083877 152037 3.972198 85839285.683313
831 344 166666794 21504 1574.207510 8095.532089 1441.053854 168 2.000000 19281959.037057
832 345 532939872 532939872 17544.989180 1978690.657076 1403.446161 152037 3.621362 102097756.129313
833 346 335958680 294021400 16482.292850 744671.575300 1441.053854 71880 3.810378 54553261.151041
834 347 166666794 21504 1521.705618 7733.299222 1441.053854 168 2.000000 19693502.191249
835 348 335958680 294021400 16003.922853 1103592.712961 591.738319 71880 3.676544 1110502360.434296
836 349 166666794 21504 591.738319 591.738319 591.738319 168 1.000000 0.000000
837 350 139520 1043052370 8031.996617 2622733.405443 591.738319 255570 1.800000 161.015453
838 351 148224 1125831804 9380.153513 2791581.832944 1441.053854 275844 2.000000 100000348.800341
884 352 532838736 532838736 13321.700797 373811.314782 2315.083877 139395 3.804326 151931443.641802
885 353 166666794 21504 1459.429561 2127.781111 1441.053854 168 2.000000 26260873.642235
886 354 166666794 21504 1478.466509 2363.020355 1441.053854 168 2.000000 20661928.598487
887 355 532939872 532939872 13108.311022 2675632.222377 1650.246643 152037 3.964186 134833180.115403
888 356 641195712 641195712 25096.075225 375873.225513 1403.446161 182943 3.930552 229081797.551678
889 357 425391840 425391840 18079.422965 2811703.113636 2315.083877 122949 3.329820 222725402.133491
890 358 532939872 532939872 20972.239822 305031.343172 1403.446161 152037 3.976105 165537138.824767
891 359 641195712 641195712 20681.972060 2756373.135814 1403.446161 182943 3.847592 174981210.540354
892 360 532954320 532954320 18406.096998 2771396.468499 1403.446161 153843 3.563289 164482510.990349
893 361 335958680 294021400 15174.649864 50971.859110 1441.053854 71880 3.994574 46948515.492880
894 362 532939872 532939872 13561.543614 2911400.286624 1403.446161 152037 3.123029 120835916.445591
895 363 483542680 441605400 16251.770647 101106.232725 1441.053854 107915 3.915582 93667252.302525
896 364 335958680 294021400 16621.836203 944555.130119 1441.053854 71880 3.912076 66476224.784445
897 365 532939872 532939872 17948.331957 2924052.152349 2315.083877 152037 3.972138 193916064.260346
898 366 335958680 294021400 14169.908411 114010.562961 1441.053854 71880 3.465776 65647284.239801
899 367 166666794 21504 1447.688643 2017.476271 1441.053854 168 2.000000 27824692.352648
900 368 532939872 532939872 16472.440099 2173255.179135 1650.246643 152037 3.625387 149152874.224666
901 369 166666794 21504 1442.026660 1532.965985 1441.053854 168 2.000000 20252055.549019
902 370 166666794 21504 1459.274663 2097.749828 1441.053854 168 2.000000 20252964.211831
903 371 335958680 294021400 13297.455123 44397.397834 1441.053854 71880 3.418614 50413561.290211
904 372 166666794 21504 1450.700802 2072.852063 1441.053854 168 2.000000 19944695.787722
905 373 641195712 641195712 16041.487657 2855561.991724 577.768481 182943 3.655663 193164601.751881
906 374 166666794 21504 1460.699081 2283.891933 1441.053854 168 2.000000 50416914.741117
907 375 532939872 532939872 15919.684309 2648576.903324 577.768481 152037 3.784881 138114336.052961
908 376 318445632 318445632 12321.686297 188779.198589 1488.474874 82431 3.367580 57502289.133526
909 377 189527680 147590400 15080.716707 15113.586377 1441.053854 36085 3.997229 29594572.301944
910 378 641195712 641195712 18695.200856 196718.095302 1490.991427 182943 3.973516 152582762.438450
911 379 166666794 21504 1448.830101 2065.091754 1441.053854 168 2.000000 19378725.578088
912 380 166666794 21504 591.738319 591.738319 591.738319 168 1.000000 228131.582776
913 381 166666794 21504 591.738319 591.738319 591.738319 168 1.000000 229042.700925
914 382 184832 1417221712 7584.074998 2751980.747342 591.738319 347232 1.764803 161.340681
915 383 68608 501108308 9818.638419 55197.219726 1441.053854 122788 2.000000 161.607727
961 384 532939872 532939872 15166.199823 363062.651419 2315.083877 152037 3.968212 210235715.388970
962 385 425391840 425391840 14511.107380 888020.751997 2315.083877 122949 3.329820 143992742.633257
963 386 335958680 294021400 13115.612758 28367.531172 1441.053854 71880 3.113244 46134414.081607
964 387 532939872 532939872 15640.427435 2232114.498742 2315.083877 152037 3.645238 62997227.353244
965 388 335958680 294021400 14634.152313 44369.608340 1441.053854 71880 3.426405 46239108.706709
966 389 166666794 21504 1494.318358 7576.589053 1441.053854 168 2.000000 18486999.147502
967 390 641195712 641195712 11466.957668 1345873.823246 2315.083877 182943 3.552861 149852497.603979
968 391 335958680 294021400 15129.178222 51877.661665 1441.053854 71880 3.841820 53193556.297468
969 392 641195712 641195712 13546.359258 2228968.678947 1650.246643 182943 3.957052 165106831.385747
970 393 641094576 641094576 14335.442573 697566.871526 2315.083877 170301 3.672662 101122412.155160
971 394 166666794 21504 1451.045291 1947.997299 1441.053854 168 2.000000 19172429.649605
972 395 335958680 294021400 15762.717759 946588.558942 1441.053854 71880 3.857401 51747303.006092
973 396 189527680 147590400 15141.208395 39548.099174 1441.053854 36085 3.997229 40160868.812781
974 397 166666794 21504 1518.779616 8080.599990 1441.053854 168 2.000000 19085594.164266
975 398 335958680 294021400 14682.511241 44454.637053 1441.053854 71880 3.716472 56016545.514731
976 399 532939872 532939872 11162.210361 913373.058635 1650.246643 152037 3.266817 64673113.394956
977 400 166666794 21504 1455.850500 2080.315271 1441.053854 168 2.000000 19278359.256965
978 401 335958680 294021400 16326.895604 50911.881404 1441.053854 71880 3.998609 57835879.494303
979 402 166666794 21504 1441.482729 1476.868896 1441.053854 168 2.000000 19274124.048223
980 403 335958680 294021400 15531.441848 47451.779152 1441.053854 71880 3.974958 62769619.526431
981 404 335958680 294021400 13448.665441 66712.814726 1441.053854 71880 3.457846 46930001.298928
982 405 166666794 21504 1553.696328 7930.020539 1441.053854 168 2.000000 19274062.924855
983 406 335958680 294021400 14871.310300 190901.311457 1441.053854 71880 3.136617 49940559.669670
984 407 166666794 21504 1495.523222 8106.868195 1441.053854 168 2.000000 19277914.917506
985 408 425391840 425391840 15863.797537 888103.737637 1403.446161 122949 3.950882 142089648.997064
986 409 425391840 425391840 16928.070146 2247779.346266 2315.083877 122949 3.763463 177621085.631996
987 410 166666794 21504 1441.483158 1477.229202 1441.053854 168 2.000000 19382039.806855
988 411 166666794 21504 1460.722661 2284.991274 1441.053854 168 2.000000 46337339.276536
989 412 166666794 21504 591.738319 591.738319 591.738319 168 1.000000 0.000000
990 413 335958680 294021400 16724.221466 201349.763450 591.738319 71880 3.888008 1549842957.063424
991 414 182528 1376385958 8268.531970 241201.791073 591.738319 337238 1.848433 321.634439
992 415 102912 751662462 9557.284473 275403.159877 1441.053854 184182 2.000000 348.885973
1038 416 335958680 294021400 15075.454305 33541.461401 1441.053854 71880 3.967168 49210281.314994
1039 417 166666794 21504 1481.838015 7668.525054 1441.053854 168 2.000000 19083156.723384
1040 418 532954320 532954320 11527.226681 118968.972079 1490.991427 153843 3.251926 55116939.281928
1041 419 335958680 294021400 16654.617843 59351.814673 1441.053854 71880 3.685170 59777757.450194
1042 420 166666794 21504 1441.204895 1463.760385 1441.053854 168 2.000000 19276628.979347
1043 421 532939872 532939872 17793.408987 419173.045239 2315.083877 152037 3.976144 156365327.164967
1044 422 166666794 21504 1441.485989 1477.297238 1441.053854 168 2.000000 19270898.881674
1045 423 532954320 532954320 18641.049340 202115.258044 1405.796642 153843 3.814844 178508656.695160
1046 424 166666794 21504 1559.963546 12007.337587 1441.053854 168 2.000000 20325646.809362
1047 425 166666794 21504 1524.419562 7795.133061 1441.053854 168 2.000000 20138394.747576
1048 426 166666794 21504 1559.060209 8192.372333 1441.053854 168 2.000000 19961432.975243
1049 427 335958680 294021400 14904.990790 18552.729765 1441.053854 71880 3.951447 49644148.137793
1050 428 166666794 21504 1441.477846 1476.637381 1441.053854 168 2.000000 19271706.441083
1051 429 425406288 425406288 15930.364119 980375.248739 1405.796642 124755 3.752290 79632855.558482
1052 430 166666794 21504 1449.957800 1832.795438 1441.053854 168 2.000000 19275222.807998
1053 431 425290704 425290704 13730.184145 139354.899252 576.837158 110307 3.516359 196029497.697674
1054 432 166666794 21504 1449.011993 2115.663552 1441.053854 168 2.000000 18926804.435308
1055 433 532838736 532838736 15226.771923 2092367.220863 1403.446161 139395 3.995610 167458242.265042
1056 434 532838736 532838736 19549.145227 189086.305104 1741.915394 139395 3.991284 158114334.137173
1057 435 189527680 147590400 15238.703814 63326.149992 1441.053854 36085 3.997229 27883977.606150
1058 436 335958680 294021400 14906.905668 135406.936694 1441.053854 71880 3.873261 46944078.295489
1059 437 166666794 21504 1445.417105 2101.851877 1441.053854 168 2.000000 19381718.851347
1060 438 425290704 425290704 12767.548223 290134.547345 2315.083877 110307 3.994397 132488797.676749
1061 439 335958680 294021400 15992.092135 62917.336480 1441.053854 71880 3.352115 51344291.221575
1062 440 335958680 294021400 14712.383327 60414.491304 1441.053854 71880 3.747913 49129788.311160
1063 441 532939872 532939872 15266.803063 684816.144368 1752.712886 152037 3.601531 147236009.055795
1064 442 166666794 21504 1454.827775 2037.665839 1441.053854 168 2.000000 19447880.060382
1065 443 166666794 21504 1441.898950 1510.801980 1441.053854 168 2.000000 19697133.568743
1066 444 166666794 21504 591.738319 591.738319 591.738319 168 1.000000 0.000000
1067 445 335958680 294021400 17130.043014 902023.559516 591.738319 71880 3.942821 41168506.131967
1068 446 139520 1043052370 7848.836039 242198.908957 591.738319 255570 1.800000 322.410269
1069 447 191232 1459165392 9377.806343 69910.340111 1441.053854 357512 2.000000 100000891.753336
1115 448 335958680 294021400 16672.430702 159459.836503 1441.053854 71880 3.923901 52353572.408559
1116 449 166666794 21504 1486.707502 7930.516142 1441.053854 168 2.000000 19201548.962787
1117 450 483542680 441605400 19115.492078 438417.326675 1441.053854 107915 3.813650 78005182.335983
1118 451 335958680 294021400 14851.351857 68145.797799 1441.053854 71880 3.826099 56566597.530394
1119 452 641210160 641210160 14596.918116 1316641.738213 1405.796642 184749 3.803420 113697870.661713
1120 453 335958680 294021400 20808.735794 197889.010309 1441.053854 71880 3.998609 56970465.468874
1121 454 483542680 441605400 17252.017794 159459.836503 1441.053854 107915 3.623315 94135519.125033
1122 455 532939872 532939872 17881.620051 2103519.580687 1403.446161 152037 3.972119 158953059.762714
1123 456 425391840 425391840 15682.935937 1341885.994603 1650.246643 122949 3.950858 142189092.895693
1124 457 335958680 294021400 18042.486276 159459.836476 1441.053854 71880 3.105175 60798466.991696
1125 458 166666794 21504 1555.259550 8142.600811 1441.053854 168 2.000000 18393910.071699
1126 459 425391840 425391840 14136.353080 757360.466832 1752.712886 122949 3.955787 146978092.988666
1127 460 166666794 21504 1444.224291 1748.739699 1441.053854 168 2.000000 18691913.184576
1128 461 483542680 441605400 16210.135175 142259.916100 1441.053854 107915 3.936339 71876415.139804
1129 462 318561216 318561216 19994.013701 344731.533821 1405.796642 96879 3.387452 93828149.232958
1130 463 483542680 441605400 15690.364899 184378.870578 1441.053854 107915 3.842283 86903059.490269
1131 464 641195712 641195712 15685.855507 240469.987381 2319.019588 182943 3.834506 158049531.190447
1132 465 425391840 425391840 13376.508977 99709.229772 1405.796642 122949 3.921553 75476819.094068
1133 466 166666794 21504 1441.481690 1477.017879 1441.053854 168 2.000000 19066369.634472
1134 467 166666794 21504 1528.859284 13706.704120 1441.053854 168 2.000000 19386591.457505
1135 468 532954320 532954320 14403.813594 2006461.176723 1403.446161 153843 3.960804 96356740.774765
1136 469 189527680 147590400 15130.894476 79102.841215 1441.053854 36085 3.997229 55173154.425486
1137 470 335958680 294021400 20328.886852 250524.657539 1441.053854 71880 3.998609 98890539.113001
1138 471 335958680 294021400 12698.730619 379112.801460 1441.053854 71880 2.901503 95292621.049624
1139 472 532939872 532939872 12259.732586 731851.339778 831.088221 152037 3.465913 131696094.180206
1140 473 166666794 21504 1604.258266 14675.959273 1441.053854 168 2.000000 18975286.101909
1141 474 335958680 294021400 16909.806681 746220.037589 1441.053854 71880 3.837785 50064525.476119
1142 475 532939872 532939872 13088.214289 1141167.413392 576.837158 152037 3.446003 146702679.453902
1143 476 335958680 294021400 20191.879794 746220.037616 591.738319 71880 3.997913 981012193.952023
1144 477 335958680 294021400 16830.984797 369391.381088 591.738319 71880 3.496522 247063723.651223
1145 478 109312 793606142 9140.089728 538926.020353 591.738319 194462 1.894272 174.430722
1146 479 109312 793606142 9520.243798 532797.412160 1441.053854 194462 2.000000 965.519334
1192 480 189527680 147590400 13533.775920 16914.483046 1441.053854 36085 2.998614 27499012.161426
1193 481 335958680 294021400 15591.764625 198345.556480 1441.053854 71880 3.935865 53222149.091627
1194 482 335958680 294021400 19171.931325 725452.713160 1441.053854 71880 3.927935 70273712.731671
1195 483 335958680 294021400 12666.990939 66245.177262 1441.053854 71880 2.964385 52287230.043720
1196 484 166666794 21504 1442.521518 1600.871944 1441.053854 168 2.000000 32391657.473000
1197 485 532939872 532939872 14391.430849 1418067.452018 576.837158 152037 3.414373 203689812.352552
1198 486 335958680 294021400 16932.446886 414640.648736 1441.053854 71880 3.998609 47580074.623020
1199 487 532838736 532838736 16254.211825 1418094.559449 2315.083877 139395 3.804347 170878599.159226
1200 488 335958680 294021400 13376.327140 139353.480111 1441.053854 71880 3.356010 56013680.603371
1201 489 532954320 532954320 15735.247674 447083.403236 1405.796642 153843 3.787485 182714306.433709
1202 490 335958680 294021400 14996.446699 125890.249248 1441.053854 71880 3.485253 51899266.495590
1203 491 166666794 21504 1526.746463 14904.278032 1441.053854 168 2.000000 19219729.114291
1204 492 641195712 641195712 11484.286122 2021004.809229 1403.446161 182943 3.542858 173508407.692437
1205 493 166666794 21504 1441.480692 1476.945938 1441.053854 168 2.000000 18364182.925775
1206 494 335958680 294021400 12798.963644 65832.493445 850.878826 71880 3.195047 51124125.573453
1207 495 335958680 294021400 17597.221820 1327724.330212 850.878826 71880 3.978575 66199028.447501
1208 496 166666794 21504 1467.577812 2284.546151 1441.053854 168 2.000000 19902312.175340
1209 497 641195712 641195712 12882.942672 113119.638762 1488.474874 182943 3.523212 95816072.725934
1210 498 335958680 294021400 14260.163946 101957.236772 1441.053854 71880 3.685031 49660446.503228
1211 499 166666794 21504 1442.970959 1567.023208 1441.053854 168 2.000000 19938814.792890
1212 500 532939872 532939872 10476.300288 227559.663595 1405.796642 152037 3.258884 107988446.159907
1213 501 166666794 21504 1480.467490 7670.921043 1441.053854 168 2.000000 38424707.306098
1214 502 641094576 641094576 12563.922866 1412681.700585 1488.474874 170301 3.672644 96293012.013822
1215 503 335958680 294021400 15295.081886 159459.836503 1441.053854 71880 3.935865 52443920.917903
1216 504 166666794 21504 1574.560947 16072.460388 1441.053854 168 2.000000 19016538.605850
1217 505 335958680 294021400 14572.742153 159459.836503 1441.053854 71880 3.242487 47584875.773051
1218 506 425391840 425391840 10962.291004 2827282.487346 1490.991427 122949 3.531830 94515934.277774
1219 507 425391840 425391840 13380.723805 346075.160599 1403.446161 122949 3.310177 133768043.869171
1220 508 335958680 294021400 18844.455175 734347.947147 591.738319 71880 3.919310 59155051.897456
1221 509 166666794 21504 591.738319 591.738319 591.738319 168 1.000000 0.000000
1222 510 139520 1043052370 7839.438669 242020.513592 591.738319 255570 1.800000 161.362034
1223 511 115712 835549822 9877.083076 241439.938977 1441.053854 204742 2.000000 892.662710
1269 512 641195712 641195712 15072.577885 2772549.572610 2315.083877 182943 3.523097 148917853.269570
1270 513 641195712 641195712 18570.510713 2765943.673735 1403.446161 182943 3.937259 239325714.906665
1271 514 483542680 441605400 13734.547232 89580.763390 1441.053854 107915 3.451096 69268601.396111
1272 515 641195712 641195712 15095.756666 5800432.659900 1403.446161 182943 3.824454 149163191.412412
1273 516 335958680 294021400 16351.036041 80593.259284 1441.053854 71880 3.920006 63006452.737085
1274 517 425391840 425391840 18643.598017 5804236.997229 2319.019588 122949 3.945978 67221803.649758
1275 518 166666794 21504 1455.847466 2080.463982 1441.053854 168 2.000000 19060179.447956
1276 519 166666794 21504 1441.479696 1477.017607 1441.053854 168 2.000000 19224962.618657
1277 520 166666794 21504 1449.579639 2125.273793 1441.053854 168 2.000000 25746670.942780
1278 521 166666794 21504 1457.422691 2067.206760 1441.053854 168 2.000000 20165255.817922
1279 522 166666794 21504 1465.836343 2146.228735 1441.053854 168 2.000000 26014067.710731
1280 523 335958680 294021400 14208.899491 178738.557837 1441.053854 71880 3.363801 50479694.328425
1281 524 641195712 641195712 12554.370602 498268.362043 1650.246643 182943 3.970253 135647679.050766
1282 525 335958680 294021400 15380.382189 184548.186206 1441.053854 71880 3.935726 66189432.532636
1283 526 335958680 294021400 17475.962907 56374.116656 1441.053854 71880 3.998609 65387521.333311
1284 527 166666794 21504 1441.475479 1476.701833 1441.053854 168 2.000000 18812755.828514
1285 528 335958680 294021400 14711.913476 117769.460005 1441.053854 71880 3.873261 47152715.273181
1286 529 335958680 294021400 16716.028488 139353.480112 1441.053854 71880 3.434474 51650503.669951
1287 530 189527680 147590400 15080.639745 15113.586377 1441.053854 36085 3.997229 27133190.090862
1288 531 532939872 532939872 13176.041011 2736958.903463 1403.446161 152037 3.773022 76443471.721187
1289 532 166666794 21504 1470.217094 2683.930481 1441.053854 168 2.000000 20911658.231287
1290 533 166666794 21504 1475.677213 2895.234921 1441.053854 168 2.000000 20918312.257262
1291 534 166666794 21504 1454.826923 2037.462497 1441.053854 168 2.000000 20904028.305363
1292 535 166666794 21504 1441.481552 1477.037731 1441.053854 168 2.000000 20892288.523829
1293 536 335958680 294021400 16258.224324 342317.712158 1441.053854 71880 3.680996 59591117.604013
1294 537 335958680 294021400 16584.124020 159461.255635 1441.053854 71880 3.183639 51027319.061315
1295 538 166666794 21504 1446.989327 1993.010571 1441.053854 168 2.000000 19504407.753136
1296 539 335958680 294021400 16169.104681 184433.809579 1441.053854 71880 3.618392 58150551.651383
1297 540 166666794 21504 591.738319 591.738319 591.738319 168 1.000000 229042.688744
1298 541 166666794 21504 591.738319 591.738319 591.738319 168 1.000000 228131.582776
1299 542 210432 1584996432 7991.151890 487975.474168 591.738319 388352 1.789706 1301.629223
1300 543 139520 1043052370 9484.597273 21554.221147 1441.053854 255570 2.000000 349.064015
1346 544 425290704 425290704 19208.840208 109144.035104 1650.246643 110307 3.736327 114804591.657919
1347 545 483542680 441605400 14579.906357 61636.118599 1441.053854 107915 3.477227 83152556.200316
1348 546 166666794 21504 1447.980967 1973.542461 1441.053854 168 2.000000 20453940.220644
1349 547 335958680 294021400 15804.591348 55177.609960 1441.053854 71880 3.904424 69959868.776734
1350 548 532838736 532838736 20392.789382 268532.012395 1403.446161 139395 3.995567 132880626.825628
1351 549 166666794 21504 2021.204590 89076.906813 1441.053854 168 2.000000 20006469.750664
1352 550 425391840 425391840 27417.328682 960623.836655 2315.083877 122949 3.960691 161235965.406474
1353 551 166666794 21504 1456.176082 2122.207689 1441.053854 168 2.000000 20225140.724782
1354 552 166666794 21504 1444.677844 1978.430661 1441.053854 168 2.000000 20548794.100487
1355 553 335958680 294021400 17235.001120 1380743.185867 1441.053854 71880 3.982888 72928586.337269
1356 554 532838736 532838736 21162.928422 1169767.312933 1490.991427 139395 3.213257 175877341.415210
1357 555 532939872 532939872 16538.925050 1069916.565720 2315.083877 152037 3.302433 116130225.552495
1358 556 483542680 441605400 14874.430387 41987.873695 1441.053854 107915 3.931057 73578183.968835
1359 557 532939872 532939872 14327.326041 1244844.595730 2315.083877 152037 3.788946 145328674.457591
1360 558 335958680 294021400 15845.408346 335467.076344 1441.053854 71880 3.982888 54826984.251662
1361 559 425406288 425406288 17733.412459 601233.773840 2728.333501 124755 3.995142 106059536.122914
1362 560 532954320 532954320 26981.402956 230895.484734 1403.446161 153843 3.783448 172851931.896642
1363 561 425290704 425290704 19064.985061 977453.341837 1490.991427 110307 3.494710 103381994.804296
1364 562 425290704 425290704 28503.893576 268159.721789 1403.446161 110307 3.977807 144962271.664045
1365 563 166666794 21504 1645.465570 15181.803370 1441.053854 168 2.000000 26607039.546697
1366 564 532954320 532954320 15178.390610 230676.996825 1490.991427 153843 3.775765 140657433.388752
1367 565 425406288 425406288 19968.059354 1322881.554517 1488.474874 124755 3.514536 160128606.245783
1368 566 335958680 294021400 13712.941110 74486.584904 1441.053854 71880 3.293406 59688282.221819
1369 567 335958680 294021400 18336.499597 2939544.147670 1441.053854 71880 3.994574 55303517.556855
1370 568 425406288 425406288 22830.764979 174382.796840 1405.796642 124755 3.742792 102235745.111687
1371 569 425391840 425391840 19575.666718 1078647.829642 1403.446161 122949 3.758485 78518921.130394
1372 570 166666794 21504 2531.353950 31124.502408 1441.053854 168 2.000000 26203084.284816
1373 571 166666794 21504 2757.679606 71891.773213 1441.053854 168 2.000000 20556696.396401
1374 572 532939872 532939872 20115.600097 1628994.161537 1488.474874 152037 3.944415 93074428.506286
1375 573 166666794 21504 591.738319 591.738319 591.738319 168 1.000000 0.000000
1376 574 98816 750554536 7936.153985 234877.556109 591.738319 183896 1.777951 0.000000
1377 575 118016 876385576 9509.260505 75818.909732 1441.053854 214736 2.000000 174.638819
1423 576 641195712 641195712 22221.097095 774546.638868 1752.712886 182943 3.781637 87794526.772362
1424 577 335958680 294021400 14931.799524 108908.279033 1441.053854 71880 3.923901 51045484.363558
1425 578 166666794 21504 2892.433720 37864.378142 1441.053854 168 2.000000 18691173.793024
1426 579 335958680 294021400 14140.622128 104010.366160 1441.053854 71880 3.716472 53844681.922587
1427 580 641210160 641210160 19206.704472 454002.058726 2315.083877 184749 3.668918 171790205.883252
1428 581 532838736 532838736 20902.105107 198056.851994 1650.246643 139395 3.986893 173083493.289709
1429 582 425406288 425406288 29121.557851 775288.219158 1650.246643 124755 3.970927 166792286.526812
1430 583 335958680 294021400 13566.805759 754408.057433 1441.053854 71880 3.042710 46622742.772017
1431 584 166666794 21504 1649.722639 13148.754707 1441.053854 168 2.000000 18702643.872173
1432 585 425391840 425391840 26322.787713 1083607.154029 1403.446161 122949 3.941098 159275148.180626
1433 586 335958680 294021400 16918.549599 1482974.403101 1441.053854 71880 3.998609 58040100.232760
1434 587 335958680 294021400 16739.105825 755961.275439 1441.053854 71880 3.994574 62615104.372808
1435 588 166666794 21504 1546.963455 8405.139194 1441.053854 168 2.000000 19910155.107557
1436 589 532838736 532838736 25367.124973 739790.836595 1650.246643 139395 3.973894 193082131.744048
1437 590 483542680 441605400 15611.727808 95756.939911 1441.053854 107915 3.811055 81986566.518862
1438 591 166666794 21504 1690.737765 14716.592885 1441.053854 168 2.000000 19938751.433613
1439 592 425391840 425391840 9838.364964 1336280.105674 1403.446161 122949 2.842105 121947846.828734
1440 593 335958680 294021400 17215.993671 98337.293404 1441.053854 71880 3.841681 53964300.272729
1441 594 189527680 147590400 15124.602993 18807.815905 1441.053854 36085 3.997229 27806100.279213
1442 595 166666794 21504 1993.614061 23205.792875 1441.053854 168 2.000000 18777383.901093
1443 596 532939872 532939872 21317.764168 1108946.081163 1488.474874 152037 3.434184 133321498.154960
1444 597 532939872 532939872 16200.802291 941454.776884 2315.083877 152037 3.645218 78700404.662442
1445 598 425391840 425391840 16368.066052 4593977.694345 1752.712886 122949 3.960740 131121170.041937
1446 599 166666794 21504 2611.099388 53942.233348 1441.053854 168 2.000000 19409658.847227
1447 600 641195712 641195712 14755.689813 229317.446151 674.626029 182943 3.380676 132157893.716268
1448 601 532939872 532939872 13959.185504 176641.211406 1053.674316 152037 3.055723 580530818.861484
1449 602 641195712 641195712 15292.452742 1212876.954813 674.626029 182943 3.920746 128146713.794535
1450 603 189527680 147590400 11918.053110 41262.683849 1441.053854 36085 2.998614 26124184.169642
1451 604 425391840 425391840 21396.037312 1463612.845995 1405.796642 122949 3.477930 180083347.522506
1452 605 641195712 641195712 16158.148596 1451980.532676 1650.246643 182943 3.542923 97207079.257709
1453 606 83712 625831422 9399.174105 72529.410451 1441.053854 153342 2.000000 0.000000
1454 607 102912 751662462 9754.999651 23304.757182 1441.053854 184182 2.000000 348.832041
1500 608 483542680 441605400 13430.161610 94534.164210 1441.053854 107915 3.245008 94079211.488179
1501 609 425391840 425391840 20186.456003 2487176.906443 2315.083877 122949 3.768392 135409835.944111
1502 610 166666794 21504 1524.319381 8048.000451 1441.053854 168 2.000000 20906384.762247
1503 611 425391840 425391840 12469.193686 2909326.820744 2315.083877 122949 3.571139 180670527.152120
1504 612 166666794 21504 1756.567496 14913.517460 1441.053854 168 2.000000 21075082.418497
1505 613 335958680 294021400 15644.135228 150387.186463 1441.053854 71880 3.951308 46949859.330961
1506 614 532954320 532954320 12531.654593 5778772.962728 1403.446161 153843 3.421189 150847389.229510
1507 615 483542680 441605400 15701.027499 159459.836503 1441.053854 107915 3.769356 67130609.739613
1508 616 166666794 21504 1444.681627 1858.649013 1441.053854 168 2.000000 31207311.339364
1509 617 425290704 425290704 15375.113554 147345.243657 3141.692880 110307 4.000000 146650965.243961
1510 618 166666794 21504 1464.962729 2143.618455 1441.053854 168 2.000000 23485652.218106
1511 619 641210160 641210160 21373.898995 315993.847795 1405.796642 184749 3.537551 218926342.225078
1512 620 335958680 294021400 13417.650826 72332.460133 1441.053854 71880 3.481358 48218654.899952
1513 621 166666794 21504 1444.278235 1794.337744 1441.053854 168 2.000000 18486959.129919
1514 622 189527680 147590400 15080.417714 15115.171607 1441.053854 36085 3.997229 27795335.189249
1515 623 425391840 425391840 13955.924253 5628743.899478 1490.991427 122949 3.955884 83652279.043239
1516 624 166666794 21504 1464.398140 2154.228751 1441.053854 168 2.000000 20656845.329717
1517 625 483542680 441605400 17043.837410 159459.836503 1441.053854 107915 3.985915 77284218.981549
1518 626 166666794 21504 1447.316177 1901.139510 1441.053854 168 2.000000 20911544.127974
1519 627 532939872 532939872 17184.259878 2911882.232071 1405.796642 152037 3.928531 210552915.055370
1520 628 166666794 21504 1496.801312 8260.850748 1441.053854 168 2.000000 20190014.199748
1521 629 166666794 21504 1441.713333 1479.326636 1441.053854 168 2.000000 20455561.732977
1522 630 189527680 147590400 11844.936578 11866.869444 1441.053854 36085 2.998614 26886974.294374
1523 631 166666794 21504 1456.798913 2067.206760 1441.053854 168 2.000000 20360686.634760
1524 632 335958680 294021400 14586.539624 77384.493859 1441.053854 71880 3.826099 51308271.308530
1525 633 532838736 532838736 18245.767877 174272.787450 1405.796642 139395 3.391456 191768036.559603
1526 634 641195712 641195712 11802.968340 2912719.596408 1403.446161 182943 3.390613 177527084.664105
1527 635 318546768 318546768 23917.299249 568749.606436 2315.083877 95073 3.451737 144789718.900216
1528 636 166666794 21504 591.738319 591.738319 591.738319 168 1.000000 0.000000
1529 637 335958680 294021400 17526.844534 746220.037781 591.738319 71880 3.997913 47574425.566922
1530 638 154624 1167775484 8095.639187 504590.875063 591.738319 286124 1.821357 100000172.214334
1531 639 139520 1043052370 9615.026544 726875.282562 1441.053854 255570 2.000000 174.425422
1577 640 425406288 425406288 9746.968423 163232.245787 1490.991427 124755 3.296116 150787151.455094
1578 641 532939872 532939872 14466.151242 234812.879013 2315.083877 152037 3.940429 141487087.689091
1579 642 483542680 441605400 18406.838454 743638.829299 1441.053854 107915 3.999073 270313861.527875
1580 643 166666794 21504 1461.366173 2122.973785 1441.053854 168 2.000000 19735346.701203
1581 644 166666794 21504 1445.006523 1788.311254 1441.053854 168 2.000000 19387047.291878
1582 645 425391840 425391840 16198.023488 2257255.444955 1752.712886 122949 3.955762 76506079.533819
1583 646 641195712 641195712 15928.870565 5123320.995754 1403.446161 182943 3.827782 136273639.098867
1584 647 189527680 147590400 9275.529069 9293.306879 1441.053854 36085 2.000000 22526340.821632
1585 648 166666794 21504 1458.719564 2021.861298 1441.053854 168 2.000000 21003296.326084
1586 649 166666794 21504 1444.833655 1695.015897 1441.053854 168 2.000000 22035603.172301
1587 650 641195712 641195712 14064.161154 650700.930742 1403.446161 182943 3.821141 168648037.148746
1588 651 532954320 532954320 13637.501521 2109995.481055 2315.083877 153843 3.795304 166106378.677808
1589 652 335958680 294021400 16252.892498 62551.613831 1441.053854 71880 3.755426 59801398.537609
1590 653 483542680 441605400 13440.328324 54012.637397 1441.053854 107915 3.130149 76032209.426704
1591 654 335958680 294021400 17724.176459 1473033.981739 1441.053854 71880 3.927796 49710878.894443
1592 655 532838736 532838736 14169.925891 2613005.889939 1403.446161 139395 3.226213 126475888.695969
1593 656 335958680 294021400 21369.624925 159459.836503 1441.053854 71880 3.873261 59584667.402789
1594 657 166666794 21504 2225.649663 56116.589040 1441.053854 168 2.000000 27538590.522289
1595 658 166666794 21504 2770.296433 48988.540409 1441.053854 168 2.000000 19617517.645434
1596 659 335958680 294021400 15539.135509 37784.616227 1441.053854 71880 3.935865 50924740.148371
1597 660 166666794 21504 1442.025068 1532.291677 1441.053854 168 2.000000 19212948.494011
1598 661 335958680 294021400 14042.152936 76581.892204 1441.053854 71880 3.363801 48416398.619780
1599 662 425391840 425391840 14848.888394 1246745.993545 1403.446161 122949 3.685016 176055901.421992
1600 663 425391840 425391840 16912.839605 5072385.133775 1405.796642 122949 3.941073 187073112.867658
1601 664 335958680 294021400 18331.139561 87410.527634 1441.053854 71880 3.861018 60072184.339413
1602 665 425290704 425290704 13698.013864 1242346.282456 2315.083877 110307 3.527455 113675905.225317
1603 666 166666794 21504 1448.519451 1879.741638 1441.053854 168 2.000000 20035858.751157
1604 667 166666794 21504 1467.109950 2133.912855 1441.053854 168 2.000000 19775510.178910
1605 668 166666794 21504 591.738319 591.738319 591.738319 168 1.000000 0.000000
1606 669 641195712 641195712 16297.516056 5152566.403523 1490.991427 182943 3.675456 182232923.727132
1607 670 154624 1167775484 8217.947358 242017.159700 591.738319 286124 1.857286 322.767489
1608 671 118016 876385576 9607.463881 114075.593800 1441.053854 214736 2.000000 174.195128
1654 672 335958680 294021400 16656.887554 43885.317830 1441.053854 71880 3.927935 59299226.884016
1655 673 335958680 294021400 14629.393899 75113.214429 1441.053854 71880 3.779076 46288844.670985
1656 674 425391840 425391840 15319.647944 201797.257162 2315.083877 122949 3.768319 147265789.381974
1657 675 641210160 641210160 13674.801791 1285083.700538 1490.991427 184749 3.498417 112793658.422411
1658 676 532939872 532939872 15574.845724 727142.939857 1405.796642 152037 3.816610 138002001.772363
1659 677 532838736 532838736 15106.109030 1209544.277430 2315.083877 139395 3.973916 102613118.127135
1660 678 166666794 21504 1543.547662 8477.879463 1441.053854 168 2.000000 21792969.989295
1661 679 335958680 294021400 16553.257851 2939544.147670 1441.053854 71880 3.242487 51231274.004222
1662 680 166666794 21504 1464.552435 2086.225561 1441.053854 168 2.000000 19919670.957700
1663 681 532939872 532939872 16988.309273 726086.331003 2315.083877 152037 3.792853 108680288.067273
1664 682 166666794 21504 1482.052463 3620.384111 1441.053854 168 2.000000 28120077.258914
1665 683 335958680 294021400 14690.830685 84859.224025 1441.053854 71880 3.865331 46499937.092946
1666 684 532939872 532939872 16959.800974 526039.466990 1650.246643 152037 3.804673 152832683.595376
1667 685 532939872 532939872 16430.623074 2454852.829345 2315.083877 152037 3.593658 135131493.993887
1668 686 166666794 21504 1445.916437 2078.424445 1441.053854 168 2.000000 35039404.875298
1669 687 532939872 532939872 15337.393700 1109498.760203 1752.712886 152037 3.800785 156351517.629310
1670 688 335958680 294021400 15091.150659 40213.287475 1441.053854 71880 3.426544 63934880.123570
1671 689 189527680 147590400 15175.627629 71867.670719 1441.053854 36085 3.997229 26159106.271069
1672 690 641195712 641195712 13613.777878 693020.422970 1405.796642 182943 3.662239 155607611.051472
1673 691 166666794 21504 2195.916862 52913.427066 1441.053854 168 2.000000 18580286.512271
1674 692 166666794 21504 1454.814767 2036.871219 1441.053854 168 2.000000 19974311.544301
1675 693 166666794 21504 1449.533808 1797.211910 1441.053854 168 2.000000 19982303.161485
1676 694 189527680 147590400 15149.508846 63057.465445 1441.053854 36085 3.997229 25442265.826385
1677 695 166666794 21504 1502.949858 8379.409043 1441.053854 168 2.000000 19967169.942427
1678 696 166666794 21504 1619.503948 12936.486796 1441.053854 168 2.000000 19975901.394295
1679 697 166666794 21504 1678.371446 14802.927782 1441.053854 168 2.000000 19983629.524023
1680 698 189527680 147590400 15214.818749 78761.873989 1441.053854 36085 3.997229 26027649.324916
1681 699 166666794 21504 1778.916922 28315.474537 1441.053854 168 2.000000 19982203.572660
1682 700 641195712 641195712 15539.465199 1712369.558412 1650.246643 182943 3.963677 120114625.098508
1683 701 166666794 21504 591.738319 591.738319 591.738319 168 1.000000 0.000000
1684 702 197632 1501109072 8481.361111 248911.471308 591.738319 367792 1.888975 1330.572088
1685 703 111616 834441896 9335.637670 31143.540338 1441.053854 204456 2.000000 161.274775
1731 704 335958680 294021400 16240.857472 110673.732564 1441.053854 71880 3.426544 52892264.587870
1732 705 189527680 147590400 23321.617395 131148.962785 1441.053854 36085 2.998614 27079457.963806
1733 706 641094576 641094576 13947.383694 2803818.199941 1752.712886 170301 3.662004 150328624.760237
1734 707 166666794 21504 1483.602235 8517.292133 1441.053854 168 2.000000 19396044.382233
1735 708 189527680 147590400 15141.829928 29635.520643 1441.053854 36085 3.997229 26414866.622648
1736 709 641195712 641195712 14409.221362 882804.523263 577.768481 182943 3.659123 196169950.305508
1737 710 483542680 441605400 16697.513829 210539.472765 1441.053854 107915 3.832090 83598038.121273
1738 711 532939872 532939872 13711.319779 666374.769507 576.837158 152037 3.960299 172924265.980133
1739 712 166666794 21504 2148.833727 46981.332169 1441.053854 168 2.000000 19860224.013141
1740 713 532939872 532939872 11456.184641 2806666.104151 1650.246643 152037 3.449989 251136780.929976
1741 714 335958680 294021400 21173.526030 2949285.384846 1441.053854 71880 3.994574 182699818.939024
1742 715 641195712 641195712 13093.649895 2624980.935959 2315.083877 182943 3.973533 167807771.546051
1743 716 189527680 147590400 15237.903323 68930.315174 1441.053854 36085 3.997229 27232848.463204
1744 717 483542680 441605400 14932.184826 1477328.074411 1441.053854 107915 3.456331 111426560.621422
1745 718 532939872 532939872 12399.329022 2803619.893411 1403.446161 152037 3.262712 137356448.165854
1746 719 335958680 294021400 13327.433314 1819133.216868 1441.053854 71880 3.210907 48979986.181324
1747 720 166666794 21504 4647.853262 275508.453912 1441.053854 168 2.000000 20410046.322885
1748 721 166666794 21504 3433.812881 56210.890177 1441.053854 168 2.000000 20472238.493884
1749 722 166666794 21504 2557.938623 22301.636232 1441.053854 168 2.000000 20334984.252200
1750 723 166666794 21504 2655.850884 26261.776139 1441.053854 168 2.000000 20423691.985619
1751 724 166666794 21504 1441.482216 1477.171208 1441.053854 168 2.000000 19048028.436243
1752 725 335958680 294021400 15978.473492 54476.430377 1441.053854 71880 3.825960 52603122.044722
1753 726 335958680 294021400 15329.300344 52004.120619 1441.053854 71880 3.497218 59870259.613119
1754 727 166666794 21504 1460.715773 2284.706660 1441.053854 168 2.000000 19375966.506739
1755 728 335958680 294021400 15422.856377 380666.019466 1441.053854 71880 3.497218 53571974.487482
1756 729 166666794 21504 1534.100465 15917.510997 1441.053854 168 2.000000 19442685.210537
1757 730 166666794 21504 1521.389879 14725.723316 1441.053854 168 2.000000 19245912.050298
1758 731 532939872 532939872 11026.048235 4403129.815988 2315.083877 152037 3.254898 87619871.938120
1759 732 532939872 532939872 19691.774908 2869132.678156 1650.246643 152037 3.633359 138863247.753439
1760 733 483542680 441605400 19814.961289 2949285.384846 591.738319 107915 3.810684 1825213195.723732
1761 734 204032 1543052752 9281.010266 302086.440890 591.738319 378072 1.972809 63766.994092
1762 735 87808 626939348 9692.486861 249479.528552 1441.053854 153628 2.000000 922.639751
1808 736 335958680 294021400 12685.906083 70556.451618 1441.053854 71880 3.175710 48552209.041452
1809 737 335958680 294021400 16354.379827 336385.610008 1441.053854 71880 3.716472 53131944.980552
1810 738 641094576 641094576 17055.585134 343541.620316 1490.991427 170301 3.633484 207591481.505584
1811 739 532939872 532939872 11887.554190 2772047.263407 2315.083877 152037 3.621362 155319646.441419
1812 740 532939872 532939872 15180.684354 2729291.254287 1405.796642 152037 3.765110 127988193.694685
1813 741 532954320 532954320 12628.864452 1940985.595858 1490.991427 153843 3.417328 54512503.533506
1814 742 166666794 21504 1441.479543 1476.925065 1441.053854 168 2.000000 18372480.744127
1815 743 335958680 294021400 20196.044920 1481023.888736 1441.053854 71880 3.998609 61931772.708179
1816 744 483542680 441605400 15681.702573 287224.484743 1441.053854 107915 3.693555 73388033.147906
1817 745 166666794 21504 1441.479543 1476.925065 1441.053854 168 2.000000 19204975.979397
1818 746 335958680 294021400 16834.219833 161151.750177 1441.053854 71880 3.900390 47358738.825938
1819 747 166666794 21504 1454.827064 2037.394782 1441.053854 168 2.000000 19221724.825876
1820 748 166666794 21504 1445.381283 1833.973257 1441.053854 168 2.000000 20159902.735676
1821 749 483542680 441605400 15040.687309 139353.480088 1441.053854 107915 3.826715 74965029.011123
1822 750 532939872 532939872 11886.680721 724449.036725 1490.991427 152037 3.079461 115712997.134881
1823 751 166666794 21504 1461.496216 2079.669454 1441.053854 168 2.000000 20477812.689557
1824 752 166666794 21504 1458.600253 2079.874045 1441.053854 168 2.000000 32911076.588751
1825 753 166666794 21504 1442.228061 1567.639702 1441.053854 168 2.000000 19697789.134953
1826 754 425391840 425391840 13891.088676 2020138.700386 1650.246643 122949 3.738941 155808222.557445
1827 755 483542680 441605400 15550.588106 629670.195683 1441.053854 107915 3.153547 70026785.836409
1828 756 641195712 641195712 12196.403883 1280753.068153 1403.446161 182943 3.652416 152470867.443950
1829 757 335958680 294021400 15156.669551 126712.187113 1441.053854 71880 3.904285 47718038.147654
1830 758 532939872 532939872 17161.240527 610748.181681 2315.083877 152037 3.446181 108111579.665846
1831 759 189527680 147590400 15080.769379 15113.586377 1441.053854 36085 3.997229 26786522.657788
1832 760 335958680 294021400 17116.558785 44369.608340 1441.053854 71880 3.994574 56338586.379387
1833 761 335958680 294021400 16863.908110 260697.183581 1441.053854 71880 3.873261 51631884.778275
1834 762 532939872 532939872 13539.321222 722941.082867 1650.246643 152037 3.796681 112132734.069781
1835 763 166666794 21504 1450.719476 1864.750951 1441.053854 168 2.000000 19044276.463716
1836 764 166666794 21504 591.738319 591.738319 591.738319 168 1.000000 0.000000
1837 765 189527680 147590400 15421.136582 363256.959155 591.738319 36085 3.995843 21087487.149109
1838 766 145920 1084996050 7983.372931 299766.684158 591.738319 265850 1.807734 334.719895
1839 767 124416 918329256 9430.996189 239486.012540 1441.053854 225016 2.000000 510.598933
1885 768 335958680 294021400 17892.621197 104926.900822 1441.053854 71880 3.771146 83878132.307846
1886 769 335958680 294021400 18179.248843 758515.176737 1441.053854 71880 3.747913 88044718.987194
1887 770 483542680 441605400 17334.786743 159459.836503 1441.053854 107915 3.999073 89463588.532717
1888 771 335958680 294021400 17241.702239 380767.438540 1441.053854 71880 3.324708 61426760.364956
1889 772 189527680 147590400 15178.345859 74255.273889 1441.053854 36085 3.997229 26761919.424525
1890 773 641210160 641210160 11629.430771 718316.806886 1403.446161 184749 3.639495 151974248.111511
1891 774 335958680 294021400 15253.189142 94990.153019 1441.053854 71880 3.873122 47469424.720302
1892 775 641195712 641195712 12952.458732 1133750.634113 1650.246643 182943 3.705187 96330568.036555
1893 776 166666794 21504 1678.370191 21957.050800 1441.053854 168 2.000000 19074831.216819
1894 777 425406288 425406288 10379.770992 1972476.213976 1405.796642 124755 3.324925 112137102.562857
1895 778 166666794 21504 1863.448668 22570.668769 1441.053854 168 2.000000 24478977.466977
1896 779 641195712 641195712 14441.421486 2786420.051705 1403.446161 182943 3.529772 103668173.288380
1897 780 641195712 641195712 14059.021642 2771132.511775 1488.474874 182943 3.410357 136352325.380299
1898 781 532954320 532954320 13095.550605 2517027.868468 1405.796642 153843 3.555371 129728817.554689
1899 782 166666794 21504 1620.492385 11234.192779 1441.053854 168 2.000000 30181779.996501
1900 783 166666794 21504 1806.317335 25316.348730 1441.053854 168 2.000000 19353703.401260
1901 784 335958680 294021400 17051.371546 131122.085361 1441.053854 71880 3.865053 74678622.171009
1902 785 483542680 441605400 16224.116685 97723.580535 1441.053854 107915 3.991104 81304350.313837
1903 786 335958680 294021400 19065.837726 159459.836503 1441.053854 71880 3.904424 80942734.244006
1904 787 166666794 21504 1760.623744 15038.639671 1441.053854 168 2.000000 19191006.362201
1905 788 425391840 425391840 16702.278143 668753.771463 1405.796642 122949 3.748676 147380314.537228
1906 789 166666794 21504 2234.792663 45542.177343 1441.053854 168 2.000000 19562762.136594
1907 790 166666794 21504 1788.413518 16929.403825 1441.053854 168 2.000000 19321359.338182
1908 791 335958680 294021400 18430.410966 200368.068279 1441.053854 71880 3.994574 62542642.347821
1909 792 335958680 294021400 16642.288865 180464.109284 1441.053854 71880 3.939482 74648419.076445
1910 793 641195712 641195712 13132.538908 2770909.295367 1403.446161 182943 3.387317 125849812.837759
1911 794 641195712 641195712 11932.028508 2101896.411760 1405.796642 182943 3.536282 139703886.473278
1912 795 189527680 147590400 15167.982421 32048.868321 1441.053854 36085 3.997229 32624488.730722
1913 796 335958680 294021400 16618.670350 220817.777503 591.738319 71880 3.801892 1183484391.253181
1914 797 641210160 641210160 18891.293248 2839360.921078 1403.446161 184749 3.583976 142254758.597530
1915 798 130816 960272936 9362.594016 304604.532332 591.738319 235296 1.956310 349.110733
1916 799 102912 751662462 10159.628745 58790.539828 1441.053854 184182 2.000000 952.544948
1962 800 166666794 21504 1455.961624 2089.860155 1441.053854 168 2.000000 19925430.247650
1963 801 335958680 294021400 14714.401909 44369.608341 1441.053854 71880 3.747913 47074891.797164
1964 802 166666794 21504 1441.479870 1476.643958 1441.053854 168 2.000000 19783548.130346
1965 803 166666794 21504 1455.847641 2080.090333 1441.053854 168 2.000000 19789351.479056
1966 804 641094576 641094576 12491.343796 145276.780635 1405.796642 170301 3.825621 96355631.546783
1967 805 166666794 21504 1447.765988 1971.385938 1441.053854 168 2.000000 18447322.737099
1968 806 335958680 294021400 18993.915301 1849758.545774 1441.053854 71880 3.998609 54764386.602673
1969 807 425391840 425391840 11717.285680 2759160.244388 2315.083877 122949 3.995047 140148643.929788
1970 808 483542680 441605400 16605.550792 43557.970624 1441.053854 107915 3.915582 83713708.556980
1971 809 335958680 294021400 17331.854557 47983.328648 1441.053854 71880 3.845576 68359316.812427
1972 810 335958680 294021400 15754.429440 746220.037562 1441.053854 71880 3.994574 58334168.177700
1973 811 335958680 294021400 17447.167008 60153.098767 1441.053854 71880 3.739983 67785758.342120
1974 812 166666794 21504 1454.820322 2037.060860 1441.053854 168 2.000000 19918956.237995
1975 813 532939872 532939872 10366.901633 85616.298029 1403.446161 152037 3.235048 97106880.897968
1976 814 532939872 532939872 12185.409942 163379.721541 1405.796642 152037 3.457981 88696722.713806
1977 815 166666794 21504 1441.479298 1476.852590 1441.053854 168 2.000000 19834843.807561
1978 816 166666794 21504 1475.342357 2726.766461 1441.053854 168 2.000000 20099324.221340
1979 817 166666794 21504 1458.123688 2080.278969 1441.053854 168 2.000000 20262230.411104
1980 818 166666794 21504 1441.480484 1476.832595 1441.053854 168 2.000000 20085039.685369
1981 819 335958680 294021400 15319.515806 76906.547290 1441.053854 71880 3.974958 45936661.021223
1982 820 641195712 641195712 15518.200908 2758930.151097 2315.083877 182943 3.963661 204317493.941094
1983 821 189527680 147590400 15149.263585 62213.046839 1441.053854 36085 3.997229 25858635.021378
1984 822 166666794 21504 1441.479298 1476.852590 1441.053854 168 2.000000 18829732.025869
1985 823 532939872 532939872 13868.643271 2554879.566583 1405.796642 152037 3.593737 77200432.326050
1986 824 166666794 21504 1654.423308 11859.054055 1441.053854 168 2.000000 19937764.172918
1987 825 166666794 21504 1714.436774 25373.491248 1441.053854 168 2.000000 20107338.355265
1988 826 166666794 21504 1659.564590 31258.035338 1441.053854 168 2.000000 20243197.150469
1989 827 532939872 532939872 16123.146840 1913987.332644 1488.474874 152037 3.972138 181340366.538723
1990 828 532939872 532939872 20099.852849 2838624.630401 1488.474874 152037 3.769056 154223512.631929
1991 829 166666794 21504 591.738319 591.738319 591.738319 168 1.000000 0.000000
1992 830 206336 1583888506 8542.982668 249517.039097 591.738319 388066 1.894776 174.227004
1993 831 145920 1084996050 9738.035525 240255.413387 1441.053854 265850 2.000000 523.938515
2039 832 166666794 21504 1455.852801 2080.747445 1441.053854 168 2.000000 20444333.209469
2040 833 166666794 21504 1456.597367 2110.341796 1441.053854 168 2.000000 20451963.857184
2041 834 166666794 21504 1441.485030 1477.301070 1441.053854 168 2.000000 20432831.663025
2042 835 166666794 21504 1475.528495 2895.234921 1441.053854 168 2.000000 20458378.996156
2043 836 532939872 532939872 12214.479618 1180963.254371 1403.446161 152037 3.426252 66984028.666395
2044 837 483542680 441605400 16496.431545 383944.102190 1441.053854 107915 3.832090 71941480.546992
2045 838 166666794 21504 1443.158394 1723.150507 1441.053854 168 2.000000 19392259.149561
2046 839 166666794 21504 1460.088231 2121.288585 1441.053854 168 2.000000 19280224.603862
2047 840 335958680 294021400 17317.971559 117556.629158 1441.053854 71880 3.465776 71891356.644895
2048 841 335958680 294021400 16447.574611 54070.611521 1441.053854 71880 3.966889 65159307.377775
2049 842 189527680 147590400 13529.507114 13560.368371 1441.053854 36085 2.998614 26881767.154836
2050 843 641195712 641195712 11994.077786 132098.400458 1488.474874 182943 3.827766 73457695.873285
2051 844 483542680 441605400 17638.676513 380666.019354 1441.053854 107915 3.975444 87848220.042753
2052 845 335958680 294021400 16559.160214 145892.961115 1441.053854 71880 3.465776 53509318.852250
2053 846 335958680 294021400 18361.895981 159459.836503 1441.053854 71880 3.967168 67982927.805641
2054 847 166666794 21504 1447.603605 2056.132944 1441.053854 168 2.000000 19667029.966041
2055 848 335958680 294021400 15898.041316 122891.496161 1441.053854 71880 3.614636 58006556.273227
2056 849 166666794 21504 1442.986827 1694.474174 1441.053854 168 2.000000 22805015.645041
2057 850 166666794 21504 1465.421079 2285.081984 1441.053854 168 2.000000 35042456.040253
2058 851 335958680 294021400 14588.772297 2440726.028949 1441.053854 71880 3.426405 65379933.713166
2059 852 483542680 441605400 15265.813997 159475.146033 1441.053854 107915 3.471946 66664699.951677
2060 853 532939872 532939872 15223.505578 2517518.804095 1405.796642 152037 3.936502 171640751.628642
2061 854 335958680 294021400 18559.263324 1855334.448945 1441.053854 71880 3.904424 56762308.388055
2062 855 318561216 318561216 12470.984575 2451602.446450 2315.083877 96879 3.706066 119495645.783421
2063 856 335958680 294021400 19716.012951 145892.961115 1441.053854 71880 3.998609 62894881.253937
2064 857 483542680 441605400 16071.015067 751161.506569 1441.053854 107915 3.560719 76876761.484854
2065 858 166666794 21504 1521.788845 14785.544564 1441.053854 168 2.000000 19438792.216047
2066 859 335958680 294021400 16681.890292 159459.836503 1441.053854 71880 3.810518 54156131.596567
2067 860 335958680 294021400 19355.842745 2606966.861742 591.738319 71880 3.856845 64250050.979529
2068 861 166666794 21504 591.738319 591.738319 591.738319 168 1.000000 0.000000
2069 862 158720 1168883410 8396.878748 308125.794739 591.738319 286410 1.821536 1083.686823
2070 863 173824 1293606524 9760.681450 26926.957025 1441.053854 316964 2.000000 1875.508506
2116 864 318546768 318546768 17284.487139 728400.449455 2315.083877 95073 3.955571 119952910.673761
2117 865 532838736 532838736 18285.800936 113507.959927 1403.446161 139395 3.982568 140204892.000099
2118 866 335958680 294021400 15426.736559 56166.828973 1441.053854 71880 3.998609 62731970.929198
2119 867 532939872 532939872 17303.062900 2716295.855207 1403.446161 152037 3.972217 143366420.538812
2120 868 166666794 21504 1446.696691 1973.123731 1441.053854 168 2.000000 18620043.629948
2121 869 318546768 318546768 15286.097615 638792.913001 2315.083877 95073 3.681487 117273924.906399
2122 870 641195712 641195712 14728.955824 676293.175280 1403.446161 182943 3.973582 193389837.658319
2123 871 483542680 441605400 15576.459694 159459.836503 1441.053854 107915 3.779827 69229894.476744
2124 872 641195712 641195712 17476.806653 651876.878900 1405.796642 182943 3.659041 160705151.854809
2125 873 166666794 21504 1561.346690 14156.615639 1441.053854 168 2.000000 21705400.265011
2126 874 335958680 294021400 15666.257471 2937992.514139 1441.053854 71880 3.183779 56241059.931158
2127 875 532954320 532954320 14904.737090 706397.772805 1488.474874 153843 3.625807 96254894.373548
2128 876 166666794 21504 1555.741155 7918.091278 1441.053854 168 2.000000 19469937.151683
2129 877 335958680 294021400 13804.558284 139427.613716 1441.053854 71880 3.371870 46139118.908277
2130 878 532939872 532939872 18175.461244 186995.464783 1405.796642 152037 3.765130 111114356.367896
2131 879 166666794 21504 1491.598358 7619.175893 1441.053854 168 2.000000 19472958.143642
2132 880 166666794 21504 1441.486904 1477.495241 1441.053854 168 2.000000 20056856.902074
2133 881 166666794 21504 1450.987602 1876.102955 1441.053854 168 2.000000 19857916.173737
2134 882 166666794 21504 1456.600238 2110.502584 1441.053854 168 2.000000 20403590.926436
2135 883 532939872 532939872 18966.105330 166312.406874 2315.083877 152037 3.796819 113903367.933444
2136 884 641195712 641195712 14893.867752 145611.766474 1488.474874 182943 3.393893 138056075.100887
2137 885 335958680 294021400 14432.887666 46430.110644 1441.053854 71880 3.591124 49884899.643350
2138 886 532939872 532939872 13428.387385 1290045.463552 1488.474874 152037 3.613469 120583235.192124
2139 887 166666794 21504 1559.312595 15357.718408 1441.053854 168 2.000000 19722680.037427
2140 888 641094576 641094576 13270.833175 698705.768953 2315.083877 170301 3.508958 148953821.391603
2141 889 335958680 294021400 14392.934246 56505.524667 1441.053854 71880 3.434474 55996748.346195
2142 890 335958680 294021400 15179.896847 44369.608340 1441.053854 71880 3.175849 63618603.594429
2143 891 166666794 21504 1443.524814 1784.973120 1441.053854 168 2.000000 19039463.569588
2144 892 641094576 641094576 14762.219085 1926649.578787 1403.446161 170301 3.355929 152591582.524498
2145 893 189527680 147590400 15962.257701 369892.892805 591.738319 36085 3.995843 22567901.035799
2146 894 154624 1167775484 9512.468483 2662208.681712 591.738319 286124 1.964072 100000348.310209
2147 895 90112 667775102 9642.944327 2760766.678268 1441.053854 163622 2.000000 161.211931
2193 896 189527680 147590400 15080.519423 15113.586377 1441.053854 36085 3.997229 27113061.474649
2194 897 335958680 294021400 15360.776257 26545.428797 1441.053854 71880 3.747913 58529021.664681
2195 898 335958680 294021400 15563.957405 25664.876687 1441.053854 71880 3.935726 55572063.485460
2196 899 166666794 21504 1448.626945 2057.025155 1441.053854 168 2.000000 18929323.509785
2197 900 166666794 21504 1451.973197 1917.641695 1441.053854 168 2.000000 19906156.082302
2198 901 425391840 425391840 14865.353832 2726895.065396 1488.474874 122949 3.507332 132540178.493505
2199 902 166666794 21504 1567.206693 8239.794460 1441.053854 168 2.000000 19869051.399217
2200 903 166666794 21504 1486.843990 3009.909777 1441.053854 168 2.000000 19932731.126174
2201 904 166666794 21504 1441.482519 1477.060358 1441.053854 168 2.000000 19911454.898774
2202 905 335958680 294021400 15480.995312 131123.504542 1441.053854 71880 2.964385 44972381.320394
2203 906 166666794 21504 1454.831875 2037.706146 1441.053854 168 2.000000 19918393.702072
2204 907 166666794 21504 1455.421625 2044.500228 1441.053854 168 2.000000 19755803.849902
2205 908 483542680 441605400 17210.588322 665232.254138 1441.053854 107915 3.779827 85883528.163635
2206 909 641195712 641195712 11380.424455 2019757.991731 2319.019588 182943 3.559437 89719460.737447
2207 910 335958680 294021400 17373.663130 143983.158655 1441.053854 71880 3.367557 49790935.858670
2208 911 335958680 294021400 16873.176580 62934.783749 1441.053854 71880 3.669449 70911233.362757
2209 912 641094576 641094576 16553.586710 1402246.221233 1403.446161 170301 3.672521 106714157.048430
2210 913 335958680 294021400 15611.145754 44369.608340 1441.053854 71880 3.841820 51819181.678772
2211 914 166666794 21504 1606.902621 14735.203691 1441.053854 168 2.000000 19275300.521763
2212 915 166666794 21504 1521.912877 7953.735543 1441.053854 168 2.000000 19279353.407196
2213 916 335958680 294021400 15083.361225 39432.798725 1441.053854 71880 3.998609 58189075.336857
2214 917 532939872 532939872 14376.122169 4496585.059150 2315.083877 152037 3.633320 73619023.463639
2215 918 166666794 21504 1460.709842 2284.256653 1441.053854 168 2.000000 27394431.151252
2216 919 166666794 21504 1441.483235 1477.081297 1441.053854 168 2.000000 19288401.371229
2217 920 483542680 441605400 14817.516821 44369.608340 1441.053854 107915 3.638929 93878108.668626
2218 921 641210160 641210160 11973.766715 1438266.794337 1490.991427 184749 3.681893 155090916.207842
2219 922 189527680 147590400 15081.413042 29412.372569 1441.053854 36085 3.997229 27052441.445562
2220 923 335958680 294021400 16251.763952 45240.098259 1441.053854 71880 3.841820 64782826.590930
2221 924 532939872 532939872 16721.195896 2129437.262333 2315.083877 152037 3.972138 71350563.044332
2222 925 166666794 21504 591.738319 591.738319 591.738319 168 1.000000 0.000000
2223 926 145920 1084996050 8282.150209 240916.351458 591.738319 265850 1.846402 348.589972
2224 927 188928 1418329638 9618.831467 26734.381377 1441.053854 347518 2.000000 1272.113279
2270 928 532939872 532939872 17837.185610 1458616.094634 2319.019588 152037 3.968271 161778960.270935
2271 929 532939872 532939872 17918.871374 1276497.788374 576.837158 152037 3.753152 178271215.843947
2272 930 335958680 294021400 14039.549635 61010.185102 1441.053854 71880 3.371731 45271919.954414
2273 931 641195712 641195712 13083.369347 126814.516087 577.768481 182943 3.791542 129652521.983500
2274 932 425406288 425406288 14733.022103 320652.017578 2315.083877 124755 3.723386 147694781.652971
2275 933 166666794 21504 1455.849443 2080.428819 1441.053854 168 2.000000 19056121.269872
2276 934 166666794 21504 1441.481672 1476.982445 1441.053854 168 2.000000 19051576.331111
2277 935 532939872 532939872 13615.125444 577742.632965 1403.446161 152037 3.450009 78839144.108593
2278 936 641094576 641094576 14519.418034 121139.985511 934.465027 170301 2.751053 592117005.427955
2279 937 166666794 21504 1441.483529 1477.053067 1441.053854 168 2.000000 18362860.727740
2280 938 641094576 641094576 16699.807256 382040.887089 1053.674316 170301 3.366586 585460930.393459
2281 939 532838736 532838736 16776.001462 376228.015065 1053.674316 139395 3.417454 591582829.390346
2282 940 166666794 21504 1454.804311 2036.525906 1441.053854 168 2.000000 20715394.347041
2283 941 166666794 21504 1483.712150 2894.264531 1441.053854 168 2.000000 20758213.791944
2284 942 166666794 21504 1539.831562 9516.646406 1441.053854 168 2.000000 20628510.354554
2285 943 166666794 21504 1516.770835 7875.050460 1441.053854 168 2.000000 21226785.007466
2286 944 166666794 21504 1891.858718 44194.723992 1441.053854 168 2.000000 20359165.797057
2287 945 641195712 641195712 13777.294247 258380.151393 1403.446161 182943 3.960283 113125150.387684
2288 946 166666794 21504 1632.299002 9612.944188 1441.053854 168 2.000000 20086147.386745
2289 947 166666794 21504 1607.100237 9052.701909 1441.053854 168 2.000000 20178932.524454
2290 948 532939872 532939872 17516.107864 188497.760012 2315.083877 152037 3.948361 118149277.478325
2291 949 425406288 425406288 11118.684430 143270.049462 1488.474874 124755 3.091980 62508942.484396
2292 950 335958680 294021400 15058.237965 57030.437749 1441.053854 71880 3.998609 47980067.867844
2293 951 166666794 21504 1669.140496 12227.173197 1441.053854 168 2.000000 18751556.163782
2294 952 189527680 147590400 15133.846816 33779.668618 1441.053854 36085 3.997229 27634740.530787
2295 953 166666794 21504 1558.363455 8259.907476 1441.053854 168 2.000000 19957035.370214
2296 954 166666794 21504 1527.007100 8209.621379 1441.053854 168 2.000000 20299568.125165
2297 955 166666794 21504 1481.518437 8159.771302 1441.053854 168 2.000000 19932214.425110
2298 956 641094576 641094576 13363.530668 2789011.002910 1405.796642 170301 3.512463 86277748.377936
2299 957 335958680 294021400 15249.539543 192450.062498 591.738319 71880 3.950751 40827908.471490
2300 958 191232 1459165392 9245.754674 235331.083376 591.738319 357512 1.971246 7121.561632
2301 959 135424 1041944444 9367.440058 29191.781422 1441.053854 255284 2.000000 951.688240
2347 960 0 0 -nan 0.000000 2147483647.000000 0 -nan 0.000000
2348 961 0 0 -nan 0.000000 2147483647.000000 0 -nan 0.000000
2349 962 0 0 -nan 0.000000 2147483647.000000 0 -nan 0.000000
2350 963 0 0 -nan 0.000000 2147483647.000000 0 -nan 0.000000
2351 964 0 0 -nan 0.000000 2147483647.000000 0 -nan 0.000000
2352 965 0 0 -nan 0.000000 2147483647.000000 0 -nan 0.000000
2353 966 0 0 -nan 0.000000 2147483647.000000 0 -nan 0.000000
2354 967 0 0 -nan 0.000000 2147483647.000000 0 -nan 0.000000
2355 968 0 0 -nan 0.000000 2147483647.000000 0 -nan 0.000000
2356 969 0 0 -nan 0.000000 2147483647.000000 0 -nan 0.000000
2357 970 0 0 -nan 0.000000 2147483647.000000 0 -nan 0.000000
2358 971 0 0 -nan 0.000000 2147483647.000000 0 -nan 0.000000
2359 972 0 0 -nan 0.000000 2147483647.000000 0 -nan 0.000000
2360 973 0 0 -nan 0.000000 2147483647.000000 0 -nan 0.000000
2361 974 0 0 -nan 0.000000 2147483647.000000 0 -nan 0.000000
2362 975 0 0 -nan 0.000000 2147483647.000000 0 -nan 0.000000
2363 976 0 0 -nan 0.000000 2147483647.000000 0 -nan 0.000000
2364 977 0 0 -nan 0.000000 2147483647.000000 0 -nan 0.000000
2365 978 0 0 -nan 0.000000 2147483647.000000 0 -nan 0.000000
2366 979 0 0 -nan 0.000000 2147483647.000000 0 -nan 0.000000
2367 980 0 0 -nan 0.000000 2147483647.000000 0 -nan 0.000000
2368 981 0 0 -nan 0.000000 2147483647.000000 0 -nan 0.000000
2369 982 0 0 -nan 0.000000 2147483647.000000 0 -nan 0.000000
2370 983 0 0 -nan 0.000000 2147483647.000000 0 -nan 0.000000
2371 984 0 0 -nan 0.000000 2147483647.000000 0 -nan 0.000000
2372 985 0 0 -nan 0.000000 2147483647.000000 0 -nan 0.000000
2373 986 0 0 -nan 0.000000 2147483647.000000 0 -nan 0.000000
2374 987 0 0 -nan 0.000000 2147483647.000000 0 -nan 0.000000
2375 988 0 0 -nan 0.000000 2147483647.000000 0 -nan 0.000000
2376 989 0 0 -nan 0.000000 2147483647.000000 0 -nan 0.000000
2377 990 0 0 -nan 0.000000 2147483647.000000 0 -nan 0.000000
2378 991 0 0 -nan 0.000000 2147483647.000000 0 -nan 0.000000
2424 992 0 0 -nan 0.000000 2147483647.000000 0 -nan 0.000000
2425 993 0 0 -nan 0.000000 2147483647.000000 0 -nan 0.000000
2426 994 0 0 -nan 0.000000 2147483647.000000 0 -nan 0.000000
2427 995 0 0 -nan 0.000000 2147483647.000000 0 -nan 0.000000
2428 996 0 0 -nan 0.000000 2147483647.000000 0 -nan 0.000000
2429 997 0 0 -nan 0.000000 2147483647.000000 0 -nan 0.000000
2430 998 0 0 -nan 0.000000 2147483647.000000 0 -nan 0.000000
2431 999 0 0 -nan 0.000000 2147483647.000000 0 -nan 0.000000
2432 1000 0 0 -nan 0.000000 2147483647.000000 0 -nan 0.000000
2433 1001 0 0 -nan 0.000000 2147483647.000000 0 -nan 0.000000
2434 1002 0 0 -nan 0.000000 2147483647.000000 0 -nan 0.000000
2435 1003 0 0 -nan 0.000000 2147483647.000000 0 -nan 0.000000
2436 1004 0 0 -nan 0.000000 2147483647.000000 0 -nan 0.000000
2437 1005 0 0 -nan 0.000000 2147483647.000000 0 -nan 0.000000
2438 1006 0 0 -nan 0.000000 2147483647.000000 0 -nan 0.000000
2439 1007 0 0 -nan 0.000000 2147483647.000000 0 -nan 0.000000
2440 1008 0 0 -nan 0.000000 2147483647.000000 0 -nan 0.000000
2441 1009 0 0 -nan 0.000000 2147483647.000000 0 -nan 0.000000
2442 1010 0 0 -nan 0.000000 2147483647.000000 0 -nan 0.000000
2443 1011 0 0 -nan 0.000000 2147483647.000000 0 -nan 0.000000
2444 1012 0 0 -nan 0.000000 2147483647.000000 0 -nan 0.000000
2445 1013 0 0 -nan 0.000000 2147483647.000000 0 -nan 0.000000
2446 1014 0 0 -nan 0.000000 2147483647.000000 0 -nan 0.000000
2447 1015 0 0 -nan 0.000000 2147483647.000000 0 -nan 0.000000
2448 1016 0 0 -nan 0.000000 2147483647.000000 0 -nan 0.000000
2449 1017 0 0 -nan 0.000000 2147483647.000000 0 -nan 0.000000
2450 1018 0 0 -nan 0.000000 2147483647.000000 0 -nan 0.000000
2451 1019 0 0 -nan 0.000000 2147483647.000000 0 -nan 0.000000
2452 1020 0 0 -nan 0.000000 2147483647.000000 0 -nan 0.000000
2453 1021 0 0 -nan 0.000000 2147483647.000000 0 -nan 0.000000
2454 1022 0 0 -nan 0.000000 2147483647.000000 0 -nan 0.000000
2455 1023 0 0 -nan 0.000000 2147483647.000000 0 -nan 0.000000
2501 1024 0 0 -nan 0.000000 2147483647.000000 0 -nan 0.000000
2502 1025 0 0 -nan 0.000000 2147483647.000000 0 -nan 0.000000
2503 1026 0 0 -nan 0.000000 2147483647.000000 0 -nan 0.000000
2504 1027 0 0 -nan 0.000000 2147483647.000000 0 -nan 0.000000
2505 1028 0 0 -nan 0.000000 2147483647.000000 0 -nan 0.000000
2506 1029 0 0 -nan 0.000000 2147483647.000000 0 -nan 0.000000
2507 1030 0 0 -nan 0.000000 2147483647.000000 0 -nan 0.000000
2508 1031 0 0 -nan 0.000000 2147483647.000000 0 -nan 0.000000
2509 1032 0 0 -nan 0.000000 2147483647.000000 0 -nan 0.000000
2510 1033 0 0 -nan 0.000000 2147483647.000000 0 -nan 0.000000
2511 1034 0 0 -nan 0.000000 2147483647.000000 0 -nan 0.000000
2512 1035 0 0 -nan 0.000000 2147483647.000000 0 -nan 0.000000
2513 1036 0 0 -nan 0.000000 2147483647.000000 0 -nan 0.000000
2514 1037 0 0 -nan 0.000000 2147483647.000000 0 -nan 0.000000
2515 1038 0 0 -nan 0.000000 2147483647.000000 0 -nan 0.000000
2516 1039 0 0 -nan 0.000000 2147483647.000000 0 -nan 0.000000
2517 1040 0 0 -nan 0.000000 2147483647.000000 0 -nan 0.000000
2518 1041 0 0 -nan 0.000000 2147483647.000000 0 -nan 0.000000
2519 1042 0 0 -nan 0.000000 2147483647.000000 0 -nan 0.000000
2520 1043 0 0 -nan 0.000000 2147483647.000000 0 -nan 0.000000
2521 1044 0 0 -nan 0.000000 2147483647.000000 0 -nan 0.000000
2522 1045 0 0 -nan 0.000000 2147483647.000000 0 -nan 0.000000
2523 1046 0 0 -nan 0.000000 2147483647.000000 0 -nan 0.000000
2524 1047 0 0 -nan 0.000000 2147483647.000000 0 -nan 0.000000
2525 1048 0 0 -nan 0.000000 2147483647.000000 0 -nan 0.000000
2526 1049 0 0 -nan 0.000000 2147483647.000000 0 -nan 0.000000
2527 1050 0 0 -nan 0.000000 2147483647.000000 0 -nan 0.000000
2528 1051 0 0 -nan 0.000000 2147483647.000000 0 -nan 0.000000
2529 1052 0 0 -nan 0.000000 2147483647.000000 0 -nan 0.000000
2530 1053 0 0 -nan 0.000000 2147483647.000000 0 -nan 0.000000
2531 1054 0 0 -nan 0.000000 2147483647.000000 0 -nan 0.000000
2532 1055 0 0 -nan 0.000000 2147483647.000000 0 -nan 0.000000
