# Format: <server id> <LP id> bytes <read> <written> time <written>
0 0 0 1209715196 73441199266.290863 
1 1 0 1168877650 69646888191.994919 
2 77 0 1501105488 115984668952.491638 
3 78 0 1083886076 60820260252.831841 
4 154 0 1209715196 72232289298.114685 
5 155 0 1043048530 48213600948.976852 
6 231 0 667772158 14812451120.340456 
7 232 0 1250552742 70936327548.582153 
8 308 0 834438824 30893812417.425320 
9 309 0 1167772156 65256736142.786743 
10 385 0 876381864 35720083637.847572 
11 386 0 1167772156 67477056221.544937 
12 462 0 626934612 17376572377.450665 
13 463 0 1084991570 59944577598.843796 
14 539 0 751658238 22642302652.374996 
15 540 0 1084991570 45525542519.476959 
16 616 0 1084991570 45884485837.164482 
17 617 0 626934612 15062716675.812349 
18 693 0 918324904 36558479998.119705 
19 694 0 960267944 41559858600.828064 
20 770 0 1125829116 69934902485.519638 
21 771 0 1043048530 52424447213.773758 
22 847 0 501105492 6996462443.505507 
23 848 0 1417219408 97855512010.638474 
24 924 0 751658238 24131684644.848095 
25 925 0 1376381862 94513228902.075760 
26 1001 0 1459162448 102874629200.738342 
27 1002 0 1043048530 43778456471.643822 
28 1078 0 793601278 20531270595.333889 
29 1079 0 793601278 24362071691.020847 
30 1155 0 835544318 31483283834.613598 
31 1156 0 1043048530 33949122556.835674 
32 1232 0 1043048530 52408052028.816292 
33 1233 0 1584991568 118109740590.199509 
34 1309 0 876381864 34029171668.613106 
35 1310 0 750552744 25549912084.879028 
36 1386 0 751658238 26175974486.350971 
37 1387 0 625829118 14957200857.247782 
38 1463 0 1043048530 52000944478.203712 
39 1464 0 1167772156 63875837531.767906 
40 1540 0 876381864 36898371838.788963 
41 1541 0 1167772156 65294863566.424911 
42 1617 0 834438824 32559425904.214504 
43 1618 0 1501105488 108764670716.063705 
44 1694 0 626934612 11826187840.809160 
45 1695 0 1543048528 129938578769.246414 
46 1771 0 918324904 35498769304.132629 
47 1772 0 1084991570 48005461530.979752 
48 1848 0 751658238 20384897315.790760 
49 1849 0 960267944 41649133744.303535 
50 1925 0 1084991570 56886266432.238960 
51 1926 0 1583886074 130148797713.315567 
52 2002 0 1293601276 87659396633.527527 
53 2003 0 1168877650 66874607610.330307 
54 2079 0 667772158 16376699855.829788 
55 2080 0 1167772156 61481043624.380936 
56 2156 0 1418324902 111137893320.638870 
57 2157 0 1084991570 49710677262.489265 
58 2233 0 1041943036 51863928928.562775 
59 2234 0 1459162448 113183162707.149353 
60 2310 0 0 0.000000 
61 2311 0 0 0.000000 
62 2387 0 0 0.000000 
63 2388 0 0 0.000000 
64 2464 0 0 0.000000 
65 2465 0 0 0.000000 
