# Format <LP id> <Terminal ID> <Total Data Sent> <Total Data Received> <Avg packet latency> <Max packet Latency> <Min packet Latency> <# Packets finished> <Avg Hops> <Avg Busy Time (over rails)>
37 0 335958680 294021400 17771.065428 205440.732920 1441.053854 71880 3.959238 57543765.359336
38 1 335958680 294021400 15861.326042 159514.744989 1441.053854 71880 3.998609 51413929.868735
39 2 166666794 21504 1441.202700 1463.760385 1441.053854 168 2.000000 19052263.450716
40 3 166666794 21504 1441.481627 1476.785624 1441.053854 168 2.000000 19048028.435842
41 4 166666794 21504 1450.988092 1876.057143 1441.053854 168 2.000000 19087768.741115
42 5 483542680 441605400 14550.063564 193878.071264 1441.053854 107915 3.612843 68890508.918951
43 6 796275200 796275200 15300.124444 191643.204402 2319.019588 196800 3.378049 114749643.704574
44 7 166666794 21504 1441.486968 1477.322866 1441.053854 168 2.000000 19049227.624536
45 8 166666794 21504 1531.682805 7690.947545 1441.053854 168 2.000000 19571155.701277
46 9 335958680 294021400 14862.199062 159459.836503 1441.053854 71880 3.810518 47095926.054111
47 10 796275200 796275200 15624.864691 2293919.417642 2319.019588 196800 3.872967 131912255.465494
48 11 166666794 21504 2230.461687 107380.494620 1441.053854 168 2.000000 19842272.097595
49 12 335958680 294021400 15493.127287 159459.836476 1441.053854 71880 3.465776 46620162.471689
50 13 796275200 796275200 14399.130717 222913.515427 1490.991427 196800 3.377033 127415009.569816
51 14 796276800 796276800 16489.468018 2945365.679609 2319.019588 197000 3.873096 139609598.259720
52 15 166666794 21504 1521.207100 14387.013105 1441.053854 168 2.000000 18499400.845689
53 16 335958680 294021400 13068.948514 159459.836476 1441.053854 71880 2.854619 55629667.113263
54 17 335958680 294021400 16678.240411 159096.531982 1441.053854 71880 3.935865 53509598.760611
55 18 796264000 796264000 16487.972863 376137.337209 2776.949749 195400 3.500512 124677492.047616
56 19 166666794 21504 1568.853037 8847.450218 1441.053854 168 2.000000 18522511.368457
57 20 335958680 294021400 15117.414337 139353.480112 1441.053854 71880 3.340289 50375747.961467
58 21 166666794 21504 1543.133891 8124.806612 1441.053854 168 2.000000 20514271.955557
59 22 166666794 21504 1679.244493 28545.533868 1441.053854 168 2.000000 19742103.797635
60 23 166666794 21504 1873.213503 28548.343885 1441.053854 168 2.000000 20265002.998688
61 24 796275200 796275200 18120.800171 204622.041153 2319.019588 196800 3.873984 140661431.758686
62 25 189527680 147590400 13544.048082 19341.666312 1441.053854 36085 2.998614 27237146.420540
63 26 189527680 147590400 13529.594776 13558.783145 1441.053854 36085 2.998614 27516005.252850
64 27 189527680 147590400 15080.614825 15113.586377 1441.053854 36085 3.997229 27546177.904276
65 28 335958680 294021400 16338.539129 517292.341033 591.738319 71880 2.869644 1302086991.800187
66 29 335958680 294021400 17094.721969 721360.945286 591.738319 71880 3.476767 1490845339.432445
67 30 158720 1168883410 9218.584329 541391.538375 591.738319 286410 1.928215 523.718063
68 31 161024 1209719164 9350.911345 206771.249727 1441.053854 296404 2.000000 524.209966
114 32 166666794 21504 1614.685524 30539.482765 1441.053854 168 2.000000 19307721.038095
115 33 166666794 21504 1531.458920 8007.068174 1441.053854 168 2.000000 19312551.153993
116 34 335958680 294021400 14526.308788 96676.929519 1441.053854 71880 3.665415 50752793.166482
117 35 335958680 294021400 13336.783767 147710.902786 1441.053854 71880 3.105454 49834904.177625
118 36 796275200 796275200 18527.138832 1895127.842912 1490.991427 196800 3.621951 150792928.905693
119 37 335958680 294021400 15294.141053 119261.510569 1441.053854 71880 3.986644 52654445.964688
120 38 166666794 21504 1865.768100 22942.934766 1441.053854 168 2.000000 19284858.229908
121 39 166666794 21504 2439.137746 69665.429004 1441.053854 168 2.000000 19280143.797791
122 40 796275200 796275200 19044.336265 1419217.064400 2319.019588 196800 3.748984 196453136.598932
123 41 166666794 21504 1766.553932 19624.627514 1441.053854 168 2.000000 19517116.355140
124 42 166666794 21504 4317.736381 482689.932902 1441.053854 168 2.000000 19470562.520400
125 43 796275200 796275200 19364.291804 265636.955762 2319.019588 196800 3.998984 161819722.700580
126 44 166666794 21504 1574.163321 14343.256833 1441.053854 168 2.000000 19987952.961857
127 45 335958680 294021400 14579.692161 1040949.659936 1441.053854 71880 3.477462 62807660.750964
128 46 166666794 21504 1641.844899 35108.061768 1441.053854 168 2.000000 20036133.591013
129 47 166666794 21504 1482.556085 7479.604914 1441.053854 168 2.000000 20045060.715031
130 48 796275200 796275200 16076.925744 1446803.948976 1490.991427 196800 3.747967 130697984.660467
131 49 166666794 21504 2391.692323 57512.892415 1441.053854 168 2.000000 19783267.738640
132 50 166666794 21504 1734.741033 50272.828580 1441.053854 168 2.000000 19789515.068001
133 51 166666794 21504 1577.274683 8328.611753 1441.053854 168 2.000000 19795932.281271
134 52 166666794 21504 1477.512355 7493.889642 1441.053854 168 2.000000 18729500.091470
135 53 796275200 796275200 17436.618705 243702.511756 2319.019588 196800 3.875000 184128716.780216
136 54 796275200 796275200 17558.270239 284267.935901 2319.019588 196800 3.747967 208331006.843285
137 55 189527680 147590400 15178.189234 44167.700702 1441.053854 36085 3.997229 26511982.657676
138 56 796264000 796264000 23506.471996 2651514.176863 3147.047749 195400 3.875128 191225830.559056
139 57 796275200 796275200 17105.986196 389599.279853 2319.019588 196800 3.750000 187506046.742074
140 58 166666794 21504 2808.730656 157822.801521 1441.053854 168 2.000000 18435429.624752
141 59 189527680 147590400 15206.398156 113725.983655 1441.053854 36085 3.997229 26231761.511860
142 60 796275200 796275200 19411.368372 998458.871327 2319.019588 196800 3.875000 168566117.401607
143 61 796276800 796276800 18247.514768 1505096.224996 2319.019588 197000 3.875127 172873995.293174
144 62 141824 1083888124 9322.005895 28367.553438 1441.053854 265564 2.000000 596.398934
145 63 197632 1501109072 9424.030092 28543.548540 1441.053854 367792 2.000000 1127.319727
191 64 189527680 147590400 15811.546212 377931.271313 1441.053854 36085 3.997229 27207256.602243
192 65 166666794 21504 1441.475728 1476.515678 1441.053854 168 2.000000 18546975.124235
193 66 796275200 796275200 18633.629797 1490461.811974 1405.796642 196800 3.500000 182744780.640195
194 67 796275200 796275200 18871.276761 341445.898124 1490.991427 196800 3.748984 163234961.238751
195 68 166666794 21504 3839.795214 70773.200245 1441.053854 168 2.000000 19242818.915279
196 69 483542680 441605400 15585.316098 142259.916100 1441.053854 107915 3.581661 75845894.767300
197 70 335958680 294021400 18347.029306 1207613.788005 1441.053854 71880 3.869226 68845225.515405
198 71 166666794 21504 2135.612310 24222.010627 1441.053854 168 2.000000 19252563.740949
199 72 335958680 294021400 17093.618628 378394.132527 1441.053854 71880 3.747913 54966849.028274
200 73 796264000 796264000 20190.514016 364965.575519 3147.047749 195400 3.875128 153205035.298845
201 74 166666794 21504 2509.764315 141461.368193 1441.053854 168 2.000000 19265085.055125
202 75 166666794 21504 2305.542182 127441.598079 1441.053854 168 2.000000 19420991.737791
203 76 166666794 21504 1549.598168 14835.493421 1441.053854 168 2.000000 18574686.613613
204 77 796275200 796275200 20742.836861 906554.380652 1490.991427 196800 3.869919 132491675.835529
205 78 335958680 294021400 17457.833055 2098072.951004 1441.053854 71880 3.685031 58244552.266129
206 79 796275200 796275200 18136.593025 3195288.432954 1490.991427 196800 3.626016 157918153.716119
207 80 335958680 294021400 13322.614121 131123.504520 908.387995 71880 3.434335 57526358.311016
208 81 335958680 294021400 14421.552398 276915.422063 908.387995 71880 3.649555 66769979.346763
209 82 796275200 796275200 19510.475351 254282.802682 2319.019588 196800 3.873984 184852276.039734
210 83 335958680 294021400 16117.656330 136196.853056 1441.053854 71880 3.367696 59866106.776059
211 84 166666794 21504 1534.237369 8255.699137 1441.053854 168 2.000000 20444401.856922
212 85 166666794 21504 1476.104125 2930.882143 1441.053854 168 2.000000 20678877.312488
213 86 166666794 21504 1510.211677 12987.846850 1441.053854 168 2.000000 20434074.842608
214 87 166666794 21504 1513.861295 7855.979801 1441.053854 168 2.000000 20458891.069516
215 88 166666794 21504 1448.958815 2106.418848 1441.053854 168 2.000000 18456305.803904
216 89 796275200 796275200 14978.823466 246537.899274 577.768481 196800 3.250000 140153499.336193
217 90 796276800 796276800 16253.863139 906366.278737 577.768481 197000 3.621320 167082646.507534
218 91 483542680 441605400 14401.944357 116105.791187 1441.053854 107915 3.665107 69932382.459598
219 92 335958680 294021400 13966.858176 369892.892805 591.738319 71880 3.496522 1250689786.792417
220 93 796275200 796275200 20654.572095 2853343.390315 2319.019588 196800 3.747967 160085372.196700
221 94 139520 1043052370 9705.531679 439554.839090 591.738319 255570 1.959776 335.427252
222 95 161024 1209719164 9346.079023 23599.181856 1441.053854 296404 2.000000 769.394711
268 96 166666794 21504 1444.365345 1925.664757 1441.053854 168 2.000000 19889616.232350
269 97 796275200 796275200 19620.173265 435725.723772 1405.796642 196800 3.746951 285701854.070425
270 98 335958680 294021400 15699.324990 173505.522385 1441.053854 71880 3.884669 48694698.236710
271 99 335958680 294021400 16969.524890 151412.947657 1441.053854 71880 3.485253 57355177.324763
272 100 796275200 796275200 29755.396623 474438.040070 1490.991427 196800 3.871951 249556470.776939
273 101 335958680 294021400 15403.742054 134378.227473 1441.053854 71880 3.978854 78717776.164943
274 102 796275200 796275200 25365.172951 1472120.660949 2319.019588 196800 3.873984 192550277.374061
275 103 796275200 796275200 23223.827043 814746.139603 2319.019588 196800 3.626016 197779028.219717
276 104 166666794 21504 1457.385086 2106.977277 1441.053854 168 2.000000 20027922.346813
277 105 796275200 796275200 18883.208067 229939.979071 577.768481 196800 3.621951 334417643.663528
278 106 796275200 796275200 26391.868704 446530.820919 577.768481 196800 3.995935 374248310.331176
279 107 796264000 796264000 28222.765660 1839260.461003 3147.047749 195400 3.500512 372985565.928757
280 108 483542680 441605400 15520.879164 192626.490039 1441.053854 107915 3.852847 70140935.558671
281 109 796275200 796275200 22124.116099 443874.855577 2319.019588 196800 3.873984 195977822.848150
282 110 166666794 21504 1453.459107 2143.840374 1441.053854 168 2.000000 18897842.073344
283 111 796275200 796275200 24921.572272 1189656.143339 2319.019588 196800 3.748984 155056250.824002
284 112 796275200 796275200 30602.923269 787299.832620 1405.796642 196800 3.995935 299478537.818994
285 113 796275200 796275200 20653.291963 488031.953083 2319.019588 196800 3.627033 276646450.614458
286 114 166666794 21504 1441.475893 1476.491187 1441.053854 168 2.000000 19854150.871399
287 115 166666794 21504 1454.815038 2036.927414 1441.053854 168 2.000000 19940365.172676
288 116 335958680 294021400 16613.443690 196755.591321 1441.053854 71880 3.990679 50930533.791331
289 117 166666794 21504 1441.475893 1476.491187 1441.053854 168 2.000000 18812043.308898
290 118 796275200 796275200 26402.596201 891030.493674 2319.019588 196800 3.751016 340771221.975939
291 119 796276800 796276800 22429.757905 885412.083855 1490.991427 197000 3.746193 292828551.897408
292 120 166666794 21504 1450.985315 1875.886911 1441.053854 168 2.000000 20264509.019203
293 121 335958680 294021400 17121.015732 126985.813344 1441.053854 71880 3.982888 56288448.217846
294 122 796275200 796275200 19409.579927 253218.313795 1490.991427 196800 3.873984 199597802.168252
295 123 166666794 21504 1444.304777 1916.164915 1441.053854 168 2.000000 19877119.125806
296 124 166666794 21504 591.738319 591.738319 591.738319 168 1.000000 228131.582776
297 125 166666794 21504 591.738319 591.738319 591.738319 168 1.000000 229042.428158
298 126 163328 1250554918 7208.811053 477461.525116 591.738319 306398 1.733458 174.065448
299 127 90112 667775102 9415.999637 159043.418586 1441.053854 163622 2.000000 161.769924
345 128 796275200 796275200 21322.923875 543651.753685 2319.019588 196800 3.748984 243538882.702719
346 129 166666794 21504 1467.789980 2152.968564 1441.053854 168 2.000000 20400221.809610
347 130 796275200 796275200 21055.675542 456103.998378 2319.019588 196800 3.748984 210208397.549403
348 131 796264000 796264000 26740.478901 410032.722671 1405.796642 195400 3.873081 223654748.527775
349 132 796276800 796276800 24348.489463 512492.675915 1405.796642 197000 3.500508 202028038.009917
350 133 166666794 21504 7972.051476 776224.115529 1441.053854 168 2.000000 18732260.133984
351 134 796264000 796264000 24499.159660 758525.744231 2606.892322 195400 3.375640 211061378.500274
352 135 335958680 294021400 15835.037648 2066703.564131 1441.053854 71880 3.857123 55866734.004666
353 136 483542680 441605400 16513.713834 372881.475364 1441.053854 107915 3.758792 80310327.953060
354 137 335958680 294021400 14496.811804 102459.679164 1441.053854 71880 3.481497 53444044.284278
355 138 166666794 21504 1958.624935 15818.392303 1441.053854 168 2.000000 19150633.202913
356 139 166666794 21504 3054.667186 149851.886843 1441.053854 168 2.000000 19055733.800032
357 140 483542680 441605400 15842.537185 516885.904168 1441.053854 107915 3.821619 74702069.958754
358 141 796275200 796275200 30696.150730 543705.476532 2319.019588 196800 3.625000 197483729.861636
359 142 796264000 796264000 23841.455030 886792.904594 3147.047749 195400 3.750256 207138251.556980
360 143 796276800 796276800 21204.908184 550583.597387 1490.991427 197000 3.623350 252922258.647858
361 144 166666794 21504 1441.485929 1477.309249 1441.053854 168 2.000000 19741519.962733
362 145 335958680 294021400 16897.957599 159459.836503 1441.053854 71880 3.810518 48396316.429661
363 146 166666794 21504 1454.834051 2037.989005 1441.053854 168 2.000000 19748661.663891
364 147 166666794 21504 1455.572731 2067.206760 1441.053854 168 2.000000 19755804.088654
365 148 166666794 21504 1608.193251 22186.855747 1441.053854 168 2.000000 19049938.861937
366 149 796276800 796276800 18574.214705 260979.432830 2319.019588 197000 3.627411 181392318.358564
367 150 335958680 294021400 16435.459295 159459.836503 1441.053854 71880 3.685170 52341965.624200
368 151 796275200 796275200 22634.993143 660944.376280 2319.019588 196800 3.875000 187754606.465227
369 152 189527680 147590400 15216.074844 18807.815906 1441.053854 36085 3.997229 27872780.482929
370 153 796275200 796275200 24795.607787 1114558.813969 3147.047749 196800 3.876016 297714232.632217
371 154 166666794 21504 1453.214790 1876.200979 1441.053854 168 2.000000 19278777.032672
372 155 166666794 21504 1443.089530 1710.825132 1441.053854 168 2.000000 19402773.233847
373 156 189527680 147590400 15177.161577 192421.748544 591.738319 36085 3.995843 21441032.436666
374 157 796275200 796275200 15910.438989 1123818.090635 1490.991427 196800 3.251016 184650380.295812
375 158 154624 1167775484 9095.417588 238943.538096 591.738319 286124 1.964072 100000348.629116
376 159 111616 834441896 9333.660497 106515.585099 1441.053854 204456 2.000000 160.976037
422 160 335958680 294021400 17332.510023 159096.531975 1441.053854 71880 3.998609 49629970.705939
423 161 166666794 21504 1531.871180 13642.575688 1441.053854 168 2.000000 19963065.329740
424 162 796264000 796264000 20091.846265 349247.942724 3147.047749 195400 3.750256 185432067.750984
425 163 166666794 21504 1624.408580 13003.154657 1441.053854 168 2.000000 19756086.145851
426 164 335958680 294021400 12808.923605 1307255.897655 845.058060 71880 2.365053 50782962.363636
427 165 796275200 796275200 15729.501585 2026657.474938 1405.796642 196800 3.377033 145520643.981998
428 166 796275200 796275200 17103.985654 2013759.652944 1405.796642 196800 3.500000 141600342.067800
429 167 335958680 294021400 8349.321499 179441.584065 845.058060 71880 2.494435 31615855.054553
430 168 166666794 21504 1488.386199 8726.575057 1441.053854 168 2.000000 19351393.617635
431 169 796275200 796275200 18741.363911 899031.697388 2319.019588 196800 3.872967 165315575.288862
432 170 166666794 21504 1542.337637 8691.764151 1441.053854 168 2.000000 19437450.385958
433 171 796275200 796275200 19351.353908 1338279.974829 3147.047749 196800 3.752033 195015728.883090
434 172 335958680 294021400 20146.630541 2940457.203897 1441.053854 71880 3.873261 59118064.558051
435 173 335958680 294021400 19624.086488 184759.743569 1441.053854 71880 3.974819 56088132.909030
436 174 796275200 796275200 18091.136425 2030250.092201 2319.019588 196800 3.627033 254594588.062471
437 175 796275200 796275200 20955.757992 1353586.527389 2319.019588 196800 3.875000 254796385.507121
438 176 796275200 796275200 20861.626712 496845.109559 1405.796642 196800 3.871951 222553143.372831
439 177 796275200 796275200 21831.369413 2075614.389389 2319.019588 196800 3.998984 208286686.345520
440 178 335958680 294021400 20781.397422 1254477.051095 1441.053854 71880 3.998609 67835999.255314
441 179 166666794 21504 1896.760185 14068.379957 1441.053854 168 2.000000 19480622.003117
442 180 335958680 294021400 16414.510172 131208.364825 1441.053854 71880 3.230801 65784723.303785
443 181 796275200 796275200 19220.102833 2003112.533034 1405.796642 196800 3.501016 144402792.809315
444 182 166666794 21504 1445.680443 1853.552898 1441.053854 168 2.000000 19491935.593121
445 183 166666794 21504 1459.459949 2037.132974 1441.053854 168 2.000000 19481436.815786
446 184 335958680 294021400 12732.431494 177600.512507 1441.053854 71880 3.238453 49157884.754434
447 185 335958680 294021400 16792.354802 1259114.092882 1441.053854 71880 3.493183 74670420.873478
448 186 166666794 21504 1451.875968 2067.796813 1441.053854 168 2.000000 20146256.551707
449 187 166666794 21504 1456.208179 2087.823160 1441.053854 168 2.000000 21903417.261503
450 188 166666794 21504 591.738319 591.738319 591.738319 168 1.000000 0.000000
451 189 796275200 796275200 19695.698129 1886984.821000 2319.019588 196800 3.626016 147343034.384070
452 190 154624 1167775484 8333.654315 243200.308713 591.738319 286124 1.857286 335.973212
453 191 118016 876385576 9825.244706 85816.824312 1441.053854 214736 2.000000 335.805939
499 192 483542680 441605400 15949.597741 260317.931556 1441.053854 107915 3.581661 81188592.915475
500 193 335958680 294021400 16229.654951 86490.910087 1441.053854 71880 3.450056 51500502.809489
501 194 189527680 147590400 15080.301331 15215.005535 1441.053854 36085 3.997229 32474415.472915
502 195 335958680 294021400 16931.933723 1248597.002617 1441.053854 71880 3.653728 53693606.658225
503 196 796275200 796275200 17265.868179 397893.504248 2319.019588 196800 3.254065 239227415.219166
504 197 166666794 21504 4741.539890 547724.684954 1441.053854 168 2.000000 19667196.174250
505 198 335958680 294021400 15717.480456 467881.060737 1441.053854 71880 3.199360 58369383.814643
506 199 483542680 441605400 16364.144139 186058.363915 1441.053854 107915 3.941528 272051121.066720
507 200 796275200 796275200 16590.774846 297704.259827 1490.991427 196800 3.498984 160511774.386631
508 201 796276800 796276800 18833.272502 1177558.172862 2319.019588 197000 3.627411 225866913.116077
509 202 796276800 796276800 19018.992761 691227.238575 2319.019588 197000 3.751269 203562218.016134
510 203 796275200 796275200 16402.829528 586828.356382 1405.796642 196800 3.750000 166327824.137439
511 204 796276800 796276800 21586.829811 1364498.792406 2319.019588 197000 3.875127 179502373.892639
512 205 335958680 294021400 16977.953432 1533686.690682 1441.053854 71880 3.497218 56461226.525409
513 206 166666794 21504 1449.468448 2017.207410 1441.053854 168 2.000000 20096742.219715
514 207 166666794 21504 1455.838037 2079.995250 1441.053854 168 2.000000 19826389.638366
515 208 796275200 796275200 18828.417640 601876.493780 1490.991427 196800 3.625000 237642644.679414
516 209 796275200 796275200 18634.306907 571556.674596 2319.019588 196800 3.748984 218417044.153679
517 210 335958680 294021400 20317.976927 1283849.066921 1441.053854 71880 3.747635 53428910.282554
518 211 166666794 21504 1453.015313 2092.431848 1441.053854 168 2.000000 18915117.366933
519 212 166666794 21504 1905.321858 60289.834267 1441.053854 168 2.000000 18778356.526637
520 213 189527680 147590400 15767.876251 123059.390715 1441.053854 36085 3.997229 26916967.865581
521 214 796275200 796275200 18923.199956 199291.923636 1405.796642 196800 3.995935 161477217.683256
522 215 335958680 294021400 15393.964934 158608.241913 1441.053854 71880 3.422510 52089337.595868
523 216 335958680 294021400 13430.185803 105719.548682 1441.053854 71880 3.105454 57725892.670071
524 217 796275200 796275200 16348.381377 596947.555876 2319.019588 196800 3.751016 163830090.510675
525 218 166666794 21504 1472.927733 2797.700297 1441.053854 168 2.000000 20177606.702746
526 219 166666794 21504 1445.227177 2070.701099 1441.053854 168 2.000000 19346051.450817
527 220 335958680 294021400 14489.321033 201361.447511 591.738319 71880 3.621870 1402634296.241386
528 221 335958680 294021400 21407.340835 902000.853131 591.738319 71880 3.997913 231481268.236522
529 222 145920 1084996050 8917.506613 535473.935837 591.738319 265850 1.922663 322.117132
530 223 87808 626939348 10260.567439 177652.727054 1441.053854 153628 2.000000 923.239734
576 224 483542680 441605400 14258.129100 173628.712041 1441.053854 107915 3.547514 90498082.926824
577 225 796264000 796264000 19907.079947 1534606.059629 3147.047749 195400 3.875128 182745801.739692
578 226 189527680 147590400 11844.989663 11866.869444 1441.053854 36085 2.998614 30472649.533371
579 227 166666794 21504 1601.192413 15240.710976 1441.053854 168 2.000000 20322735.182457
580 228 483542680 441605400 16513.840325 159459.836503 908.387995 107915 3.769263 85315368.771180
581 229 335958680 294021400 16711.123813 133023.636588 908.387995 71880 3.763216 65667639.767561
582 230 796275200 796275200 16226.248378 2046994.459501 1405.796642 196800 3.747967 175732751.052563
583 231 166666794 21504 1656.237646 15083.284115 1441.053854 168 2.000000 24539798.416690
584 232 796275200 796275200 18206.167437 460319.086980 2319.019588 196800 3.875000 195684625.678198
585 233 796275200 796275200 18155.168840 5083695.310774 2319.019588 196800 3.748984 182730537.938532
586 234 166666794 21504 1449.903699 2005.793941 1441.053854 168 2.000000 18725313.991679
587 235 335958680 294021400 15636.156134 139063.467257 1441.053854 71880 3.481497 53370475.644482
588 236 796276800 796276800 18897.575098 185615.622682 2319.019588 197000 3.872081 198031814.472859
589 237 796275200 796275200 15374.291942 192760.660963 1405.796642 196800 3.622967 156241935.799451
590 238 335958680 294021400 15403.676384 1175725.743985 1441.053854 71880 3.677240 48041075.122566
591 239 166666794 21504 1450.625675 2164.606191 1441.053854 168 2.000000 20520059.637773
592 240 335958680 294021400 17646.390529 1917216.889780 1441.053854 71880 3.732193 73770088.768037
593 241 189527680 147590400 15138.952929 103271.316877 1441.053854 36085 3.997229 31381198.557878
594 242 796275200 796275200 16565.485292 1532922.806492 1405.796642 196800 3.621951 162021486.849608
595 243 335958680 294021400 15668.878634 222976.355743 1441.053854 71880 3.998609 60488287.520140
596 244 166666794 21504 1469.255815 2284.331027 1441.053854 168 2.000000 19380900.968906
597 245 166666794 21504 1443.140227 1720.400054 1441.053854 168 2.000000 19460908.175880
598 246 335958680 294021400 17027.089745 359767.482897 1441.053854 71880 3.967168 55094136.372661
599 247 796275200 796275200 18253.181385 1865055.087777 1405.796642 196800 3.746951 153963334.861832
600 248 796275200 796275200 20275.919092 5000286.246472 577.768481 196800 3.747967 216062690.754824
601 249 796276800 796276800 22975.325790 1295215.721102 577.768481 197000 3.869036 206576535.160965
602 250 166666794 21504 1511.462273 13198.503811 1441.053854 168 2.000000 18580168.838448
603 251 483542680 441605400 14633.901365 122234.799962 1441.053854 107915 3.662419 68508607.122955
604 252 335958680 294021400 17327.205125 1262698.220909 591.738319 71880 3.480801 1165846573.794359
605 253 166666794 21504 591.738319 591.738319 591.738319 168 1.000000 0.000000
606 254 145920 1084996050 8180.695137 308593.864582 591.738319 265850 1.807734 335.685874
607 255 102912 751662462 9942.121702 154353.222130 1441.053854 184182 2.000000 348.985015
653 256 796264000 796264000 16473.056999 159459.836483 2319.019588 195400 3.624360 163223608.447946
654 257 335958680 294021400 20013.012825 725005.754124 1441.053854 71880 3.861297 84047206.286865
655 258 796275200 796275200 22633.133516 325113.090754 1405.796642 196800 3.747967 208403912.032674
656 259 166666794 21504 1901.819461 16522.362160 1441.053854 168 2.000000 20239165.430490
657 260 335958680 294021400 16050.222712 334545.162616 1441.053854 71880 3.990679 50513241.858453
658 261 189527680 147590400 11845.170382 11866.869444 1441.053854 36085 2.998614 31448332.798849
659 262 166666794 21504 2990.498582 170229.146976 1441.053854 168 2.000000 19271829.235658
660 263 483542680 441605400 19871.820290 159459.836503 1441.053854 107915 3.951999 108909956.110947
661 264 796275200 796275200 19469.163300 5330449.328736 3147.047749 196800 4.000000 172068226.322336
662 265 166666794 21504 1441.484374 1477.159983 1441.053854 168 2.000000 19371936.645346
663 266 335958680 294021400 19139.933497 115337.664262 1441.053854 71880 3.739983 75182537.786173
664 267 166666794 21504 1453.325959 2005.807834 1441.053854 168 2.000000 19676708.889411
665 268 796275200 796275200 15246.285079 452972.115842 1405.796642 196800 3.500000 118674149.806744
666 269 483542680 441605400 19386.013164 141175.546909 1441.053854 107915 3.487652 74905078.730311
667 270 166666794 21504 1573.076659 9835.006737 1441.053854 168 2.000000 19147468.552626
668 271 335958680 294021400 13235.145820 131199.297600 1441.053854 71880 3.179744 48992566.184590
669 272 796275200 796275200 18872.598395 246307.545646 1405.796642 196800 3.870935 179579900.543237
670 273 189527680 147590400 15088.886908 24851.653741 1441.053854 36085 3.997229 27583740.173232
671 274 166666794 21504 1447.457617 2038.617090 1441.053854 168 2.000000 19472252.307140
672 275 335958680 294021400 13756.108462 207582.323769 1441.053854 71880 2.987896 62679734.104809
673 276 166666794 21504 1456.228722 2146.009778 1441.053854 168 2.000000 26659780.002237
674 277 796275200 796275200 19431.899797 5341029.334442 1405.796642 196800 3.869919 150908873.084959
675 278 335958680 294021400 14588.410271 113725.983655 1441.053854 71880 3.716472 68769586.034647
676 279 335958680 294021400 18703.058836 142944.941435 1441.053854 71880 3.931831 72940065.806597
677 280 796275200 796275200 20450.558754 5159686.589160 2319.019588 196800 3.626016 169801883.868408
678 281 796275200 796275200 21365.798606 2027263.354110 1490.991427 196800 3.500000 190990567.680789
679 282 335958680 294021400 18619.644988 200989.563635 1441.053854 71880 3.833890 68497110.341480
680 283 796264000 796264000 21553.022526 971711.778300 3147.047749 195400 3.750256 208151661.920423
681 284 335958680 294021400 20347.451943 733900.988111 591.738319 71880 3.664719 978439344.082860
682 285 796275200 796275200 28615.359520 1617343.119100 3147.047749 196800 3.876016 178022854.103302
683 286 87808 626939348 9603.631547 917139.086312 591.738319 153628 1.933085 348.432097
684 287 145920 1084996050 9643.068865 242834.445946 1441.053854 265850 2.000000 522.535044
730 288 335958680 294021400 15339.915005 120219.085380 1441.053854 71880 3.747913 123648914.189851
731 289 335958680 294021400 16942.906921 103758.168007 1441.053854 71880 3.837785 70175615.619916
732 290 335958680 294021400 17521.069398 102691.576030 1441.053854 71880 3.998609 67418602.058315
733 291 483542680 441605400 16346.870040 195783.487428 1441.053854 107915 3.685864 87618208.342212
734 292 166666794 21504 1461.020868 2101.909666 1441.053854 168 2.000000 20398913.447642
735 293 796275200 796275200 19028.482184 2699364.289875 2319.019588 196800 3.871951 282124297.630621
736 294 796275200 796275200 18008.376435 1913770.553010 3147.047749 196800 3.752033 244381568.505887
737 295 796275200 796275200 22655.337278 3856858.682330 2319.019588 196800 3.998984 289257613.544236
738 296 335958680 294021400 14982.956178 159483.207912 1441.053854 71880 3.865192 52909033.992320
739 297 166666794 21504 1637.431220 14567.876542 1441.053854 168 2.000000 21049437.966083
740 298 166666794 21504 1555.360782 8266.102321 1441.053854 168 2.000000 19995232.215571
741 299 166666794 21504 1605.553950 15612.443733 1441.053854 168 2.000000 21319544.083251
742 300 796276800 796276800 19425.808445 2050272.864098 2319.019588 197000 3.503553 154694915.189578
743 301 335958680 294021400 12593.538179 159459.836503 1441.053854 71880 2.987896 43471011.370584
744 302 796275200 796275200 18878.294093 1497683.116209 2319.019588 196800 3.747967 179646757.041004
745 303 166666794 21504 1618.967388 11822.798751 1441.053854 168 2.000000 18449829.674976
746 304 166666794 21504 1441.476916 1476.723312 1441.053854 168 2.000000 18522451.258604
747 305 335958680 294021400 15320.495941 123465.636244 1441.053854 71880 3.982888 52498167.905010
748 306 189527680 147590400 19725.911461 132167.623151 1441.053854 36085 3.997229 33059499.255360
749 307 189527680 147590400 18797.063072 95756.939911 1441.053854 36085 3.997229 33500563.480953
750 308 796275200 796275200 16767.277020 2752988.136547 2319.019588 196800 3.751016 174192639.835303
751 309 166666794 21504 1447.427017 1939.694036 1441.053854 168 2.000000 19910131.268295
752 310 335958680 294021400 12399.178731 253803.989294 1441.053854 71880 2.995826 43980028.599821
753 311 166666794 21504 1458.468814 2041.792269 1441.053854 168 2.000000 20030664.407632
754 312 335958680 294021400 18444.782797 277031.776537 1441.053854 71880 3.712437 63797954.786391
755 313 796275200 796275200 18956.644816 918112.837739 2319.019588 196800 3.872967 135864018.647003
756 314 335958680 294021400 18552.643328 203296.491506 1441.053854 71880 3.916110 67397886.188259
757 315 796275200 796275200 17792.182811 1681538.959331 2319.019588 196800 3.875000 146459688.075784
758 316 796275200 796275200 18163.457344 3393678.554463 2319.019588 196800 3.750000 131280607.271579
759 317 189527680 147590400 15437.233614 192505.203919 591.738319 36085 3.995843 20830877.444849
760 318 130816 960272936 9432.905046 308323.146409 591.738319 235296 1.956310 510.847741
761 319 124416 918329256 9999.246319 114215.641377 1441.053854 225016 2.000000 508.416164
807 320 796275200 796275200 17862.150989 2762607.124909 2319.019588 196800 3.873984 181469301.078991
808 321 166666794 21504 1444.541679 1726.902436 1441.053854 168 2.000000 22064041.057785
809 322 335958680 294021400 15107.548253 131123.504525 1441.053854 71880 3.183779 47792473.097770
810 323 166666794 21504 1468.027000 2080.479864 1441.053854 168 2.000000 20414574.888948
811 324 335958680 294021400 15174.347957 166551.624106 1441.053854 71880 3.426544 71378919.357369
812 325 166666794 21504 1460.563370 2278.538291 1441.053854 168 2.000000 19474121.477908
813 326 166666794 21504 1448.320854 2082.118972 1441.053854 168 2.000000 21257143.164486
814 327 796275200 796275200 23207.871901 4469993.545066 2319.019588 196800 3.751016 232876101.190855
815 328 796264000 796264000 22115.424682 247526.393620 3147.047749 195400 4.000000 211694203.007305
816 329 166666794 21504 1447.211509 1883.570714 1441.053854 168 2.000000 19010196.418354
817 330 796275200 796275200 21229.398578 238629.753485 1490.991427 196800 3.870935 223852718.070649
818 331 335958680 294021400 13524.881626 321926.320340 1441.053854 71880 3.383278 50935734.472623
819 332 166666794 21504 1446.085144 1776.061857 1441.053854 168 2.000000 19826417.100359
820 333 796275200 796275200 18337.892145 2075366.608647 2319.019588 196800 3.503049 187353150.437542
821 334 796276800 796276800 26867.990617 2471126.550866 3147.047749 197000 3.876142 251679940.087855
822 335 796275200 796275200 20932.883645 1555416.766055 2319.019588 196800 3.870935 158212946.481410
823 336 796275200 796275200 17702.059558 311143.037722 2319.019588 196800 3.751016 153397636.683124
824 337 796275200 796275200 22475.858467 647550.736897 3147.047749 196800 4.000000 178786147.887274
825 338 166666794 21504 1441.485409 1477.079979 1441.053854 168 2.000000 19956260.956188
826 339 335958680 294021400 20205.549480 2939544.146807 1441.053854 71880 3.920006 68909708.738784
827 340 335958680 294021400 17640.752696 159459.836476 1441.053854 71880 3.794658 89996634.562898
828 341 166666794 21504 1450.182776 2111.779486 1441.053854 168 2.000000 20585472.544652
829 342 335958680 294021400 17643.582513 178938.864968 1441.053854 71880 3.935865 81435520.008963
830 343 796275200 796275200 16917.843542 2760172.211761 2319.019588 196800 3.997967 197348278.513478
831 344 166666794 21504 1618.322344 8174.631183 1441.053854 168 2.000000 21789659.028166
832 345 796275200 796275200 16045.256456 1961270.210750 2319.019588 196800 3.378049 158585610.919049
833 346 335958680 294021400 16753.781438 744666.819556 1441.053854 71880 3.810378 55625433.631191
834 347 166666794 21504 1529.628683 8128.643163 1441.053854 168 2.000000 34105337.494926
835 348 335958680 294021400 16526.089616 1233745.846882 591.738319 71880 3.676544 1334425770.390025
836 349 166666794 21504 591.738319 591.738319 591.738319 168 1.000000 0.000000
837 350 139520 1043052370 8188.186020 615884.716565 591.738319 255570 1.800000 161.015453
838 351 148224 1125831804 9595.370246 2467008.765471 1441.053854 275844 2.000000 0.000000
884 352 796264000 796264000 22029.601540 446133.748879 3147.047749 195400 3.875128 152975639.790628
885 353 166666794 21504 1443.872153 1661.124279 1441.053854 168 2.000000 21735916.461247
886 354 166666794 21504 1470.594626 2285.135008 1441.053854 168 2.000000 21858820.210991
887 355 796275200 796275200 19971.427464 1866059.051672 2319.019588 196800 3.379065 173935494.583818
888 356 796275200 796275200 54457.307310 1722878.592794 1405.796642 196800 3.872967 312515504.290937
889 357 796275200 796275200 52585.401664 2607372.187466 2319.019588 196800 3.626016 307183793.545098
890 358 796275200 796275200 21901.611625 824355.667717 2319.019588 196800 3.751016 252771319.571955
891 359 796275200 796275200 21012.335839 1869584.182985 2606.892322 196800 3.628049 199454584.531525
892 360 796276800 796276800 23381.611686 1828719.547615 1490.991427 197000 3.620305 224556526.422711
893 361 335958680 294021400 15674.064885 199229.606613 1441.053854 71880 3.994574 48088692.234543
894 362 796275200 796275200 26115.032825 2868782.581006 2606.892322 196800 3.380081 218565028.220099
895 363 483542680 441605400 16740.913993 271522.534555 1441.053854 107915 3.915582 81362838.535447
896 364 335958680 294021400 17651.716267 1201827.796733 1441.053854 71880 3.912076 65186243.873997
897 365 796275200 796275200 23272.101584 2779176.796612 2319.019588 196800 3.998984 150214770.358918
898 366 335958680 294021400 14082.322175 233334.328413 1441.053854 71880 3.465776 72244904.098723
899 367 166666794 21504 1450.111300 2142.497868 1441.053854 168 2.000000 20575150.568313
900 368 796275200 796275200 22497.767463 1479681.198078 2319.019588 196800 3.751016 180768460.335938
901 369 166666794 21504 1448.848630 1958.410284 1441.053854 168 2.000000 20971851.141872
902 370 166666794 21504 1450.657863 1833.011573 1441.053854 168 2.000000 21268958.919382
903 371 335958680 294021400 13490.018788 95373.971230 1441.053854 71880 3.418614 52017423.517054
904 372 166666794 21504 1446.903684 2057.945302 1441.053854 168 2.000000 20958934.036950
905 373 796275200 796275200 20320.015145 2576409.448421 1405.796642 196800 3.625000 177736500.722880
906 374 166666794 21504 1464.492957 2052.340674 1441.053854 168 2.000000 20877510.762724
907 375 796275200 796275200 20955.722848 2360606.793438 2319.019588 196800 3.626016 179039943.747579
908 376 796264000 796264000 32801.609482 2939645.566181 2606.892322 195400 3.375640 217613887.968338
909 377 189527680 147590400 15080.506825 15113.586377 1441.053854 36085 3.997229 26833566.458482
910 378 796275200 796275200 26352.736086 1551782.332123 2319.019588 196800 3.379065 150496617.476590
911 379 166666794 21504 1461.207384 2138.818543 1441.053854 168 2.000000 19641175.626610
912 380 166666794 21504 591.738319 591.738319 591.738319 168 1.000000 228131.582776
913 381 166666794 21504 591.738319 591.738319 591.738319 168 1.000000 229042.700925
914 382 184832 1417221712 7647.683330 482412.058355 591.738319 347232 1.764803 349.024354
915 383 68608 501108308 10061.050157 93396.295385 1441.053854 122788 2.000000 161.607727
961 384 796275200 796275200 15444.821784 831280.394912 1053.674316 196800 3.378049 147998794.544068
962 385 796275200 796275200 16697.838511 450419.359148 2319.019588 196800 3.502033 160914806.335660
963 386 335958680 294021400 13199.628160 164431.081931 1441.053854 71880 3.113244 46370163.532094
964 387 796275200 796275200 16282.589391 1977851.872529 1053.674316 196800 3.380081 164439443.398397
965 388 335958680 294021400 15124.058582 272517.593872 1441.053854 71880 3.426405 47383831.044869
966 389 166666794 21504 1522.027628 8301.452664 1441.053854 168 2.000000 18957816.271445
967 390 796275200 796275200 15484.843807 1119158.833991 2319.019588 196800 3.503049 115628798.314533
968 391 335958680 294021400 15499.167744 369993.279097 1441.053854 71880 3.841820 55971786.470299
969 392 796275200 796275200 15820.759918 1934902.574963 2319.019588 196800 3.502033 177886882.602425
970 393 796264000 796264000 18797.137208 250626.275997 2319.019588 195400 3.749232 145232821.729277
971 394 166666794 21504 1441.725343 1482.057299 1441.053854 168 2.000000 18989049.929133
972 395 335958680 294021400 16141.258472 1174130.652085 1441.053854 71880 3.857401 52145174.703427
973 396 189527680 147590400 15334.441403 155599.376347 1441.053854 36085 3.997229 32363582.141523
974 397 166666794 21504 1570.529072 7893.876336 1441.053854 168 2.000000 19278396.751974
975 398 335958680 294021400 14832.942035 179441.584065 1441.053854 71880 3.716472 58004656.688421
976 399 796275200 796275200 14136.632536 721201.826095 2319.019588 196800 3.377033 129683448.330683
977 400 166666794 21504 1441.053854 1441.053854 1441.053854 168 2.000000 19278632.027292
978 401 335958680 294021400 16238.929020 113725.983651 1441.053854 71880 3.998609 57359121.648980
979 402 166666794 21504 1441.477984 1476.792784 1441.053854 168 2.000000 19298086.561129
980 403 335958680 294021400 15936.729047 128095.944230 1441.053854 71880 3.974958 63450482.510632
981 404 335958680 294021400 13495.415656 145531.075778 1441.053854 71880 3.457846 48692873.997777
982 405 166666794 21504 1516.024857 7929.929424 1441.053854 168 2.000000 19274405.669971
983 406 335958680 294021400 15033.291145 192554.879689 1441.053854 71880 3.136617 51216981.412301
984 407 166666794 21504 4199.291367 443771.792152 1441.053854 168 2.000000 19322798.041377
985 408 796275200 796275200 13636.790704 447278.286561 1490.991427 196800 3.253049 136172912.032102
986 409 796275200 796275200 17054.064136 1932204.928634 2319.019588 196800 3.379065 162126785.683814
987 410 166666794 21504 1451.996944 2122.401246 1441.053854 168 2.000000 20241139.823921
988 411 166666794 21504 1465.469115 2874.041502 1441.053854 168 2.000000 19762865.975537
989 412 166666794 21504 591.738319 591.738319 591.738319 168 1.000000 0.000000
990 413 335958680 294021400 17034.449339 202191.693966 591.738319 71880 3.888008 1586165933.179554
991 414 182528 1376385958 8303.154125 244892.489509 591.738319 337238 1.848433 509.318112
992 415 102912 751662462 9530.231738 27210.280573 1441.053854 184182 2.000000 348.885973
1038 416 335958680 294021400 15256.590014 286570.755418 1441.053854 71880 3.967168 50750722.484822
1039 417 166666794 21504 1485.161353 7885.851982 1441.053854 168 2.000000 19380845.997628
1040 418 796276800 796276800 17296.540771 274582.585557 1490.991427 197000 3.499492 130847598.537398
1041 419 335958680 294021400 16924.874243 179719.045787 1441.053854 71880 3.685170 60951294.584359
1042 420 166666794 21504 1450.983675 1876.200053 1441.053854 168 2.000000 19259160.593458
1043 421 796275200 796275200 18751.882626 833681.803135 2319.019588 196800 3.751016 144913970.779718
1044 422 166666794 21504 1441.477846 1476.637381 1441.053854 168 2.000000 19254925.426997
1045 423 796276800 796276800 19647.975437 567925.690331 3147.047749 197000 3.752284 164239884.895744
1046 424 166666794 21504 1574.431524 8266.459853 1441.053854 168 2.000000 20243960.936208
1047 425 166666794 21504 1577.504553 15405.557395 1441.053854 168 2.000000 20125048.630002
1048 426 166666794 21504 1522.489842 7793.943660 1441.053854 168 2.000000 20964970.904367
1049 427 335958680 294021400 15223.426794 181939.277296 1441.053854 71880 3.951447 51325344.229583
1050 428 166666794 21504 1441.472744 1476.230627 1441.053854 168 2.000000 19685076.959614
1051 429 796276800 796276800 18388.235489 675954.228793 2319.019588 197000 3.875127 166433304.144400
1052 430 166666794 21504 1448.516796 1994.145437 1441.053854 168 2.000000 19597822.426565
1053 431 796264000 796264000 18262.424868 676521.892077 2606.892322 195400 3.750256 154258595.821931
1054 432 166666794 21504 1441.484077 1477.230533 1441.053854 168 2.000000 18579406.583227
1055 433 796264000 796264000 15683.977736 557165.582433 2606.892322 195400 3.500512 135746978.868499
1056 434 796264000 796264000 19282.744659 250524.657539 3147.047749 195400 3.875128 153001803.236011
1057 435 189527680 147590400 15264.814045 125557.500274 1441.053854 36085 3.997229 28788643.604391
1058 436 335958680 294021400 15118.876406 161515.054678 1441.053854 71880 3.873261 47425541.483682
1059 437 166666794 21504 1442.128806 1536.803920 1441.053854 168 2.000000 19243675.312326
1060 438 796264000 796264000 19279.534050 172050.885221 3147.047749 195400 4.000000 138407173.711632
1061 439 335958680 294021400 15965.278840 175589.514311 1441.053854 71880 3.352115 52211182.025570
1062 440 335958680 294021400 15183.081240 1100891.960762 1441.053854 71880 3.747913 50189266.869000
1063 441 796275200 796275200 20633.303176 1101033.579636 2319.019588 196800 3.873984 149938528.554525
1064 442 166666794 21504 1454.827775 2037.665839 1441.053854 168 2.000000 19518051.991220
1065 443 166666794 21504 1445.047141 1760.650016 1441.053854 168 2.000000 19685552.307942
1066 444 166666794 21504 591.738319 591.738319 591.738319 168 1.000000 0.000000
1067 445 335958680 294021400 16357.324949 724606.076992 591.738319 71880 3.942821 42384760.404036
1068 446 139520 1043052370 7829.518635 302642.504283 591.738319 255570 1.800000 322.410269
1069 447 191232 1459165392 9419.770991 28673.027243 1441.053854 357512 2.000000 100000347.911606
1115 448 335958680 294021400 17104.302790 212339.966163 1441.053854 71880 3.923901 51637746.831316
1116 449 166666794 21504 9169.095193 1099914.562787 1441.053854 168 2.000000 19263827.813931
1117 450 483542680 441605400 19352.511944 197794.799780 1441.053854 107915 3.813650 78080195.409323
1118 451 335958680 294021400 14987.818502 192485.550599 1441.053854 71880 3.826099 59280299.633804
1119 452 796276800 796276800 19353.585668 131652.070832 1405.796642 197000 3.748223 154170935.701256
1120 453 335958680 294021400 21159.997478 197889.010309 1441.053854 71880 3.998609 56668292.717241
1121 454 483542680 441605400 17546.102271 202450.511519 1441.053854 107915 3.623315 71832221.884355
1122 455 796275200 796275200 16794.659728 1820595.421409 2319.019588 196800 3.503049 137093049.714978
1123 456 796275200 796275200 18090.067913 432151.578588 2319.019588 196800 3.750000 176742020.027090
1124 457 335958680 294021400 18516.552288 191781.017958 1441.053854 71880 3.105175 60811875.696783
1125 458 166666794 21504 18677.842132 2269808.738346 1441.053854 168 2.000000 18896258.326702
1126 459 796275200 796275200 15017.634797 758455.546935 2319.019588 196800 3.378049 167620728.360361
1127 460 166666794 21504 1442.232761 1567.115909 1441.053854 168 2.000000 18649715.666363
1128 461 483542680 441605400 16383.409944 142259.916100 1441.053854 107915 3.936339 69429477.758424
1129 462 796276800 796276800 15493.987904 951961.170721 1405.796642 197000 3.624365 154895090.357992
1130 463 483542680 441605400 16433.461657 198671.529410 1441.053854 107915 3.842283 87074227.651988
1131 464 796275200 796275200 17829.863624 263887.375603 2319.019588 196800 3.626016 179820755.730077
1132 465 796275200 796275200 19691.867749 2616922.950476 1405.796642 196800 3.994919 181637197.623734
1133 466 166666794 21504 1453.251060 2102.389125 1441.053854 168 2.000000 20918591.181306
1134 467 166666794 21504 1500.840820 8068.539078 1441.053854 168 2.000000 21403890.105598
1135 468 796276800 796276800 16810.267941 1183587.660121 1405.796642 197000 3.625381 136651791.487491
1136 469 189527680 147590400 15167.430682 86674.327375 1441.053854 36085 3.997229 29893006.243858
1137 470 335958680 294021400 19822.117213 193531.806283 1441.053854 71880 3.998609 77887753.195219
1138 471 335958680 294021400 12744.033784 379112.801460 1441.053854 71880 2.901503 57311510.939007
1139 472 796275200 796275200 14528.314417 321109.988300 2319.019588 196800 3.255081 146156061.029140
1140 473 166666794 21504 1556.642073 7994.632010 1441.053854 168 2.000000 19007466.359275
1141 474 335958680 294021400 17525.033943 2314802.119080 1441.053854 71880 3.837785 50605213.223694
1142 475 796275200 796275200 14835.818476 266757.577934 2319.019588 196800 3.502033 173859529.059790
1143 476 335958680 294021400 20245.933228 746220.037562 591.738319 71880 3.997913 1017409462.919471
1144 477 335958680 294021400 16869.370329 1885849.954763 591.738319 71880 3.496522 251895163.584265
1145 478 109312 793606142 9486.600687 538821.442939 591.738319 194462 1.894272 174.430722
1146 479 109312 793606142 9556.163140 532304.713994 1441.053854 194462 2.000000 965.519334
1192 480 189527680 147590400 13594.801446 31008.994038 1441.053854 36085 2.998614 27438299.658349
1193 481 335958680 294021400 15447.529536 123465.636244 1441.053854 71880 3.935865 52866700.984827
1194 482 335958680 294021400 19079.212241 724833.341933 1441.053854 71880 3.927935 68304698.684926
1195 483 335958680 294021400 12747.244422 119580.927833 1441.053854 71880 2.964385 53031245.544368
1196 484 166666794 21504 1487.520303 7756.581451 1441.053854 168 2.000000 19168449.255682
1197 485 796275200 796275200 17706.742917 218833.067892 1405.796642 196800 3.622967 191442540.878972
1198 486 335958680 294021400 16609.092694 265246.994076 1441.053854 71880 3.998609 47577398.555890
1199 487 796264000 796264000 15508.240708 213894.472604 2606.892322 195400 3.375640 181498762.781892
1200 488 335958680 294021400 13405.263454 159459.836476 1441.053854 71880 3.356010 55499992.832894
1201 489 796276800 796276800 17128.362470 800682.331421 1405.796642 197000 3.625381 158728459.940098
1202 490 335958680 294021400 14912.809391 140720.433512 1441.053854 71880 3.485253 52583586.521315
1203 491 166666794 21504 1473.548819 2156.580750 1441.053854 168 2.000000 21150746.388430
1204 492 796275200 796275200 15164.917584 822123.573717 2319.019588 196800 3.627033 150518115.619346
1205 493 166666794 21504 1443.592199 1796.013943 1441.053854 168 2.000000 18576436.205608
1206 494 335958680 294021400 12869.524961 118212.107839 850.878826 71880 3.195047 51144520.984622
1207 495 335958680 294021400 17948.206956 1324138.581425 850.878826 71880 3.978575 64357508.638048
1208 496 166666794 21504 1454.825162 2037.257833 1441.053854 168 2.000000 19449035.581565
1209 497 796275200 796275200 13679.148331 551948.002732 1490.991427 196800 3.128049 137484595.640886
1210 498 335958680 294021400 14511.694746 429035.137221 1441.053854 71880 3.685031 50209821.559364
1211 499 166666794 21504 1441.482229 1477.082225 1441.053854 168 2.000000 19274895.589207
1212 500 796275200 796275200 14379.252029 172847.890635 1405.796642 196800 3.376016 160522655.091926
1213 501 166666794 21504 1483.321408 7524.254150 1441.053854 168 2.000000 21244027.301167
1214 502 796264000 796264000 18950.218100 1066994.481193 2319.019588 195400 3.749232 165929824.998155
1215 503 335958680 294021400 15581.137564 199077.334151 1441.053854 71880 3.935865 52770007.965702
1216 504 166666794 21504 1727.906087 14957.178359 1441.053854 168 2.000000 19439844.146642
1217 505 335958680 294021400 14737.985708 220933.804164 1441.053854 71880 3.242487 48885908.760701
1218 506 796275200 796275200 18103.335779 250524.657539 2319.019588 196800 3.875000 179664676.359743
1219 507 796275200 796275200 17791.153284 250524.657539 1405.796642 196800 3.253049 132732438.103316
1220 508 335958680 294021400 18924.246547 733728.575919 591.738319 71880 3.919310 56526420.282998
1221 509 166666794 21504 591.738319 591.738319 591.738319 168 1.000000 0.000000
1222 510 139520 1043052370 7885.107015 302361.426467 591.738319 255570 1.800000 322.346048
1223 511 115712 835549822 10015.740978 242319.158142 1441.053854 204742 2.000000 892.662710
1269 512 796275200 796275200 18239.656400 1816860.739840 2319.019588 196800 3.626016 177906220.654497
1270 513 796275200 796275200 19112.978425 1854749.699208 1405.796642 196800 3.995935 181539073.735426
1271 514 483542680 441605400 13835.378334 190742.673026 1441.053854 107915 3.451096 69540179.481899
1272 515 796275200 796275200 17223.289748 5573051.722968 2319.019588 196800 3.627033 180870247.646048
1273 516 335958680 294021400 16448.918065 162241.663681 1441.053854 71880 3.920006 64170709.483434
1274 517 796275200 796275200 16101.426523 5567994.162451 2319.019588 196800 3.502033 146264445.601091
1275 518 166666794 21504 1462.636984 2080.463982 1441.053854 168 2.000000 19807156.046901
1276 519 166666794 21504 1445.587769 2021.667635 1441.053854 168 2.000000 19682637.530128
1277 520 166666794 21504 1444.374053 1805.219421 1441.053854 168 2.000000 20396719.577992
1278 521 166666794 21504 1460.562158 2067.206760 1441.053854 168 2.000000 20542218.999463
1279 522 166666794 21504 1459.499751 2080.351081 1441.053854 168 2.000000 20427182.253675
1280 523 335958680 294021400 14200.797626 161039.322722 1441.053854 71880 3.363801 49242995.744079
1281 524 796275200 796275200 14844.545395 108270.689825 2319.019588 196800 3.875000 128213885.458874
1282 525 335958680 294021400 15372.413121 189663.110988 1441.053854 71880 3.935726 68801528.213502
1283 526 335958680 294021400 18173.156205 233976.947465 1441.053854 71880 3.998609 65928645.015857
1284 527 166666794 21504 1446.467525 2097.218028 1441.053854 168 2.000000 19089327.894493
1285 528 335958680 294021400 14873.481760 159459.836503 1441.053854 71880 3.873261 48995016.155076
1286 529 335958680 294021400 16813.910899 139353.480112 1441.053854 71880 3.434474 53376359.498853
1287 530 189527680 147590400 15080.572988 15113.586377 1441.053854 36085 3.997229 28397468.921710
1288 531 796275200 796275200 15981.782276 1822426.022440 1405.796642 196800 3.747967 175870078.827024
1289 532 166666794 21504 1470.217094 2683.930481 1441.053854 168 2.000000 20911658.231314
1290 533 166666794 21504 1475.677213 2895.234921 1441.053854 168 2.000000 20918312.257289
1291 534 166666794 21504 1454.826923 2037.462497 1441.053854 168 2.000000 20904028.305390
1292 535 166666794 21504 1441.481552 1477.037731 1441.053854 168 2.000000 20892288.523883
1293 536 335958680 294021400 16166.963772 342284.855455 1441.053854 71880 3.680996 58934649.749638
1294 537 335958680 294021400 16441.390701 159459.836503 1441.053854 71880 3.183639 51541833.423762
1295 538 166666794 21504 1450.656113 1957.238598 1441.053854 168 2.000000 19522888.230446
1296 539 335958680 294021400 16493.553039 209090.082387 1441.053854 71880 3.618392 57414660.927662
1297 540 166666794 21504 591.738319 591.738319 591.738319 168 1.000000 229042.688744
1298 541 166666794 21504 591.738319 591.738319 591.738319 168 1.000000 228131.582776
1299 542 210432 1584996432 7992.442099 487975.474168 591.738319 388352 1.789706 1301.629223
1300 543 139520 1043052370 9546.661532 21214.996065 1441.053854 255570 2.000000 349.064015
1346 544 796264000 796264000 21217.102317 2128012.850082 2319.019588 195400 3.624360 171741394.910400
1347 545 483542680 441605400 14940.528168 173394.119094 1441.053854 107915 3.477227 85570440.409338
1348 546 166666794 21504 1486.076525 7567.977467 1441.053854 168 2.000000 24557803.032406
1349 547 335958680 294021400 15906.435564 136813.140623 1441.053854 71880 3.904424 69146682.000449
1350 548 796264000 796264000 20911.053806 1316260.527206 3147.047749 195400 3.625384 220098732.183556
1351 549 166666794 21504 1623.036626 8675.912898 1441.053854 168 2.000000 19052639.474575
1352 550 796275200 796275200 20884.898426 653401.186648 2319.019588 196800 3.626016 224064444.268456
1353 551 166666794 21504 1643.440916 8547.309107 1441.053854 168 2.000000 19048663.953462
1354 552 166666794 21504 1457.291233 2133.782778 1441.053854 168 2.000000 21542857.864155
1355 553 335958680 294021400 17169.497473 1477328.073977 1441.053854 71880 3.982888 72331669.652111
1356 554 796264000 796264000 18621.263214 584221.845750 1490.991427 195400 3.748209 178059574.945610
1357 555 796275200 796275200 20553.862128 757653.023040 3147.047749 196800 3.628049 211008471.286556
1358 556 483542680 441605400 15245.888483 143917.798510 1441.053854 107915 3.931057 74915604.538698
1359 557 796275200 796275200 17821.062260 208539.116082 2319.019588 196800 3.996951 196241808.100523
1360 558 335958680 294021400 16268.763268 124772.917155 1441.053854 71880 3.982888 57134130.204155
1361 559 796276800 796276800 13462.704564 314725.710409 2606.892322 197000 3.132995 148246816.736273
1362 560 796276800 796276800 17070.589797 247963.252797 1405.796642 197000 3.377665 184302691.982684
1363 561 796264000 796264000 19219.446892 235643.038192 1490.991427 195400 3.623337 246276053.765490
1364 562 796264000 796264000 24452.651149 450974.313865 2606.892322 195400 3.625384 237117791.705798
1365 563 166666794 21504 1457.155216 2077.172948 1441.053854 168 2.000000 20518388.028877
1366 564 796276800 796276800 18438.319509 282391.746484 2319.019588 197000 3.748223 232381032.006214
1367 565 796276800 796276800 20112.750387 964173.741964 2319.019588 197000 3.624365 247067292.103949
1368 566 335958680 294021400 14058.912869 95758.359070 1441.053854 71880 3.293406 63987034.048776
1369 567 335958680 294021400 18631.268613 2939544.147670 1441.053854 71880 3.994574 58780534.974997
1370 568 796276800 796276800 15548.475685 265228.403104 1053.674316 197000 3.377665 146998506.344944
1371 569 796275200 796275200 18474.006183 213671.517085 1053.674316 196800 3.503049 223226304.079569
1372 570 166666794 21504 1873.765084 62796.281769 1441.053854 168 2.000000 21987760.662546
1373 571 166666794 21504 1738.443420 27123.275745 1441.053854 168 2.000000 21527432.550766
1374 572 796275200 796275200 17390.467099 1435732.577135 1490.991427 196800 3.500000 149480359.610733
1375 573 166666794 21504 591.738319 591.738319 591.738319 168 1.000000 0.000000
1376 574 98816 750554536 8003.271087 240947.722704 591.738319 183896 1.777951 0.000000
1377 575 118016 876385576 9491.903908 87388.119559 1441.053854 214736 2.000000 174.638819
1423 576 796275200 796275200 18341.740216 212588.702498 2319.019588 196800 3.375000 143963453.919666
1424 577 335958680 294021400 15168.121617 128094.529206 1441.053854 71880 3.923901 51744970.045810
1425 578 166666794 21504 1525.362112 14145.980478 1441.053854 168 2.000000 19797248.093043
1426 579 335958680 294021400 14567.929689 290488.152713 1441.053854 71880 3.716472 54939536.088025
1427 580 796276800 796276800 20501.623122 391489.853691 2319.019588 197000 3.748223 263576895.715673
1428 581 796264000 796264000 21235.442296 505543.911376 3147.047749 195400 3.750256 250828295.707821
1429 582 796276800 796276800 23061.515461 899963.265112 2319.019588 197000 3.998985 299341625.716887
1430 583 335958680 294021400 13669.560062 754406.472370 1441.053854 71880 3.042710 47147150.703806
1431 584 166666794 21504 1684.873709 8167.757473 1441.053854 168 2.000000 18829197.338031
1432 585 796275200 796275200 23748.791403 751360.434071 1405.796642 196800 3.501016 224205904.554030
1433 586 335958680 294021400 17524.068991 1487226.276965 1441.053854 71880 3.998609 60815967.508458
1434 587 335958680 294021400 17581.606001 755959.690376 1441.053854 71880 3.994574 64848429.859681
1435 588 166666794 21504 1683.689904 26134.455263 1441.053854 168 2.000000 20407288.660009
1436 589 796264000 796264000 18888.003235 266540.294764 2606.892322 195400 3.625384 252262081.827131
1437 590 483542680 441605400 15688.312135 121904.134135 1441.053854 107915 3.811055 83846867.637838
1438 591 166666794 21504 1747.057606 45889.009754 1441.053854 168 2.000000 20278773.074106
1439 592 796275200 796275200 18989.930102 1216818.118467 1405.796642 196800 3.498984 159342915.231992
1440 593 335958680 294021400 17561.040097 195230.723725 1441.053854 71880 3.841681 55037383.017145
1441 594 189527680 147590400 15201.120368 54954.322643 1441.053854 36085 3.997229 26992605.815673
1442 595 166666794 21504 8983.729781 238409.414268 1441.053854 168 2.000000 18533413.414718
1443 596 796275200 796275200 20536.026557 416958.352890 1490.991427 196800 3.625000 201636099.517985
1444 597 796275200 796275200 19408.179785 932744.254912 2606.892322 196800 3.628049 197581707.082140
1445 598 796275200 796275200 21735.140539 3770748.696358 2319.019588 196800 3.997967 196006782.943681
1446 599 166666794 21504 1996.628972 59827.380782 1441.053854 168 2.000000 26052572.234307
1447 600 796275200 796275200 24352.874826 1055722.203378 2319.019588 196800 3.750000 275996539.761966
1448 601 796275200 796275200 16973.128891 170360.701386 1405.796642 196800 3.373984 183822116.507939
1449 602 796275200 796275200 18282.170673 343176.896657 1405.796642 196800 3.871951 167827095.099738
1450 603 189527680 147590400 11990.833136 99214.547454 1441.053854 36085 2.998614 26190334.959733
1451 604 796275200 796275200 18144.180027 880476.104782 1405.796642 196800 3.622967 269126084.562368
1452 605 796275200 796275200 20789.131513 1365286.648587 2319.019588 196800 3.875000 325648954.648002
1453 606 83712 625831422 9439.894282 107052.972550 1441.053854 153342 2.000000 0.000000
1454 607 102912 751662462 9847.818065 115937.564926 1441.053854 184182 2.000000 348.832041
1500 608 483542680 441605400 13596.922397 131152.589049 1441.053854 107915 3.245008 91265826.479283
1501 609 796275200 796275200 20036.719405 2138666.779925 2319.019588 196800 3.751016 229884312.907010
1502 610 166666794 21504 1566.242516 8001.093227 1441.053854 168 2.000000 32108144.114049
1503 611 796275200 796275200 18444.959948 1270610.526374 3147.047749 196800 3.628049 187347660.255773
1504 612 166666794 21504 1450.541672 2045.521171 1441.053854 168 2.000000 32196959.328248
1505 613 335958680 294021400 15926.283923 223640.124430 1441.053854 71880 3.951308 51394901.366879
1506 614 796276800 796276800 16769.226140 4889460.874527 1405.796642 197000 3.500508 171119087.428902
1507 615 483542680 441605400 15938.049527 576277.102934 1441.053854 107915 3.769356 69835956.340798
1508 616 166666794 21504 1449.016134 1955.357111 1441.053854 168 2.000000 19869583.411489
1509 617 796264000 796264000 17542.561540 1054921.370166 3147.047749 195400 3.750256 192569869.667074
1510 618 166666794 21504 1461.357860 2123.444392 1441.053854 168 2.000000 20031007.410578
1511 619 796276800 796276800 22297.849110 301457.288637 2319.019588 197000 3.875127 169260066.833773
1512 620 335958680 294021400 13555.913242 109200.625629 1441.053854 71880 3.481358 52149972.249077
1513 621 166666794 21504 1442.317040 1580.795027 1441.053854 168 2.000000 24683021.867289
1514 622 189527680 147590400 15079.976701 15115.171607 1441.053854 36085 3.997229 32310607.112843
1515 623 796275200 796275200 23147.247377 4665393.407301 1490.991427 196800 3.872967 145910630.297448
1516 624 166666794 21504 1455.938965 2080.389036 1441.053854 168 2.000000 19611755.273097
1517 625 483542680 441605400 17262.403102 159459.836503 1441.053854 107915 3.985915 80135503.211728
1518 626 166666794 21504 1441.479483 1476.942661 1441.053854 168 2.000000 19274122.496744
1519 627 796275200 796275200 19388.249296 270527.782611 1405.796642 196800 3.747967 152637805.252130
1520 628 166666794 21504 1460.872490 2080.659357 1441.053854 168 2.000000 20790196.856853
1521 629 166666794 21504 1444.798213 1829.028713 1441.053854 168 2.000000 20221945.049521
1522 630 189527680 147590400 11844.936595 11866.869444 1441.053854 36085 2.998614 29233853.311006
1523 631 166666794 21504 1459.718467 2067.206760 1441.053854 168 2.000000 20837673.245534
1524 632 335958680 294021400 14792.237056 131123.504542 1441.053854 71880 3.826099 51920898.740642
1525 633 796264000 796264000 18117.395649 588748.990611 1405.796642 195400 3.498465 206261997.240791
1526 634 796275200 796275200 21269.956571 865246.986811 1405.796642 196800 3.872967 196733230.031484
1527 635 796275200 796275200 20360.388425 962443.953907 3147.047749 196800 3.752033 204688223.017755
1528 636 166666794 21504 591.738319 591.738319 591.738319 168 1.000000 0.000000
1529 637 335958680 294021400 17480.083139 990283.846844 591.738319 71880 3.997913 45351171.833546
1530 638 154624 1167775484 8043.668024 246567.768736 591.738319 286124 1.821357 100000172.214334
1531 639 139520 1043052370 9797.333244 642218.607134 1441.053854 255570 2.000000 174.425422
1577 640 796276800 796276800 20632.736594 374826.160267 1490.991427 197000 3.747208 244722390.165507
1578 641 796275200 796275200 17435.727123 192745.753758 2319.019588 196800 3.623984 190798785.979406
1579 642 483542680 441605400 17749.783972 741934.141891 1441.053854 107915 3.999073 75761300.566295
1580 643 166666794 21504 1455.073167 1766.998101 1441.053854 168 2.000000 20136754.970669
1581 644 166666794 21504 1620.792438 17352.849012 1441.053854 168 2.000000 18528495.988166
1582 645 796275200 796275200 17607.020883 4723401.444469 2319.019588 196800 3.626016 163016736.095547
1583 646 796275200 796275200 18121.994140 4064546.807506 2319.019588 196800 3.627033 203069508.578845
1584 647 189527680 147590400 9275.529052 9293.306879 1441.053854 36085 2.000000 22674419.574150
1585 648 166666794 21504 1750.792112 15179.186667 1441.053854 168 2.000000 23054575.519965
1586 649 166666794 21504 1587.592303 7823.505415 1441.053854 168 2.000000 22975755.738331
1587 650 796275200 796275200 17854.137660 833854.374848 2319.019588 196800 3.751016 209794334.939974
1588 651 796276800 796276800 16754.674870 551803.319778 2319.019588 197000 3.750254 227893325.904815
1589 652 335958680 294021400 16980.648490 120909.837005 1441.053854 71880 3.755426 61145473.698123
1590 653 483542680 441605400 13687.245568 113558.860484 1441.053854 107915 3.130149 76579246.890188
1591 654 335958680 294021400 17690.281016 151705.833145 1441.053854 71880 3.927796 50733623.955430
1592 655 796264000 796264000 20430.123154 1785304.524089 2319.019588 195400 3.624360 240967428.582714
1593 656 335958680 294021400 22383.670709 309544.175692 1441.053854 71880 3.873261 62182598.408639
1594 657 166666794 21504 1549.920361 7743.634030 1441.053854 168 2.000000 19446470.383625
1595 658 166666794 21504 1573.884671 7831.009651 1441.053854 168 2.000000 41206642.403478
1596 659 335958680 294021400 15759.695971 89994.927696 1441.053854 71880 3.935865 53254799.856113
1597 660 166666794 21504 1923.300041 36432.497139 1441.053854 168 2.000000 18661698.843925
1598 661 335958680 294021400 14429.928609 287085.889932 1441.053854 71880 3.363801 48855729.480530
1599 662 796275200 796275200 18667.264096 238432.478174 1490.991427 196800 3.621951 188124094.552290
1600 663 796275200 796275200 21836.720468 1811849.028226 2319.019588 196800 3.872967 201337054.742041
1601 664 335958680 294021400 18626.051044 192759.241813 1441.053854 71880 3.861018 62864046.909288
1602 665 796264000 796264000 15573.721482 815186.707378 2776.949749 195400 3.250768 130795457.851184
1603 666 166666794 21504 1446.652635 1915.317100 1441.053854 168 2.000000 19482216.899395
1604 667 166666794 21504 1459.716940 2090.734517 1441.053854 168 2.000000 19723485.181176
1605 668 166666794 21504 591.738319 591.738319 591.738319 168 1.000000 0.000000
1606 669 796275200 796275200 20726.763479 1952958.990947 2319.019588 196800 3.502033 164179383.895516
1607 670 154624 1167775484 8195.773055 241917.362528 591.738319 286124 1.857286 322.767489
1608 671 118016 876385576 9736.498683 335643.587531 1441.053854 214736 2.000000 174.195128
1654 672 335958680 294021400 17036.041416 111225.366498 1441.053854 71880 3.927935 62780736.550770
1655 673 335958680 294021400 14940.034876 131842.825845 1441.053854 71880 3.779076 51540483.146575
1656 674 796275200 796275200 17381.659227 1007111.015950 2319.019588 196800 3.627033 213883516.186918
1657 675 796276800 796276800 17808.570573 1872006.312630 2319.019588 197000 3.747208 180659476.998428
1658 676 796275200 796275200 18311.885800 733820.143625 3147.047749 196800 3.876016 165245464.198281
1659 677 796264000 796264000 20072.533416 339534.260414 2319.019588 195400 3.874104 205671521.794469
1660 678 166666794 21504 1564.428118 15203.645326 1441.053854 168 2.000000 22882551.226268
1661 679 335958680 294021400 16730.768868 2939545.732252 1441.053854 71880 3.242487 51717437.035632
1662 680 166666794 21504 1445.019159 1736.471594 1441.053854 168 2.000000 22416251.611785
1663 681 796275200 796275200 17005.838861 1505504.828788 2319.019588 196800 3.997967 205172346.150290
1664 682 166666794 21504 1447.697780 1818.858420 1441.053854 168 2.000000 22309705.929383
1665 683 335958680 294021400 14774.680491 118543.562129 1441.053854 71880 3.865331 48157802.190112
1666 684 796275200 796275200 23600.715004 617462.204053 3147.047749 196800 4.000000 202070937.452747
1667 685 796275200 796275200 19788.198209 2420929.078868 2319.019588 196800 3.747967 140252015.883155
1668 686 166666794 21504 1472.544094 2167.418444 1441.053854 168 2.000000 20483352.332931
1669 687 796275200 796275200 17934.751948 324024.886542 2319.019588 196800 3.751016 164726908.602105
1670 688 335958680 294021400 15126.750042 102459.679164 1441.053854 71880 3.426544 67741200.774205
1671 689 189527680 147590400 15480.234616 203295.072348 1441.053854 36085 3.997229 28844481.148852
1672 690 796275200 796275200 20878.551160 1345869.851725 2319.019588 196800 3.872967 171818406.749637
1673 691 166666794 21504 1956.574121 76395.837023 1441.053854 168 2.000000 19952755.319962
1674 692 166666794 21504 1494.892350 8174.087756 1441.053854 168 2.000000 19975475.762221
1675 693 166666794 21504 1521.852540 12576.694628 1441.053854 168 2.000000 19982668.552510
1676 694 189527680 147590400 15124.312887 49200.785224 1441.053854 36085 3.997229 26113226.758646
1677 695 166666794 21504 1478.231213 7615.922126 1441.053854 168 2.000000 20006195.023364
1678 696 166666794 21504 1488.076942 7671.906303 1441.053854 168 2.000000 19976178.161024
1679 697 166666794 21504 1482.950100 7751.056078 1441.053854 168 2.000000 19968341.476701
1680 698 189527680 147590400 15312.684074 163529.031510 1441.053854 36085 3.997229 26819313.263393
1681 699 166666794 21504 1579.511521 15093.375202 1441.053854 168 2.000000 19983138.301603
1682 700 796275200 796275200 18979.913973 2098018.933386 2319.019588 196800 3.626016 130936125.610429
1683 701 166666794 21504 591.738319 591.738319 591.738319 168 1.000000 0.000000
1684 702 197632 1501109072 8552.812500 250353.336048 591.738319 367792 1.888975 1083.283770
1685 703 111616 834441896 9948.786076 164991.402508 1441.053854 204456 2.000000 161.274775
1731 704 335958680 294021400 16289.889461 159518.851090 1441.053854 71880 3.426544 53554319.141568
1732 705 189527680 147590400 21630.334153 131123.504542 1441.053854 36085 2.998614 27391525.785596
1733 706 796264000 796264000 17078.853270 277107.872440 2319.019588 195400 3.874104 128550068.089054
1734 707 166666794 21504 1790.195350 14583.575022 1441.053854 168 2.000000 19860877.729706
1735 708 189527680 147590400 15255.544765 102459.679161 1441.053854 36085 3.997229 28103478.761100
1736 709 796275200 796275200 15275.702672 494201.394569 577.768481 196800 3.622967 156262171.993982
1737 710 483542680 441605400 16525.029977 212469.563699 1441.053854 107915 3.832090 85507715.481565
1738 711 796275200 796275200 16938.521717 567437.953457 577.768481 196800 3.625000 165539576.676232
1739 712 166666794 21504 1602.958356 8146.753013 1441.053854 168 2.000000 19425999.594369
1740 713 796275200 796275200 17896.501762 1678210.753249 2319.019588 196800 3.875000 171408391.267269
1741 714 335958680 294021400 21308.112793 2949385.218774 1441.053854 71880 3.994574 77078225.504989
1742 715 796275200 796275200 16038.880833 1282479.773058 2319.019588 196800 3.875000 158398481.522638
1743 716 189527680 147590400 15452.736360 238024.373553 1441.053854 36085 3.997229 27827607.198958
1744 717 483542680 441605400 15038.953445 1477429.493243 1441.053854 107915 3.456331 112902133.831432
1745 718 796275200 796275200 14436.006068 1089040.648218 2319.019588 196800 3.502033 149064244.744162
1746 719 335958680 294021400 12886.794763 103317.696179 1441.053854 71880 3.210907 49945218.758038
1747 720 166666794 21504 1920.436977 21146.296987 1441.053854 168 2.000000 20444872.868782
1748 721 166666794 21504 2031.205942 25647.879915 1441.053854 168 2.000000 20452726.393894
1749 722 166666794 21504 1597.867897 21125.309742 1441.053854 168 2.000000 20432652.737218
1750 723 166666794 21504 1669.657990 21759.375942 1441.053854 168 2.000000 20459270.003187
1751 724 166666794 21504 1441.482216 1477.171208 1441.053854 168 2.000000 19124065.315079
1752 725 335958680 294021400 16101.909445 101850.879765 1441.053854 71880 3.825960 63039004.632046
1753 726 335958680 294021400 15501.314345 117715.970700 1441.053854 71880 3.497218 61491796.963935
1754 727 166666794 21504 3570.410863 317360.006098 1441.053854 168 2.000000 19052728.168552
1755 728 335958680 294021400 15470.486296 380666.019466 1441.053854 71880 3.497218 73560295.756079
1756 729 166666794 21504 1579.027219 14549.745203 1441.053854 168 2.000000 19310265.166527
1757 730 166666794 21504 1441.477446 1476.696909 1441.053854 168 2.000000 19111684.178953
1758 731 796275200 796275200 15896.776639 3496878.654773 2319.019588 196800 3.871951 145273348.922667
1759 732 796275200 796275200 19558.457930 1726229.652073 2319.019588 196800 3.751016 155526297.282089
1760 733 483542680 441605400 19721.832241 2949385.218774 591.738319 107915 3.810684 1864438735.672062
1761 734 204032 1543052752 9284.960377 302630.738717 591.738319 378072 1.972809 1126.785248
1762 735 87808 626939348 9824.313272 249462.803861 1441.053854 153628 2.000000 922.639751
1808 736 335958680 294021400 12819.179274 193569.338612 1441.053854 71880 3.175710 48362731.087802
1809 737 335958680 294021400 16362.148848 139353.480111 1441.053854 71880 3.716472 52712321.701490
1810 738 796264000 796264000 17153.113037 1143384.095743 2319.019588 195400 3.749232 129430305.443337
1811 739 796275200 796275200 18599.186468 1755662.517219 2319.019588 196800 3.875000 163253627.939873
1812 740 796275200 796275200 17123.936453 767584.740044 1405.796642 196800 3.871951 198979148.675298
1813 741 796276800 796276800 16086.076760 412195.160712 2319.019588 197000 3.623350 197803970.035613
1814 742 166666794 21504 1444.927416 1801.922321 1441.053854 168 2.000000 18926446.917412
1815 743 335958680 294021400 21065.109076 749915.852538 1441.053854 71880 3.998609 63523337.739636
1816 744 483542680 441605400 15649.696864 113725.983651 1441.053854 107915 3.693555 73719004.391943
1817 745 166666794 21504 1443.458296 1773.484301 1441.053854 168 2.000000 19140420.357988
1818 746 335958680 294021400 16537.905424 147617.655705 1441.053854 71880 3.900390 46555754.462408
1819 747 166666794 21504 1459.202145 2080.371439 1441.053854 168 2.000000 19554873.715137
1820 748 166666794 21504 1455.279439 2159.857669 1441.053854 168 2.000000 21877580.989317
1821 749 483542680 441605400 15119.291188 139353.480088 1441.053854 107915 3.826715 76772002.513535
1822 750 796275200 796275200 18082.362902 433071.586067 2319.019588 196800 3.748984 176017964.697501
1823 751 166666794 21504 1461.594305 2133.924688 1441.053854 168 2.000000 22441033.887418
1824 752 166666794 21504 1458.251400 2080.058455 1441.053854 168 2.000000 19735337.705776
1825 753 166666794 21504 1441.479101 1476.612081 1441.053854 168 2.000000 20063008.619134
1826 754 796275200 796275200 18781.610062 1210729.865268 2319.019588 196800 3.750000 188453163.986056
1827 755 483542680 441605400 15327.840064 84126.746497 1441.053854 107915 3.153547 68466501.195045
1828 756 796275200 796275200 16851.684428 1462020.654936 1405.796642 196800 3.746951 163122503.396364
1829 757 335958680 294021400 15359.259133 130915.239879 1441.053854 71880 3.904285 49852345.736305
1830 758 796275200 796275200 18709.318070 2709623.600553 2319.019588 196800 3.872967 201409786.007079
1831 759 189527680 147590400 15080.801371 15113.586377 1441.053854 36085 3.997229 28124071.784019
1832 760 335958680 294021400 17463.299326 237101.346027 1441.053854 71880 3.994574 56498850.443412
1833 761 335958680 294021400 17112.682388 181780.633901 1441.053854 71880 3.873261 52428709.159904
1834 762 796275200 796275200 15342.760451 505715.053045 3147.047749 196800 3.628049 175489501.581897
1835 763 166666794 21504 1441.479348 1476.815229 1441.053854 168 2.000000 19085091.991463
1836 764 166666794 21504 591.738319 591.738319 591.738319 168 1.000000 0.000000
1837 765 189527680 147590400 15556.493623 369892.892866 591.738319 36085 3.995843 21434735.840840
1838 766 145920 1084996050 8074.717947 302838.947146 591.738319 265850 1.807734 174.152433
1839 767 124416 918329256 9543.903356 81459.483792 1441.053854 225016 2.000000 349.126273
1885 768 335958680 294021400 18074.667364 134439.554893 1441.053854 71880 3.771146 88287633.256297
1886 769 335958680 294021400 17731.545777 121373.087065 1441.053854 71880 3.747913 90501856.980363
1887 770 483542680 441605400 17068.517304 159459.836503 1441.053854 107915 3.999073 90982338.449331
1888 771 335958680 294021400 17311.597598 380666.019382 1441.053854 71880 3.324708 62750580.859495
1889 772 189527680 147590400 15167.645723 102489.988027 1441.053854 36085 3.997229 27006996.467242
1890 773 796276800 796276800 17137.721385 341899.973885 1405.796642 197000 3.498477 159349190.708429
1891 774 335958680 294021400 15577.849294 407946.517077 1441.053854 71880 3.873122 50295293.748779
1892 775 796275200 796275200 15712.343909 500759.989927 3147.047749 196800 3.876016 200220008.289940
1893 776 166666794 21504 1817.999422 8349.735487 1441.053854 168 2.000000 20066755.693927
1894 777 796276800 796276800 24324.449186 902086.812412 2319.019588 197000 3.997970 190541811.619680
1895 778 166666794 21504 1895.085388 22866.879600 1441.053854 168 2.000000 20082974.453637
1896 779 796275200 796275200 19325.126371 305136.281023 1405.796642 196800 3.501016 170116854.885541
1897 780 796275200 796275200 20512.747940 690015.171748 2319.019588 196800 3.503049 192578871.601587
1898 781 796276800 796276800 21062.075865 1008172.601642 1405.796642 197000 3.621320 183984584.609460
1899 782 166666794 21504 1533.066404 8617.729495 1441.053854 168 2.000000 20895414.179136
1900 783 166666794 21504 1607.953102 8489.884243 1441.053854 168 2.000000 20475356.540161
1901 784 335958680 294021400 17014.947443 248292.978097 1441.053854 71880 3.865053 74865065.510666
1902 785 483542680 441605400 16649.492572 191760.363809 1441.053854 107915 3.991104 81843705.149832
1903 786 335958680 294021400 19182.763105 250524.657539 1441.053854 71880 3.904424 78055933.142739
1904 787 166666794 21504 1441.475180 1476.595614 1441.053854 168 2.000000 19009227.690783
1905 788 796275200 796275200 20938.595039 797530.759453 2319.019588 196800 3.875000 171871164.623105
1906 789 166666794 21504 3138.479679 105334.634819 1441.053854 168 2.000000 20385147.761117
1907 790 166666794 21504 1834.479657 27782.910913 1441.053854 168 2.000000 20034464.726630
1908 791 335958680 294021400 18686.050250 285803.602800 1441.053854 71880 3.994574 66869333.140951
1909 792 335958680 294021400 17023.056323 251028.961298 1441.053854 71880 3.939482 80592854.083588
1910 793 796275200 796275200 23810.056366 678858.883303 1405.796642 196800 3.501016 152500248.876075
1911 794 796275200 796275200 19393.706249 1773281.471113 2319.019588 196800 3.875000 142900399.334922
1912 795 189527680 147590400 15292.131087 108952.780890 1441.053854 36085 3.997229 34455759.552393
1913 796 335958680 294021400 16779.110808 294901.675104 591.738319 71880 3.801892 1175603097.162680
1914 797 796276800 796276800 18362.248340 2572990.881169 1405.796642 197000 3.494416 161559354.454580
1915 798 130816 960272936 9524.733846 308365.764570 591.738319 235296 1.956310 349.110733
1916 799 102912 751662462 10436.336023 77885.328124 1441.053854 184182 2.000000 952.544948
1962 800 166666794 21504 1475.074645 2887.742416 1441.053854 168 2.000000 19995946.722970
1963 801 335958680 294021400 14981.790019 179441.584058 1441.053854 71880 3.747913 49442585.489133
1964 802 166666794 21504 1554.873659 14181.891550 1441.053854 168 2.000000 20353504.939148
1965 803 166666794 21504 1545.048740 16426.838514 1441.053854 168 2.000000 19749199.254152
1966 804 796264000 796264000 18162.990810 500843.926051 3147.047749 195400 3.875128 198332679.691453
1967 805 166666794 21504 1443.408815 1645.384937 1441.053854 168 2.000000 18573970.258599
1968 806 335958680 294021400 18853.912293 2371125.109066 1441.053854 71880 3.998609 56058931.285835
1969 807 796275200 796275200 16820.754355 346975.148899 3147.047749 196800 3.752033 160628280.062805
1970 808 483542680 441605400 16872.103495 486502.526071 1441.053854 107915 3.915582 85292816.827216
1971 809 335958680 294021400 17139.752144 38354.828679 1441.053854 71880 3.845576 67722731.046649
1972 810 335958680 294021400 15713.455203 102459.679164 1441.053854 71880 3.994574 59853607.813411
1973 811 335958680 294021400 17535.868345 160549.749981 1441.053854 71880 3.739983 66550857.368884
1974 812 166666794 21504 2589.649526 65049.624549 1441.053854 168 2.000000 20511469.473904
1975 813 796275200 796275200 15757.075398 480161.457852 1490.991427 196800 3.375000 135668251.049263
1976 814 796275200 796275200 16699.487574 511666.651633 2319.019588 196800 3.751016 148102950.768708
1977 815 166666794 21504 1442.109866 1547.383844 1441.053854 168 2.000000 20342500.739731
1978 816 166666794 21504 1457.898466 2044.500228 1441.053854 168 2.000000 20150972.083102
1979 817 166666794 21504 1540.867604 8582.540446 1441.053854 168 2.000000 20144152.269003
1980 818 166666794 21504 1444.662618 1803.466334 1441.053854 168 2.000000 20246703.984076
1981 819 335958680 294021400 15510.603649 132314.348709 1441.053854 71880 3.974958 47013778.227030
1982 820 796275200 796275200 15982.357774 583311.580889 2319.019588 196800 3.750000 144127411.371704
1983 821 189527680 147590400 15192.046076 40881.214389 1441.053854 36085 3.997229 28587577.972721
1984 822 166666794 21504 1800.196774 15523.129302 1441.053854 168 2.000000 18624246.445549
1985 823 796275200 796275200 16536.153372 583311.580889 2319.019588 196800 3.623984 142068030.028925
1986 824 166666794 21504 1858.224246 17179.163601 1441.053854 168 2.000000 20457063.797301
1987 825 166666794 21504 30363.241115 1214541.427603 1441.053854 168 2.000000 20440801.583155
1988 826 166666794 21504 30455.867594 1213710.606905 1441.053854 168 2.000000 20376357.081495
1989 827 796275200 796275200 17623.848713 354172.221131 2319.019588 196800 3.751016 145279031.095441
1990 828 796275200 796275200 21612.968670 1617775.735840 2319.019588 196800 3.747967 164257238.888347
1991 829 166666794 21504 591.738319 591.738319 591.738319 168 1.000000 0.000000
1992 830 206336 1583888506 8585.735508 584361.925046 591.738319 388066 1.894776 161.008205
1993 831 145920 1084996050 9811.511828 113299.813457 1441.053854 265850 2.000000 510.637266
2039 832 166666794 21504 1455.852801 2080.747445 1441.053854 168 2.000000 20444333.209488
2040 833 166666794 21504 1456.597367 2110.341796 1441.053854 168 2.000000 20451963.857183
2041 834 166666794 21504 1441.485030 1477.301070 1441.053854 168 2.000000 20432831.663049
2042 835 166666794 21504 1475.528495 2895.234921 1441.053854 168 2.000000 20458378.996155
2043 836 796275200 796275200 14328.883624 139622.910281 1405.796642 196800 3.623984 124317658.913508
2044 837 483542680 441605400 16180.337149 317585.027754 1441.053854 107915 3.832090 73728989.391490
2045 838 166666794 21504 1445.375587 1844.549049 1441.053854 168 2.000000 20257349.635422
2046 839 166666794 21504 1462.769032 2080.235286 1441.053854 168 2.000000 19788885.790219
2047 840 335958680 294021400 17469.194390 131123.504542 1441.053854 71880 3.465776 73034847.467489
2048 841 335958680 294021400 16600.745049 187752.627452 1441.053854 71880 3.966889 65706598.450378
2049 842 189527680 147590400 13529.515180 13560.368371 1441.053854 36085 2.998614 26919001.111371
2050 843 796275200 796275200 15995.259238 2145262.914288 2319.019588 196800 3.875000 149074530.965102
2051 844 483542680 441605400 17085.423828 162614.559430 1441.053854 107915 3.975444 88325511.463103
2052 845 335958680 294021400 16419.423490 150979.224136 1441.053854 71880 3.465776 54111626.677764
2053 846 335958680 294021400 17415.197162 159459.836503 1441.053854 71880 3.967168 67117632.220809
2054 847 166666794 21504 1448.080237 2118.041991 1441.053854 168 2.000000 20039597.694802
2055 848 335958680 294021400 16006.371508 70545.906020 1441.053854 71880 3.614636 58955192.083416
2056 849 166666794 21504 1449.024935 2102.093832 1441.053854 168 2.000000 36103274.680121
2057 850 166666794 21504 1465.153724 2285.081984 1441.053854 168 2.000000 36857081.601687
2058 851 335958680 294021400 14417.899419 755961.275439 1441.053854 71880 3.426405 68191480.077030
2059 852 483542680 441605400 15190.966302 159475.146033 1441.053854 107915 3.471946 67181873.088514
2060 853 796275200 796275200 16977.966118 4127977.029987 1405.796642 196800 3.995935 170450675.914275
2061 854 335958680 294021400 18021.626020 2377091.770083 1441.053854 71880 3.904424 59988968.854937
2062 855 796276800 796276800 14148.345477 364107.578799 2319.019588 197000 3.379695 128908579.450456
2063 856 335958680 294021400 19751.741577 159459.836503 1441.053854 71880 3.998609 65374393.774310
2064 857 483542680 441605400 16068.354743 754408.057433 1441.053854 107915 3.560719 78390477.750392
2065 858 166666794 21504 2868.653787 233345.093597 1441.053854 168 2.000000 19722070.074899
2066 859 335958680 294021400 17373.162126 159459.836503 1441.053854 71880 3.810518 55943704.353223
2067 860 335958680 294021400 19589.444101 2607863.527408 591.738319 71880 3.856845 66791630.292315
2068 861 166666794 21504 591.738319 591.738319 591.738319 168 1.000000 0.000000
2069 862 158720 1168883410 8373.528092 308364.213318 591.738319 286410 1.821536 1083.686823
2070 863 173824 1293606524 9815.010502 356754.458780 1441.053854 316964 2.000000 1875.508506
2116 864 796275200 796275200 20816.560817 223014.753321 2319.019588 196800 3.873984 226677119.945587
2117 865 796264000 796264000 20904.619591 205024.528740 3147.047749 195400 3.750256 227683420.135004
2118 866 335958680 294021400 16528.226841 168797.535153 1441.053854 71880 3.998609 56991502.510183
2119 867 796275200 796275200 22619.376147 553551.611632 1405.796642 196800 3.873984 224177157.651143
2120 868 166666794 21504 1747.319440 15533.473666 1441.053854 168 2.000000 20675826.386146
2121 869 796275200 796275200 19048.008755 1490988.638668 2319.019588 196800 3.873984 180990961.624417
2122 870 796275200 796275200 18621.985180 750412.520691 1405.796642 196800 3.873984 189715796.951761
2123 871 483542680 441605400 15878.572448 159480.406589 1441.053854 107915 3.779827 72897189.646018
2124 872 796275200 796275200 17893.743163 609515.935575 1405.796642 196800 3.500000 156906361.675465
2125 873 166666794 21504 1538.115463 11204.821647 1441.053854 168 2.000000 18776837.862687
2126 874 335958680 294021400 15977.347814 2696122.889515 1441.053854 71880 3.183779 46142521.606221
2127 875 796276800 796276800 23956.901721 929542.189990 2319.019588 197000 3.875127 194412610.212431
2128 876 166666794 21504 2357.316862 91519.438990 1441.053854 168 2.000000 19623884.198655
2129 877 335958680 294021400 13867.962032 220325.324091 1441.053854 71880 3.371870 47472536.544836
2130 878 796275200 796275200 22232.442191 841123.391760 1405.796642 196800 3.871951 146850953.853064
2131 879 166666794 21504 2262.692885 90861.369926 1441.053854 168 2.000000 19539565.563419
2132 880 166666794 21504 1797.704275 21853.950831 1441.053854 168 2.000000 19772856.357855
2133 881 166666794 21504 1594.382255 20593.233297 1441.053854 168 2.000000 20029289.804880
2134 882 166666794 21504 1655.615609 14570.924953 1441.053854 168 2.000000 20080614.652152
2135 883 796275200 796275200 20382.628627 623624.506664 2319.019588 196800 3.750000 191687545.734640
2136 884 796275200 796275200 18109.587720 877086.622914 2319.019588 196800 3.626016 163028690.382404
2137 885 335958680 294021400 14891.013892 123869.940002 1441.053854 71880 3.591124 52707360.282227
2138 886 796275200 796275200 19885.631329 876274.985198 2319.019588 196800 3.872967 177985610.650271
2139 887 166666794 21504 1445.536083 1944.380060 1441.053854 168 2.000000 21733967.489156
2140 888 796264000 796264000 19919.276389 1428812.784766 2319.019588 195400 3.624360 185899760.921205
2141 889 335958680 294021400 14588.532221 84999.734802 1441.053854 71880 3.434474 55304405.103805
2142 890 335958680 294021400 16012.722028 2939544.146807 1441.053854 71880 3.175849 62259763.573854
2143 891 166666794 21504 20581.434074 799031.921319 1441.053854 168 2.000000 18526462.699953
2144 892 796264000 796264000 19957.345039 1697272.009052 2319.019588 195400 3.749232 189388479.456159
2145 893 189527680 147590400 15843.065499 369894.311963 591.738319 36085 3.995843 23332985.207590
2146 894 154624 1167775484 9303.502158 404670.023639 591.738319 286124 1.964072 100000951.719593
2147 895 90112 667775102 9436.178028 334317.874542 1441.053854 163622 2.000000 161.211931
2193 896 189527680 147590400 15080.509606 15113.586377 1441.053854 36085 3.997229 28372413.305347
2194 897 335958680 294021400 16117.001472 76600.657072 1441.053854 71880 3.747913 57983150.040706
2195 898 335958680 294021400 15705.474712 96076.184758 1441.053854 71880 3.935726 55494403.890208
2196 899 166666794 21504 1443.481929 1643.793796 1441.053854 168 2.000000 18794992.031083
2197 900 166666794 21504 1441.483325 1477.067051 1441.053854 168 2.000000 21337366.074738
2198 901 796275200 796275200 15916.937452 2249176.524741 1490.991427 196800 3.748984 163760659.510343
2199 902 166666794 21504 1485.813098 7759.137949 1441.053854 168 2.000000 20126868.904690
2200 903 166666794 21504 1445.059260 1952.240900 1441.053854 168 2.000000 20383774.136910
2201 904 166666794 21504 1769.529102 20781.157584 1441.053854 168 2.000000 19858838.090515
2202 905 335958680 294021400 15530.403766 131123.504542 1441.053854 71880 2.964385 44809395.652947
2203 906 166666794 21504 1958.398190 21788.756730 1441.053854 168 2.000000 19750756.227455
2204 907 166666794 21504 1653.489702 8747.203921 1441.053854 168 2.000000 19995988.158571
2205 908 483542680 441605400 17399.635618 669542.738477 1441.053854 107915 3.779827 87268837.170729
2206 909 796275200 796275200 18183.788366 223601.995133 3147.047749 196800 4.000000 133326469.027901
2207 910 335958680 294021400 17268.556055 143983.158655 1441.053854 71880 3.367557 48996371.575149
2208 911 335958680 294021400 17013.058529 124958.799341 1441.053854 71880 3.669449 71232985.436004
2209 912 796264000 796264000 15758.505561 1501677.205513 2776.949749 195400 3.625384 145171041.763125
2210 913 335958680 294021400 15546.305518 88694.618881 1441.053854 71880 3.841820 51298894.384000
2211 914 166666794 21504 1459.941901 2039.691118 1441.053854 168 2.000000 20190689.085870
2212 915 166666794 21504 1473.599155 3369.746495 1441.053854 168 2.000000 19982671.527674
2213 916 335958680 294021400 15254.346831 102459.679161 1441.053854 71880 3.998609 53048263.405416
2214 917 796275200 796275200 17982.384306 1752032.088691 2319.019588 196800 3.627033 149046911.079082
2215 918 166666794 21504 1760.506496 39065.776752 1441.053854 168 2.000000 19279024.414402
2216 919 166666794 21504 1479.935298 7901.000462 1441.053854 168 2.000000 19423927.555069
2217 920 483542680 441605400 15024.392191 123706.193300 1441.053854 107915 3.638929 96022858.252966
2218 921 796276800 796276800 15692.180203 211690.576981 2319.019588 197000 3.874112 136494909.876488
2219 922 189527680 147590400 15124.635621 26729.084631 1441.053854 36085 3.997229 28332522.466915
2220 923 335958680 294021400 16427.004760 45239.072763 1441.053854 71880 3.841820 65748561.325629
2221 924 796275200 796275200 18331.148714 1843152.892464 2319.019588 196800 3.751016 152000308.447754
2222 925 166666794 21504 591.738319 591.738319 591.738319 168 1.000000 0.000000
2223 926 145920 1084996050 8400.321233 240755.104445 591.738319 265850 1.846402 509.385532
2224 927 188928 1418329638 9635.433864 229340.908169 1441.053854 347518 2.000000 7643.527767
2270 928 796275200 796275200 19368.093775 1938940.484476 2319.019588 196800 3.873984 199518173.520754
2271 929 796275200 796275200 21348.654169 1316310.915655 577.768481 196800 3.994919 217942891.846524
2272 930 335958680 294021400 14232.162023 114857.119050 1441.053854 71880 3.371731 46273619.810590
2273 931 796275200 796275200 17864.638483 295998.278419 577.768481 196800 3.623984 192744802.394828
2274 932 796276800 796276800 21793.401645 725471.061778 2319.019588 197000 3.624365 167712384.362440
2275 933 166666794 21504 1460.715233 2284.784614 1441.053854 168 2.000000 19460889.052889
2276 934 166666794 21504 1442.439921 1602.039556 1441.053854 168 2.000000 19662152.477583
2277 935 796275200 796275200 20260.956080 907560.347879 2319.019588 196800 3.750000 169578152.388744
2278 936 796264000 796264000 20068.453515 586581.321403 2319.019588 195400 3.374616 181462216.907647
2279 937 166666794 21504 1448.467796 1865.329241 1441.053854 168 2.000000 60161301.688700
2280 938 796264000 796264000 23630.126550 582948.276388 1053.674316 195400 3.250768 147767124.463993
2281 939 796264000 796264000 19128.779985 414286.796488 1053.674316 195400 3.625384 511149091.162360
2282 940 166666794 21504 1514.277083 11260.778830 1441.053854 168 2.000000 20625313.620456
2283 941 166666794 21504 1554.450268 8454.082574 1441.053854 168 2.000000 20458378.607313
2284 942 166666794 21504 1567.691161 7878.659180 1441.053854 168 2.000000 20466198.113015
2285 943 166666794 21504 1441.479905 1476.789568 1441.053854 168 2.000000 20656624.815288
2286 944 166666794 21504 1533.256100 8200.181546 1441.053854 168 2.000000 20075218.302225
2287 945 796275200 796275200 18539.489582 353788.227518 2319.019588 196800 3.873984 163461659.735122
2288 946 166666794 21504 1534.443675 8563.914491 1441.053854 168 2.000000 21309301.255130
2289 947 166666794 21504 2157.983741 70010.971439 1441.053854 168 2.000000 20368355.060660
2290 948 796275200 796275200 26008.263845 226705.209082 2319.019588 196800 3.872967 199583188.585532
2291 949 796276800 796276800 21358.019364 277897.103957 1490.991427 197000 3.871066 191259114.438239
2292 950 335958680 294021400 15688.801571 203473.522840 1441.053854 71880 3.998609 49222819.200480
2293 951 166666794 21504 1484.005448 8207.885876 1441.053854 168 2.000000 18788016.152205
2294 952 189527680 147590400 15301.369150 115282.558650 1441.053854 36085 3.997229 28842091.150148
2295 953 166666794 21504 1537.956093 8428.410874 1441.053854 168 2.000000 19932471.718778
2296 954 166666794 21504 1570.939371 8047.719384 1441.053854 168 2.000000 19769133.065025
2297 955 166666794 21504 1581.984130 11341.875138 1441.053854 168 2.000000 19934515.180463
2298 956 796264000 796264000 18915.220668 2076935.669102 3147.047749 195400 3.875128 145663702.167111
2299 957 335958680 294021400 15381.753260 368711.151444 591.738319 71880 3.950751 41390120.570275
2300 958 191232 1459165392 9234.756815 385027.504229 591.738319 357512 1.971246 1139.902105
2301 959 135424 1041944444 9407.031766 65643.891932 1441.053854 255284 2.000000 1012.002464
2347 960 0 0 -nan 0.000000 2147483647.000000 0 -nan 0.000000
2348 961 0 0 -nan 0.000000 2147483647.000000 0 -nan 0.000000
2349 962 0 0 -nan 0.000000 2147483647.000000 0 -nan 0.000000
2350 963 0 0 -nan 0.000000 2147483647.000000 0 -nan 0.000000
2351 964 0 0 -nan 0.000000 2147483647.000000 0 -nan 0.000000
2352 965 0 0 -nan 0.000000 2147483647.000000 0 -nan 0.000000
2353 966 0 0 -nan 0.000000 2147483647.000000 0 -nan 0.000000
2354 967 0 0 -nan 0.000000 2147483647.000000 0 -nan 0.000000
2355 968 0 0 -nan 0.000000 2147483647.000000 0 -nan 0.000000
2356 969 0 0 -nan 0.000000 2147483647.000000 0 -nan 0.000000
2357 970 0 0 -nan 0.000000 2147483647.000000 0 -nan 0.000000
2358 971 0 0 -nan 0.000000 2147483647.000000 0 -nan 0.000000
2359 972 0 0 -nan 0.000000 2147483647.000000 0 -nan 0.000000
2360 973 0 0 -nan 0.000000 2147483647.000000 0 -nan 0.000000
2361 974 0 0 -nan 0.000000 2147483647.000000 0 -nan 0.000000
2362 975 0 0 -nan 0.000000 2147483647.000000 0 -nan 0.000000
2363 976 0 0 -nan 0.000000 2147483647.000000 0 -nan 0.000000
2364 977 0 0 -nan 0.000000 2147483647.000000 0 -nan 0.000000
2365 978 0 0 -nan 0.000000 2147483647.000000 0 -nan 0.000000
2366 979 0 0 -nan 0.000000 2147483647.000000 0 -nan 0.000000
2367 980 0 0 -nan 0.000000 2147483647.000000 0 -nan 0.000000
2368 981 0 0 -nan 0.000000 2147483647.000000 0 -nan 0.000000
2369 982 0 0 -nan 0.000000 2147483647.000000 0 -nan 0.000000
2370 983 0 0 -nan 0.000000 2147483647.000000 0 -nan 0.000000
2371 984 0 0 -nan 0.000000 2147483647.000000 0 -nan 0.000000
2372 985 0 0 -nan 0.000000 2147483647.000000 0 -nan 0.000000
2373 986 0 0 -nan 0.000000 2147483647.000000 0 -nan 0.000000
2374 987 0 0 -nan 0.000000 2147483647.000000 0 -nan 0.000000
2375 988 0 0 -nan 0.000000 2147483647.000000 0 -nan 0.000000
2376 989 0 0 -nan 0.000000 2147483647.000000 0 -nan 0.000000
2377 990 0 0 -nan 0.000000 2147483647.000000 0 -nan 0.000000
2378 991 0 0 -nan 0.000000 2147483647.000000 0 -nan 0.000000
2424 992 0 0 -nan 0.000000 2147483647.000000 0 -nan 0.000000
2425 993 0 0 -nan 0.000000 2147483647.000000 0 -nan 0.000000
2426 994 0 0 -nan 0.000000 2147483647.000000 0 -nan 0.000000
2427 995 0 0 -nan 0.000000 2147483647.000000 0 -nan 0.000000
2428 996 0 0 -nan 0.000000 2147483647.000000 0 -nan 0.000000
2429 997 0 0 -nan 0.000000 2147483647.000000 0 -nan 0.000000
2430 998 0 0 -nan 0.000000 2147483647.000000 0 -nan 0.000000
2431 999 0 0 -nan 0.000000 2147483647.000000 0 -nan 0.000000
2432 1000 0 0 -nan 0.000000 2147483647.000000 0 -nan 0.000000
2433 1001 0 0 -nan 0.000000 2147483647.000000 0 -nan 0.000000
2434 1002 0 0 -nan 0.000000 2147483647.000000 0 -nan 0.000000
2435 1003 0 0 -nan 0.000000 2147483647.000000 0 -nan 0.000000
2436 1004 0 0 -nan 0.000000 2147483647.000000 0 -nan 0.000000
2437 1005 0 0 -nan 0.000000 2147483647.000000 0 -nan 0.000000
2438 1006 0 0 -nan 0.000000 2147483647.000000 0 -nan 0.000000
2439 1007 0 0 -nan 0.000000 2147483647.000000 0 -nan 0.000000
2440 1008 0 0 -nan 0.000000 2147483647.000000 0 -nan 0.000000
2441 1009 0 0 -nan 0.000000 2147483647.000000 0 -nan 0.000000
2442 1010 0 0 -nan 0.000000 2147483647.000000 0 -nan 0.000000
2443 1011 0 0 -nan 0.000000 2147483647.000000 0 -nan 0.000000
2444 1012 0 0 -nan 0.000000 2147483647.000000 0 -nan 0.000000
2445 1013 0 0 -nan 0.000000 2147483647.000000 0 -nan 0.000000
2446 1014 0 0 -nan 0.000000 2147483647.000000 0 -nan 0.000000
2447 1015 0 0 -nan 0.000000 2147483647.000000 0 -nan 0.000000
2448 1016 0 0 -nan 0.000000 2147483647.000000 0 -nan 0.000000
2449 1017 0 0 -nan 0.000000 2147483647.000000 0 -nan 0.000000
2450 1018 0 0 -nan 0.000000 2147483647.000000 0 -nan 0.000000
2451 1019 0 0 -nan 0.000000 2147483647.000000 0 -nan 0.000000
2452 1020 0 0 -nan 0.000000 2147483647.000000 0 -nan 0.000000
2453 1021 0 0 -nan 0.000000 2147483647.000000 0 -nan 0.000000
2454 1022 0 0 -nan 0.000000 2147483647.000000 0 -nan 0.000000
2455 1023 0 0 -nan 0.000000 2147483647.000000 0 -nan 0.000000
2501 1024 0 0 -nan 0.000000 2147483647.000000 0 -nan 0.000000
2502 1025 0 0 -nan 0.000000 2147483647.000000 0 -nan 0.000000
2503 1026 0 0 -nan 0.000000 2147483647.000000 0 -nan 0.000000
2504 1027 0 0 -nan 0.000000 2147483647.000000 0 -nan 0.000000
2505 1028 0 0 -nan 0.000000 2147483647.000000 0 -nan 0.000000
2506 1029 0 0 -nan 0.000000 2147483647.000000 0 -nan 0.000000
2507 1030 0 0 -nan 0.000000 2147483647.000000 0 -nan 0.000000
2508 1031 0 0 -nan 0.000000 2147483647.000000 0 -nan 0.000000
2509 1032 0 0 -nan 0.000000 2147483647.000000 0 -nan 0.000000
2510 1033 0 0 -nan 0.000000 2147483647.000000 0 -nan 0.000000
2511 1034 0 0 -nan 0.000000 2147483647.000000 0 -nan 0.000000
2512 1035 0 0 -nan 0.000000 2147483647.000000 0 -nan 0.000000
2513 1036 0 0 -nan 0.000000 2147483647.000000 0 -nan 0.000000
2514 1037 0 0 -nan 0.000000 2147483647.000000 0 -nan 0.000000
2515 1038 0 0 -nan 0.000000 2147483647.000000 0 -nan 0.000000
2516 1039 0 0 -nan 0.000000 2147483647.000000 0 -nan 0.000000
2517 1040 0 0 -nan 0.000000 2147483647.000000 0 -nan 0.000000
2518 1041 0 0 -nan 0.000000 2147483647.000000 0 -nan 0.000000
2519 1042 0 0 -nan 0.000000 2147483647.000000 0 -nan 0.000000
2520 1043 0 0 -nan 0.000000 2147483647.000000 0 -nan 0.000000
2521 1044 0 0 -nan 0.000000 2147483647.000000 0 -nan 0.000000
2522 1045 0 0 -nan 0.000000 2147483647.000000 0 -nan 0.000000
2523 1046 0 0 -nan 0.000000 2147483647.000000 0 -nan 0.000000
2524 1047 0 0 -nan 0.000000 2147483647.000000 0 -nan 0.000000
2525 1048 0 0 -nan 0.000000 2147483647.000000 0 -nan 0.000000
2526 1049 0 0 -nan 0.000000 2147483647.000000 0 -nan 0.000000
2527 1050 0 0 -nan 0.000000 2147483647.000000 0 -nan 0.000000
2528 1051 0 0 -nan 0.000000 2147483647.000000 0 -nan 0.000000
2529 1052 0 0 -nan 0.000000 2147483647.000000 0 -nan 0.000000
2530 1053 0 0 -nan 0.000000 2147483647.000000 0 -nan 0.000000
2531 1054 0 0 -nan 0.000000 2147483647.000000 0 -nan 0.000000
2532 1055 0 0 -nan 0.000000 2147483647.000000 0 -nan 0.000000
