# Format <LP id> <Workload type> <client id> <Bytes written> <Bytes read> <Synthetic data Received> <Time to write bytes > <Total elapsed time>
6 milc 0 0 0 0 0.000000 335930807.850962
7 milc 1 0 0 0 0.000000 335930809.078400
8 milc 2 0 0 0 0.000000 335930146.246954
9 milc 3 0 0 0 0.000000 335932128.634830
10 milc 4 0 0 0 0.000000 335930845.990278
11 milc 5 0 0 0 0.000000 335931791.169748
12 milc 6 0 0 0 0.000000 335932130.053988
13 milc 7 0 0 0 0.000000 335930809.270120
14 milc 8 0 0 0 0.000000 335931183.455360
15 milc 9 0 0 0 0.000000 335931185.240057
16 milc 10 0 0 0 0.000000 335929807.453558
17 milc 11 0 0 0 0.000000 335930470.385880
18 milc 12 0 0 0 0.000000 335930230.228040
19 milc 13 0 0 0 0.000000 335930231.729216
20 milc 14 0 0 0 0.000000 335932128.634830
21 milc 15 0 0 0 0.000000 335932130.290226
22 milc 16 0 0 0 0.000000 335930807.850962
23 milc 17 0 0 0 0.000000 335930809.078400
24 milc 18 0 0 0 0.000000 335930146.246954
25 milc 19 0 0 0 0.000000 335932128.634830
26 milc 20 0 0 0 0.000000 335930845.990278
27 milc 21 0 0 0 0.000000 335931791.169748
28 milc 22 0 0 0 0.000000 335932130.053988
29 milc 23 0 0 0 0.000000 335930809.270120
30 milc 24 0 0 0 0.000000 335931183.455360
31 milc 25 0 0 0 0.000000 335931185.240057
32 milc 26 0 0 0 0.000000 335929807.453558
33 milc 27 0 0 0 0.000000 335930470.385880
34 milc 28 0 0 0 0.000000 335930230.228040
35 milc 29 0 0 0 0.000000 335930231.729216
83 milc 30 0 0 0 0.000000 335930231.729216
84 milc 31 0 0 0 0.000000 335932128.634830
85 milc 32 0 0 0 0.000000 335932130.290226
86 milc 33 0 0 0 0.000000 335930807.850962
87 milc 34 0 0 0 0.000000 335930809.078400
88 milc 35 0 0 0 0.000000 335930146.246954
89 milc 36 0 0 0 0.000000 335932128.634830
90 milc 37 0 0 0 0.000000 335930845.990278
91 milc 38 0 0 0 0.000000 335931791.169748
92 milc 39 0 0 0 0.000000 335932130.053988
93 milc 40 0 0 0 0.000000 335930809.270120
94 milc 41 0 0 0 0.000000 335931183.455360
95 milc 42 0 0 0 0.000000 335931185.240057
96 milc 43 0 0 0 0.000000 335929807.453558
97 milc 44 0 0 0 0.000000 335930470.385880
98 milc 45 0 0 0 0.000000 335930230.228040
99 milc 46 0 0 0 0.000000 335930231.729216
100 milc 47 0 0 0 0.000000 335932128.634830
101 milc 48 0 0 0 0.000000 335932130.290226
102 milc 49 0 0 0 0.000000 335930807.850962
103 milc 50 0 0 0 0.000000 335930809.078400
104 milc 51 0 0 0 0.000000 335930146.246954
105 milc 52 0 0 0 0.000000 335932128.634830
106 milc 53 0 0 0 0.000000 335930845.990278
107 milc 54 0 0 0 0.000000 335931791.169748
108 milc 55 0 0 0 0.000000 335932130.053988
109 milc 56 0 0 0 0.000000 335930809.270120
110 milc 57 0 0 0 0.000000 335931183.455360
111 milc 58 0 0 0 0.000000 335931185.240057
112 milc 59 0 0 0 0.000000 335929807.453558
160 milc 60 0 0 0 0.000000 335929807.453558
161 milc 61 0 0 0 0.000000 335930470.385880
162 milc 62 0 0 0 0.000000 335930230.228040
163 milc 63 0 0 0 0.000000 335930231.729216
164 milc 64 0 0 0 0.000000 335932128.634830
165 milc 65 0 0 0 0.000000 335932130.290226
166 milc 66 0 0 0 0.000000 335930807.850962
167 milc 67 0 0 0 0.000000 335930809.078400
168 milc 68 0 0 0 0.000000 335930146.246954
169 milc 69 0 0 0 0.000000 335932128.634830
170 milc 70 0 0 0 0.000000 335930845.990278
171 milc 71 0 0 0 0.000000 335931791.169748
172 milc 72 0 0 0 0.000000 335932130.053988
173 milc 73 0 0 0 0.000000 335930809.270120
174 milc 74 0 0 0 0.000000 335931183.455360
175 milc 75 0 0 0 0.000000 335931185.240057
176 milc 76 0 0 0 0.000000 335929807.453558
177 milc 77 0 0 0 0.000000 335930470.385880
178 milc 78 0 0 0 0.000000 335930230.228040
179 milc 79 0 0 0 0.000000 335930231.729216
180 milc 80 0 0 0 0.000000 335932128.634830
181 milc 81 0 0 0 0.000000 335932130.290226
182 milc 82 0 0 0 0.000000 335930807.850962
183 milc 83 0 0 0 0.000000 335930809.078400
184 milc 84 0 0 0 0.000000 335930146.246954
185 milc 85 0 0 0 0.000000 335932128.634830
186 milc 86 0 0 0 0.000000 335930845.990278
187 milc 87 0 0 0 0.000000 335931791.169748
188 milc 88 0 0 0 0.000000 335932130.053988
189 milc 89 0 0 0 0.000000 335930809.270120
237 milc 90 0 0 0 0.000000 335930809.270120
238 milc 91 0 0 0 0.000000 335931183.455360
239 milc 92 0 0 0 0.000000 335931185.240057
240 milc 93 0 0 0 0.000000 335929807.453558
241 milc 94 0 0 0 0.000000 335930470.385880
242 milc 95 0 0 0 0.000000 335930230.228040
243 milc 96 0 0 0 0.000000 335930231.729216
244 milc 97 0 0 0 0.000000 335932128.634830
245 milc 98 0 0 0 0.000000 335932130.290226
246 milc 99 0 0 0 0.000000 335930807.850962
247 milc 100 0 0 0 0.000000 335930809.078400
248 milc 101 0 0 0 0.000000 335930146.246954
249 milc 102 0 0 0 0.000000 335932128.634830
250 milc 103 0 0 0 0.000000 335930845.990278
251 milc 104 0 0 0 0.000000 335931791.169748
252 milc 105 0 0 0 0.000000 335932130.053988
253 milc 106 0 0 0 0.000000 335930809.270120
254 milc 107 0 0 0 0.000000 335931183.455360
255 milc 108 0 0 0 0.000000 335931185.240057
256 milc 109 0 0 0 0.000000 335929807.453558
257 milc 110 0 0 0 0.000000 335930470.385880
258 milc 111 0 0 0 0.000000 335930230.228040
259 milc 112 0 0 0 0.000000 335930231.729216
260 milc 113 0 0 0 0.000000 335932128.634830
261 milc 114 0 0 0 0.000000 335932130.290226
262 milc 115 0 0 0 0.000000 335930807.850962
263 milc 116 0 0 0 0.000000 335930809.078400
264 milc 117 0 0 0 0.000000 335930146.246954
265 milc 118 0 0 0 0.000000 335932128.634830
266 milc 119 0 0 0 0.000000 335930845.990278
314 milc 120 0 0 0 0.000000 335930845.990278
315 milc 121 0 0 0 0.000000 335931791.169748
316 milc 122 0 0 0 0.000000 335932130.053988
317 milc 123 0 0 0 0.000000 335930809.270120
318 milc 124 0 0 0 0.000000 335931183.455360
319 milc 125 0 0 0 0.000000 335931185.240057
320 milc 126 0 0 0 0.000000 335929807.453558
321 milc 127 0 0 0 0.000000 335930470.385880
322 milc 128 0 0 0 0.000000 335930230.228040
323 milc 129 0 0 0 0.000000 335930231.729216
324 milc 130 0 0 0 0.000000 335932128.634830
325 milc 131 0 0 0 0.000000 335932130.290226
326 milc 132 0 0 0 0.000000 335930807.850962
327 milc 133 0 0 0 0.000000 335930809.078400
328 milc 134 0 0 0 0.000000 335930146.246954
329 milc 135 0 0 0 0.000000 335932128.634830
330 milc 136 0 0 0 0.000000 335930845.990278
331 milc 137 0 0 0 0.000000 335931791.169748
332 milc 138 0 0 0 0.000000 335932130.053988
333 milc 139 0 0 0 0.000000 335930809.270120
334 milc 140 0 0 0 0.000000 335931183.455360
335 milc 141 0 0 0 0.000000 335931185.240057
336 milc 142 0 0 0 0.000000 335929807.453558
337 milc 143 0 0 0 0.000000 335930470.385880
338 milc 144 0 0 0 0.000000 335930230.228040
339 milc 145 0 0 0 0.000000 335930231.729216
340 milc 146 0 0 0 0.000000 335932128.634830
341 milc 147 0 0 0 0.000000 335932130.290226
342 milc 148 0 0 0 0.000000 335930807.850962
343 milc 149 0 0 0 0.000000 335930809.078400
391 milc 150 0 0 0 0.000000 335930809.078400
392 milc 151 0 0 0 0.000000 335930146.246954
393 milc 152 0 0 0 0.000000 335932128.634830
394 milc 153 0 0 0 0.000000 335930845.990278
395 milc 154 0 0 0 0.000000 335931791.169748
396 milc 155 0 0 0 0.000000 335932130.053988
397 milc 156 0 0 0 0.000000 335930809.270120
398 milc 157 0 0 0 0.000000 335931183.455360
399 milc 158 0 0 0 0.000000 335931185.240057
400 milc 159 0 0 0 0.000000 335929807.453558
401 milc 160 0 0 0 0.000000 335930470.385880
402 milc 161 0 0 0 0.000000 335930230.228040
403 milc 162 0 0 0 0.000000 335930231.729216
404 milc 163 0 0 0 0.000000 335932128.634830
405 milc 164 0 0 0 0.000000 335932130.290226
406 milc 165 0 0 0 0.000000 335930807.850962
407 milc 166 0 0 0 0.000000 335930809.078400
408 milc 167 0 0 0 0.000000 335930146.246954
409 milc 168 0 0 0 0.000000 335932128.634830
410 milc 169 0 0 0 0.000000 335930845.990278
411 milc 170 0 0 0 0.000000 335931791.169748
412 milc 171 0 0 0 0.000000 335932130.053988
413 milc 172 0 0 0 0.000000 335930809.270120
414 milc 173 0 0 0 0.000000 335931183.455360
415 milc 174 0 0 0 0.000000 335931185.240057
416 milc 175 0 0 0 0.000000 335929807.453558
417 milc 176 0 0 0 0.000000 335930470.385880
418 milc 177 0 0 0 0.000000 335930230.228040
419 milc 178 0 0 0 0.000000 335930231.729216
420 milc 179 0 0 0 0.000000 335932128.634830
468 milc 180 0 0 0 0.000000 335932128.634830
469 milc 181 0 0 0 0.000000 335932130.290226
470 milc 182 0 0 0 0.000000 335930807.850962
471 milc 183 0 0 0 0.000000 335930809.078400
472 milc 184 0 0 0 0.000000 335930146.246954
473 milc 185 0 0 0 0.000000 335932128.634830
474 milc 186 0 0 0 0.000000 335930845.990278
475 milc 187 0 0 0 0.000000 335931791.169748
476 milc 188 0 0 0 0.000000 335932130.053988
477 milc 189 0 0 0 0.000000 335930809.270120
478 milc 190 0 0 0 0.000000 335931183.455360
479 milc 191 0 0 0 0.000000 335931185.240057
480 milc 192 0 0 0 0.000000 335929807.453558
481 milc 193 0 0 0 0.000000 335930470.385880
482 milc 194 0 0 0 0.000000 335930230.228040
483 milc 195 0 0 0 0.000000 335930231.729216
484 milc 196 0 0 0 0.000000 335932128.634830
485 milc 197 0 0 0 0.000000 335932130.290226
486 milc 198 0 0 0 0.000000 335930807.850962
487 milc 199 0 0 0 0.000000 335930809.078400
488 milc 200 0 0 0 0.000000 335930146.246954
489 milc 201 0 0 0 0.000000 335932128.634830
490 milc 202 0 0 0 0.000000 335930845.990278
491 milc 203 0 0 0 0.000000 335931791.169748
492 milc 204 0 0 0 0.000000 335932130.053988
493 milc 205 0 0 0 0.000000 335930809.270120
494 milc 206 0 0 0 0.000000 335931183.455360
495 milc 207 0 0 0 0.000000 335931185.240057
496 milc 208 0 0 0 0.000000 335929807.453558
497 milc 209 0 0 0 0.000000 335930470.385880
545 milc 210 0 0 0 0.000000 335930470.385880
546 milc 211 0 0 0 0.000000 335930230.228040
547 milc 212 0 0 0 0.000000 335930231.729216
548 milc 213 0 0 0 0.000000 335932128.634830
549 milc 214 0 0 0 0.000000 335932130.290226
550 milc 215 0 0 0 0.000000 335930807.850962
551 milc 216 0 0 0 0.000000 335930809.078400
552 milc 217 0 0 0 0.000000 335930146.246954
553 milc 218 0 0 0 0.000000 335932128.634830
554 milc 219 0 0 0 0.000000 335930845.990278
555 milc 220 0 0 0 0.000000 335931791.169748
556 milc 221 0 0 0 0.000000 335932130.053988
557 milc 222 0 0 0 0.000000 335930809.270120
558 milc 223 0 0 0 0.000000 335931183.455360
559 milc 224 0 0 0 0.000000 335931185.240057
560 milc 225 0 0 0 0.000000 335929807.453558
561 milc 226 0 0 0 0.000000 335930470.385880
562 milc 227 0 0 0 0.000000 335930230.228040
563 milc 228 0 0 0 0.000000 335930231.729216
564 milc 229 0 0 0 0.000000 335932128.634830
565 milc 230 0 0 0 0.000000 335932130.290226
566 milc 231 0 0 0 0.000000 335930807.850962
567 milc 232 0 0 0 0.000000 335930809.078400
568 milc 233 0 0 0 0.000000 335930146.246954
569 milc 234 0 0 0 0.000000 335932128.634830
570 milc 235 0 0 0 0.000000 335930845.990278
571 milc 236 0 0 0 0.000000 335931791.169748
572 milc 237 0 0 0 0.000000 335932130.053988
573 milc 238 0 0 0 0.000000 335930809.270120
574 milc 239 0 0 0 0.000000 335931183.455360
622 milc 240 0 0 0 0.000000 335931183.455360
623 milc 241 0 0 0 0.000000 335931185.240057
624 milc 242 0 0 0 0.000000 335929807.453558
625 milc 243 0 0 0 0.000000 335930470.385880
626 milc 244 0 0 0 0.000000 335930230.228040
627 milc 245 0 0 0 0.000000 335930231.729216
628 milc 246 0 0 0 0.000000 335932128.634830
629 milc 247 0 0 0 0.000000 335932130.290226
630 milc 248 0 0 0 0.000000 335930807.850962
631 milc 249 0 0 0 0.000000 335930809.078400
632 milc 250 0 0 0 0.000000 335930146.246954
633 milc 251 0 0 0 0.000000 335932128.634830
634 milc 252 0 0 0 0.000000 335930845.990278
635 milc 253 0 0 0 0.000000 335931791.169748
636 milc 254 0 0 0 0.000000 335932130.053988
637 milc 255 0 0 0 0.000000 335930809.270120
638 milc 256 0 0 0 0.000000 335931183.455360
639 milc 257 0 0 0 0.000000 335931185.240057
640 milc 258 0 0 0 0.000000 335929807.453558
641 milc 259 0 0 0 0.000000 335930470.385880
642 milc 260 0 0 0 0.000000 335930230.228040
643 milc 261 0 0 0 0.000000 335930231.729216
644 milc 262 0 0 0 0.000000 335932128.634830
645 milc 263 0 0 0 0.000000 335932130.290226
646 milc 264 0 0 0 0.000000 335930807.850962
647 milc 265 0 0 0 0.000000 335930809.078400
648 milc 266 0 0 0 0.000000 335930146.246954
649 milc 267 0 0 0 0.000000 335932128.634830
650 milc 268 0 0 0 0.000000 335930845.990278
651 milc 269 0 0 0 0.000000 335931791.169748
699 milc 270 0 0 0 0.000000 335931791.169748
700 milc 271 0 0 0 0.000000 335932130.053988
701 milc 272 0 0 0 0.000000 335930809.270120
702 milc 273 0 0 0 0.000000 335931183.455360
703 milc 274 0 0 0 0.000000 335931185.240057
704 milc 275 0 0 0 0.000000 335929807.453558
705 milc 276 0 0 0 0.000000 335930470.385880
706 milc 277 0 0 0 0.000000 335930230.228040
707 milc 278 0 0 0 0.000000 335930231.729216
708 milc 279 0 0 0 0.000000 335932128.634830
709 milc 280 0 0 0 0.000000 335932130.290226
710 milc 281 0 0 0 0.000000 335930807.850962
711 milc 282 0 0 0 0.000000 335930809.078400
712 milc 283 0 0 0 0.000000 335930146.246954
713 milc 284 0 0 0 0.000000 335932128.634830
714 milc 285 0 0 0 0.000000 335930845.990278
715 milc 286 0 0 0 0.000000 335931791.169748
716 milc 287 0 0 0 0.000000 335932130.053988
717 milc 288 0 0 0 0.000000 335930809.270120
718 milc 289 0 0 0 0.000000 335931183.455360
719 milc 290 0 0 0 0.000000 335931185.240057
720 milc 291 0 0 0 0.000000 335929807.453558
721 milc 292 0 0 0 0.000000 335930470.385880
722 milc 293 0 0 0 0.000000 335930230.228040
723 milc 294 0 0 0 0.000000 335930231.729216
724 milc 295 0 0 0 0.000000 335932128.634830
725 milc 296 0 0 0 0.000000 335932130.290226
726 milc 297 0 0 0 0.000000 335930807.850962
727 milc 298 0 0 0 0.000000 335930809.078400
728 milc 299 0 0 0 0.000000 335930146.246954
776  300 0 0 0 0.000000 335930146.246954
777  301 0 0 0 0.000000 335932128.634830
778  302 0 0 0 0.000000 335930845.990278
779  303 0 0 0 0.000000 335931791.169748
780  304 0 0 0 0.000000 335932130.053988
781  305 0 0 0 0.000000 335930809.270120
782  306 0 0 0 0.000000 335931183.455360
783  307 0 0 0 0.000000 335931185.240057
784  308 0 0 0 0.000000 335929807.453558
785  309 0 0 0 0.000000 335930470.385880
786  310 0 0 0 0.000000 335930230.228040
787  311 0 0 0 0.000000 335930231.729216
788  312 0 0 0 0.000000 335932128.634830
789  313 0 0 0 0.000000 335932130.290226
790  314 0 0 0 0.000000 335930807.850962
791  315 0 0 0 0.000000 335930809.078400
792  316 0 0 0 0.000000 335930146.246954
793  317 0 0 0 0.000000 335932128.634830
794  318 0 0 0 0.000000 335930845.990278
795  319 0 0 0 0.000000 335931791.169748
796  320 0 0 0 0.000000 335932130.053988
797  321 0 0 0 0.000000 335930809.270120
798  322 0 0 0 0.000000 335931183.455360
799  323 0 0 0 0.000000 335931185.240057
800  324 0 0 0 0.000000 335929807.453558
801  325 0 0 0 0.000000 335930470.385880
802  326 0 0 0 0.000000 335930230.228040
803  327 0 0 0 0.000000 335930231.729216
804  328 0 0 0 0.000000 335932128.634830
805  329 0 0 0 0.000000 335932130.290226
853  330 0 0 0 0.000000 335932130.290226
854  331 0 0 0 0.000000 335930807.850962
855  332 0 0 0 0.000000 335930809.078400
856  333 0 0 0 0.000000 335930146.246954
857  334 0 0 0 0.000000 335932128.634830
858  335 0 0 0 0.000000 335930845.990278
859  336 0 0 0 0.000000 335931791.169748
860  337 0 0 0 0.000000 335932130.053988
861  338 0 0 0 0.000000 335930809.270120
862  339 0 0 0 0.000000 335931183.455360
863  340 0 0 0 0.000000 335931185.240057
864  341 0 0 0 0.000000 335929807.453558
865  342 0 0 0 0.000000 335930470.385880
866  343 0 0 0 0.000000 335930230.228040
867  344 0 0 0 0.000000 335930231.729216
868  345 0 0 0 0.000000 335932128.634830
869  346 0 0 0 0.000000 335932130.290226
870  347 0 0 0 0.000000 335930807.850962
871  348 0 0 0 0.000000 335930809.078400
872  349 0 0 0 0.000000 335930146.246954
873  350 0 0 0 0.000000 335932128.634830
874  351 0 0 0 0.000000 335930845.990278
875  352 0 0 0 0.000000 335931791.169748
876  353 0 0 0 0.000000 335932130.053988
877  354 0 0 0 0.000000 335930809.270120
878  355 0 0 0 0.000000 335931183.455360
879  356 0 0 0 0.000000 335931185.240057
880  357 0 0 0 0.000000 335929807.453558
881  358 0 0 0 0.000000 335930470.385880
882  359 0 0 0 0.000000 335930230.228040
930  360 0 0 0 0.000000 335930230.228040
931  361 0 0 0 0.000000 335930231.729216
932  362 0 0 0 0.000000 335932128.634830
933  363 0 0 0 0.000000 335932130.290226
934  364 0 0 0 0.000000 335930807.850962
935  365 0 0 0 0.000000 335930809.078400
936  366 0 0 0 0.000000 335930146.246954
937  367 0 0 0 0.000000 335932128.634830
938  368 0 0 0 0.000000 335930845.990278
939  369 0 0 0 0.000000 335931791.169748
940  370 0 0 0 0.000000 335932130.053988
941  371 0 0 0 0.000000 335930809.270120
942  372 0 0 0 0.000000 335931183.455360
943  373 0 0 0 0.000000 335931185.240057
944  374 0 0 0 0.000000 335929807.453558
945  375 0 0 0 0.000000 335930470.385880
946  376 0 0 0 0.000000 335930230.228040
947  377 0 0 0 0.000000 335930231.729216
948  378 0 0 0 0.000000 335932128.634830
949  379 0 0 0 0.000000 335932130.290226
950  380 0 0 0 0.000000 335930807.850962
951  381 0 0 0 0.000000 335930809.078400
952  382 0 0 0 0.000000 335930146.246954
953  383 0 0 0 0.000000 335932128.634830
954  384 0 0 0 0.000000 335930845.990278
955  385 0 0 0 0.000000 335931791.169748
956  386 0 0 0 0.000000 335932130.053988
957  387 0 0 0 0.000000 335930809.270120
958  388 0 0 0 0.000000 335931183.455360
959  389 0 0 0 0.000000 335931185.240057
1007  390 0 0 0 0.000000 335931185.240057
1008  391 0 0 0 0.000000 335929807.453558
1009  392 0 0 0 0.000000 335930470.385880
1010  393 0 0 0 0.000000 335930230.228040
1011  394 0 0 0 0.000000 335930231.729216
1012  395 0 0 0 0.000000 335932128.634830
1013  396 0 0 0 0.000000 335932130.290226
1014  397 0 0 0 0.000000 335930807.850962
1015  398 0 0 0 0.000000 335930809.078400
1016  399 0 0 0 0.000000 335930146.246954
1017  400 0 0 0 0.000000 335932128.634830
1018  401 0 0 0 0.000000 335930845.990278
1019  402 0 0 0 0.000000 335931791.169748
1020  403 0 0 0 0.000000 335932130.053988
1021  404 0 0 0 0.000000 335930809.270120
1022  405 0 0 0 0.000000 335931183.455360
1023  406 0 0 0 0.000000 335931185.240057
1024  407 0 0 0 0.000000 335929807.453558
1025  408 0 0 0 0.000000 335930470.385880
1026  409 0 0 0 0.000000 335930230.228040
1027  410 0 0 0 0.000000 335930231.729216
1028  411 0 0 0 0.000000 335932128.634830
1029  412 0 0 0 0.000000 335932130.290226
1030  413 0 0 0 0.000000 335930807.850962
1031  414 0 0 0 0.000000 335930809.078400
1032  415 0 0 0 0.000000 335930146.246954
1033  416 0 0 0 0.000000 335932128.634830
1034  417 0 0 0 0.000000 335930845.990278
1035  418 0 0 0 0.000000 335931791.169748
1036  419 0 0 0 0.000000 335932130.053988
1084  420 0 0 0 0.000000 335932130.053988
1085  421 0 0 0 0.000000 335930809.270120
1086  422 0 0 0 0.000000 335931183.455360
1087  423 0 0 0 0.000000 335931185.240057
1088  424 0 0 0 0.000000 335929807.453558
1089  425 0 0 0 0.000000 335930470.385880
1090  426 0 0 0 0.000000 335930230.228040
1091  427 0 0 0 0.000000 335930231.729216
1092  428 0 0 0 0.000000 335932128.634830
1093  429 0 0 0 0.000000 335932130.290226
1094  430 0 0 0 0.000000 335930807.850962
1095  431 0 0 0 0.000000 335930809.078400
1096  432 0 0 0 0.000000 335930146.246954
1097  433 0 0 0 0.000000 335932128.634830
1098  434 0 0 0 0.000000 335930845.990278
1099  435 0 0 0 0.000000 335931791.169748
1100  436 0 0 0 0.000000 335932130.053988
1101  437 0 0 0 0.000000 335930809.270120
1102  438 0 0 0 0.000000 335931183.455360
1103  439 0 0 0 0.000000 335931185.240057
1104  440 0 0 0 0.000000 335929807.453558
1105  441 0 0 0 0.000000 335930470.385880
1106  442 0 0 0 0.000000 335930230.228040
1107  443 0 0 0 0.000000 335930231.729216
1108  444 0 0 0 0.000000 335932128.634830
1109  445 0 0 0 0.000000 335932130.290226
1110  446 0 0 0 0.000000 335930807.850962
1111  447 0 0 0 0.000000 335930809.078400
1112  448 0 0 0 0.000000 335930146.246954
1113  449 0 0 0 0.000000 335932128.634830
1161  450 0 0 0 0.000000 335932128.634830
1162  451 0 0 0 0.000000 335930845.990278
1163  452 0 0 0 0.000000 335931791.169748
1164  453 0 0 0 0.000000 335932130.053988
1165  454 0 0 0 0.000000 335930809.270120
1166  455 0 0 0 0.000000 335931183.455360
1167  456 0 0 0 0.000000 335931185.240057
1168  457 0 0 0 0.000000 335929807.453558
1169  458 0 0 0 0.000000 335930470.385880
1170  459 0 0 0 0.000000 335930230.228040
1171  460 0 0 0 0.000000 335930231.729216
1172  461 0 0 0 0.000000 335932128.634830
1173  462 0 0 0 0.000000 335932130.290226
1174  463 0 0 0 0.000000 335930807.850962
1175  464 0 0 0 0.000000 335930809.078400
1176  465 0 0 0 0.000000 335930146.246954
1177  466 0 0 0 0.000000 335932128.634830
1178  467 0 0 0 0.000000 335930845.990278
1179  468 0 0 0 0.000000 335931791.169748
1180  469 0 0 0 0.000000 335932130.053988
1181  470 0 0 0 0.000000 335930809.270120
1182  471 0 0 0 0.000000 335931183.455360
1183  472 0 0 0 0.000000 335931185.240057
1184  473 0 0 0 0.000000 335929807.453558
1185  474 0 0 0 0.000000 335930470.385880
1186  475 0 0 0 0.000000 335930230.228040
1187  476 0 0 0 0.000000 335930231.729216
1188  477 0 0 0 0.000000 335932128.634830
1189  478 0 0 0 0.000000 335932130.290226
1190  479 0 0 0 0.000000 335930807.850962
1238  480 0 0 0 0.000000 335930807.850962
1239  481 0 0 0 0.000000 335930809.078400
1240  482 0 0 0 0.000000 335930146.246954
1241  483 0 0 0 0.000000 335932128.634830
1242  484 0 0 0 0.000000 335930845.990278
1243  485 0 0 0 0.000000 335931791.169748
1244  486 0 0 0 0.000000 335932130.053988
1245  487 0 0 0 0.000000 335930809.270120
1246  488 0 0 0 0.000000 335931183.455360
1247  489 0 0 0 0.000000 335931185.240057
1248  490 0 0 0 0.000000 335929807.453558
1249  491 0 0 0 0.000000 335930470.385880
1250  492 0 0 0 0.000000 335930230.228040
1251  493 0 0 0 0.000000 335930231.729216
1252  494 0 0 0 0.000000 335932128.634830
1253  495 0 0 0 0.000000 335932130.290226
1254  496 0 0 0 0.000000 335930807.850962
1255  497 0 0 0 0.000000 335930809.078400
1256  498 0 0 0 0.000000 335930146.246954
1257  499 0 0 0 0.000000 335932128.634830
1258  500 0 0 0 0.000000 335930845.990278
1259  501 0 0 0 0.000000 335931791.169748
1260  502 0 0 0 0.000000 335932130.053988
1261  503 0 0 0 0.000000 335930809.270120
1262  504 0 0 0 0.000000 335931183.455360
1263  505 0 0 0 0.000000 335931185.240057
1264  506 0 0 0 0.000000 335929807.453558
1265  507 0 0 0 0.000000 335930470.385880
1266  508 0 0 0 0.000000 335930230.228040
1267  509 0 0 0 0.000000 335930231.729216
1315  510 0 0 0 0.000000 335930231.729216
1316  511 0 0 0 0.000000 335932128.634830
1317  512 0 0 0 0.000000 335932130.290226
1318  513 0 0 0 0.000000 335930807.850962
1319  514 0 0 0 0.000000 335930809.078400
1320  515 0 0 0 0.000000 335930146.246954
1321  516 0 0 0 0.000000 335932128.634830
1322  517 0 0 0 0.000000 335930845.990278
1323  518 0 0 0 0.000000 335931791.169748
1324  519 0 0 0 0.000000 335932130.053988
1325  520 0 0 0 0.000000 335930809.270120
1326  521 0 0 0 0.000000 335931183.455360
1327  522 0 0 0 0.000000 335931185.240057
1328  523 0 0 0 0.000000 335929807.453558
1329  524 0 0 0 0.000000 335930470.385880
1330  525 0 0 0 0.000000 335930230.228040
1331  526 0 0 0 0.000000 335930231.729216
1332  527 0 0 0 0.000000 335932128.634830
1333  528 0 0 0 0.000000 335932130.290226
1334  529 0 0 0 0.000000 335930807.850962
1335  530 0 0 0 0.000000 335930809.078400
1336  531 0 0 0 0.000000 335930146.246954
1337  532 0 0 0 0.000000 335932128.634830
1338  533 0 0 0 0.000000 335930845.990278
1339  534 0 0 0 0.000000 335931791.169748
1340  535 0 0 0 0.000000 335932130.053988
1341  536 0 0 0 0.000000 335930809.270120
1342  537 0 0 0 0.000000 335931183.455360
1343  538 0 0 0 0.000000 335931185.240057
1344  539 0 0 0 0.000000 335929807.453558
1392  540 0 0 0 0.000000 335929807.453558
1393  541 0 0 0 0.000000 335930470.385880
1394  542 0 0 0 0.000000 335930230.228040
1395  543 0 0 0 0.000000 335930231.729216
1396  544 0 0 0 0.000000 335932128.634830
1397  545 0 0 0 0.000000 335932130.290226
1398  546 0 0 0 0.000000 335930807.850962
1399  547 0 0 0 0.000000 335930809.078400
1400  548 0 0 0 0.000000 335930146.246954
1401  549 0 0 0 0.000000 335932128.634830
1402  550 0 0 0 0.000000 335930845.990278
1403  551 0 0 0 0.000000 335931791.169748
1404  552 0 0 0 0.000000 335932130.053988
1405  553 0 0 0 0.000000 335930809.270120
1406  554 0 0 0 0.000000 335931183.455360
1407  555 0 0 0 0.000000 335931185.240057
1408  556 0 0 0 0.000000 335929807.453558
1409  557 0 0 0 0.000000 335930470.385880
1410  558 0 0 0 0.000000 335930230.228040
1411  559 0 0 0 0.000000 335930231.729216
1412  560 0 0 0 0.000000 335932128.634830
1413  561 0 0 0 0.000000 335932130.290226
1414  562 0 0 0 0.000000 335930807.850962
1415  563 0 0 0 0.000000 335930809.078400
1416  564 0 0 0 0.000000 335930146.246954
1417  565 0 0 0 0.000000 335932128.634830
1418  566 0 0 0 0.000000 335930845.990278
1419  567 0 0 0 0.000000 335931791.169748
1420  568 0 0 0 0.000000 335932130.053988
1421  569 0 0 0 0.000000 335930809.270120
1469  570 0 0 0 0.000000 335930809.270120
1470  571 0 0 0 0.000000 335931183.455360
1471  572 0 0 0 0.000000 335931185.240057
1472  573 0 0 0 0.000000 335929807.453558
1473  574 0 0 0 0.000000 335930470.385880
1474  575 0 0 0 0.000000 335930230.228040
1475  576 0 0 0 0.000000 335930231.729216
1476  577 0 0 0 0.000000 335932128.634830
1477  578 0 0 0 0.000000 335932130.290226
1478  579 0 0 0 0.000000 335930807.850962
1479  580 0 0 0 0.000000 335930809.078400
1480  581 0 0 0 0.000000 335930146.246954
1481  582 0 0 0 0.000000 335932128.634830
1482  583 0 0 0 0.000000 335930845.990278
1483  584 0 0 0 0.000000 335931791.169748
1484  585 0 0 0 0.000000 335932130.053988
1485  586 0 0 0 0.000000 335930809.270120
1486  587 0 0 0 0.000000 335931183.455360
1487  588 0 0 0 0.000000 335931185.240057
1488  589 0 0 0 0.000000 335929807.453558
1489  590 0 0 0 0.000000 335930470.385880
1490  591 0 0 0 0.000000 335930230.228040
1491  592 0 0 0 0.000000 335930231.729216
1492  593 0 0 0 0.000000 335932128.634830
1493  594 0 0 0 0.000000 335932130.290226
1494  595 0 0 0 0.000000 335930807.850962
1495  596 0 0 0 0.000000 335930809.078400
1496  597 0 0 0 0.000000 335930146.246954
1497  598 0 0 0 0.000000 335932128.634830
1498  599 0 0 0 0.000000 335930845.990278
1546  600 0 0 0 0.000000 335930845.990278
1547  601 0 0 0 0.000000 335931791.169748
1548  602 0 0 0 0.000000 335932130.053988
1549  603 0 0 0 0.000000 335930809.270120
1550  604 0 0 0 0.000000 335931183.455360
1551  605 0 0 0 0.000000 335931185.240057
1552  606 0 0 0 0.000000 335929807.453558
1553  607 0 0 0 0.000000 335930470.385880
1554  608 0 0 0 0.000000 335930230.228040
1555  609 0 0 0 0.000000 335930231.729216
1556  610 0 0 0 0.000000 335932128.634830
1557  611 0 0 0 0.000000 335932130.290226
1558  612 0 0 0 0.000000 335930807.850962
1559  613 0 0 0 0.000000 335930809.078400
1560  614 0 0 0 0.000000 335930146.246954
1561  615 0 0 0 0.000000 335932128.634830
1562  616 0 0 0 0.000000 335930845.990278
1563  617 0 0 0 0.000000 335931791.169748
1564  618 0 0 0 0.000000 335932130.053988
1565  619 0 0 0 0.000000 335930809.270120
1566  620 0 0 0 0.000000 335931183.455360
1567  621 0 0 0 0.000000 335931185.240057
1568  622 0 0 0 0.000000 335929807.453558
1569  623 0 0 0 0.000000 335930470.385880
1570  624 0 0 0 0.000000 335930230.228040
1571  625 0 0 0 0.000000 335930231.729216
1572  626 0 0 0 0.000000 335932128.634830
1573  627 0 0 0 0.000000 335932130.290226
1574  628 0 0 0 0.000000 335930807.850962
1575  629 0 0 0 0.000000 335930809.078400
1623  630 0 0 0 0.000000 335930809.078400
1624  631 0 0 0 0.000000 335930146.246954
1625  632 0 0 0 0.000000 335932128.634830
1626  633 0 0 0 0.000000 335930845.990278
1627  634 0 0 0 0.000000 335931791.169748
1628  635 0 0 0 0.000000 335932130.053988
1629  636 0 0 0 0.000000 335930809.270120
1630  637 0 0 0 0.000000 335931183.455360
1631  638 0 0 0 0.000000 335931185.240057
1632  639 0 0 0 0.000000 335929807.453558
1633  640 0 0 0 0.000000 335930470.385880
1634  641 0 0 0 0.000000 335930230.228040
1635  642 0 0 0 0.000000 335930231.729216
1636  643 0 0 0 0.000000 335932128.634830
1637  644 0 0 0 0.000000 335932130.290226
1638  645 0 0 0 0.000000 335930807.850962
1639  646 0 0 0 0.000000 335930809.078400
1640  647 0 0 0 0.000000 335930146.246954
1641  648 0 0 0 0.000000 335932128.634830
1642  649 0 0 0 0.000000 335930845.990278
1643  650 0 0 0 0.000000 335931791.169748
1644  651 0 0 0 0.000000 335932130.053988
1645  652 0 0 0 0.000000 335930809.270120
1646  653 0 0 0 0.000000 335931183.455360
1647  654 0 0 0 0.000000 335931185.240057
1648  655 0 0 0 0.000000 335929807.453558
1649  656 0 0 0 0.000000 335930470.385880
1650  657 0 0 0 0.000000 335930230.228040
1651  658 0 0 0 0.000000 335930231.729216
1652  659 0 0 0 0.000000 335932128.634830
1700  660 0 0 0 0.000000 335932128.634830
1701  661 0 0 0 0.000000 335932130.290226
1702  662 0 0 0 0.000000 335930807.850962
1703  663 0 0 0 0.000000 335930809.078400
1704  664 0 0 0 0.000000 335930146.246954
1705  665 0 0 0 0.000000 335932128.634830
1706  666 0 0 0 0.000000 335930845.990278
1707  667 0 0 0 0.000000 335931791.169748
1708  668 0 0 0 0.000000 335932130.053988
1709  669 0 0 0 0.000000 335930809.270120
1710  670 0 0 0 0.000000 335931183.455360
1711  671 0 0 0 0.000000 335931185.240057
1712  672 0 0 0 0.000000 335929807.453558
1713  673 0 0 0 0.000000 335930470.385880
1714  674 0 0 0 0.000000 335930230.228040
1715  675 0 0 0 0.000000 335930231.729216
1716  676 0 0 0 0.000000 335932128.634830
1717  677 0 0 0 0.000000 335932130.290226
1718  678 0 0 0 0.000000 335930807.850962
1719  679 0 0 0 0.000000 335930809.078400
1720  680 0 0 0 0.000000 335930146.246954
1721  681 0 0 0 0.000000 335932128.634830
1722  682 0 0 0 0.000000 335930845.990278
1723  683 0 0 0 0.000000 335931791.169748
1724  684 0 0 0 0.000000 335932130.053988
1725  685 0 0 0 0.000000 335930809.270120
1726  686 0 0 0 0.000000 335931183.455360
1727  687 0 0 0 0.000000 335931185.240057
1728  688 0 0 0 0.000000 335929807.453558
1729  689 0 0 0 0.000000 335930470.385880
1777  690 0 0 0 0.000000 335930470.385880
1778  691 0 0 0 0.000000 335930230.228040
1779  692 0 0 0 0.000000 335930231.729216
1780  693 0 0 0 0.000000 335932128.634830
1781  694 0 0 0 0.000000 335932130.290226
1782  695 0 0 0 0.000000 335930807.850962
1783  696 0 0 0 0.000000 335930809.078400
1784  697 0 0 0 0.000000 335930146.246954
1785  698 0 0 0 0.000000 335932128.634830
1786  699 0 0 0 0.000000 335930845.990278
1787  700 0 0 0 0.000000 335931791.169748
1788  701 0 0 0 0.000000 335932130.053988
1789  702 0 0 0 0.000000 335930809.270120
1790  703 0 0 0 0.000000 335931183.455360
1791  704 0 0 0 0.000000 335931185.240057
1792  705 0 0 0 0.000000 335929807.453558
1793  706 0 0 0 0.000000 335930470.385880
1794  707 0 0 0 0.000000 335930230.228040
1795  708 0 0 0 0.000000 335930231.729216
1796  709 0 0 0 0.000000 335932128.634830
1797  710 0 0 0 0.000000 335932130.290226
1798  711 0 0 0 0.000000 335930807.850962
1799  712 0 0 0 0.000000 335930809.078400
1800  713 0 0 0 0.000000 335930146.246954
1801  714 0 0 0 0.000000 335932128.634830
1802  715 0 0 0 0.000000 335930845.990278
1803  716 0 0 0 0.000000 335931791.169748
1804  717 0 0 0 0.000000 335932130.053988
1805  718 0 0 0 0.000000 335930809.270120
1806  719 0 0 0 0.000000 335931183.455360
1854  720 0 0 0 0.000000 335931183.455360
1855  721 0 0 0 0.000000 335931185.240057
1856  722 0 0 0 0.000000 335929807.453558
1857  723 0 0 0 0.000000 335930470.385880
1858  724 0 0 0 0.000000 335930230.228040
1859  725 0 0 0 0.000000 335930231.729216
1860  726 0 0 0 0.000000 335932128.634830
1861  727 0 0 0 0.000000 335932130.290226
1862  728 0 0 0 0.000000 335930807.850962
1863  729 0 0 0 0.000000 335930809.078400
1864  730 0 0 0 0.000000 335930146.246954
1865  731 0 0 0 0.000000 335932128.634830
1866  732 0 0 0 0.000000 335930845.990278
1867  733 0 0 0 0.000000 335931791.169748
1868  734 0 0 0 0.000000 335932130.053988
1869  735 0 0 0 0.000000 335930809.270120
1870  736 0 0 0 0.000000 335931183.455360
1871  737 0 0 0 0.000000 335931185.240057
1872  738 0 0 0 0.000000 335929807.453558
1873  739 0 0 0 0.000000 335930470.385880
1874  740 0 0 0 0.000000 335930230.228040
1875  741 0 0 0 0.000000 335930231.729216
1876  742 0 0 0 0.000000 335932128.634830
1877  743 0 0 0 0.000000 335932130.290226
1878  744 0 0 0 0.000000 335930807.850962
1879  745 0 0 0 0.000000 335930809.078400
1880  746 0 0 0 0.000000 335930146.246954
1881  747 0 0 0 0.000000 335932128.634830
1882  748 0 0 0 0.000000 335930845.990278
1883  749 0 0 0 0.000000 335931791.169748
1931  750 0 0 0 0.000000 335931791.169748
1932  751 0 0 0 0.000000 335932130.053988
1933  752 0 0 0 0.000000 335930809.270120
1934  753 0 0 0 0.000000 335931183.455360
1935  754 0 0 0 0.000000 335931185.240057
1936  755 0 0 0 0.000000 335929807.453558
1937  756 0 0 0 0.000000 335930470.385880
1938  757 0 0 0 0.000000 335930230.228040
1939  758 0 0 0 0.000000 335930231.729216
1940  759 0 0 0 0.000000 335932128.634830
1941  760 0 0 0 0.000000 335932130.290226
1942  761 0 0 0 0.000000 335930807.850962
1943  762 0 0 0 0.000000 335930809.078400
1944  763 0 0 0 0.000000 335930146.246954
1945  764 0 0 0 0.000000 335932128.634830
1946  765 0 0 0 0.000000 335930845.990278
1947  766 0 0 0 0.000000 335931791.169748
1948  767 0 0 0 0.000000 335932130.053988
1949  768 0 0 0 0.000000 335930809.270120
1950  769 0 0 0 0.000000 335931183.455360
1951  770 0 0 0 0.000000 335931185.240057
1952  771 0 0 0 0.000000 335929807.453558
1953  772 0 0 0 0.000000 335930470.385880
1954  773 0 0 0 0.000000 335930230.228040
1955  774 0 0 0 0.000000 335930231.729216
1956  775 0 0 0 0.000000 335932128.634830
1957  776 0 0 0 0.000000 335932130.290226
1958  777 0 0 0 0.000000 335930807.850962
1959  778 0 0 0 0.000000 335930809.078400
1960  779 0 0 0 0.000000 335930146.246954
2008  780 0 0 0 0.000000 335930146.246954
2009  781 0 0 0 0.000000 335932128.634830
2010  782 0 0 0 0.000000 335930845.990278
2011  783 0 0 0 0.000000 335931791.169748
2012  784 0 0 0 0.000000 335932130.053988
2013  785 0 0 0 0.000000 335930809.270120
2014  786 0 0 0 0.000000 335931183.455360
2015  787 0 0 0 0.000000 335931185.240057
2016  788 0 0 0 0.000000 335929807.453558
2017  789 0 0 0 0.000000 335930470.385880
2018  790 0 0 0 0.000000 335930230.228040
2019  791 0 0 0 0.000000 335930231.729216
2020  792 0 0 0 0.000000 335932128.634830
2021  793 0 0 0 0.000000 335932130.290226
2022  794 0 0 0 0.000000 335930807.850962
2023  795 0 0 0 0.000000 335930809.078400
2024  796 0 0 0 0.000000 335930146.246954
2025  797 0 0 0 0.000000 335932128.634830
2026  798 0 0 0 0.000000 335930845.990278
2027  799 0 0 0 0.000000 335931791.169748
2028  800 0 0 0 0.000000 335932130.053988
2029  801 0 0 0 0.000000 335930809.270120
2030  802 0 0 0 0.000000 335931183.455360
2031  803 0 0 0 0.000000 335931185.240057
2032  804 0 0 0 0.000000 335929807.453558
2033  805 0 0 0 0.000000 335930470.385880
2034  806 0 0 0 0.000000 335930230.228040
2035  807 0 0 0 0.000000 335930231.729216
2036  808 0 0 0 0.000000 335932128.634830
2037  809 0 0 0 0.000000 335932130.290226
2085  810 0 0 0 0.000000 335932130.290226
2086  811 0 0 0 0.000000 335930807.850962
2087  812 0 0 0 0.000000 335930809.078400
2088  813 0 0 0 0.000000 335930146.246954
2089  814 0 0 0 0.000000 335932128.634830
2090  815 0 0 0 0.000000 335930845.990278
2091  816 0 0 0 0.000000 335931791.169748
2092  817 0 0 0 0.000000 335932130.053988
2093  818 0 0 0 0.000000 335930809.270120
2094  819 0 0 0 0.000000 335931183.455360
2095  820 0 0 0 0.000000 335931185.240057
2096  821 0 0 0 0.000000 335929807.453558
2097  822 0 0 0 0.000000 335930470.385880
2098  823 0 0 0 0.000000 335930230.228040
2099  824 0 0 0 0.000000 335930231.729216
2100  825 0 0 0 0.000000 335932128.634830
2101  826 0 0 0 0.000000 335932130.290226
2102  827 0 0 0 0.000000 335930807.850962
2103  828 0 0 0 0.000000 335930809.078400
2104  829 0 0 0 0.000000 335930146.246954
2105  830 0 0 0 0.000000 335932128.634830
2106  831 0 0 0 0.000000 335930845.990278
2107  832 0 0 0 0.000000 335931791.169748
2108  833 0 0 0 0.000000 335932130.053988
2109  834 0 0 0 0.000000 335930809.270120
2110  835 0 0 0 0.000000 335931183.455360
2111  836 0 0 0 0.000000 335931185.240057
2112  837 0 0 0 0.000000 335929807.453558
2113  838 0 0 0 0.000000 335930470.385880
2114  839 0 0 0 0.000000 335930230.228040
2162  840 0 0 0 0.000000 335930230.228040
2163  841 0 0 0 0.000000 335930231.729216
2164  842 0 0 0 0.000000 335932128.634830
2165  843 0 0 0 0.000000 335932130.290226
2166  844 0 0 0 0.000000 335930807.850962
2167  845 0 0 0 0.000000 335930809.078400
2168  846 0 0 0 0.000000 335930146.246954
2169  847 0 0 0 0.000000 335932128.634830
2170  848 0 0 0 0.000000 335930845.990278
2171  849 0 0 0 0.000000 335931791.169748
2172  850 0 0 0 0.000000 335932130.053988
2173  851 0 0 0 0.000000 335930809.270120
2174  852 0 0 0 0.000000 335931183.455360
2175  853 0 0 0 0.000000 335931185.240057
2176  854 0 0 0 0.000000 335929807.453558
2177  855 0 0 0 0.000000 335930470.385880
2178  856 0 0 0 0.000000 335930230.228040
2179  857 0 0 0 0.000000 335930231.729216
2180  858 0 0 0 0.000000 335932128.634830
2181  859 0 0 0 0.000000 335932130.290226
2182  860 0 0 0 0.000000 335930807.850962
2183  861 0 0 0 0.000000 335930809.078400
2184  862 0 0 0 0.000000 335930146.246954
2185  863 0 0 0 0.000000 335932128.634830
2186  864 0 0 0 0.000000 335930845.990278
2187  865 0 0 0 0.000000 335931791.169748
2188  866 0 0 0 0.000000 335932130.053988
2189  867 0 0 0 0.000000 335930809.270120
2190  868 0 0 0 0.000000 335931183.455360
2191  869 0 0 0 0.000000 335931185.240057
2239  870 0 0 0 0.000000 335931185.240057
2240  871 0 0 0 0.000000 335929807.453558
2241  872 0 0 0 0.000000 335930470.385880
2242  873 0 0 0 0.000000 335930230.228040
2243  874 0 0 0 0.000000 335930231.729216
2244  875 0 0 0 0.000000 335932128.634830
2245  876 0 0 0 0.000000 335932130.290226
2246  877 0 0 0 0.000000 335930807.850962
2247  878 0 0 0 0.000000 335930809.078400
2248  879 0 0 0 0.000000 335930146.246954
2249  880 0 0 0 0.000000 335932128.634830
2250  881 0 0 0 0.000000 335930845.990278
2251  882 0 0 0 0.000000 335931791.169748
2252  883 0 0 0 0.000000 335932130.053988
2253  884 0 0 0 0.000000 335930809.270120
2254  885 0 0 0 0.000000 335931183.455360
2255  886 0 0 0 0.000000 335931185.240057
2256  887 0 0 0 0.000000 335929807.453558
2257  888 0 0 0 0.000000 335930470.385880
2258  889 0 0 0 0.000000 335930230.228040
2259  890 0 0 0 0.000000 335930231.729216
2260  891 0 0 0 0.000000 335932128.634830
2261  892 0 0 0 0.000000 335932130.290226
2262  893 0 0 0 0.000000 335930807.850962
2263  894 0 0 0 0.000000 335930809.078400
2264  895 0 0 0 0.000000 335930146.246954
2265  896 0 0 0 0.000000 335932128.634830
2266  897 0 0 0 0.000000 335930845.990278
2267  898 0 0 0 0.000000 335931791.169748
2268  899 0 0 0 0.000000 335932130.053988
2316  900 0 0 0 0.000000 335932130.053988
2317  901 0 0 0 0.000000 335930809.270120
2318  902 0 0 0 0.000000 335931183.455360
2319  903 0 0 0 0.000000 335931185.240057
2320  904 0 0 0 0.000000 335929807.453558
2321  905 0 0 0 0.000000 335930470.385880
2322  906 0 0 0 0.000000 335930230.228040
2323  907 0 0 0 0.000000 335930231.729216
2324  908 0 0 0 0.000000 335932128.634830
2325  909 0 0 0 0.000000 335932130.290226
2326  910 0 0 0 0.000000 335930807.850962
2327  911 0 0 0 0.000000 335930809.078400
2328  912 0 0 0 0.000000 335930146.246954
2329  913 0 0 0 0.000000 335932128.634830
2330  914 0 0 0 0.000000 335930845.990278
2331  915 0 0 0 0.000000 335931791.169748
2332  916 0 0 0 0.000000 335932130.053988
2333  917 0 0 0 0.000000 335930809.270120
2334  918 0 0 0 0.000000 335931183.455360
2335  919 0 0 0 0.000000 335931185.240057
2336  920 0 0 0 0.000000 335929807.453558
2337  921 0 0 0 0.000000 335930470.385880
2338  922 0 0 0 0.000000 335930230.228040
2339  923 0 0 0 0.000000 335930231.729216
2340  924 0 0 0 0.000000 335932128.634830
2341  925 0 0 0 0.000000 335932130.290226
2342  926 0 0 0 0.000000 335930807.850962
2343  927 0 0 0 0.000000 335930809.078400
2344  928 0 0 0 0.000000 335930146.246954
2345  929 0 0 0 0.000000 335932128.634830
2393  930 0 0 0 0.000000 335932128.634830
2394  931 0 0 0 0.000000 335930845.990278
2395  932 0 0 0 0.000000 335931791.169748
2396  933 0 0 0 0.000000 335932130.053988
2397  934 0 0 0 0.000000 335930809.270120
2398  935 0 0 0 0.000000 335931183.455360
2399  936 0 0 0 0.000000 335931185.240057
2400  937 0 0 0 0.000000 335929807.453558
2401  938 0 0 0 0.000000 335930470.385880
2402  939 0 0 0 0.000000 335930230.228040
2403  940 0 0 0 0.000000 335930231.729216
2404  941 0 0 0 0.000000 335932128.634830
2405  942 0 0 0 0.000000 335932130.290226
2406  943 0 0 0 0.000000 335930807.850962
2407  944 0 0 0 0.000000 335930809.078400
2408  945 0 0 0 0.000000 335930146.246954
2409  946 0 0 0 0.000000 335932128.634830
2410  947 0 0 0 0.000000 335930845.990278
2411  948 0 0 0 0.000000 335931791.169748
2412  949 0 0 0 0.000000 335932130.053988
2413  950 0 0 0 0.000000 335930809.270120
2414  951 0 0 0 0.000000 335931183.455360
2415  952 0 0 0 0.000000 335931185.240057
2416  953 0 0 0 0.000000 335929807.453558
2417  954 0 0 0 0.000000 335930470.385880
2418  955 0 0 0 0.000000 335930230.228040
2419  956 0 0 0 0.000000 335930231.729216
2420  957 0 0 0 0.000000 335932128.634830
2421  958 0 0 0 0.000000 335932130.290226
2422  959 0 0 0 0.000000 335930807.850962
2470  960 0 0 0 0.000000 335930807.850962
2471  961 0 0 0 0.000000 335930809.078400
2472  962 0 0 0 0.000000 335930146.246954
2473  963 0 0 0 0.000000 335932128.634830
2474  964 0 0 0 0.000000 335930845.990278
2475  965 0 0 0 0.000000 335931791.169748
2476  966 0 0 0 0.000000 335932130.053988
2477  967 0 0 0 0.000000 335930809.270120
2478  968 0 0 0 0.000000 335931183.455360
2479  969 0 0 0 0.000000 335931185.240057
2480  970 0 0 0 0.000000 335929807.453558
2481  971 0 0 0 0.000000 335930470.385880
2482  972 0 0 0 0.000000 335930230.228040
2483  973 0 0 0 0.000000 335930231.729216
2484  974 0 0 0 0.000000 335932128.634830
2485  975 0 0 0 0.000000 335932130.290226
2486  976 0 0 0 0.000000 335930807.850962
2487  977 0 0 0 0.000000 335930809.078400
2488  978 0 0 0 0.000000 335930146.246954
2489  979 0 0 0 0.000000 335932128.634830
2490  980 0 0 0 0.000000 335930845.990278
2491  981 0 0 0 0.000000 335931791.169748
2492  982 0 0 0 0.000000 335932130.053988
2493  983 0 0 0 0.000000 335930809.270120
2494  984 0 0 0 0.000000 335931183.455360
2495  985 0 0 0 0.000000 335931185.240057
2496  986 0 0 0 0.000000 335929807.453558
2497  987 0 0 0 0.000000 335930470.385880
2498  988 0 0 0 0.000000 335930230.228040
2499  989 0 0 0 0.000000 335930231.729216