# Format <LP id> <Terminal ID> <Total Data Sent> <Total Data Received> <Avg packet latency> <Max packet Latency> <Min packet Latency> <# Packets finished> <Avg Hops> <Avg Busy Time (over rails)>
37 0 796264000 796264000 17739.018739 580946.656019 577.768481 195400 2.783567 220887721.275747
38 1 796276800 796276800 18346.935846 499227.855046 577.768481 197000 2.930939 234127465.531204
39 2 796264000 796264000 16921.705201 611655.527637 577.768481 195400 2.913117 231235468.337338
40 3 796276800 796276800 25933.127784 703684.119702 577.768481 197000 2.956340 199242215.549566
41 4 796264000 796264000 19418.318400 739227.785066 577.768481 195400 2.877528 198601498.493229
42 5 796276800 796276800 19720.408922 679720.048640 577.768481 197000 3.050878 246607210.842426
43 6 796264000 796264000 20479.761472 527691.224267 577.768481 195400 3.057866 248133947.646280
44 7 796276800 796276800 23087.498645 727264.393395 577.768481 197000 2.847355 180673763.978192
45 8 796264000 796264000 18469.977145 572422.600940 577.768481 195400 3.051796 225516110.036147
46 9 796276800 796276800 20210.971561 596388.492663 577.768481 197000 2.932716 232261700.174240
47 10 796264000 796264000 19081.455388 610550.439935 577.768481 195400 2.897124 232097030.215462
48 11 796276800 796276800 18369.959482 690111.889761 577.768481 197000 2.739756 240617482.562582
49 12 796264000 796264000 17907.959579 701732.320141 577.768481 195400 2.399867 159560552.388307
50 13 796276800 796276800 17259.866012 540682.401338 577.768481 197000 2.575264 203106630.967057
51 14 796264000 796264000 16813.583639 611616.414320 577.768481 195400 2.571684 202243027.752387
52 15 796276800 796276800 22645.361122 640084.326592 577.768481 197000 2.668299 175033824.330233
53 16 796264000 796264000 17109.820629 661830.968684 577.768481 195400 2.532349 183783943.986781
54 17 796276800 796276800 15545.429593 603990.963757 577.768481 197000 2.700315 208716714.758950
55 18 796264000 796264000 20803.215280 599879.597906 577.768481 195400 3.037216 234594769.845890
56 19 796276800 796276800 24988.089010 641486.023238 577.768481 197000 2.900995 214173910.193834
57 20 796264000 796264000 19873.920945 659706.142560 577.768481 195400 3.048506 221961661.091148
58 21 796276800 796276800 17476.287527 662125.424929 577.768481 197000 2.930970 226913633.785737
59 22 796264000 796264000 17763.871433 599171.165183 577.768481 195400 2.928577 222640135.067577
60 23 796276800 796276800 17225.281842 627359.595816 577.768481 197000 2.774269 219411000.205508
61 24 796264000 796264000 21703.140925 551832.139917 577.768481 195400 3.076182 258175082.749643
62 25 796276800 796276800 21914.552527 601168.389445 577.768481 197000 3.203203 192250283.506163
63 26 796264000 796264000 21514.174433 648904.618734 577.768481 195400 3.196914 192026676.240350
64 27 796276800 796276800 22902.118059 591687.686532 577.768481 197000 3.353939 217145391.830905
65 28 796264000 796264000 23916.939288 631174.664885 577.768481 195400 3.308250 196323294.392156
66 29 796276800 796276800 22979.595719 675495.705151 577.768481 197000 3.331640 201992024.248436
67 30 0 0 -nan 0.000000 2147483647.000000 0 -nan 0.000000
68 31 0 0 -nan 0.000000 2147483647.000000 0 -nan 0.000000
114 32 796264000 796264000 24868.658607 666711.531573 577.768481 195400 3.030179 172555733.271466
115 33 796276800 796276800 20679.881554 511403.010779 577.768481 197000 3.215442 224527072.123814
116 34 796264000 796264000 21308.011825 684192.479279 577.768481 195400 3.205425 225405154.446428
117 35 796276800 796276800 20632.052284 698813.655241 577.768481 197000 3.371680 233725679.487961
118 36 796264000 796264000 23516.140198 698233.763577 577.768481 195400 3.392958 243433994.419092
119 37 796276800 796276800 22660.934551 663883.660608 577.768481 197000 3.398731 240210231.781213
120 38 796264000 796264000 19874.205135 558741.951641 577.768481 195400 3.029243 230149988.857034
121 39 796276800 796276800 22327.754953 717246.378387 577.768481 197000 3.032614 217572034.562324
122 40 796264000 796264000 19021.824683 700711.438783 577.768481 195400 3.040302 234864282.209165
123 41 796276800 796276800 18217.493483 705865.053446 577.768481 197000 2.919335 239929588.156041
124 42 796264000 796264000 18625.259320 684131.480872 577.768481 195400 2.915046 232793990.586527
125 43 796276800 796276800 20780.782888 702178.403416 577.768481 197000 2.750538 187152702.738002
126 44 796264000 796264000 17664.547289 664877.451730 577.768481 195400 2.404647 176862442.113045
127 45 796276800 796276800 16438.856840 536114.888773 577.768481 197000 2.568147 208773932.196023
128 46 796264000 796264000 16093.167017 532653.517500 577.768481 195400 2.561141 198368370.978866
129 47 796276800 796276800 21780.781785 666079.705746 577.768481 197000 2.649315 177146949.208548
130 48 796264000 796264000 15610.420159 539603.468770 577.768481 195400 2.690998 239277141.113583
131 49 796276800 796276800 14052.682927 471008.154792 577.768481 197000 2.705970 234599138.625058
132 50 796264000 796264000 24345.486453 583938.808562 577.768481 195400 2.991044 234461038.891418
133 51 796276800 796276800 20275.080567 795429.127005 577.768481 197000 2.992102 236258547.639635
134 52 796264000 796264000 17592.919428 674979.073289 577.768481 195400 2.979790 225472150.658304
135 53 796276800 796276800 18416.623325 485171.978880 577.768481 197000 2.875259 211082749.268989
136 54 796264000 796264000 19138.118026 643264.861881 577.768481 195400 2.918045 224082949.671890
137 55 796276800 796276800 21419.379019 683115.085652 577.768481 197000 2.760736 177754582.493957
138 56 796264000 796264000 16948.746160 632615.409928 577.768481 195400 2.678291 192278767.277118
139 57 796276800 796276800 17505.176496 562114.095133 577.768481 197000 2.892391 215910577.136175
140 58 796264000 796264000 16465.231038 643152.984917 577.768481 195400 2.877088 229820833.188636
141 59 796276800 796276800 21111.864346 609343.104703 577.768481 197000 2.910594 187914454.212084
142 60 796264000 796264000 21444.685066 594828.943433 577.768481 195400 2.947021 196797678.301192
143 61 796276800 796276800 19062.613870 587978.005209 577.768481 197000 2.981954 203271321.618550
144 62 0 0 -nan 0.000000 2147483647.000000 0 -nan 0.000000
145 63 0 0 -nan 0.000000 2147483647.000000 0 -nan 0.000000
191 64 796264000 796264000 17021.888056 579568.599270 577.768481 195400 2.656295 223643241.680257
192 65 796276800 796276800 18213.324433 548147.990246 577.768481 197000 2.824274 242957618.210595
193 66 796264000 796264000 16459.571522 537323.411657 577.768481 195400 2.793787 239460941.101679
194 67 796276800 796276800 24326.837086 603287.071869 577.768481 197000 2.845807 170879436.406451
195 68 796264000 796264000 19435.098346 699223.579281 577.768481 195400 2.836121 228828736.860329
196 69 796276800 796276800 19887.793366 540018.388626 577.768481 197000 3.000985 254257952.424560
197 70 796264000 796264000 19264.000298 706587.294571 577.768481 195400 2.998393 248652367.542423
198 71 796276800 796276800 23891.488973 726187.388596 577.768481 197000 2.825640 185963480.996372
199 72 796264000 796264000 19554.509475 642141.027453 577.768481 195400 2.975942 238201908.327801
200 73 796276800 796276800 18983.414982 554473.471826 577.768481 197000 2.870345 231608971.644282
201 74 796264000 796264000 18813.752273 581123.907674 577.768481 195400 2.833347 241587790.647543
202 75 796276800 796276800 19884.099421 623902.510231 577.768481 197000 2.685350 227431476.764072
203 76 796264000 796264000 18316.823703 903990.958268 577.768481 195400 2.319058 172300216.053442
204 77 796276800 796276800 18006.316350 626475.665002 577.768481 197000 2.508371 231394122.122613
205 78 796264000 796264000 17248.934256 549310.859224 577.768481 195400 2.503956 222081859.159669
206 79 796276800 796276800 21957.211154 648746.886050 577.768481 197000 2.580452 148517533.399168
207 80 796264000 796264000 17448.618803 617537.789605 577.768481 195400 2.471264 191554813.289345
208 81 796276800 796276800 15215.340938 556083.005643 577.768481 197000 2.631706 216852575.626245
209 82 796264000 796264000 20424.623080 543323.464455 577.768481 195400 2.968419 233804636.953925
210 83 796276800 796276800 25029.116859 841317.089466 577.768481 197000 2.830731 179969615.871819
211 84 796264000 796264000 20356.524189 611041.401471 577.768481 195400 2.978767 227421135.151798
212 85 796276800 796276800 17514.964653 584562.798424 577.768481 197000 2.852533 231518530.654862
213 86 796264000 796264000 18101.329397 595037.344251 577.768481 195400 2.849463 231166958.625831
214 87 796276800 796276800 18104.212704 599418.792664 577.768481 197000 2.684569 152946360.598050
215 88 796264000 796264000 22152.731924 818117.078945 577.768481 195400 3.055716 209028645.318033
216 89 796276800 796276800 24689.964829 653958.413330 577.768481 197000 3.187772 215221243.424965
217 90 796264000 796264000 23901.955575 648692.242471 577.768481 195400 3.186858 216641950.713807
218 91 796276800 796276800 23267.546182 578360.787068 577.768481 197000 3.324249 228507366.222219
219 92 796275200 796275200 24307.725756 636150.357523 577.768481 196800 3.234644 205277361.222942
220 93 796275200 796275200 22722.625171 620645.885491 577.768481 196800 3.254599 215826075.563482
221 94 0 0 -nan 0.000000 2147483647.000000 0 -nan 0.000000
222 95 0 0 -nan 0.000000 2147483647.000000 0 -nan 0.000000
268 96 796275200 796275200 25470.464081 690970.537633 577.768481 196800 2.947718 167791747.606755
269 97 796275200 796275200 21654.801104 684938.734713 577.768481 196800 3.127388 215206937.201359
270 98 796275200 796275200 21360.371123 749181.745432 577.768481 196800 3.128460 218354249.216562
271 99 796275200 796275200 20572.515736 614656.096946 577.768481 196800 3.285254 236706793.534870
272 100 796275200 796275200 24768.655855 726225.811832 577.768481 196800 3.337754 255310399.888575
273 101 796275200 796275200 25496.794906 725186.988023 577.768481 196800 3.335727 252926049.198056
274 102 796275200 796275200 20464.164584 661579.211591 577.768481 196800 2.981296 239911681.404050
275 103 796275200 796275200 22133.810068 745886.779006 577.768481 196800 2.981723 238263863.563175
276 104 796275200 796275200 19053.522660 701030.694527 577.768481 196800 2.983359 233660167.614981
277 105 796275200 796275200 18642.496277 638667.020724 577.768481 196800 2.855086 230369039.836534
278 106 796275200 796275200 18876.081866 760280.577775 577.768481 196800 2.863740 239825819.703320
279 107 796275200 796275200 19167.701234 700375.014394 577.768481 196800 2.702439 222651810.227553
280 108 796275200 796275200 17325.206373 664530.102288 577.768481 196800 2.346885 183020380.701036
281 109 796275200 796275200 16682.327210 593854.364552 577.768481 196800 2.507856 222660397.958002
282 110 796275200 796275200 16157.002983 602674.642636 577.768481 196800 2.504202 214117320.757643
283 111 796275200 796275200 21356.013560 607439.432071 577.768481 196800 2.586128 167098777.332629
284 112 796275200 796275200 14964.686723 545404.949271 577.768481 196800 2.634548 234436885.355650
285 113 796275200 796275200 13629.943941 603276.520254 577.768481 196800 2.639654 241941746.042466
286 114 796275200 796275200 23973.476567 592096.666477 577.768481 196800 2.928923 237753491.084662
287 115 796275200 796275200 19844.769184 612220.080238 577.768481 196800 2.934924 238599431.862296
288 116 796275200 796275200 18133.866115 647919.667258 577.768481 196800 2.918028 243534589.823845
289 117 796275200 796275200 19491.068641 639837.484644 577.768481 196800 2.805010 224633394.782943
290 118 796275200 796275200 20177.639101 786819.549857 577.768481 196800 2.855178 230424371.743237
291 119 796275200 796275200 22150.878843 642287.691555 577.768481 196800 2.697708 179840059.597553
292 120 796275200 796275200 18999.674755 775796.978991 577.768481 196800 2.701794 215197133.097299
293 121 796275200 796275200 19660.328961 610560.463552 577.768481 196800 2.869167 232854518.808306
294 122 796275200 796275200 18462.557963 774915.143529 577.768481 196800 2.860605 230197486.594369
295 123 796275200 796275200 22200.409967 773822.224333 577.768481 196800 2.942663 186047456.385169
296 124 796275200 796275200 20974.687366 769579.726355 577.768481 196800 2.868877 192564748.611859
297 125 796275200 796275200 20444.982315 712073.090666 577.768481 196800 2.899324 196038038.159858
298 126 0 0 -nan 0.000000 2147483647.000000 0 -nan 0.000000
299 127 0 0 -nan 0.000000 2147483647.000000 0 -nan 0.000000
345 128 796275200 796275200 16777.149174 585079.129093 577.768481 196800 2.660925 244416918.448307
346 129 796275200 796275200 18141.511277 629398.152941 577.768481 196800 2.814167 254726807.058713
347 130 796275200 796275200 16616.410709 525050.139107 577.768481 196800 2.800696 249279440.357297
348 131 796275200 796275200 24171.108681 668772.407784 577.768481 196800 2.841794 191915506.282262
349 132 796275200 796275200 18528.287808 594717.364925 577.768481 196800 2.829345 218734312.823055
350 133 796275200 796275200 19807.062781 508984.689710 577.768481 196800 2.985630 261402953.104933
351 134 796275200 796275200 19383.375162 617001.344267 577.768481 196800 2.986585 258050838.825668
352 135 796275200 796275200 23185.534771 667178.399374 577.768481 196800 2.812327 179822639.859318
353 136 796275200 796275200 19187.996429 630958.317808 577.768481 196800 2.979029 229581409.612482
354 137 796275200 796275200 19492.384555 818011.687604 577.768481 196800 2.873516 246323224.887489
355 138 796275200 796275200 18838.175740 726055.770228 577.768481 196800 2.837617 233578231.423471
356 139 796275200 796275200 20484.421762 728096.590845 577.768481 196800 2.682759 213293123.352550
357 140 796275200 796275200 17825.983645 750653.933816 577.768481 196800 2.332012 173848381.728639
358 141 796275200 796275200 17534.296347 677766.745365 577.768481 196800 2.512231 224016753.625271
359 142 796275200 796275200 16866.683723 613798.329111 577.768481 196800 2.514324 221725170.540435
360 143 796275200 796275200 21838.011841 676063.503786 577.768481 196800 2.592693 166568304.452871
361 144 796275200 796275200 17494.860619 755278.740214 577.768481 196800 2.468074 176623283.001929
362 145 796275200 796275200 14994.682128 515591.323715 577.768481 196800 2.626758 220135082.958913
363 146 796275200 796275200 19683.573551 613312.394764 577.768481 196800 2.975158 221709458.539725
364 147 796275200 796275200 26109.555337 640689.443703 577.768481 196800 2.815655 202292880.804547
365 148 796275200 796275200 20431.272564 551596.010030 577.768481 196800 2.982388 240408167.780097
366 149 796275200 796275200 17700.810572 578162.724371 577.768481 196800 2.857058 235443184.530919
367 150 796275200 796275200 17631.781491 585933.405439 577.768481 196800 2.854853 236109050.726715
368 151 796275200 796275200 18198.070014 623215.287868 577.768481 196800 2.671179 163962571.941173
369 152 796275200 796275200 24215.353296 688395.790552 577.768481 196800 3.060188 242698861.038717
370 153 796275200 796275200 24286.550919 616795.438290 577.768481 196800 3.194980 227767380.929028
371 154 796275200 796275200 23273.559810 648274.862734 577.768481 196800 3.198801 230363371.909751
372 155 796275200 796275200 23116.043753 622218.615509 577.768481 196800 3.330244 233903922.418091
373 156 796275200 796275200 23876.470361 605342.214333 577.768481 196800 3.256824 203835757.759038
374 157 796275200 796275200 22942.316315 534206.691654 577.768481 196800 3.263496 224302819.562192
375 158 0 0 -nan 0.000000 2147483647.000000 0 -nan 0.000000
376 159 0 0 -nan 0.000000 2147483647.000000 0 -nan 0.000000
422 160 796275200 796275200 24188.399403 656153.150567 577.768481 196800 2.913130 173330851.285281
423 161 796275200 796275200 21223.175202 566218.295308 577.768481 196800 3.105218 235996954.580272
424 162 796275200 796275200 22116.098398 691652.516137 577.768481 196800 3.107566 231224368.879488
425 163 796275200 796275200 20755.707371 596360.345936 577.768481 196800 3.277658 248903228.691099
426 164 796275200 796275200 24404.681886 713605.689135 577.768481 196800 3.331646 261128393.349067
427 165 796275200 796275200 24537.027842 701680.481274 577.768481 196800 3.333933 261984073.687560
428 166 796275200 796275200 20256.225170 683528.033004 577.768481 196800 2.980518 237703375.511653
429 167 796275200 796275200 22146.469772 768982.672770 577.768481 196800 2.981631 230104482.743592
430 168 796275200 796275200 19612.552021 795062.122222 577.768481 196800 2.978674 233464214.400749
431 169 796275200 796275200 18611.217398 690687.123892 577.768481 196800 2.856438 221131602.360243
432 170 796275200 796275200 18509.169074 737710.531666 577.768481 196800 2.863516 229211003.772485
433 171 796275200 796275200 18467.595864 691008.836247 577.768481 196800 2.700081 218050477.350070
434 172 796275200 796275200 17439.550542 609342.615192 577.768481 196800 2.343252 176987002.767818
435 173 796275200 796275200 16799.120548 564224.607626 577.768481 196800 2.506301 212715866.266095
436 174 796275200 796275200 16625.555278 578625.444351 577.768481 196800 2.504223 220838506.410945
437 175 796275200 796275200 20946.404881 674846.640661 577.768481 196800 2.594888 154748178.975829
438 176 796275200 796275200 15277.201820 498216.474661 577.768481 196800 2.637536 239052240.917166
439 177 796275200 796275200 14317.792080 513503.717493 577.768481 196800 2.640315 243584826.208256
440 178 796275200 796275200 25175.577469 726842.676813 577.768481 196800 2.927007 233881328.582317
441 179 796275200 796275200 20599.935996 610074.093487 577.768481 196800 2.929970 242163818.072327
442 180 796275200 796275200 18514.136630 726027.159587 577.768481 196800 2.921316 244849035.168969
443 181 796275200 796275200 19082.646065 540684.676977 577.768481 196800 2.801037 233928529.455462
444 182 796275200 796275200 19761.598910 848750.176021 577.768481 196800 2.855183 230003030.593512
445 183 796275200 796275200 21348.966643 628017.278401 577.768481 196800 2.683374 178305168.339136
446 184 796275200 796275200 18635.889452 669579.232945 577.768481 196800 2.705493 225469548.255347
447 185 796275200 796275200 19922.965782 551313.921699 577.768481 196800 2.873948 247355023.376562
448 186 796275200 796275200 18075.688431 721639.950942 577.768481 196800 2.866118 242406509.415888
449 187 796275200 796275200 22733.161585 767538.650566 577.768481 196800 2.946667 175883799.679018
450 188 796275200 796275200 21359.244249 768686.405430 577.768481 196800 2.877500 190538216.008611
451 189 796275200 796275200 20757.609877 944072.742013 577.768481 196800 2.901997 201680177.761945
452 190 0 0 -nan 0.000000 2147483647.000000 0 -nan 0.000000
453 191 0 0 -nan 0.000000 2147483647.000000 0 -nan 0.000000
499 192 796275200 796275200 16824.173414 572130.759818 577.768481 196800 2.648933 231971149.956987
500 193 796275200 796275200 18327.656772 545160.492217 577.768481 196800 2.803277 242739741.042424
501 194 796275200 796275200 16491.110189 576225.448005 577.768481 196800 2.788277 246260453.892387
502 195 796275200 796275200 24695.554400 683366.456120 577.768481 196800 2.839578 192786336.320018
503 196 796275200 796275200 18724.246058 667592.881564 577.768481 196800 2.820777 215209138.090926
504 197 796275200 796275200 19294.152887 656553.632681 577.768481 196800 2.982820 255546031.841050
505 198 796275200 796275200 19589.240880 617422.655970 577.768481 196800 2.986606 245660806.937825
506 199 796275200 796275200 23037.277169 659617.665124 577.768481 196800 2.803745 175032439.406589
507 200 796275200 796275200 18711.002775 537400.750665 577.768481 196800 2.973242 236684164.671400
508 201 796275200 796275200 19326.258821 545888.405157 577.768481 196800 2.870879 233894568.068369
509 202 796275200 796275200 19305.848137 688106.293768 577.768481 196800 2.830539 239299866.904582
510 203 796275200 796275200 20120.068299 699175.944021 577.768481 196800 2.681809 204716728.319042
511 204 796275200 796275200 17821.148101 668017.575905 577.768481 196800 2.339035 180102857.277259
512 205 796275200 796275200 16947.290793 651758.328085 577.768481 196800 2.513928 220203407.757021
513 206 796275200 796275200 16309.742921 611554.185819 577.768481 196800 2.512973 225522688.911622
514 207 796275200 796275200 21389.828096 729103.777618 577.768481 196800 2.581016 168154788.688851
515 208 796275200 796275200 18092.188441 779007.104650 577.768481 196800 2.468450 185540780.733537
516 209 796275200 796275200 14873.156006 468856.069324 577.768481 196800 2.621941 222078845.964325
517 210 796275200 796275200 19757.810829 607418.787397 577.768481 196800 2.969670 237186664.299767
518 211 796275200 796275200 26431.308538 601481.479277 577.768481 196800 2.813714 191804596.930786
519 212 796275200 796275200 20571.444656 616929.606122 577.768481 196800 2.980457 224808857.375550
520 213 796275200 796275200 17678.604901 544159.538099 577.768481 196800 2.852764 226819468.304531
521 214 796275200 796275200 17995.746609 639640.407984 577.768481 196800 2.844385 236170536.067216
522 215 796275200 796275200 18295.992931 719341.001127 577.768481 196800 2.664289 169625057.274955
523 216 796275200 796275200 23245.893403 659781.705490 577.768481 196800 3.056982 240892352.610735
524 217 796275200 796275200 24312.426372 614770.400241 577.768481 196800 3.203852 234436569.232169
525 218 796275200 796275200 23618.944522 715172.665971 577.768481 196800 3.209314 232742356.332963
526 219 796275200 796275200 23122.578550 716580.579036 577.768481 196800 3.343039 244843347.482215
527 220 796275200 796275200 24483.848131 632850.619069 577.768481 196800 3.259278 219027062.217524
528 221 796275200 796275200 22445.876378 580133.529211 577.768481 196800 3.268354 209618709.102449
529 222 0 0 -nan 0.000000 2147483647.000000 0 -nan 0.000000
530 223 0 0 -nan 0.000000 2147483647.000000 0 -nan 0.000000
576 224 796275200 796275200 23808.946715 655645.428033 577.768481 196800 2.918105 178116411.721362
577 225 796275200 796275200 22088.573252 611658.408953 577.768481 196800 3.100747 232923746.990998
578 226 796275200 796275200 22066.743161 671196.264917 577.768481 196800 3.100315 228198349.606270
579 227 796275200 796275200 20476.311570 638150.384297 577.768481 196800 3.266712 258039857.240747
580 228 796275200 796275200 24429.225427 725632.006377 577.768481 196800 3.329975 263261712.104874
581 229 796275200 796275200 25273.451569 725310.859164 577.768481 196800 3.331748 269190522.389841
582 230 796275200 796275200 19793.927681 723158.769106 577.768481 196800 2.978796 238247263.088528
583 231 796275200 796275200 21626.416120 730873.805257 577.768481 196800 2.989497 228091912.403050
584 232 796275200 796275200 18733.601666 743422.903870 577.768481 196800 2.986580 226659406.150606
585 233 796275200 796275200 17802.541471 730750.097401 577.768481 196800 2.857078 232678740.531113
586 234 796275200 796275200 18247.645587 635457.049773 577.768481 196800 2.862622 231595769.025807
587 235 796275200 796275200 19438.439119 706739.901137 577.768481 196800 2.701992 222726517.287238
588 236 796275200 796275200 17643.629555 557843.213160 577.768481 196800 2.335645 174828978.473442
589 237 796275200 796275200 16802.300808 564714.786977 577.768481 196800 2.505005 226574054.497558
590 238 796275200 796275200 16098.026549 522810.698333 577.768481 196800 2.504909 221330727.997646
591 239 796275200 796275200 20926.542301 697800.418726 577.768481 196800 2.590473 179046100.122437
592 240 796275200 796275200 15349.663475 481340.750883 577.768481 196800 2.640056 243064035.713882
593 241 796275200 796275200 14110.158583 416178.519215 577.768481 196800 2.638648 255714882.950991
594 242 796275200 796275200 25009.255670 684736.966982 577.768481 196800 2.927825 224549225.934179
595 243 796275200 796275200 20847.588842 696020.509205 577.768481 196800 2.932454 240325946.460575
596 244 796275200 796275200 17826.137797 695544.115188 577.768481 196800 2.925727 247387127.054351
597 245 796275200 796275200 18801.849346 689804.288558 577.768481 196800 2.809593 227294209.927438
598 246 796275200 796275200 18383.094795 569433.013700 577.768481 196800 2.851905 229542767.599566
599 247 796275200 796275200 20961.969526 638760.991694 577.768481 196800 2.679085 188952890.989407
600 248 796275200 796275200 18439.871610 672066.888075 577.768481 196800 2.720945 219592483.457438
601 249 796275200 796275200 19214.533149 562625.698305 577.768481 196800 2.892464 253772935.424571
602 250 796275200 796275200 17377.730272 725643.168324 577.768481 196800 2.890269 255638768.676787
603 251 796275200 796275200 21740.900816 657756.572116 577.768481 196800 2.951504 178573742.361918
604 252 796275200 796275200 21427.030093 715940.253944 577.768481 196800 2.874202 190135906.755605
605 253 796275200 796275200 20851.923092 615059.507119 577.768481 196800 2.907597 201788221.845790
606 254 0 0 -nan 0.000000 2147483647.000000 0 -nan 0.000000
607 255 0 0 -nan 0.000000 2147483647.000000 0 -nan 0.000000
653 256 796275200 796275200 16551.405036 533190.873390 577.768481 196800 2.732073 230818367.032098
654 257 796275200 796275200 17599.847532 621279.657958 577.768481 196800 2.869324 232425436.294551
655 258 796275200 796275200 15884.564383 571466.529894 577.768481 196800 2.855462 235454700.788807
656 259 796275200 796275200 25001.489425 731942.070858 577.768481 196800 2.940168 164551102.911215
657 260 796275200 796275200 17542.362168 697775.776838 577.768481 196800 2.810437 212024858.263592
658 261 796275200 796275200 18437.908042 627884.334396 577.768481 196800 2.984492 236572321.562195
659 262 796275200 796275200 19511.129715 634162.438305 577.768481 196800 2.994400 235605380.094414
660 263 796275200 796275200 22411.008649 667140.270785 577.768481 196800 2.797058 184027047.337543
661 264 796275200 796275200 18457.006114 590624.618837 577.768481 196800 3.032287 231946993.785350
662 265 796275200 796275200 19039.708942 596850.994347 577.768481 196800 2.926911 229277551.305780
663 266 796275200 796275200 18692.663183 647102.242550 577.768481 196800 2.885803 234829690.957774
664 267 796275200 796275200 19517.715498 610513.365178 577.768481 196800 2.748318 226263718.810963
665 268 796275200 796275200 17290.801254 721466.896143 577.768481 196800 2.400955 183369065.530618
666 269 796275200 796275200 16038.080462 578791.280596 577.768481 196800 2.560716 222028403.542632
667 270 796275200 796275200 15287.642797 639259.346464 577.768481 196800 2.560615 230932074.351302
668 271 796275200 796275200 22901.305360 700376.907235 577.768481 196800 2.658796 184431648.713099
669 272 796275200 796275200 17522.203950 598961.979484 577.768481 196800 2.538394 190021956.828530
670 273 796275200 796275200 14679.765428 549869.341692 577.768481 196800 2.679634 222148826.863658
671 274 796275200 796275200 17820.651890 562352.235313 577.768481 196800 3.015722 221646873.442028
672 275 796275200 796275200 25596.489077 634436.014499 577.768481 196800 2.866103 203292808.452380
673 276 796275200 796275200 20405.202140 679998.942953 577.768481 196800 3.027561 225456367.641554
674 277 796275200 796275200 17613.152840 572082.806084 577.768481 196800 2.897769 235385137.209143
675 278 796275200 796275200 17616.646083 485739.925604 577.768481 196800 2.900396 230359972.815626
676 279 796275200 796275200 17474.738844 629993.233958 577.768481 196800 2.712795 198341906.198438
677 280 796275200 796275200 23607.273585 599379.516476 577.768481 196800 3.076153 264057786.399771
678 281 796275200 796275200 24666.877282 686888.648426 577.768481 196800 3.238328 226504451.259389
679 282 796275200 796275200 24019.306449 684902.134296 577.768481 196800 3.240986 232985050.967545
680 283 796275200 796275200 22576.960859 765616.927625 577.768481 196800 3.370610 251363232.371786
681 284 796275200 796275200 25247.548155 635667.729305 577.768481 196800 3.333349 215261940.269103
682 285 796275200 796275200 23876.658572 621051.255265 577.768481 196800 3.332652 215791618.604170
683 286 0 0 -nan 0.000000 2147483647.000000 0 -nan 0.000000
684 287 0 0 -nan 0.000000 2147483647.000000 0 -nan 0.000000
730 288 796275200 796275200 24298.124621 617780.168840 577.768481 196800 2.985996 188314816.650105
731 289 796275200 796275200 21163.289447 592650.942642 577.768481 196800 3.173984 224655416.403938
732 290 796275200 796275200 20871.566590 616209.028491 577.768481 196800 3.157658 222448078.172241
733 291 796275200 796275200 19954.642194 591745.866589 577.768481 196800 3.317470 237252995.744685
734 292 796275200 796275200 23690.385997 727796.681456 577.768481 196800 3.335025 262727753.731403
735 293 796275200 796275200 24413.458786 728903.724827 577.768481 196800 3.330259 262980416.237684
736 294 796275200 796275200 18634.756102 682701.605110 577.768481 196800 2.972038 233220739.004288
737 295 796275200 796275200 20539.426834 674032.711300 577.768481 196800 2.988394 227755836.519197
738 296 796275200 796275200 17901.797273 687286.508014 577.768481 196800 3.056413 233496451.620803
739 297 796275200 796275200 17330.744943 640358.903918 577.768481 196800 2.928140 233469542.203511
740 298 796275200 796275200 17851.159016 635205.328181 577.768481 196800 2.935635 231355999.815919
741 299 796275200 796275200 21056.527803 637194.605952 577.768481 196800 2.790894 196767964.662362
742 300 796275200 796275200 18314.707744 550905.334308 577.768481 196800 2.416357 191588050.766008
743 301 796275200 796275200 16194.260784 487685.213458 577.768481 196800 2.565447 223916805.208552
744 302 796275200 796275200 15814.477302 482308.291371 577.768481 196800 2.568328 229796319.028911
745 303 796275200 796275200 22939.718505 510329.253157 577.768481 196800 2.666900 167328241.587762
746 304 796275200 796275200 15634.217473 469238.156001 577.768481 196800 2.694685 238681120.059286
747 305 796275200 796275200 15068.407998 441541.041171 577.768481 196800 2.698415 249352281.229491
748 306 796275200 796275200 24668.278138 633520.697771 577.768481 196800 2.979309 229421038.113394
749 307 796275200 796275200 20822.044325 648966.177028 577.768481 196800 2.975264 232971508.244190
750 308 796275200 796275200 19485.326009 700576.613028 577.768481 196800 2.974619 242312471.018586
751 309 796275200 796275200 19254.629117 508713.930088 577.768481 196800 2.866855 226882921.191711
752 310 796275200 796275200 19173.822102 799836.080884 577.768481 196800 2.924553 229658867.426746
753 311 796275200 796275200 21022.367222 598382.628485 577.768481 196800 2.753938 193414592.820988
754 312 796275200 796275200 18140.140458 694708.312288 577.768481 196800 2.765711 224312174.805523
755 313 796275200 796275200 20867.779749 924972.294042 577.768481 196800 2.932403 264659157.299303
756 314 796275200 796275200 18930.832189 734253.235795 577.768481 196800 2.932622 266008139.472720
757 315 796275200 796275200 22046.734565 691528.280934 577.768481 196800 2.994802 200302742.964929
758 316 796275200 796275200 21964.707457 765308.484320 577.768481 196800 3.003572 195328976.826008
759 317 796275200 796275200 21824.280456 568339.410151 577.768481 196800 2.989649 201760279.753136
760 318 0 0 -nan 0.000000 2147483647.000000 0 -nan 0.000000
761 319 0 0 -nan 0.000000 2147483647.000000 0 -nan 0.000000
807 320 0 0 -nan 0.000000 2147483647.000000 0 -nan 0.000000
808 321 0 0 -nan 0.000000 2147483647.000000 0 -nan 0.000000
809 322 0 0 -nan 0.000000 2147483647.000000 0 -nan 0.000000
810 323 0 0 -nan 0.000000 2147483647.000000 0 -nan 0.000000
811 324 0 0 -nan 0.000000 2147483647.000000 0 -nan 0.000000
812 325 0 0 -nan 0.000000 2147483647.000000 0 -nan 0.000000
813 326 0 0 -nan 0.000000 2147483647.000000 0 -nan 0.000000
814 327 0 0 -nan 0.000000 2147483647.000000 0 -nan 0.000000
815 328 0 0 -nan 0.000000 2147483647.000000 0 -nan 0.000000
816 329 0 0 -nan 0.000000 2147483647.000000 0 -nan 0.000000
817 330 0 0 -nan 0.000000 2147483647.000000 0 -nan 0.000000
818 331 0 0 -nan 0.000000 2147483647.000000 0 -nan 0.000000
819 332 0 0 -nan 0.000000 2147483647.000000 0 -nan 0.000000
820 333 0 0 -nan 0.000000 2147483647.000000 0 -nan 0.000000
821 334 0 0 -nan 0.000000 2147483647.000000 0 -nan 0.000000
822 335 0 0 -nan 0.000000 2147483647.000000 0 -nan 0.000000
823 336 0 0 -nan 0.000000 2147483647.000000 0 -nan 0.000000
824 337 0 0 -nan 0.000000 2147483647.000000 0 -nan 0.000000
825 338 0 0 -nan 0.000000 2147483647.000000 0 -nan 0.000000
826 339 0 0 -nan 0.000000 2147483647.000000 0 -nan 0.000000
827 340 0 0 -nan 0.000000 2147483647.000000 0 -nan 0.000000
828 341 0 0 -nan 0.000000 2147483647.000000 0 -nan 0.000000
829 342 0 0 -nan 0.000000 2147483647.000000 0 -nan 0.000000
830 343 0 0 -nan 0.000000 2147483647.000000 0 -nan 0.000000
831 344 0 0 -nan 0.000000 2147483647.000000 0 -nan 0.000000
832 345 0 0 -nan 0.000000 2147483647.000000 0 -nan 0.000000
833 346 0 0 -nan 0.000000 2147483647.000000 0 -nan 0.000000
834 347 0 0 -nan 0.000000 2147483647.000000 0 -nan 0.000000
835 348 0 0 -nan 0.000000 2147483647.000000 0 -nan 0.000000
836 349 0 0 -nan 0.000000 2147483647.000000 0 -nan 0.000000
837 350 0 0 -nan 0.000000 2147483647.000000 0 -nan 0.000000
838 351 0 0 -nan 0.000000 2147483647.000000 0 -nan 0.000000
884 352 0 0 -nan 0.000000 2147483647.000000 0 -nan 0.000000
885 353 0 0 -nan 0.000000 2147483647.000000 0 -nan 0.000000
886 354 0 0 -nan 0.000000 2147483647.000000 0 -nan 0.000000
887 355 0 0 -nan 0.000000 2147483647.000000 0 -nan 0.000000
888 356 0 0 -nan 0.000000 2147483647.000000 0 -nan 0.000000
889 357 0 0 -nan 0.000000 2147483647.000000 0 -nan 0.000000
890 358 0 0 -nan 0.000000 2147483647.000000 0 -nan 0.000000
891 359 0 0 -nan 0.000000 2147483647.000000 0 -nan 0.000000
892 360 0 0 -nan 0.000000 2147483647.000000 0 -nan 0.000000
893 361 0 0 -nan 0.000000 2147483647.000000 0 -nan 0.000000
894 362 0 0 -nan 0.000000 2147483647.000000 0 -nan 0.000000
895 363 0 0 -nan 0.000000 2147483647.000000 0 -nan 0.000000
896 364 0 0 -nan 0.000000 2147483647.000000 0 -nan 0.000000
897 365 0 0 -nan 0.000000 2147483647.000000 0 -nan 0.000000
898 366 0 0 -nan 0.000000 2147483647.000000 0 -nan 0.000000
899 367 0 0 -nan 0.000000 2147483647.000000 0 -nan 0.000000
900 368 0 0 -nan 0.000000 2147483647.000000 0 -nan 0.000000
901 369 0 0 -nan 0.000000 2147483647.000000 0 -nan 0.000000
902 370 0 0 -nan 0.000000 2147483647.000000 0 -nan 0.000000
903 371 0 0 -nan 0.000000 2147483647.000000 0 -nan 0.000000
904 372 0 0 -nan 0.000000 2147483647.000000 0 -nan 0.000000
905 373 0 0 -nan 0.000000 2147483647.000000 0 -nan 0.000000
906 374 0 0 -nan 0.000000 2147483647.000000 0 -nan 0.000000
907 375 0 0 -nan 0.000000 2147483647.000000 0 -nan 0.000000
908 376 0 0 -nan 0.000000 2147483647.000000 0 -nan 0.000000
909 377 0 0 -nan 0.000000 2147483647.000000 0 -nan 0.000000
910 378 0 0 -nan 0.000000 2147483647.000000 0 -nan 0.000000
911 379 0 0 -nan 0.000000 2147483647.000000 0 -nan 0.000000
912 380 0 0 -nan 0.000000 2147483647.000000 0 -nan 0.000000
913 381 0 0 -nan 0.000000 2147483647.000000 0 -nan 0.000000
914 382 0 0 -nan 0.000000 2147483647.000000 0 -nan 0.000000
915 383 0 0 -nan 0.000000 2147483647.000000 0 -nan 0.000000
961 384 0 0 -nan 0.000000 2147483647.000000 0 -nan 0.000000
962 385 0 0 -nan 0.000000 2147483647.000000 0 -nan 0.000000
963 386 0 0 -nan 0.000000 2147483647.000000 0 -nan 0.000000
964 387 0 0 -nan 0.000000 2147483647.000000 0 -nan 0.000000
965 388 0 0 -nan 0.000000 2147483647.000000 0 -nan 0.000000
966 389 0 0 -nan 0.000000 2147483647.000000 0 -nan 0.000000
967 390 0 0 -nan 0.000000 2147483647.000000 0 -nan 0.000000
968 391 0 0 -nan 0.000000 2147483647.000000 0 -nan 0.000000
969 392 0 0 -nan 0.000000 2147483647.000000 0 -nan 0.000000
970 393 0 0 -nan 0.000000 2147483647.000000 0 -nan 0.000000
971 394 0 0 -nan 0.000000 2147483647.000000 0 -nan 0.000000
972 395 0 0 -nan 0.000000 2147483647.000000 0 -nan 0.000000
973 396 0 0 -nan 0.000000 2147483647.000000 0 -nan 0.000000
974 397 0 0 -nan 0.000000 2147483647.000000 0 -nan 0.000000
975 398 0 0 -nan 0.000000 2147483647.000000 0 -nan 0.000000
976 399 0 0 -nan 0.000000 2147483647.000000 0 -nan 0.000000
977 400 0 0 -nan 0.000000 2147483647.000000 0 -nan 0.000000
978 401 0 0 -nan 0.000000 2147483647.000000 0 -nan 0.000000
979 402 0 0 -nan 0.000000 2147483647.000000 0 -nan 0.000000
980 403 0 0 -nan 0.000000 2147483647.000000 0 -nan 0.000000
981 404 0 0 -nan 0.000000 2147483647.000000 0 -nan 0.000000
982 405 0 0 -nan 0.000000 2147483647.000000 0 -nan 0.000000
983 406 0 0 -nan 0.000000 2147483647.000000 0 -nan 0.000000
984 407 0 0 -nan 0.000000 2147483647.000000 0 -nan 0.000000
985 408 0 0 -nan 0.000000 2147483647.000000 0 -nan 0.000000
986 409 0 0 -nan 0.000000 2147483647.000000 0 -nan 0.000000
987 410 0 0 -nan 0.000000 2147483647.000000 0 -nan 0.000000
988 411 0 0 -nan 0.000000 2147483647.000000 0 -nan 0.000000
989 412 0 0 -nan 0.000000 2147483647.000000 0 -nan 0.000000
990 413 0 0 -nan 0.000000 2147483647.000000 0 -nan 0.000000
991 414 0 0 -nan 0.000000 2147483647.000000 0 -nan 0.000000
992 415 0 0 -nan 0.000000 2147483647.000000 0 -nan 0.000000
1038 416 0 0 -nan 0.000000 2147483647.000000 0 -nan 0.000000
1039 417 0 0 -nan 0.000000 2147483647.000000 0 -nan 0.000000
1040 418 0 0 -nan 0.000000 2147483647.000000 0 -nan 0.000000
1041 419 0 0 -nan 0.000000 2147483647.000000 0 -nan 0.000000
1042 420 0 0 -nan 0.000000 2147483647.000000 0 -nan 0.000000
1043 421 0 0 -nan 0.000000 2147483647.000000 0 -nan 0.000000
1044 422 0 0 -nan 0.000000 2147483647.000000 0 -nan 0.000000
1045 423 0 0 -nan 0.000000 2147483647.000000 0 -nan 0.000000
1046 424 0 0 -nan 0.000000 2147483647.000000 0 -nan 0.000000
1047 425 0 0 -nan 0.000000 2147483647.000000 0 -nan 0.000000
1048 426 0 0 -nan 0.000000 2147483647.000000 0 -nan 0.000000
1049 427 0 0 -nan 0.000000 2147483647.000000 0 -nan 0.000000
1050 428 0 0 -nan 0.000000 2147483647.000000 0 -nan 0.000000
1051 429 0 0 -nan 0.000000 2147483647.000000 0 -nan 0.000000
1052 430 0 0 -nan 0.000000 2147483647.000000 0 -nan 0.000000
1053 431 0 0 -nan 0.000000 2147483647.000000 0 -nan 0.000000
1054 432 0 0 -nan 0.000000 2147483647.000000 0 -nan 0.000000
1055 433 0 0 -nan 0.000000 2147483647.000000 0 -nan 0.000000
1056 434 0 0 -nan 0.000000 2147483647.000000 0 -nan 0.000000
1057 435 0 0 -nan 0.000000 2147483647.000000 0 -nan 0.000000
1058 436 0 0 -nan 0.000000 2147483647.000000 0 -nan 0.000000
1059 437 0 0 -nan 0.000000 2147483647.000000 0 -nan 0.000000
1060 438 0 0 -nan 0.000000 2147483647.000000 0 -nan 0.000000
1061 439 0 0 -nan 0.000000 2147483647.000000 0 -nan 0.000000
1062 440 0 0 -nan 0.000000 2147483647.000000 0 -nan 0.000000
1063 441 0 0 -nan 0.000000 2147483647.000000 0 -nan 0.000000
1064 442 0 0 -nan 0.000000 2147483647.000000 0 -nan 0.000000
1065 443 0 0 -nan 0.000000 2147483647.000000 0 -nan 0.000000
1066 444 0 0 -nan 0.000000 2147483647.000000 0 -nan 0.000000
1067 445 0 0 -nan 0.000000 2147483647.000000 0 -nan 0.000000
1068 446 0 0 -nan 0.000000 2147483647.000000 0 -nan 0.000000
1069 447 0 0 -nan 0.000000 2147483647.000000 0 -nan 0.000000
1115 448 0 0 -nan 0.000000 2147483647.000000 0 -nan 0.000000
1116 449 0 0 -nan 0.000000 2147483647.000000 0 -nan 0.000000
1117 450 0 0 -nan 0.000000 2147483647.000000 0 -nan 0.000000
1118 451 0 0 -nan 0.000000 2147483647.000000 0 -nan 0.000000
1119 452 0 0 -nan 0.000000 2147483647.000000 0 -nan 0.000000
1120 453 0 0 -nan 0.000000 2147483647.000000 0 -nan 0.000000
1121 454 0 0 -nan 0.000000 2147483647.000000 0 -nan 0.000000
1122 455 0 0 -nan 0.000000 2147483647.000000 0 -nan 0.000000
1123 456 0 0 -nan 0.000000 2147483647.000000 0 -nan 0.000000
1124 457 0 0 -nan 0.000000 2147483647.000000 0 -nan 0.000000
1125 458 0 0 -nan 0.000000 2147483647.000000 0 -nan 0.000000
1126 459 0 0 -nan 0.000000 2147483647.000000 0 -nan 0.000000
1127 460 0 0 -nan 0.000000 2147483647.000000 0 -nan 0.000000
1128 461 0 0 -nan 0.000000 2147483647.000000 0 -nan 0.000000
1129 462 0 0 -nan 0.000000 2147483647.000000 0 -nan 0.000000
1130 463 0 0 -nan 0.000000 2147483647.000000 0 -nan 0.000000
1131 464 0 0 -nan 0.000000 2147483647.000000 0 -nan 0.000000
1132 465 0 0 -nan 0.000000 2147483647.000000 0 -nan 0.000000
1133 466 0 0 -nan 0.000000 2147483647.000000 0 -nan 0.000000
1134 467 0 0 -nan 0.000000 2147483647.000000 0 -nan 0.000000
1135 468 0 0 -nan 0.000000 2147483647.000000 0 -nan 0.000000
1136 469 0 0 -nan 0.000000 2147483647.000000 0 -nan 0.000000
1137 470 0 0 -nan 0.000000 2147483647.000000 0 -nan 0.000000
1138 471 0 0 -nan 0.000000 2147483647.000000 0 -nan 0.000000
1139 472 0 0 -nan 0.000000 2147483647.000000 0 -nan 0.000000
1140 473 0 0 -nan 0.000000 2147483647.000000 0 -nan 0.000000
1141 474 0 0 -nan 0.000000 2147483647.000000 0 -nan 0.000000
1142 475 0 0 -nan 0.000000 2147483647.000000 0 -nan 0.000000
1143 476 0 0 -nan 0.000000 2147483647.000000 0 -nan 0.000000
1144 477 0 0 -nan 0.000000 2147483647.000000 0 -nan 0.000000
1145 478 0 0 -nan 0.000000 2147483647.000000 0 -nan 0.000000
1146 479 0 0 -nan 0.000000 2147483647.000000 0 -nan 0.000000
1192 480 0 0 -nan 0.000000 2147483647.000000 0 -nan 0.000000
1193 481 0 0 -nan 0.000000 2147483647.000000 0 -nan 0.000000
1194 482 0 0 -nan 0.000000 2147483647.000000 0 -nan 0.000000
1195 483 0 0 -nan 0.000000 2147483647.000000 0 -nan 0.000000
1196 484 0 0 -nan 0.000000 2147483647.000000 0 -nan 0.000000
1197 485 0 0 -nan 0.000000 2147483647.000000 0 -nan 0.000000
1198 486 0 0 -nan 0.000000 2147483647.000000 0 -nan 0.000000
1199 487 0 0 -nan 0.000000 2147483647.000000 0 -nan 0.000000
1200 488 0 0 -nan 0.000000 2147483647.000000 0 -nan 0.000000
1201 489 0 0 -nan 0.000000 2147483647.000000 0 -nan 0.000000
1202 490 0 0 -nan 0.000000 2147483647.000000 0 -nan 0.000000
1203 491 0 0 -nan 0.000000 2147483647.000000 0 -nan 0.000000
1204 492 0 0 -nan 0.000000 2147483647.000000 0 -nan 0.000000
1205 493 0 0 -nan 0.000000 2147483647.000000 0 -nan 0.000000
1206 494 0 0 -nan 0.000000 2147483647.000000 0 -nan 0.000000
1207 495 0 0 -nan 0.000000 2147483647.000000 0 -nan 0.000000
1208 496 0 0 -nan 0.000000 2147483647.000000 0 -nan 0.000000
1209 497 0 0 -nan 0.000000 2147483647.000000 0 -nan 0.000000
1210 498 0 0 -nan 0.000000 2147483647.000000 0 -nan 0.000000
1211 499 0 0 -nan 0.000000 2147483647.000000 0 -nan 0.000000
1212 500 0 0 -nan 0.000000 2147483647.000000 0 -nan 0.000000
1213 501 0 0 -nan 0.000000 2147483647.000000 0 -nan 0.000000
1214 502 0 0 -nan 0.000000 2147483647.000000 0 -nan 0.000000
1215 503 0 0 -nan 0.000000 2147483647.000000 0 -nan 0.000000
1216 504 0 0 -nan 0.000000 2147483647.000000 0 -nan 0.000000
1217 505 0 0 -nan 0.000000 2147483647.000000 0 -nan 0.000000
1218 506 0 0 -nan 0.000000 2147483647.000000 0 -nan 0.000000
1219 507 0 0 -nan 0.000000 2147483647.000000 0 -nan 0.000000
1220 508 0 0 -nan 0.000000 2147483647.000000 0 -nan 0.000000
1221 509 0 0 -nan 0.000000 2147483647.000000 0 -nan 0.000000
1222 510 0 0 -nan 0.000000 2147483647.000000 0 -nan 0.000000
1223 511 0 0 -nan 0.000000 2147483647.000000 0 -nan 0.000000
1269 512 0 0 -nan 0.000000 2147483647.000000 0 -nan 0.000000
1270 513 0 0 -nan 0.000000 2147483647.000000 0 -nan 0.000000
1271 514 0 0 -nan 0.000000 2147483647.000000 0 -nan 0.000000
1272 515 0 0 -nan 0.000000 2147483647.000000 0 -nan 0.000000
1273 516 0 0 -nan 0.000000 2147483647.000000 0 -nan 0.000000
1274 517 0 0 -nan 0.000000 2147483647.000000 0 -nan 0.000000
1275 518 0 0 -nan 0.000000 2147483647.000000 0 -nan 0.000000
1276 519 0 0 -nan 0.000000 2147483647.000000 0 -nan 0.000000
1277 520 0 0 -nan 0.000000 2147483647.000000 0 -nan 0.000000
1278 521 0 0 -nan 0.000000 2147483647.000000 0 -nan 0.000000
1279 522 0 0 -nan 0.000000 2147483647.000000 0 -nan 0.000000
1280 523 0 0 -nan 0.000000 2147483647.000000 0 -nan 0.000000
1281 524 0 0 -nan 0.000000 2147483647.000000 0 -nan 0.000000
1282 525 0 0 -nan 0.000000 2147483647.000000 0 -nan 0.000000
1283 526 0 0 -nan 0.000000 2147483647.000000 0 -nan 0.000000
1284 527 0 0 -nan 0.000000 2147483647.000000 0 -nan 0.000000
1285 528 0 0 -nan 0.000000 2147483647.000000 0 -nan 0.000000
1286 529 0 0 -nan 0.000000 2147483647.000000 0 -nan 0.000000
1287 530 0 0 -nan 0.000000 2147483647.000000 0 -nan 0.000000
1288 531 0 0 -nan 0.000000 2147483647.000000 0 -nan 0.000000
1289 532 0 0 -nan 0.000000 2147483647.000000 0 -nan 0.000000
1290 533 0 0 -nan 0.000000 2147483647.000000 0 -nan 0.000000
1291 534 0 0 -nan 0.000000 2147483647.000000 0 -nan 0.000000
1292 535 0 0 -nan 0.000000 2147483647.000000 0 -nan 0.000000
1293 536 0 0 -nan 0.000000 2147483647.000000 0 -nan 0.000000
1294 537 0 0 -nan 0.000000 2147483647.000000 0 -nan 0.000000
1295 538 0 0 -nan 0.000000 2147483647.000000 0 -nan 0.000000
1296 539 0 0 -nan 0.000000 2147483647.000000 0 -nan 0.000000
1297 540 0 0 -nan 0.000000 2147483647.000000 0 -nan 0.000000
1298 541 0 0 -nan 0.000000 2147483647.000000 0 -nan 0.000000
1299 542 0 0 -nan 0.000000 2147483647.000000 0 -nan 0.000000
1300 543 0 0 -nan 0.000000 2147483647.000000 0 -nan 0.000000
1346 544 0 0 -nan 0.000000 2147483647.000000 0 -nan 0.000000
1347 545 0 0 -nan 0.000000 2147483647.000000 0 -nan 0.000000
1348 546 0 0 -nan 0.000000 2147483647.000000 0 -nan 0.000000
1349 547 0 0 -nan 0.000000 2147483647.000000 0 -nan 0.000000
1350 548 0 0 -nan 0.000000 2147483647.000000 0 -nan 0.000000
1351 549 0 0 -nan 0.000000 2147483647.000000 0 -nan 0.000000
1352 550 0 0 -nan 0.000000 2147483647.000000 0 -nan 0.000000
1353 551 0 0 -nan 0.000000 2147483647.000000 0 -nan 0.000000
1354 552 0 0 -nan 0.000000 2147483647.000000 0 -nan 0.000000
1355 553 0 0 -nan 0.000000 2147483647.000000 0 -nan 0.000000
1356 554 0 0 -nan 0.000000 2147483647.000000 0 -nan 0.000000
1357 555 0 0 -nan 0.000000 2147483647.000000 0 -nan 0.000000
1358 556 0 0 -nan 0.000000 2147483647.000000 0 -nan 0.000000
1359 557 0 0 -nan 0.000000 2147483647.000000 0 -nan 0.000000
1360 558 0 0 -nan 0.000000 2147483647.000000 0 -nan 0.000000
1361 559 0 0 -nan 0.000000 2147483647.000000 0 -nan 0.000000
1362 560 0 0 -nan 0.000000 2147483647.000000 0 -nan 0.000000
1363 561 0 0 -nan 0.000000 2147483647.000000 0 -nan 0.000000
1364 562 0 0 -nan 0.000000 2147483647.000000 0 -nan 0.000000
1365 563 0 0 -nan 0.000000 2147483647.000000 0 -nan 0.000000
1366 564 0 0 -nan 0.000000 2147483647.000000 0 -nan 0.000000
1367 565 0 0 -nan 0.000000 2147483647.000000 0 -nan 0.000000
1368 566 0 0 -nan 0.000000 2147483647.000000 0 -nan 0.000000
1369 567 0 0 -nan 0.000000 2147483647.000000 0 -nan 0.000000
1370 568 0 0 -nan 0.000000 2147483647.000000 0 -nan 0.000000
1371 569 0 0 -nan 0.000000 2147483647.000000 0 -nan 0.000000
1372 570 0 0 -nan 0.000000 2147483647.000000 0 -nan 0.000000
1373 571 0 0 -nan 0.000000 2147483647.000000 0 -nan 0.000000
1374 572 0 0 -nan 0.000000 2147483647.000000 0 -nan 0.000000
1375 573 0 0 -nan 0.000000 2147483647.000000 0 -nan 0.000000
1376 574 0 0 -nan 0.000000 2147483647.000000 0 -nan 0.000000
1377 575 0 0 -nan 0.000000 2147483647.000000 0 -nan 0.000000
1423 576 0 0 -nan 0.000000 2147483647.000000 0 -nan 0.000000
1424 577 0 0 -nan 0.000000 2147483647.000000 0 -nan 0.000000
1425 578 0 0 -nan 0.000000 2147483647.000000 0 -nan 0.000000
1426 579 0 0 -nan 0.000000 2147483647.000000 0 -nan 0.000000
1427 580 0 0 -nan 0.000000 2147483647.000000 0 -nan 0.000000
1428 581 0 0 -nan 0.000000 2147483647.000000 0 -nan 0.000000
1429 582 0 0 -nan 0.000000 2147483647.000000 0 -nan 0.000000
1430 583 0 0 -nan 0.000000 2147483647.000000 0 -nan 0.000000
1431 584 0 0 -nan 0.000000 2147483647.000000 0 -nan 0.000000
1432 585 0 0 -nan 0.000000 2147483647.000000 0 -nan 0.000000
1433 586 0 0 -nan 0.000000 2147483647.000000 0 -nan 0.000000
1434 587 0 0 -nan 0.000000 2147483647.000000 0 -nan 0.000000
1435 588 0 0 -nan 0.000000 2147483647.000000 0 -nan 0.000000
1436 589 0 0 -nan 0.000000 2147483647.000000 0 -nan 0.000000
1437 590 0 0 -nan 0.000000 2147483647.000000 0 -nan 0.000000
1438 591 0 0 -nan 0.000000 2147483647.000000 0 -nan 0.000000
1439 592 0 0 -nan 0.000000 2147483647.000000 0 -nan 0.000000
1440 593 0 0 -nan 0.000000 2147483647.000000 0 -nan 0.000000
1441 594 0 0 -nan 0.000000 2147483647.000000 0 -nan 0.000000
1442 595 0 0 -nan 0.000000 2147483647.000000 0 -nan 0.000000
1443 596 0 0 -nan 0.000000 2147483647.000000 0 -nan 0.000000
1444 597 0 0 -nan 0.000000 2147483647.000000 0 -nan 0.000000
1445 598 0 0 -nan 0.000000 2147483647.000000 0 -nan 0.000000
1446 599 0 0 -nan 0.000000 2147483647.000000 0 -nan 0.000000
1447 600 0 0 -nan 0.000000 2147483647.000000 0 -nan 0.000000
1448 601 0 0 -nan 0.000000 2147483647.000000 0 -nan 0.000000
1449 602 0 0 -nan 0.000000 2147483647.000000 0 -nan 0.000000
1450 603 0 0 -nan 0.000000 2147483647.000000 0 -nan 0.000000
1451 604 0 0 -nan 0.000000 2147483647.000000 0 -nan 0.000000
1452 605 0 0 -nan 0.000000 2147483647.000000 0 -nan 0.000000
1453 606 0 0 -nan 0.000000 2147483647.000000 0 -nan 0.000000
1454 607 0 0 -nan 0.000000 2147483647.000000 0 -nan 0.000000
1500 608 0 0 -nan 0.000000 2147483647.000000 0 -nan 0.000000
1501 609 0 0 -nan 0.000000 2147483647.000000 0 -nan 0.000000
1502 610 0 0 -nan 0.000000 2147483647.000000 0 -nan 0.000000
1503 611 0 0 -nan 0.000000 2147483647.000000 0 -nan 0.000000
1504 612 0 0 -nan 0.000000 2147483647.000000 0 -nan 0.000000
1505 613 0 0 -nan 0.000000 2147483647.000000 0 -nan 0.000000
1506 614 0 0 -nan 0.000000 2147483647.000000 0 -nan 0.000000
1507 615 0 0 -nan 0.000000 2147483647.000000 0 -nan 0.000000
1508 616 0 0 -nan 0.000000 2147483647.000000 0 -nan 0.000000
1509 617 0 0 -nan 0.000000 2147483647.000000 0 -nan 0.000000
1510 618 0 0 -nan 0.000000 2147483647.000000 0 -nan 0.000000
1511 619 0 0 -nan 0.000000 2147483647.000000 0 -nan 0.000000
1512 620 0 0 -nan 0.000000 2147483647.000000 0 -nan 0.000000
1513 621 0 0 -nan 0.000000 2147483647.000000 0 -nan 0.000000
1514 622 0 0 -nan 0.000000 2147483647.000000 0 -nan 0.000000
1515 623 0 0 -nan 0.000000 2147483647.000000 0 -nan 0.000000
1516 624 0 0 -nan 0.000000 2147483647.000000 0 -nan 0.000000
1517 625 0 0 -nan 0.000000 2147483647.000000 0 -nan 0.000000
1518 626 0 0 -nan 0.000000 2147483647.000000 0 -nan 0.000000
1519 627 0 0 -nan 0.000000 2147483647.000000 0 -nan 0.000000
1520 628 0 0 -nan 0.000000 2147483647.000000 0 -nan 0.000000
1521 629 0 0 -nan 0.000000 2147483647.000000 0 -nan 0.000000
1522 630 0 0 -nan 0.000000 2147483647.000000 0 -nan 0.000000
1523 631 0 0 -nan 0.000000 2147483647.000000 0 -nan 0.000000
1524 632 0 0 -nan 0.000000 2147483647.000000 0 -nan 0.000000
1525 633 0 0 -nan 0.000000 2147483647.000000 0 -nan 0.000000
1526 634 0 0 -nan 0.000000 2147483647.000000 0 -nan 0.000000
1527 635 0 0 -nan 0.000000 2147483647.000000 0 -nan 0.000000
1528 636 0 0 -nan 0.000000 2147483647.000000 0 -nan 0.000000
1529 637 0 0 -nan 0.000000 2147483647.000000 0 -nan 0.000000
1530 638 0 0 -nan 0.000000 2147483647.000000 0 -nan 0.000000
1531 639 0 0 -nan 0.000000 2147483647.000000 0 -nan 0.000000
1577 640 0 0 -nan 0.000000 2147483647.000000 0 -nan 0.000000
1578 641 0 0 -nan 0.000000 2147483647.000000 0 -nan 0.000000
1579 642 0 0 -nan 0.000000 2147483647.000000 0 -nan 0.000000
1580 643 0 0 -nan 0.000000 2147483647.000000 0 -nan 0.000000
1581 644 0 0 -nan 0.000000 2147483647.000000 0 -nan 0.000000
1582 645 0 0 -nan 0.000000 2147483647.000000 0 -nan 0.000000
1583 646 0 0 -nan 0.000000 2147483647.000000 0 -nan 0.000000
1584 647 0 0 -nan 0.000000 2147483647.000000 0 -nan 0.000000
1585 648 0 0 -nan 0.000000 2147483647.000000 0 -nan 0.000000
1586 649 0 0 -nan 0.000000 2147483647.000000 0 -nan 0.000000
1587 650 0 0 -nan 0.000000 2147483647.000000 0 -nan 0.000000
1588 651 0 0 -nan 0.000000 2147483647.000000 0 -nan 0.000000
1589 652 0 0 -nan 0.000000 2147483647.000000 0 -nan 0.000000
1590 653 0 0 -nan 0.000000 2147483647.000000 0 -nan 0.000000
1591 654 0 0 -nan 0.000000 2147483647.000000 0 -nan 0.000000
1592 655 0 0 -nan 0.000000 2147483647.000000 0 -nan 0.000000
1593 656 0 0 -nan 0.000000 2147483647.000000 0 -nan 0.000000
1594 657 0 0 -nan 0.000000 2147483647.000000 0 -nan 0.000000
1595 658 0 0 -nan 0.000000 2147483647.000000 0 -nan 0.000000
1596 659 0 0 -nan 0.000000 2147483647.000000 0 -nan 0.000000
1597 660 0 0 -nan 0.000000 2147483647.000000 0 -nan 0.000000
1598 661 0 0 -nan 0.000000 2147483647.000000 0 -nan 0.000000
1599 662 0 0 -nan 0.000000 2147483647.000000 0 -nan 0.000000
1600 663 0 0 -nan 0.000000 2147483647.000000 0 -nan 0.000000
1601 664 0 0 -nan 0.000000 2147483647.000000 0 -nan 0.000000
1602 665 0 0 -nan 0.000000 2147483647.000000 0 -nan 0.000000
1603 666 0 0 -nan 0.000000 2147483647.000000 0 -nan 0.000000
1604 667 0 0 -nan 0.000000 2147483647.000000 0 -nan 0.000000
1605 668 0 0 -nan 0.000000 2147483647.000000 0 -nan 0.000000
1606 669 0 0 -nan 0.000000 2147483647.000000 0 -nan 0.000000
1607 670 0 0 -nan 0.000000 2147483647.000000 0 -nan 0.000000
1608 671 0 0 -nan 0.000000 2147483647.000000 0 -nan 0.000000
1654 672 0 0 -nan 0.000000 2147483647.000000 0 -nan 0.000000
1655 673 0 0 -nan 0.000000 2147483647.000000 0 -nan 0.000000
1656 674 0 0 -nan 0.000000 2147483647.000000 0 -nan 0.000000
1657 675 0 0 -nan 0.000000 2147483647.000000 0 -nan 0.000000
1658 676 0 0 -nan 0.000000 2147483647.000000 0 -nan 0.000000
1659 677 0 0 -nan 0.000000 2147483647.000000 0 -nan 0.000000
1660 678 0 0 -nan 0.000000 2147483647.000000 0 -nan 0.000000
1661 679 0 0 -nan 0.000000 2147483647.000000 0 -nan 0.000000
1662 680 0 0 -nan 0.000000 2147483647.000000 0 -nan 0.000000
1663 681 0 0 -nan 0.000000 2147483647.000000 0 -nan 0.000000
1664 682 0 0 -nan 0.000000 2147483647.000000 0 -nan 0.000000
1665 683 0 0 -nan 0.000000 2147483647.000000 0 -nan 0.000000
1666 684 0 0 -nan 0.000000 2147483647.000000 0 -nan 0.000000
1667 685 0 0 -nan 0.000000 2147483647.000000 0 -nan 0.000000
1668 686 0 0 -nan 0.000000 2147483647.000000 0 -nan 0.000000
1669 687 0 0 -nan 0.000000 2147483647.000000 0 -nan 0.000000
1670 688 0 0 -nan 0.000000 2147483647.000000 0 -nan 0.000000
1671 689 0 0 -nan 0.000000 2147483647.000000 0 -nan 0.000000
1672 690 0 0 -nan 0.000000 2147483647.000000 0 -nan 0.000000
1673 691 0 0 -nan 0.000000 2147483647.000000 0 -nan 0.000000
1674 692 0 0 -nan 0.000000 2147483647.000000 0 -nan 0.000000
1675 693 0 0 -nan 0.000000 2147483647.000000 0 -nan 0.000000
1676 694 0 0 -nan 0.000000 2147483647.000000 0 -nan 0.000000
1677 695 0 0 -nan 0.000000 2147483647.000000 0 -nan 0.000000
1678 696 0 0 -nan 0.000000 2147483647.000000 0 -nan 0.000000
1679 697 0 0 -nan 0.000000 2147483647.000000 0 -nan 0.000000
1680 698 0 0 -nan 0.000000 2147483647.000000 0 -nan 0.000000
1681 699 0 0 -nan 0.000000 2147483647.000000 0 -nan 0.000000
1682 700 0 0 -nan 0.000000 2147483647.000000 0 -nan 0.000000
1683 701 0 0 -nan 0.000000 2147483647.000000 0 -nan 0.000000
1684 702 0 0 -nan 0.000000 2147483647.000000 0 -nan 0.000000
1685 703 0 0 -nan 0.000000 2147483647.000000 0 -nan 0.000000
1731 704 0 0 -nan 0.000000 2147483647.000000 0 -nan 0.000000
1732 705 0 0 -nan 0.000000 2147483647.000000 0 -nan 0.000000
1733 706 0 0 -nan 0.000000 2147483647.000000 0 -nan 0.000000
1734 707 0 0 -nan 0.000000 2147483647.000000 0 -nan 0.000000
1735 708 0 0 -nan 0.000000 2147483647.000000 0 -nan 0.000000
1736 709 0 0 -nan 0.000000 2147483647.000000 0 -nan 0.000000
1737 710 0 0 -nan 0.000000 2147483647.000000 0 -nan 0.000000
1738 711 0 0 -nan 0.000000 2147483647.000000 0 -nan 0.000000
1739 712 0 0 -nan 0.000000 2147483647.000000 0 -nan 0.000000
1740 713 0 0 -nan 0.000000 2147483647.000000 0 -nan 0.000000
1741 714 0 0 -nan 0.000000 2147483647.000000 0 -nan 0.000000
1742 715 0 0 -nan 0.000000 2147483647.000000 0 -nan 0.000000
1743 716 0 0 -nan 0.000000 2147483647.000000 0 -nan 0.000000
1744 717 0 0 -nan 0.000000 2147483647.000000 0 -nan 0.000000
1745 718 0 0 -nan 0.000000 2147483647.000000 0 -nan 0.000000
1746 719 0 0 -nan 0.000000 2147483647.000000 0 -nan 0.000000
1747 720 0 0 -nan 0.000000 2147483647.000000 0 -nan 0.000000
1748 721 0 0 -nan 0.000000 2147483647.000000 0 -nan 0.000000
1749 722 0 0 -nan 0.000000 2147483647.000000 0 -nan 0.000000
1750 723 0 0 -nan 0.000000 2147483647.000000 0 -nan 0.000000
1751 724 0 0 -nan 0.000000 2147483647.000000 0 -nan 0.000000
1752 725 0 0 -nan 0.000000 2147483647.000000 0 -nan 0.000000
1753 726 0 0 -nan 0.000000 2147483647.000000 0 -nan 0.000000
1754 727 0 0 -nan 0.000000 2147483647.000000 0 -nan 0.000000
1755 728 0 0 -nan 0.000000 2147483647.000000 0 -nan 0.000000
1756 729 0 0 -nan 0.000000 2147483647.000000 0 -nan 0.000000
1757 730 0 0 -nan 0.000000 2147483647.000000 0 -nan 0.000000
1758 731 0 0 -nan 0.000000 2147483647.000000 0 -nan 0.000000
1759 732 0 0 -nan 0.000000 2147483647.000000 0 -nan 0.000000
1760 733 0 0 -nan 0.000000 2147483647.000000 0 -nan 0.000000
1761 734 0 0 -nan 0.000000 2147483647.000000 0 -nan 0.000000
1762 735 0 0 -nan 0.000000 2147483647.000000 0 -nan 0.000000
1808 736 0 0 -nan 0.000000 2147483647.000000 0 -nan 0.000000
1809 737 0 0 -nan 0.000000 2147483647.000000 0 -nan 0.000000
1810 738 0 0 -nan 0.000000 2147483647.000000 0 -nan 0.000000
1811 739 0 0 -nan 0.000000 2147483647.000000 0 -nan 0.000000
1812 740 0 0 -nan 0.000000 2147483647.000000 0 -nan 0.000000
1813 741 0 0 -nan 0.000000 2147483647.000000 0 -nan 0.000000
1814 742 0 0 -nan 0.000000 2147483647.000000 0 -nan 0.000000
1815 743 0 0 -nan 0.000000 2147483647.000000 0 -nan 0.000000
1816 744 0 0 -nan 0.000000 2147483647.000000 0 -nan 0.000000
1817 745 0 0 -nan 0.000000 2147483647.000000 0 -nan 0.000000
1818 746 0 0 -nan 0.000000 2147483647.000000 0 -nan 0.000000
1819 747 0 0 -nan 0.000000 2147483647.000000 0 -nan 0.000000
1820 748 0 0 -nan 0.000000 2147483647.000000 0 -nan 0.000000
1821 749 0 0 -nan 0.000000 2147483647.000000 0 -nan 0.000000
1822 750 0 0 -nan 0.000000 2147483647.000000 0 -nan 0.000000
1823 751 0 0 -nan 0.000000 2147483647.000000 0 -nan 0.000000
1824 752 0 0 -nan 0.000000 2147483647.000000 0 -nan 0.000000
1825 753 0 0 -nan 0.000000 2147483647.000000 0 -nan 0.000000
1826 754 0 0 -nan 0.000000 2147483647.000000 0 -nan 0.000000
1827 755 0 0 -nan 0.000000 2147483647.000000 0 -nan 0.000000
1828 756 0 0 -nan 0.000000 2147483647.000000 0 -nan 0.000000
1829 757 0 0 -nan 0.000000 2147483647.000000 0 -nan 0.000000
1830 758 0 0 -nan 0.000000 2147483647.000000 0 -nan 0.000000
1831 759 0 0 -nan 0.000000 2147483647.000000 0 -nan 0.000000
1832 760 0 0 -nan 0.000000 2147483647.000000 0 -nan 0.000000
1833 761 0 0 -nan 0.000000 2147483647.000000 0 -nan 0.000000
1834 762 0 0 -nan 0.000000 2147483647.000000 0 -nan 0.000000
1835 763 0 0 -nan 0.000000 2147483647.000000 0 -nan 0.000000
1836 764 0 0 -nan 0.000000 2147483647.000000 0 -nan 0.000000
1837 765 0 0 -nan 0.000000 2147483647.000000 0 -nan 0.000000
1838 766 0 0 -nan 0.000000 2147483647.000000 0 -nan 0.000000
1839 767 0 0 -nan 0.000000 2147483647.000000 0 -nan 0.000000
1885 768 0 0 -nan 0.000000 2147483647.000000 0 -nan 0.000000
1886 769 0 0 -nan 0.000000 2147483647.000000 0 -nan 0.000000
1887 770 0 0 -nan 0.000000 2147483647.000000 0 -nan 0.000000
1888 771 0 0 -nan 0.000000 2147483647.000000 0 -nan 0.000000
1889 772 0 0 -nan 0.000000 2147483647.000000 0 -nan 0.000000
1890 773 0 0 -nan 0.000000 2147483647.000000 0 -nan 0.000000
1891 774 0 0 -nan 0.000000 2147483647.000000 0 -nan 0.000000
1892 775 0 0 -nan 0.000000 2147483647.000000 0 -nan 0.000000
1893 776 0 0 -nan 0.000000 2147483647.000000 0 -nan 0.000000
1894 777 0 0 -nan 0.000000 2147483647.000000 0 -nan 0.000000
1895 778 0 0 -nan 0.000000 2147483647.000000 0 -nan 0.000000
1896 779 0 0 -nan 0.000000 2147483647.000000 0 -nan 0.000000
1897 780 0 0 -nan 0.000000 2147483647.000000 0 -nan 0.000000
1898 781 0 0 -nan 0.000000 2147483647.000000 0 -nan 0.000000
1899 782 0 0 -nan 0.000000 2147483647.000000 0 -nan 0.000000
1900 783 0 0 -nan 0.000000 2147483647.000000 0 -nan 0.000000
1901 784 0 0 -nan 0.000000 2147483647.000000 0 -nan 0.000000
1902 785 0 0 -nan 0.000000 2147483647.000000 0 -nan 0.000000
1903 786 0 0 -nan 0.000000 2147483647.000000 0 -nan 0.000000
1904 787 0 0 -nan 0.000000 2147483647.000000 0 -nan 0.000000
1905 788 0 0 -nan 0.000000 2147483647.000000 0 -nan 0.000000
1906 789 0 0 -nan 0.000000 2147483647.000000 0 -nan 0.000000
1907 790 0 0 -nan 0.000000 2147483647.000000 0 -nan 0.000000
1908 791 0 0 -nan 0.000000 2147483647.000000 0 -nan 0.000000
1909 792 0 0 -nan 0.000000 2147483647.000000 0 -nan 0.000000
1910 793 0 0 -nan 0.000000 2147483647.000000 0 -nan 0.000000
1911 794 0 0 -nan 0.000000 2147483647.000000 0 -nan 0.000000
1912 795 0 0 -nan 0.000000 2147483647.000000 0 -nan 0.000000
1913 796 0 0 -nan 0.000000 2147483647.000000 0 -nan 0.000000
1914 797 0 0 -nan 0.000000 2147483647.000000 0 -nan 0.000000
1915 798 0 0 -nan 0.000000 2147483647.000000 0 -nan 0.000000
1916 799 0 0 -nan 0.000000 2147483647.000000 0 -nan 0.000000
1962 800 0 0 -nan 0.000000 2147483647.000000 0 -nan 0.000000
1963 801 0 0 -nan 0.000000 2147483647.000000 0 -nan 0.000000
1964 802 0 0 -nan 0.000000 2147483647.000000 0 -nan 0.000000
1965 803 0 0 -nan 0.000000 2147483647.000000 0 -nan 0.000000
1966 804 0 0 -nan 0.000000 2147483647.000000 0 -nan 0.000000
1967 805 0 0 -nan 0.000000 2147483647.000000 0 -nan 0.000000
1968 806 0 0 -nan 0.000000 2147483647.000000 0 -nan 0.000000
1969 807 0 0 -nan 0.000000 2147483647.000000 0 -nan 0.000000
1970 808 0 0 -nan 0.000000 2147483647.000000 0 -nan 0.000000
1971 809 0 0 -nan 0.000000 2147483647.000000 0 -nan 0.000000
1972 810 0 0 -nan 0.000000 2147483647.000000 0 -nan 0.000000
1973 811 0 0 -nan 0.000000 2147483647.000000 0 -nan 0.000000
1974 812 0 0 -nan 0.000000 2147483647.000000 0 -nan 0.000000
1975 813 0 0 -nan 0.000000 2147483647.000000 0 -nan 0.000000
1976 814 0 0 -nan 0.000000 2147483647.000000 0 -nan 0.000000
1977 815 0 0 -nan 0.000000 2147483647.000000 0 -nan 0.000000
1978 816 0 0 -nan 0.000000 2147483647.000000 0 -nan 0.000000
1979 817 0 0 -nan 0.000000 2147483647.000000 0 -nan 0.000000
1980 818 0 0 -nan 0.000000 2147483647.000000 0 -nan 0.000000
1981 819 0 0 -nan 0.000000 2147483647.000000 0 -nan 0.000000
1982 820 0 0 -nan 0.000000 2147483647.000000 0 -nan 0.000000
1983 821 0 0 -nan 0.000000 2147483647.000000 0 -nan 0.000000
1984 822 0 0 -nan 0.000000 2147483647.000000 0 -nan 0.000000
1985 823 0 0 -nan 0.000000 2147483647.000000 0 -nan 0.000000
1986 824 0 0 -nan 0.000000 2147483647.000000 0 -nan 0.000000
1987 825 0 0 -nan 0.000000 2147483647.000000 0 -nan 0.000000
1988 826 0 0 -nan 0.000000 2147483647.000000 0 -nan 0.000000
1989 827 0 0 -nan 0.000000 2147483647.000000 0 -nan 0.000000
1990 828 0 0 -nan 0.000000 2147483647.000000 0 -nan 0.000000
1991 829 0 0 -nan 0.000000 2147483647.000000 0 -nan 0.000000
1992 830 0 0 -nan 0.000000 2147483647.000000 0 -nan 0.000000
1993 831 0 0 -nan 0.000000 2147483647.000000 0 -nan 0.000000
2039 832 0 0 -nan 0.000000 2147483647.000000 0 -nan 0.000000
2040 833 0 0 -nan 0.000000 2147483647.000000 0 -nan 0.000000
2041 834 0 0 -nan 0.000000 2147483647.000000 0 -nan 0.000000
2042 835 0 0 -nan 0.000000 2147483647.000000 0 -nan 0.000000
2043 836 0 0 -nan 0.000000 2147483647.000000 0 -nan 0.000000
2044 837 0 0 -nan 0.000000 2147483647.000000 0 -nan 0.000000
2045 838 0 0 -nan 0.000000 2147483647.000000 0 -nan 0.000000
2046 839 0 0 -nan 0.000000 2147483647.000000 0 -nan 0.000000
2047 840 0 0 -nan 0.000000 2147483647.000000 0 -nan 0.000000
2048 841 0 0 -nan 0.000000 2147483647.000000 0 -nan 0.000000
2049 842 0 0 -nan 0.000000 2147483647.000000 0 -nan 0.000000
2050 843 0 0 -nan 0.000000 2147483647.000000 0 -nan 0.000000
2051 844 0 0 -nan 0.000000 2147483647.000000 0 -nan 0.000000
2052 845 0 0 -nan 0.000000 2147483647.000000 0 -nan 0.000000
2053 846 0 0 -nan 0.000000 2147483647.000000 0 -nan 0.000000
2054 847 0 0 -nan 0.000000 2147483647.000000 0 -nan 0.000000
2055 848 0 0 -nan 0.000000 2147483647.000000 0 -nan 0.000000
2056 849 0 0 -nan 0.000000 2147483647.000000 0 -nan 0.000000
2057 850 0 0 -nan 0.000000 2147483647.000000 0 -nan 0.000000
2058 851 0 0 -nan 0.000000 2147483647.000000 0 -nan 0.000000
2059 852 0 0 -nan 0.000000 2147483647.000000 0 -nan 0.000000
2060 853 0 0 -nan 0.000000 2147483647.000000 0 -nan 0.000000
2061 854 0 0 -nan 0.000000 2147483647.000000 0 -nan 0.000000
2062 855 0 0 -nan 0.000000 2147483647.000000 0 -nan 0.000000
2063 856 0 0 -nan 0.000000 2147483647.000000 0 -nan 0.000000
2064 857 0 0 -nan 0.000000 2147483647.000000 0 -nan 0.000000
2065 858 0 0 -nan 0.000000 2147483647.000000 0 -nan 0.000000
2066 859 0 0 -nan 0.000000 2147483647.000000 0 -nan 0.000000
2067 860 0 0 -nan 0.000000 2147483647.000000 0 -nan 0.000000
2068 861 0 0 -nan 0.000000 2147483647.000000 0 -nan 0.000000
2069 862 0 0 -nan 0.000000 2147483647.000000 0 -nan 0.000000
2070 863 0 0 -nan 0.000000 2147483647.000000 0 -nan 0.000000
2116 864 0 0 -nan 0.000000 2147483647.000000 0 -nan 0.000000
2117 865 0 0 -nan 0.000000 2147483647.000000 0 -nan 0.000000
2118 866 0 0 -nan 0.000000 2147483647.000000 0 -nan 0.000000
2119 867 0 0 -nan 0.000000 2147483647.000000 0 -nan 0.000000
2120 868 0 0 -nan 0.000000 2147483647.000000 0 -nan 0.000000
2121 869 0 0 -nan 0.000000 2147483647.000000 0 -nan 0.000000
2122 870 0 0 -nan 0.000000 2147483647.000000 0 -nan 0.000000
2123 871 0 0 -nan 0.000000 2147483647.000000 0 -nan 0.000000
2124 872 0 0 -nan 0.000000 2147483647.000000 0 -nan 0.000000
2125 873 0 0 -nan 0.000000 2147483647.000000 0 -nan 0.000000
2126 874 0 0 -nan 0.000000 2147483647.000000 0 -nan 0.000000
2127 875 0 0 -nan 0.000000 2147483647.000000 0 -nan 0.000000
2128 876 0 0 -nan 0.000000 2147483647.000000 0 -nan 0.000000
2129 877 0 0 -nan 0.000000 2147483647.000000 0 -nan 0.000000
2130 878 0 0 -nan 0.000000 2147483647.000000 0 -nan 0.000000
2131 879 0 0 -nan 0.000000 2147483647.000000 0 -nan 0.000000
2132 880 0 0 -nan 0.000000 2147483647.000000 0 -nan 0.000000
2133 881 0 0 -nan 0.000000 2147483647.000000 0 -nan 0.000000
2134 882 0 0 -nan 0.000000 2147483647.000000 0 -nan 0.000000
2135 883 0 0 -nan 0.000000 2147483647.000000 0 -nan 0.000000
2136 884 0 0 -nan 0.000000 2147483647.000000 0 -nan 0.000000
2137 885 0 0 -nan 0.000000 2147483647.000000 0 -nan 0.000000
2138 886 0 0 -nan 0.000000 2147483647.000000 0 -nan 0.000000
2139 887 0 0 -nan 0.000000 2147483647.000000 0 -nan 0.000000
2140 888 0 0 -nan 0.000000 2147483647.000000 0 -nan 0.000000
2141 889 0 0 -nan 0.000000 2147483647.000000 0 -nan 0.000000
2142 890 0 0 -nan 0.000000 2147483647.000000 0 -nan 0.000000
2143 891 0 0 -nan 0.000000 2147483647.000000 0 -nan 0.000000
2144 892 0 0 -nan 0.000000 2147483647.000000 0 -nan 0.000000
2145 893 0 0 -nan 0.000000 2147483647.000000 0 -nan 0.000000
2146 894 0 0 -nan 0.000000 2147483647.000000 0 -nan 0.000000
2147 895 0 0 -nan 0.000000 2147483647.000000 0 -nan 0.000000
2193 896 0 0 -nan 0.000000 2147483647.000000 0 -nan 0.000000
2194 897 0 0 -nan 0.000000 2147483647.000000 0 -nan 0.000000
2195 898 0 0 -nan 0.000000 2147483647.000000 0 -nan 0.000000
2196 899 0 0 -nan 0.000000 2147483647.000000 0 -nan 0.000000
2197 900 0 0 -nan 0.000000 2147483647.000000 0 -nan 0.000000
2198 901 0 0 -nan 0.000000 2147483647.000000 0 -nan 0.000000
2199 902 0 0 -nan 0.000000 2147483647.000000 0 -nan 0.000000
2200 903 0 0 -nan 0.000000 2147483647.000000 0 -nan 0.000000
2201 904 0 0 -nan 0.000000 2147483647.000000 0 -nan 0.000000
2202 905 0 0 -nan 0.000000 2147483647.000000 0 -nan 0.000000
2203 906 0 0 -nan 0.000000 2147483647.000000 0 -nan 0.000000
2204 907 0 0 -nan 0.000000 2147483647.000000 0 -nan 0.000000
2205 908 0 0 -nan 0.000000 2147483647.000000 0 -nan 0.000000
2206 909 0 0 -nan 0.000000 2147483647.000000 0 -nan 0.000000
2207 910 0 0 -nan 0.000000 2147483647.000000 0 -nan 0.000000
2208 911 0 0 -nan 0.000000 2147483647.000000 0 -nan 0.000000
2209 912 0 0 -nan 0.000000 2147483647.000000 0 -nan 0.000000
2210 913 0 0 -nan 0.000000 2147483647.000000 0 -nan 0.000000
2211 914 0 0 -nan 0.000000 2147483647.000000 0 -nan 0.000000
2212 915 0 0 -nan 0.000000 2147483647.000000 0 -nan 0.000000
2213 916 0 0 -nan 0.000000 2147483647.000000 0 -nan 0.000000
2214 917 0 0 -nan 0.000000 2147483647.000000 0 -nan 0.000000
2215 918 0 0 -nan 0.000000 2147483647.000000 0 -nan 0.000000
2216 919 0 0 -nan 0.000000 2147483647.000000 0 -nan 0.000000
2217 920 0 0 -nan 0.000000 2147483647.000000 0 -nan 0.000000
2218 921 0 0 -nan 0.000000 2147483647.000000 0 -nan 0.000000
2219 922 0 0 -nan 0.000000 2147483647.000000 0 -nan 0.000000
2220 923 0 0 -nan 0.000000 2147483647.000000 0 -nan 0.000000
2221 924 0 0 -nan 0.000000 2147483647.000000 0 -nan 0.000000
2222 925 0 0 -nan 0.000000 2147483647.000000 0 -nan 0.000000
2223 926 0 0 -nan 0.000000 2147483647.000000 0 -nan 0.000000
2224 927 0 0 -nan 0.000000 2147483647.000000 0 -nan 0.000000
2270 928 0 0 -nan 0.000000 2147483647.000000 0 -nan 0.000000
2271 929 0 0 -nan 0.000000 2147483647.000000 0 -nan 0.000000
2272 930 0 0 -nan 0.000000 2147483647.000000 0 -nan 0.000000
2273 931 0 0 -nan 0.000000 2147483647.000000 0 -nan 0.000000
2274 932 0 0 -nan 0.000000 2147483647.000000 0 -nan 0.000000
2275 933 0 0 -nan 0.000000 2147483647.000000 0 -nan 0.000000
2276 934 0 0 -nan 0.000000 2147483647.000000 0 -nan 0.000000
2277 935 0 0 -nan 0.000000 2147483647.000000 0 -nan 0.000000
2278 936 0 0 -nan 0.000000 2147483647.000000 0 -nan 0.000000
2279 937 0 0 -nan 0.000000 2147483647.000000 0 -nan 0.000000
2280 938 0 0 -nan 0.000000 2147483647.000000 0 -nan 0.000000
2281 939 0 0 -nan 0.000000 2147483647.000000 0 -nan 0.000000
2282 940 0 0 -nan 0.000000 2147483647.000000 0 -nan 0.000000
2283 941 0 0 -nan 0.000000 2147483647.000000 0 -nan 0.000000
2284 942 0 0 -nan 0.000000 2147483647.000000 0 -nan 0.000000
2285 943 0 0 -nan 0.000000 2147483647.000000 0 -nan 0.000000
2286 944 0 0 -nan 0.000000 2147483647.000000 0 -nan 0.000000
2287 945 0 0 -nan 0.000000 2147483647.000000 0 -nan 0.000000
2288 946 0 0 -nan 0.000000 2147483647.000000 0 -nan 0.000000
2289 947 0 0 -nan 0.000000 2147483647.000000 0 -nan 0.000000
2290 948 0 0 -nan 0.000000 2147483647.000000 0 -nan 0.000000
2291 949 0 0 -nan 0.000000 2147483647.000000 0 -nan 0.000000
2292 950 0 0 -nan 0.000000 2147483647.000000 0 -nan 0.000000
2293 951 0 0 -nan 0.000000 2147483647.000000 0 -nan 0.000000
2294 952 0 0 -nan 0.000000 2147483647.000000 0 -nan 0.000000
2295 953 0 0 -nan 0.000000 2147483647.000000 0 -nan 0.000000
2296 954 0 0 -nan 0.000000 2147483647.000000 0 -nan 0.000000
2297 955 0 0 -nan 0.000000 2147483647.000000 0 -nan 0.000000
2298 956 0 0 -nan 0.000000 2147483647.000000 0 -nan 0.000000
2299 957 0 0 -nan 0.000000 2147483647.000000 0 -nan 0.000000
2300 958 0 0 -nan 0.000000 2147483647.000000 0 -nan 0.000000
2301 959 0 0 -nan 0.000000 2147483647.000000 0 -nan 0.000000
2347 960 0 0 -nan 0.000000 2147483647.000000 0 -nan 0.000000
2348 961 0 0 -nan 0.000000 2147483647.000000 0 -nan 0.000000
2349 962 0 0 -nan 0.000000 2147483647.000000 0 -nan 0.000000
2350 963 0 0 -nan 0.000000 2147483647.000000 0 -nan 0.000000
2351 964 0 0 -nan 0.000000 2147483647.000000 0 -nan 0.000000
2352 965 0 0 -nan 0.000000 2147483647.000000 0 -nan 0.000000
2353 966 0 0 -nan 0.000000 2147483647.000000 0 -nan 0.000000
2354 967 0 0 -nan 0.000000 2147483647.000000 0 -nan 0.000000
2355 968 0 0 -nan 0.000000 2147483647.000000 0 -nan 0.000000
2356 969 0 0 -nan 0.000000 2147483647.000000 0 -nan 0.000000
2357 970 0 0 -nan 0.000000 2147483647.000000 0 -nan 0.000000
2358 971 0 0 -nan 0.000000 2147483647.000000 0 -nan 0.000000
2359 972 0 0 -nan 0.000000 2147483647.000000 0 -nan 0.000000
2360 973 0 0 -nan 0.000000 2147483647.000000 0 -nan 0.000000
2361 974 0 0 -nan 0.000000 2147483647.000000 0 -nan 0.000000
2362 975 0 0 -nan 0.000000 2147483647.000000 0 -nan 0.000000
2363 976 0 0 -nan 0.000000 2147483647.000000 0 -nan 0.000000
2364 977 0 0 -nan 0.000000 2147483647.000000 0 -nan 0.000000
2365 978 0 0 -nan 0.000000 2147483647.000000 0 -nan 0.000000
2366 979 0 0 -nan 0.000000 2147483647.000000 0 -nan 0.000000
2367 980 0 0 -nan 0.000000 2147483647.000000 0 -nan 0.000000
2368 981 0 0 -nan 0.000000 2147483647.000000 0 -nan 0.000000
2369 982 0 0 -nan 0.000000 2147483647.000000 0 -nan 0.000000
2370 983 0 0 -nan 0.000000 2147483647.000000 0 -nan 0.000000
2371 984 0 0 -nan 0.000000 2147483647.000000 0 -nan 0.000000
2372 985 0 0 -nan 0.000000 2147483647.000000 0 -nan 0.000000
2373 986 0 0 -nan 0.000000 2147483647.000000 0 -nan 0.000000
2374 987 0 0 -nan 0.000000 2147483647.000000 0 -nan 0.000000
2375 988 0 0 -nan 0.000000 2147483647.000000 0 -nan 0.000000
2376 989 0 0 -nan 0.000000 2147483647.000000 0 -nan 0.000000
2377 990 0 0 -nan 0.000000 2147483647.000000 0 -nan 0.000000
2378 991 0 0 -nan 0.000000 2147483647.000000 0 -nan 0.000000
2424 992 0 0 -nan 0.000000 2147483647.000000 0 -nan 0.000000
2425 993 0 0 -nan 0.000000 2147483647.000000 0 -nan 0.000000
2426 994 0 0 -nan 0.000000 2147483647.000000 0 -nan 0.000000
2427 995 0 0 -nan 0.000000 2147483647.000000 0 -nan 0.000000
2428 996 0 0 -nan 0.000000 2147483647.000000 0 -nan 0.000000
2429 997 0 0 -nan 0.000000 2147483647.000000 0 -nan 0.000000
2430 998 0 0 -nan 0.000000 2147483647.000000 0 -nan 0.000000
2431 999 0 0 -nan 0.000000 2147483647.000000 0 -nan 0.000000
2432 1000 0 0 -nan 0.000000 2147483647.000000 0 -nan 0.000000
2433 1001 0 0 -nan 0.000000 2147483647.000000 0 -nan 0.000000
2434 1002 0 0 -nan 0.000000 2147483647.000000 0 -nan 0.000000
2435 1003 0 0 -nan 0.000000 2147483647.000000 0 -nan 0.000000
2436 1004 0 0 -nan 0.000000 2147483647.000000 0 -nan 0.000000
2437 1005 0 0 -nan 0.000000 2147483647.000000 0 -nan 0.000000
2438 1006 0 0 -nan 0.000000 2147483647.000000 0 -nan 0.000000
2439 1007 0 0 -nan 0.000000 2147483647.000000 0 -nan 0.000000
2440 1008 0 0 -nan 0.000000 2147483647.000000 0 -nan 0.000000
2441 1009 0 0 -nan 0.000000 2147483647.000000 0 -nan 0.000000
2442 1010 0 0 -nan 0.000000 2147483647.000000 0 -nan 0.000000
2443 1011 0 0 -nan 0.000000 2147483647.000000 0 -nan 0.000000
2444 1012 0 0 -nan 0.000000 2147483647.000000 0 -nan 0.000000
2445 1013 0 0 -nan 0.000000 2147483647.000000 0 -nan 0.000000
2446 1014 0 0 -nan 0.000000 2147483647.000000 0 -nan 0.000000
2447 1015 0 0 -nan 0.000000 2147483647.000000 0 -nan 0.000000
2448 1016 0 0 -nan 0.000000 2147483647.000000 0 -nan 0.000000
2449 1017 0 0 -nan 0.000000 2147483647.000000 0 -nan 0.000000
2450 1018 0 0 -nan 0.000000 2147483647.000000 0 -nan 0.000000
2451 1019 0 0 -nan 0.000000 2147483647.000000 0 -nan 0.000000
2452 1020 0 0 -nan 0.000000 2147483647.000000 0 -nan 0.000000
2453 1021 0 0 -nan 0.000000 2147483647.000000 0 -nan 0.000000
2454 1022 0 0 -nan 0.000000 2147483647.000000 0 -nan 0.000000
2455 1023 0 0 -nan 0.000000 2147483647.000000 0 -nan 0.000000
2501 1024 0 0 -nan 0.000000 2147483647.000000 0 -nan 0.000000
2502 1025 0 0 -nan 0.000000 2147483647.000000 0 -nan 0.000000
2503 1026 0 0 -nan 0.000000 2147483647.000000 0 -nan 0.000000
2504 1027 0 0 -nan 0.000000 2147483647.000000 0 -nan 0.000000
2505 1028 0 0 -nan 0.000000 2147483647.000000 0 -nan 0.000000
2506 1029 0 0 -nan 0.000000 2147483647.000000 0 -nan 0.000000
2507 1030 0 0 -nan 0.000000 2147483647.000000 0 -nan 0.000000
2508 1031 0 0 -nan 0.000000 2147483647.000000 0 -nan 0.000000
2509 1032 0 0 -nan 0.000000 2147483647.000000 0 -nan 0.000000
2510 1033 0 0 -nan 0.000000 2147483647.000000 0 -nan 0.000000
2511 1034 0 0 -nan 0.000000 2147483647.000000 0 -nan 0.000000
2512 1035 0 0 -nan 0.000000 2147483647.000000 0 -nan 0.000000
2513 1036 0 0 -nan 0.000000 2147483647.000000 0 -nan 0.000000
2514 1037 0 0 -nan 0.000000 2147483647.000000 0 -nan 0.000000
2515 1038 0 0 -nan 0.000000 2147483647.000000 0 -nan 0.000000
2516 1039 0 0 -nan 0.000000 2147483647.000000 0 -nan 0.000000
2517 1040 0 0 -nan 0.000000 2147483647.000000 0 -nan 0.000000
2518 1041 0 0 -nan 0.000000 2147483647.000000 0 -nan 0.000000
2519 1042 0 0 -nan 0.000000 2147483647.000000 0 -nan 0.000000
2520 1043 0 0 -nan 0.000000 2147483647.000000 0 -nan 0.000000
2521 1044 0 0 -nan 0.000000 2147483647.000000 0 -nan 0.000000
2522 1045 0 0 -nan 0.000000 2147483647.000000 0 -nan 0.000000
2523 1046 0 0 -nan 0.000000 2147483647.000000 0 -nan 0.000000
2524 1047 0 0 -nan 0.000000 2147483647.000000 0 -nan 0.000000
2525 1048 0 0 -nan 0.000000 2147483647.000000 0 -nan 0.000000
2526 1049 0 0 -nan 0.000000 2147483647.000000 0 -nan 0.000000
2527 1050 0 0 -nan 0.000000 2147483647.000000 0 -nan 0.000000
2528 1051 0 0 -nan 0.000000 2147483647.000000 0 -nan 0.000000
2529 1052 0 0 -nan 0.000000 2147483647.000000 0 -nan 0.000000
2530 1053 0 0 -nan 0.000000 2147483647.000000 0 -nan 0.000000
2531 1054 0 0 -nan 0.000000 2147483647.000000 0 -nan 0.000000
2532 1055 0 0 -nan 0.000000 2147483647.000000 0 -nan 0.000000
