# Format <LP ID> <Terminal ID> <Job ID> <Local Rank> <Total sends> <Total Recvs> <Bytes sent> <Bytes recvd> <Send time> <Comm. time> <Compute time> <Avg msg time> <Max Msg Time>
6 0 0 0 1800 1800 796264000 796264000 1347225574.582727 335917159.521204 5000.000000 748458.652546 335922159.521204
7 1 0 1 3400 3400 796276800 796276800 1468024897.649287 335916582.004867 5000.000000 431772.028720 335921582.004867
8 2 0 2 1800 1800 796264000 796264000 1445658080.751912 335915106.475152 5000.000000 803143.378196 335920106.475152
9 3 0 3 3400 3400 796276800 796276800 1171671677.719438 335914528.521498 5000.000000 344609.316976 335919528.521498
10 4 0 4 1800 1800 796264000 796264000 1380451611.111913 335916180.608612 5000.000000 766917.561729 335921180.608612
11 5 0 5 3400 3400 796276800 796276800 1607874409.803011 335915602.640058 5000.000000 472904.238177 335920602.640058
12 6 0 6 1800 1800 796264000 796264000 1594131058.100165 335917253.785642 5000.000000 885628.365611 335922253.785642
13 7 0 7 3400 3400 796276800 796276800 1176734213.936930 335916675.735552 5000.000000 346098.298217 335921675.735552
14 8 0 8 1800 1800 796264000 796264000 1569749555.089345 335916079.862053 5000.000000 872083.086161 335921079.862053
15 9 0 9 3400 3400 796276800 796276800 1480983880.838248 335915501.634288 5000.000000 435583.494364 335920501.634288
16 10 0 10 1800 1800 796264000 796264000 1469262256.645214 335916331.034785 5000.000000 816256.809247 335921331.034785
17 11 0 11 3400 3400 796276800 796276800 915289746.642799 335915753.233411 5000.000000 269202.866660 335920753.233411
18 12 0 12 1800 1800 796264000 796264000 1157407783.227727 335918197.337125 5000.000000 643004.324015 335923197.337125
19 13 0 13 3400 3400 796276800 796276800 1333638058.318482 335917618.949901 5000.000000 392246.487741 335922618.949901
20 14 0 14 1800 1800 796264000 796264000 1327995688.643460 335916705.763803 5000.000000 737775.382580 335921705.763803
21 15 0 15 3400 3400 796276800 796276800 1216248000.224740 335916128.120497 5000.000000 357720.000066 335921128.120497
22 16 0 16 1800 1800 796264000 796264000 1319278754.043518 335919572.032696 5000.000000 732932.641135 335924572.032696
23 17 0 17 3400 3400 796276800 796276800 1461134494.013929 335918994.918164 5000.000000 429745.439416 335923994.918164
24 18 0 18 1800 1800 796264000 796264000 1523330799.875880 335917340.375941 5000.000000 846294.888820 335922340.375941
25 19 0 19 3400 3400 796276800 796276800 1081795221.726257 335916762.642776 5000.000000 318175.065214 335921762.642776
26 20 0 20 1800 1800 796264000 796264000 1530145528.303534 335917244.177574 5000.000000 850080.849058 335922244.177574
27 21 0 21 3400 3400 796276800 796276800 1456211604.995378 335916666.663809 5000.000000 428297.530881 335921666.663809
28 22 0 22 1800 1800 796264000 796264000 1450878510.476119 335914925.089472 5000.000000 806043.616931 335919925.089472
29 23 0 23 3400 3400 796276800 796276800 928916451.711271 335914347.588484 5000.000000 273210.721092 335919347.588484
30 24 0 24 1800 1800 796264000 796264000 922273315.483943 335919141.076995 5000.000000 512374.064158 335924141.076995
31 25 0 25 3400 3400 796276800 796276800 1358345601.258341 335918563.665416 5000.000000 399513.412135 335923563.665416
32 26 0 26 1800 1800 796264000 796264000 1342070262.100297 335917734.873802 5000.000000 745594.590056 335922734.873802
33 27 0 27 3400 3400 796276800 796276800 1523681430.613364 335917157.037570 5000.000000 448141.597239 335922157.037570
34 28 0 28 1800 1800 796264000 796264000 1441559633.256541 335919475.812000 5000.000000 800866.462920 335924475.812000
35 29 0 29 3400 3400 796276800 796276800 1480888112.679181 335918898.199311 5000.000000 435555.327259 335923898.199311
83 30 0 30 1800 1800 796264000 796264000 971009316.208821 335917243.069743 5000.000000 539449.620116 335922243.069743
84 31 0 31 3400 3400 796276800 796276800 1380279270.688481 335916665.264461 5000.000000 405964.491379 335921665.264461
85 32 0 32 1800 1800 796264000 796264000 1383799030.990204 335913281.317500 5000.000000 768777.239439 335918281.317500
86 33 0 33 3400 3400 796276800 796276800 1534230119.992959 335912703.530817 5000.000000 451244.152939 335917703.530817
87 34 0 34 1800 1800 796264000 796264000 1590076399.773557 335912702.459629 5000.000000 883375.777652 335917702.459629
88 35 0 35 3400 3400 796276800 796276800 1598680687.339255 335912124.442670 5000.000000 470200.202159 335917124.442670
89 36 0 36 1800 1800 796264000 796264000 1454605007.943915 335913855.961443 5000.000000 808113.893302 335918855.961443
90 37 0 37 3400 3400 796276800 796276800 1446295137.889163 335913278.391271 5000.000000 425380.922909 335918278.391271
91 38 0 38 1800 1800 796264000 796264000 1565506032.836092 335914107.192001 5000.000000 869725.573798 335919107.192001
92 39 0 39 3400 3400 796276800 796276800 1462966995.671621 335913528.759510 5000.000000 430284.410492 335918528.759510
93 40 0 40 1800 1800 796264000 796264000 1443231394.094094 335917152.981510 5000.000000 801795.218941 335922152.981510
94 41 0 41 3400 3400 796276800 796276800 941184222.906824 335916575.185038 5000.000000 276818.889090 335921575.185038
95 42 0 42 1800 1800 796264000 796264000 1172210462.295032 335916493.757644 5000.000000 651228.034608 335921493.757644
96 43 0 43 3400 3400 796276800 796276800 1348898374.395566 335915916.124910 5000.000000 396734.815999 335920916.124910
97 44 0 44 1800 1800 796264000 796264000 1338924448.284934 335916707.355681 5000.000000 743846.915714 335921707.355681
98 45 0 45 3400 3400 796276800 796276800 1177429831.187939 335916129.261287 5000.000000 346302.891526 335921129.261287
99 46 0 46 1800 1800 796264000 796264000 1457748000.434039 335913558.934179 5000.000000 809860.000241 335918558.934179
100 47 0 47 3400 3400 796276800 796276800 1464843695.508997 335912981.324309 5000.000000 430836.381032 335917981.324309
101 48 0 48 1800 1800 796264000 796264000 1470164935.886495 335915514.104225 5000.000000 816758.297715 335920514.104225
102 49 0 49 3400 3400 796276800 796276800 1484739536.436508 335914936.560375 5000.000000 436688.098952 335919936.560375
103 50 0 50 1800 1800 796264000 796264000 1557724536.930458 335914935.477478 5000.000000 865402.520517 335919935.477478
104 51 0 51 3400 3400 796276800 796276800 1441352565.281181 335914357.793229 5000.000000 423927.225083 335919357.793229
105 52 0 52 1800 1800 796264000 796264000 1430662772.066892 335915262.709053 5000.000000 794812.651148 335920262.709053
106 53 0 53 3400 3400 796276800 796276800 1008926658.735905 335914684.857672 5000.000000 296743.134922 335919684.857672
107 54 0 54 1800 1800 796264000 796264000 1274925738.723211 335913771.999582 5000.000000 708292.077068 335918771.999582
108 55 0 55 3400 3400 796276800 796276800 1419470633.141501 335913194.225871 5000.000000 417491.362689 335918194.225871
109 56 0 56 1800 1800 796264000 796264000 1419327435.126910 335915989.253664 5000.000000 788515.241737 335920989.253664
110 57 0 57 3400 3400 796276800 796276800 1262828872.559098 335915411.798259 5000.000000 371420.256635 335920411.798259
111 58 0 58 1800 1800 796264000 796264000 1385686400.601242 335914588.618605 5000.000000 769825.778112 335919588.618605
112 59 0 59 3400 3400 796276800 796276800 1400369719.104072 335914010.818974 5000.000000 411873.446795 335919010.818974
160 60 0 60 1800 1800 796264000 796264000 1366994787.616481 335916330.996228 5000.000000 759441.548676 335921330.996228
161 61 0 61 3400 3400 796276800 796276800 1478988645.687473 335915753.101593 5000.000000 434996.660496 335920753.101593
162 62 0 62 1800 1800 796264000 796264000 1455740021.291396 335914925.181803 5000.000000 808744.456273 335919925.181803
163 63 0 63 3400 3400 796276800 796276800 1195861436.432291 335914347.357835 5000.000000 351723.951892 335919347.357835
164 64 0 64 1800 1800 796264000 796264000 1479484766.195385 335920391.471691 5000.000000 821935.981220 335925391.471691
165 65 0 65 3400 3400 796276800 796276800 1680091234.750066 335919813.747746 5000.000000 494144.480809 335924813.747746
166 66 0 66 1800 1800 796264000 796264000 1669560497.652017 335918984.518750 5000.000000 927533.609807 335923984.518750
167 67 0 67 3400 3400 796276800 796276800 1251303179.956172 335918406.919522 5000.000000 368030.347046 335923406.919522
168 68 0 68 1800 1800 796264000 796264000 1586311911.420898 335919326.343045 5000.000000 881284.395234 335924326.343045
169 69 0 69 3400 3400 796276800 796276800 1504372010.130080 335918748.513600 5000.000000 442462.355921 335923748.513600
170 70 0 70 1800 1800 796264000 796264000 1509576014.923247 335917445.569727 5000.000000 838653.341624 335922445.569727
171 71 0 71 3400 3400 796276800 796276800 926296617.624945 335916867.436616 5000.000000 272440.181654 335921867.436616
172 72 0 72 1800 1800 796264000 796264000 1167422029.345168 335919225.979488 5000.000000 648567.794081 335924225.979488
173 73 0 73 3400 3400 796276800 796276800 1388440694.962967 335918648.369192 5000.000000 408364.910283 335923648.369192
174 74 0 74 1800 1800 796264000 796264000 1386029834.182475 335919562.223199 5000.000000 770016.574546 335924562.223199
175 75 0 75 3400 3400 796276800 796276800 1199657397.886142 335918984.068517 5000.000000 352840.411143 335923984.068517
176 76 0 76 1800 1800 796264000 796264000 1325426136.227386 335922256.239138 5000.000000 736347.853460 335927256.239138
177 77 0 77 3400 3400 796276800 796276800 1492238627.575168 335921678.739484 5000.000000 438893.713993 335926678.739484
178 78 0 78 1800 1800 796264000 796264000 1542156159.168123 335920765.619940 5000.000000 856753.421760 335925765.619940
179 79 0 79 3400 3400 796276800 796276800 1111759504.403706 335920188.366130 5000.000000 326988.089531 335925188.366130
180 80 0 80 1800 1800 796264000 796264000 1570136751.922594 335919311.722554 5000.000000 872298.195513 335924311.722554
181 81 0 81 3400 3400 796276800 796276800 1491278935.577853 335918734.071154 5000.000000 438611.451641 335923734.071154
182 82 0 82 1800 1800 796264000 796264000 1477515411.573894 335919477.926306 5000.000000 820841.895319 335924477.926306
183 83 0 83 3400 3400 796276800 796276800 972712698.322333 335918899.463167 5000.000000 286091.970095 335923899.463167
184 84 0 84 1800 1800 796264000 796264000 989726349.301228 335920389.640227 5000.000000 549847.971834 335925389.640227
185 85 0 85 3400 3400 796276800 796276800 1428158723.800125 335919811.934188 5000.000000 420046.683471 335924811.934188
186 86 0 86 1800 1800 796264000 796264000 1425019114.136361 335918072.588723 5000.000000 791677.285631 335923072.588723
187 87 0 87 3400 3400 796276800 796276800 1554192118.001652 335917494.399053 5000.000000 457115.328824 335922494.399053
188 88 0 88 3200 3200 796275200 796275200 1470747727.971615 335917355.262238 5000.000000 459608.664991 335922355.262238
189 89 0 89 3200 3200 796275200 796275200 1493807513.482480 335915949.458580 5000.000000 466814.847963 335920949.458580
237 90 0 90 3200 3200 796275200 796275200 1004475434.458100 335918603.163416 5000.000000 313898.573268 335923603.163416
238 91 0 91 3200 3200 796275200 796275200 1407732560.351216 335915457.113599 5000.000000 439916.425110 335920457.113599
239 92 0 92 3200 3200 796275200 796275200 1410922487.820606 335913966.510118 5000.000000 440913.277444 335918966.510118
240 93 0 93 3200 3200 796275200 796275200 1608949230.441357 335913385.685625 5000.000000 502796.634513 335918385.685625
241 94 0 94 3200 3200 796275200 796275200 1672760851.221118 335912988.839986 5000.000000 522737.766007 335917988.839986
242 95 0 95 3200 3200 796275200 796275200 1685683191.988857 335912326.536161 5000.000000 526775.997497 335917326.536161
243 96 0 96 3200 3200 796275200 796275200 1520976904.315522 335917107.652767 5000.000000 475305.282599 335922107.652767
244 97 0 97 3200 3200 796275200 796275200 1501959944.303777 335912963.939940 5000.000000 469362.482595 335917963.939940
245 98 0 98 3200 3200 796275200 796275200 1579452090.101337 335915787.482203 5000.000000 493578.778157 335920787.482203
246 99 0 99 3200 3200 796275200 796275200 1476208262.825258 335914342.072940 5000.000000 461315.082133 335919342.072940
247 100 0 100 3200 3200 796275200 796275200 1483236929.163118 335913631.409758 5000.000000 463511.540363 335918631.409758
248 101 0 101 3200 3200 796275200 796275200 919987446.520281 335913047.009220 5000.000000 287496.077038 335918047.009220
249 102 0 102 3200 3200 796275200 796275200 1205587920.308895 335914305.027506 5000.000000 376746.225097 335919305.027506
250 103 0 103 3200 3200 796275200 796275200 1394199935.672768 335911163.061385 5000.000000 435687.479898 335916163.061385
251 104 0 104 3200 3200 796275200 796275200 1388122638.183695 335914123.453217 5000.000000 433788.324432 335919123.453217
252 105 0 105 3200 3200 796275200 796275200 1166850831.168423 335913629.962874 5000.000000 364640.884740 335918629.962874
253 106 0 106 3200 3200 796275200 796275200 1498779402.904470 335915457.326271 5000.000000 468368.563408 335920457.326271
254 107 0 107 3200 3200 796275200 796275200 1508620919.929517 335915708.523469 5000.000000 471444.037478 335920708.523469
255 108 0 108 3200 3200 796275200 796275200 1516596804.177508 335917943.561792 5000.000000 473936.501305 335922943.561792
256 109 0 109 3200 3200 796275200 796275200 1514918555.799058 335913139.392382 5000.000000 473412.048687 335918139.392382
257 110 0 110 3200 3200 796275200 796275200 1723437155.341243 335916135.150818 5000.000000 538574.111044 335921135.150818
258 111 0 111 3200 3200 796275200 796275200 1499341177.469829 335914645.310541 5000.000000 468544.117959 335919645.310541
259 112 0 112 3200 3200 796275200 796275200 1506606023.325749 335915122.320991 5000.000000 470814.382289 335920122.320991
260 113 0 113 3200 3200 796275200 796275200 1060563197.604472 335916285.714210 5000.000000 331425.999251 335921285.714210
261 114 0 114 3200 3200 796275200 796275200 1343176145.301544 335918979.214637 5000.000000 419742.545407 335923979.214637
262 115 0 115 3200 3200 796275200 796275200 1501908459.676665 335915748.413863 5000.000000 469346.393649 335920748.413863
263 116 0 116 3200 3200 796275200 796275200 1493372563.853260 335915207.926331 5000.000000 466678.926204 335920207.926331
264 117 0 117 3200 3200 796275200 796275200 1274384552.712027 335914459.214206 5000.000000 398245.172723 335919459.214206
265 118 0 118 3200 3200 796275200 796275200 1378022863.358423 335917198.720398 5000.000000 430632.144800 335922198.720398
266 119 0 119 3200 3200 796275200 796275200 1389498138.471564 335914879.846228 5000.000000 434218.168272 335919879.846228
314 120 0 120 3200 3200 796275200 796275200 1385158779.843459 335918183.799750 5000.000000 432862.118701 335923183.799750
315 121 0 121 3200 3200 796275200 796275200 1478976455.408178 335916776.754690 5000.000000 462180.142315 335921776.754690
316 122 0 122 3200 3200 796275200 796275200 1485369232.435983 335920258.937100 5000.000000 464177.885136 335925258.937100
317 123 0 123 3200 3200 796275200 796275200 1189252100.938483 335915457.605479 5000.000000 371641.281543 335920457.605479
318 124 0 124 3200 3200 796275200 796275200 1464858978.026976 335913138.101737 5000.000000 457768.430633 335918138.101737
319 125 0 125 3200 3200 796275200 796275200 1666526780.723927 335911733.894825 5000.000000 520789.618976 335916733.894825
320 126 0 126 3200 3200 796275200 796275200 1658963147.150492 335912988.571371 5000.000000 518425.983485 335917988.571371
321 127 0 127 3200 3200 796275200 796275200 1244154626.084175 335913240.076910 5000.000000 388798.320651 335918240.076910
322 128 0 128 3200 3200 796275200 796275200 1592388879.612068 335912719.222054 5000.000000 497621.524879 335917719.222054
323 129 0 129 3200 3200 796275200 796275200 1520872468.279029 335912224.733932 5000.000000 475272.646337 335917224.733932
324 130 0 130 3200 3200 796275200 796275200 1509805988.998790 335917489.688601 5000.000000 471814.371562 335922489.688601
325 131 0 131 3200 3200 796275200 796275200 947495758.475717 335912601.037153 5000.000000 296092.424524 335917601.037153
326 132 0 132 3200 3200 796275200 796275200 1174081543.732468 335912889.379499 5000.000000 366900.482416 335917889.379499
327 133 0 133 3200 3200 796275200 796275200 1377689974.100446 335913966.865556 5000.000000 430528.116906 335918966.865556
328 134 0 134 3200 3200 796275200 796275200 1374448247.121535 335914393.641624 5000.000000 429515.077225 335919393.641624
329 135 0 135 3200 3200 796275200 796275200 1211355113.818086 335912904.750340 5000.000000 378548.473068 335917904.750340
330 136 0 136 3200 3200 796275200 796275200 1305470250.366819 335914123.441695 5000.000000 407959.453240 335919123.441695
331 137 0 137 3200 3200 796275200 796275200 1487159378.242819 335914544.052309 5000.000000 464737.305701 335919544.052309
332 138 0 138 3200 3200 796275200 796275200 1526901857.272265 335916285.087934 5000.000000 477156.830398 335921285.087934
333 139 0 139 3200 3200 796275200 796275200 1107400278.084905 335913138.980260 5000.000000 346062.586902 335918138.980260
334 140 0 140 3200 3200 796275200 796275200 1588191031.872431 335919433.569793 5000.000000 496309.697460 335924433.569793
335 141 0 141 3200 3200 796275200 796275200 1479379230.434858 335918939.651174 5000.000000 462306.009511 335923939.651174
336 142 0 142 3200 3200 796275200 796275200 1483044406.360765 335919281.735014 5000.000000 463451.376988 335924281.735014
337 143 0 143 3200 3200 796275200 796275200 977692957.055861 335918227.287286 5000.000000 305529.049080 335923227.287286
338 144 0 144 3200 3200 796275200 796275200 994345830.944001 335918268.734487 5000.000000 310733.072170 335923268.734487
339 145 0 145 3200 3200 796275200 796275200 1433820474.402862 335919516.288726 5000.000000 448068.898251 335924516.288726
340 146 0 146 3200 3200 796275200 796275200 1440899592.783302 335921297.053529 5000.000000 450281.122745 335926297.053529
341 147 0 147 3200 3200 796275200 796275200 1541803390.255397 335919807.796913 5000.000000 481813.559455 335924807.796913
342 148 0 148 3200 3200 796275200 796275200 1490697282.020260 335917526.266795 5000.000000 465842.900631 335922526.266795
343 149 0 149 3200 3200 796275200 796275200 1508156861.538423 335920260.591782 5000.000000 471299.019231 335925260.591782
391 150 0 150 3200 3200 796275200 796275200 999726264.551549 335921171.677477 5000.000000 312414.457672 335926171.677477
392 151 0 151 3200 3200 796275200 796275200 1408011842.361551 335918855.742239 5000.000000 440003.700738 335923855.742239
393 152 0 152 3200 3200 796275200 796275200 1412342863.175586 335922242.941710 5000.000000 441357.144742 335927242.941710
394 153 0 153 3200 3200 796275200 796275200 1586109541.114089 335919095.600129 5000.000000 495659.231598 335924095.600129
395 154 0 154 3200 3200 796275200 796275200 1652484504.856586 335920921.743437 5000.000000 516401.407768 335925921.743437
396 155 0 155 3200 3200 796275200 796275200 1655454747.741390 335917775.842772 5000.000000 517329.608669 335922775.842772
397 156 0 156 3200 3200 796275200 796275200 1496579882.561852 335918026.168103 5000.000000 467681.213301 335923026.168103
398 157 0 157 3200 3200 796275200 796275200 1479969995.418807 335913746.668417 5000.000000 462490.623568 335918746.668417
399 158 0 158 3200 3200 796275200 796275200 1560576327.963611 335917048.479204 5000.000000 487680.102489 335922048.479204
400 159 0 159 3200 3200 796275200 796275200 1454479464.512861 335916385.778722 5000.000000 454524.832660 335921385.778722
401 160 0 160 3200 3200 796275200 796275200 1449292011.423467 335918519.396883 5000.000000 452903.753570 335923519.396883
402 161 0 161 3200 3200 796275200 796275200 922396544.270717 335915372.162387 5000.000000 288248.920085 335920372.162387
403 162 0 162 3200 3200 796275200 796275200 1164563598.156657 335918151.217591 5000.000000 363926.124424 335923151.217591
404 163 0 163 3200 3200 796275200 796275200 1360591785.046293 335917574.315892 5000.000000 425184.932827 335922574.315892
405 164 0 164 3200 3200 796275200 796275200 1362932454.997869 335917691.385180 5000.000000 425916.392187 335922691.385180
406 165 0 165 3200 3200 796275200 796275200 1166061725.854422 335916369.757124 5000.000000 364394.289330 335921369.757124
407 166 0 166 3200 3200 796275200 796275200 1492388471.480513 335916711.587964 5000.000000 466371.397338 335921711.587964
408 167 0 167 3200 3200 796275200 796275200 1497702343.127300 335914308.846929 5000.000000 468031.982227 335919308.846929
409 168 0 168 3200 3200 796275200 796275200 1485539098.705244 335918182.470900 5000.000000 464230.968345 335923182.470900
410 169 0 169 3200 3200 796275200 796275200 1491647851.299159 335918517.637141 5000.000000 466139.953531 335923517.637141
411 170 0 170 3200 3200 796275200 796275200 1704386639.294567 335919516.539407 5000.000000 532620.824780 335924516.539407
412 171 0 171 3200 3200 796275200 796275200 1460103981.851007 335920595.900433 5000.000000 456282.494328 335925595.900433
413 172 0 172 3200 3200 796275200 796275200 1457039084.475217 335916201.914905 5000.000000 455324.713899 335921201.914905
414 173 0 173 3200 3200 796275200 796275200 1060513479.959877 335914148.204700 5000.000000 331410.462487 335919148.204700
415 174 0 174 3200 3200 796275200 796275200 1319994124.078304 335916963.778718 5000.000000 412498.163774 335921963.778718
416 175 0 175 3200 3200 796275200 796275200 1490469108.744012 335917208.382750 5000.000000 465771.596483 335922208.382750
417 176 0 176 3200 3200 796275200 796275200 1500331630.760945 335914293.746988 5000.000000 468853.634613 335919293.746988
418 177 0 177 3200 3200 796275200 796275200 1261846364.562339 335917114.137590 5000.000000 394326.988926 335922114.137590
419 178 0 178 3200 3200 796275200 796275200 1375812913.107769 335917239.065621 5000.000000 429941.535346 335922239.065621
420 179 0 179 3200 3200 796275200 796275200 1394934312.926200 335917489.472897 5000.000000 435916.972789 335922489.472897
468 180 0 180 3200 3200 796275200 796275200 1403168686.730721 335919527.939819 5000.000000 438490.214603 335924527.939819
469 181 0 181 3200 3200 796275200 796275200 1483847790.537301 335917295.974168 5000.000000 463702.434543 335922295.974168
470 182 0 182 3200 3200 796275200 796275200 1481682280.594141 335916286.502836 5000.000000 463025.712686 335921286.502836
471 183 0 183 3200 3200 796275200 796275200 1196014685.268310 335913967.418242 5000.000000 373754.589146 335918967.418242
472 184 0 184 3200 3200 796275200 796275200 1454607416.919716 335918183.094628 5000.000000 454564.817787 335923183.094628
473 185 0 185 3200 3200 796275200 796275200 1650944090.047013 335916776.548628 5000.000000 515920.028140 335921776.548628
474 186 0 186 3200 3200 796275200 796275200 1628717512.886146 335920258.538075 5000.000000 508974.222777 335925258.538075
475 187 0 187 3200 3200 796275200 796275200 1238400198.046000 335916284.859199 5000.000000 387000.061889 335921284.859199
476 188 0 188 3200 3200 796275200 796275200 1568991144.931122 335913966.286858 5000.000000 490309.732791 335918966.286858
477 189 0 189 3200 3200 796275200 796275200 1488737161.081458 335909992.030198 5000.000000 465230.362838 335914992.030198
478 190 0 190 3200 3200 796275200 796275200 1484258331.940240 335912069.967540 5000.000000 463830.728731 335917069.967540
479 191 0 191 3200 3200 796275200 796275200 947913818.043495 335913149.382547 5000.000000 296223.068139 335918149.382547
480 192 0 192 3200 3200 796275200 796275200 1165319077.158119 335917936.105498 5000.000000 364162.211612 335922936.105498
481 193 0 193 3200 3200 796275200 796275200 1372709099.448376 335915535.306781 5000.000000 428971.593578 335920535.306781
482 194 0 194 3200 3200 796275200 796275200 1376317023.686944 335917489.570219 5000.000000 430099.069902 335922489.570219
483 195 0 195 3200 3200 796275200 796275200 1210465616.196916 335914341.871582 5000.000000 378270.505062 335919341.871582
484 196 0 196 3200 3200 796275200 796275200 1282694570.954976 335914545.123660 5000.000000 400842.053423 335919545.123660
485 197 0 197 3200 3200 796275200 796275200 1473125007.132737 335913053.434127 5000.000000 460351.564729 335918053.434127
486 198 0 198 3200 3200 796275200 796275200 1512298795.584012 335916045.679293 5000.000000 472593.373620 335921045.679293
487 199 0 199 3200 3200 796275200 796275200 1139529853.650203 335914554.959716 5000.000000 356103.079266 335919554.959716
488 200 0 200 3200 3200 796275200 796275200 1556340044.516540 335915864.442284 5000.000000 486356.263911 335920864.442284
489 201 0 201 3200 3200 796275200 796275200 1462550420.339092 335913630.999711 5000.000000 457047.006356 335918630.999711
490 202 0 202 3200 3200 796275200 796275200 1462010500.168445 335914544.834605 5000.000000 456878.281303 335919544.834605
491 203 0 203 3200 3200 796275200 796275200 973421325.521727 335913139.738900 5000.000000 304194.164226 335918139.738900
492 204 0 204 3200 3200 796275200 796275200 971829442.639542 335919433.447779 5000.000000 303696.700825 335924433.447779
493 205 0 205 3200 3200 796275200 796275200 1415382140.786595 335918026.231710 5000.000000 442306.918996 335923026.231710
494 206 0 206 3200 3200 796275200 796275200 1429831507.830918 335918368.260989 5000.000000 446822.346197 335923368.260989
495 207 0 207 3200 3200 796275200 796275200 1549747207.971262 335916049.667060 5000.000000 484296.002491 335921049.667060
496 208 0 208 3200 3200 796275200 796275200 1503995573.259827 335919181.322990 5000.000000 469998.616644 335924181.322990
497 209 0 209 3200 3200 796275200 796275200 1497624952.982076 335920345.129440 5000.000000 468007.797807 335925345.129440
545 210 0 210 3200 3200 796275200 796275200 982520740.148102 335922211.644651 5000.000000 307037.731296 335927211.644651
546 211 0 211 3200 3200 796275200 796275200 1409105111.578726 335920721.050857 5000.000000 440345.347368 335925721.050857
547 212 0 212 3200 3200 796275200 796275200 1411111729.133738 335918354.260073 5000.000000 440972.415354 335923354.260073
548 213 0 213 3200 3200 796275200 796275200 1600761883.017631 335920259.996533 5000.000000 500238.088443 335925259.996533
549 214 0 214 3200 3200 796275200 796275200 1661320707.672343 335919431.709544 5000.000000 519162.721148 335924431.709544
550 215 0 215 3200 3200 796275200 796275200 1674073418.380480 335917114.452268 5000.000000 523147.943244 335922114.452268
551 216 0 216 3200 3200 796275200 796275200 1498724114.359194 335920501.068384 5000.000000 468351.285737 335925501.068384
552 217 0 217 3200 3200 796275200 796275200 1476608935.036612 335920836.944471 5000.000000 461440.292199 335925836.944471
553 218 0 218 3200 3200 796275200 796275200 1552311146.021461 335923490.383376 5000.000000 485097.233132 335928490.383376
554 219 0 219 3200 3200 796275200 796275200 1470048809.106234 335917775.498202 5000.000000 459390.252846 335922775.498202
555 220 0 220 3200 3200 796275200 796275200 1456893617.011237 335916285.076411 5000.000000 455279.255316 335921285.076411
556 221 0 221 3200 3200 796275200 796275200 907690897.491990 335918273.177255 5000.000000 283653.405466 335923273.177255
557 222 0 222 3200 3200 796275200 796275200 1159066666.281149 335917876.233688 5000.000000 362208.333213 335922876.233688
558 223 0 223 3200 3200 796275200 796275200 1371712331.330161 335915473.346444 5000.000000 428660.103541 335920473.346444
559 224 0 224 3200 3200 796275200 796275200 1370785445.533193 335920254.165788 5000.000000 428370.451729 335925254.165788
560 225 0 225 3200 3200 796275200 796275200 1164728172.674304 335917851.559000 5000.000000 363977.553961 335922851.559000
561 226 0 226 3200 3200 796275200 796275200 1487756192.843751 335918934.291198 5000.000000 464923.810264 335923934.291198
562 227 0 227 3200 3200 796275200 796275200 1495054612.817185 335918402.143457 5000.000000 467204.566505 335923402.143457
563 228 0 228 3200 3200 796275200 796275200 1472132913.327486 335918518.847455 5000.000000 460041.535415 335923518.847455
564 229 0 229 3200 3200 796275200 796275200 1492784306.316082 335916193.113835 5000.000000 466495.095724 335921193.113835
565 230 0 230 3200 3200 796275200 796275200 1686228367.393863 335916711.037932 5000.000000 526946.364811 335921711.037932
566 231 0 231 3200 3200 796275200 796275200 1463967953.064920 335916050.482577 5000.000000 457489.985333 335921050.482577
567 232 0 232 3200 3200 796275200 796275200 1463243439.066637 335918182.977542 5000.000000 457263.574708 335923182.977542
568 233 0 233 3200 3200 796275200 796275200 1053624193.083740 335918517.659953 5000.000000 329257.560339 335923517.659953
569 234 0 234 3200 3200 796275200 796275200 1310170389.829034 335920344.889798 5000.000000 409428.246822 335925344.889798
570 235 0 235 3200 3200 796275200 796275200 1487724749.358920 335920596.031974 5000.000000 464913.984175 335925596.031974
571 236 0 236 3200 3200 796275200 796275200 1487480913.445496 335922830.817903 5000.000000 464837.785452 335927830.817903
572 237 0 237 3200 3200 796275200 796275200 1256978223.331169 335918028.140931 5000.000000 392805.694791 335923028.140931
573 238 0 238 3200 3200 796275200 796275200 1388093347.814437 335918453.943003 5000.000000 433779.171192 335923453.943003
574 239 0 239 3200 3200 796275200 796275200 1400420054.311829 335918705.034306 5000.000000 437631.266972 335923705.034306
622 240 0 240 3200 3200 796275200 796275200 1415901795.418724 335919181.269826 5000.000000 442469.311068 335924181.269826
623 241 0 241 3200 3200 796275200 796275200 1493912542.351114 335920345.113874 5000.000000 466847.669485 335925345.113874
624 242 0 242 3200 3200 796275200 796275200 1495815621.564098 335922125.627371 5000.000000 467442.381739 335927125.627371
625 243 0 243 3200 3200 796275200 796275200 1187200523.046681 335918894.074749 5000.000000 371000.163452 335923894.074749
626 244 0 244 3200 3200 796275200 796275200 1386108391.477779 335920095.645784 5000.000000 433158.872337 335925095.645784
627 245 0 245 3200 3200 796275200 796275200 1592946680.157020 335917605.235152 5000.000000 497795.837549 335922605.235152
628 246 0 246 3200 3200 796275200 796275200 1596160289.000128 335920345.347396 5000.000000 498800.090313 335925345.347396
629 247 0 247 3200 3200 796275200 796275200 1221110641.251641 335919768.346784 5000.000000 381597.075391 335924768.346784
630 248 0 248 3200 3200 796275200 796275200 1584924943.909804 335920502.055683 5000.000000 495289.044972 335925502.055683
631 249 0 249 3200 3200 796275200 796275200 1471352424.592851 335919095.265649 5000.000000 459797.632685 335924095.265649
632 250 0 250 3200 3200 796275200 796275200 1471228748.236311 335925146.246954 5000.000000 459758.983824 335930146.246954
633 251 0 251 3200 3200 796275200 796275200 893488619.047394 335920344.711272 5000.000000 279215.193452 335925344.711272
634 252 0 252 3200 3200 796275200 796275200 1178572701.031037 335918025.699086 5000.000000 368303.969072 335923025.699086
635 253 0 253 3200 3200 796275200 796275200 1388428144.551374 335914880.247970 5000.000000 433883.795172 335919880.247970
636 254 0 254 3200 3200 796275200 796275200 1391363245.161733 335917048.356936 5000.000000 434801.014113 335922048.356936
637 255 0 255 3200 3200 796275200 796275200 1210016200.532058 335918128.007301 5000.000000 378130.062666 335923128.007301
638 256 0 256 3200 3200 796275200 796275200 1308345692.286995 335917606.653937 5000.000000 408858.028840 335922606.653937
639 257 0 257 3200 3200 796275200 796275200 1506718850.893258 335915371.300352 5000.000000 470849.640904 335920371.300352
640 258 0 258 3200 3200 796275200 796275200 1507446913.958263 335922376.454585 5000.000000 471077.160612 335927376.454585
641 259 0 259 3200 3200 796275200 796275200 1104741726.664946 335916660.247068 5000.000000 345231.789583 335921660.247068
642 260 0 260 3200 3200 796275200 796275200 1565880515.281931 335917777.155512 5000.000000 489337.661026 335922777.155512
643 261 0 261 3200 3200 796275200 796275200 1470446450.841749 335917113.088272 5000.000000 459514.515888 335922113.088272
644 262 0 262 3200 3200 796275200 796275200 1473139682.425143 335919281.257978 5000.000000 460356.150758 335924281.257978
645 263 0 263 3200 3200 796275200 796275200 946600837.166119 335917792.657069 5000.000000 295812.761614 335922792.657069
646 264 0 264 3200 3200 796275200 796275200 915545476.713549 335919010.522095 5000.000000 286107.961473 335924010.522095
647 265 0 265 3200 3200 796275200 796275200 1332129877.468770 335919431.858055 5000.000000 416290.586709 335924431.858055
648 266 0 266 3200 3200 796275200 796275200 1326200490.496881 335921172.738402 5000.000000 414437.653280 335926172.738402
649 267 0 267 3200 3200 796275200 796275200 1497742822.053124 335918026.338938 5000.000000 468044.631892 335923026.338938
650 268 0 268 3200 3200 796275200 796275200 1498274922.595062 335924321.321488 5000.000000 468210.913311 335929321.321488
651 269 0 269 3200 3200 796275200 796275200 1503755250.422294 335921257.808261 5000.000000 469923.515757 335926257.808261
699 270 0 270 3200 3200 796275200 796275200 1000938243.781291 335922427.811141 5000.000000 312793.201182 335927427.811141
700 271 0 271 3200 3200 796275200 796275200 1459939673.056369 335919196.769229 5000.000000 456231.147830 335924196.769229
701 272 0 272 3200 3200 796275200 796275200 1460074088.774502 335922328.114885 5000.000000 456273.152742 335927328.114885
702 273 0 273 3200 3200 796275200 796275200 1635991912.803989 335923575.819430 5000.000000 511247.472751 335928575.819430
703 274 0 274 3200 3200 796275200 796275200 1672801887.018285 335926185.240057 5000.000000 522750.589693 335931185.240057
704 275 0 275 3200 3200 796275200 796275200 1676952106.269680 335924695.435444 5000.000000 524047.533209 335929695.435444
705 276 0 276 3200 3200 796275200 796275200 1509551117.401457 335920671.946460 5000.000000 471734.724188 335925671.946460
706 277 0 277 3200 3200 796275200 796275200 1479114937.419751 335925148.011660 5000.000000 462223.417944 335930148.011660
707 278 0 278 3200 3200 796275200 796275200 1578268104.924832 335925231.729216 5000.000000 493208.782789 335930231.729216
708 279 0 279 3200 3200 796275200 796275200 1487714851.885776 335922915.405966 5000.000000 464910.891214 335927915.405966
709 280 0 280 3200 3200 796275200 796275200 1482039866.789771 335927130.290226 5000.000000 463137.458372 335932130.290226
710 281 0 281 3200 3200 796275200 796275200 965725700.541875 335923983.179197 5000.000000 301789.281419 335928983.179197
711 282 0 282 3200 3200 796275200 796275200 1184704637.368921 335925809.078400 5000.000000 370220.199178 335930809.078400
712 283 0 283 3200 3200 796275200 796275200 1376280892.754440 335922663.359254 5000.000000 430087.778986 335927663.359254
713 284 0 284 3200 3200 796275200 796275200 1382108474.526396 335921172.397433 5000.000000 431908.898289 335926172.397433
714 285 0 285 3200 3200 796275200 796275200 1171339383.578618 335915372.503549 5000.000000 366043.557368 335920372.503549
715 286 0 286 3200 3200 796275200 796275200 1489861853.209615 335921935.760158 5000.000000 465581.829128 335926935.760158
716 287 0 287 3200 3200 796275200 796275200 1505592506.245132 335921273.419822 5000.000000 470497.658202 335926273.419822
717 288 0 288 3200 3200 796275200 796275200 1476177818.554219 335923406.679857 5000.000000 461305.568298 335928406.679857
718 289 0 289 3200 3200 796275200 796275200 1490365963.886598 335918518.555979 5000.000000 465739.363715 335923518.555979
719 290 0 290 3200 3200 796275200 796275200 1669985547.274655 335923038.402655 5000.000000 521870.483523 335928038.402655
720 291 0 291 3200 3200 796275200 796275200 1473544989.138527 335920720.856099 5000.000000 460482.809106 335925720.856099
721 292 0 292 3200 3200 796275200 796275200 1473542223.208783 335922579.284391 5000.000000 460481.944753 335927579.284391
722 293 0 293 3200 3200 796275200 796275200 1048953176.293014 335919515.698585 5000.000000 327797.867592 335924515.698585
723 294 0 294 3200 3200 796275200 796275200 1296827324.725057 335919857.592268 5000.000000 405258.538977 335924857.592268
724 295 0 295 3200 3200 796275200 796275200 1491167930.912234 335917455.270568 5000.000000 465989.978410 335922455.270568
725 296 0 296 3200 3200 796275200 796275200 1493047441.009930 335923069.833858 5000.000000 466577.325316 335928069.833858
726 297 0 297 3200 3200 796275200 796275200 1264646427.769101 335922576.899277 5000.000000 395202.008678 335927576.899277
727 298 0 298 3200 3200 796275200 796275200 1384539977.644491 335921835.075681 5000.000000 432668.743014 335926835.075681
728 299 0 299 3200 3200 796275200 796275200 1401122332.735021 335922914.331785 5000.000000 437850.728980 335927914.331785
776 300 -1 -1 0 0 0 0 0.000000 0.000000 0.000000 -nan 0.000000
777 301 -1 -1 0 0 0 0 0.000000 0.000000 0.000000 -nan 0.000000
778 302 -1 -1 0 0 0 0 0.000000 0.000000 0.000000 -nan 0.000000
779 303 -1 -1 0 0 0 0 0.000000 0.000000 0.000000 -nan 0.000000
780 304 -1 -1 0 0 0 0 0.000000 0.000000 0.000000 -nan 0.000000
781 305 -1 -1 0 0 0 0 0.000000 0.000000 0.000000 -nan 0.000000
782 306 -1 -1 0 0 0 0 0.000000 0.000000 0.000000 -nan 0.000000
783 307 -1 -1 0 0 0 0 0.000000 0.000000 0.000000 -nan 0.000000
784 308 -1 -1 0 0 0 0 0.000000 0.000000 0.000000 -nan 0.000000
785 309 -1 -1 0 0 0 0 0.000000 0.000000 0.000000 -nan 0.000000
786 310 -1 -1 0 0 0 0 0.000000 0.000000 0.000000 -nan 0.000000
787 311 -1 -1 0 0 0 0 0.000000 0.000000 0.000000 -nan 0.000000
788 312 -1 -1 0 0 0 0 0.000000 0.000000 0.000000 -nan 0.000000
789 313 -1 -1 0 0 0 0 0.000000 0.000000 0.000000 -nan 0.000000
790 314 -1 -1 0 0 0 0 0.000000 0.000000 0.000000 -nan 0.000000
791 315 -1 -1 0 0 0 0 0.000000 0.000000 0.000000 -nan 0.000000
792 316 -1 -1 0 0 0 0 0.000000 0.000000 0.000000 -nan 0.000000
793 317 -1 -1 0 0 0 0 0.000000 0.000000 0.000000 -nan 0.000000
794 318 -1 -1 0 0 0 0 0.000000 0.000000 0.000000 -nan 0.000000
795 319 -1 -1 0 0 0 0 0.000000 0.000000 0.000000 -nan 0.000000
796 320 -1 -1 0 0 0 0 0.000000 0.000000 0.000000 -nan 0.000000
797 321 -1 -1 0 0 0 0 0.000000 0.000000 0.000000 -nan 0.000000
798 322 -1 -1 0 0 0 0 0.000000 0.000000 0.000000 -nan 0.000000
799 323 -1 -1 0 0 0 0 0.000000 0.000000 0.000000 -nan 0.000000
800 324 -1 -1 0 0 0 0 0.000000 0.000000 0.000000 -nan 0.000000
801 325 -1 -1 0 0 0 0 0.000000 0.000000 0.000000 -nan 0.000000
802 326 -1 -1 0 0 0 0 0.000000 0.000000 0.000000 -nan 0.000000
803 327 -1 -1 0 0 0 0 0.000000 0.000000 0.000000 -nan 0.000000
804 328 -1 -1 0 0 0 0 0.000000 0.000000 0.000000 -nan 0.000000
805 329 -1 -1 0 0 0 0 0.000000 0.000000 0.000000 -nan 0.000000
853 330 -1 -1 0 0 0 0 0.000000 0.000000 0.000000 -nan 0.000000
854 331 -1 -1 0 0 0 0 0.000000 0.000000 0.000000 -nan 0.000000
855 332 -1 -1 0 0 0 0 0.000000 0.000000 0.000000 -nan 0.000000
856 333 -1 -1 0 0 0 0 0.000000 0.000000 0.000000 -nan 0.000000
857 334 -1 -1 0 0 0 0 0.000000 0.000000 0.000000 -nan 0.000000
858 335 -1 -1 0 0 0 0 0.000000 0.000000 0.000000 -nan 0.000000
859 336 -1 -1 0 0 0 0 0.000000 0.000000 0.000000 -nan 0.000000
860 337 -1 -1 0 0 0 0 0.000000 0.000000 0.000000 -nan 0.000000
861 338 -1 -1 0 0 0 0 0.000000 0.000000 0.000000 -nan 0.000000
862 339 -1 -1 0 0 0 0 0.000000 0.000000 0.000000 -nan 0.000000
863 340 -1 -1 0 0 0 0 0.000000 0.000000 0.000000 -nan 0.000000
864 341 -1 -1 0 0 0 0 0.000000 0.000000 0.000000 -nan 0.000000
865 342 -1 -1 0 0 0 0 0.000000 0.000000 0.000000 -nan 0.000000
866 343 -1 -1 0 0 0 0 0.000000 0.000000 0.000000 -nan 0.000000
867 344 -1 -1 0 0 0 0 0.000000 0.000000 0.000000 -nan 0.000000
868 345 -1 -1 0 0 0 0 0.000000 0.000000 0.000000 -nan 0.000000
869 346 -1 -1 0 0 0 0 0.000000 0.000000 0.000000 -nan 0.000000
870 347 -1 -1 0 0 0 0 0.000000 0.000000 0.000000 -nan 0.000000
871 348 -1 -1 0 0 0 0 0.000000 0.000000 0.000000 -nan 0.000000
872 349 -1 -1 0 0 0 0 0.000000 0.000000 0.000000 -nan 0.000000
873 350 -1 -1 0 0 0 0 0.000000 0.000000 0.000000 -nan 0.000000
874 351 -1 -1 0 0 0 0 0.000000 0.000000 0.000000 -nan 0.000000
875 352 -1 -1 0 0 0 0 0.000000 0.000000 0.000000 -nan 0.000000
876 353 -1 -1 0 0 0 0 0.000000 0.000000 0.000000 -nan 0.000000
877 354 -1 -1 0 0 0 0 0.000000 0.000000 0.000000 -nan 0.000000
878 355 -1 -1 0 0 0 0 0.000000 0.000000 0.000000 -nan 0.000000
879 356 -1 -1 0 0 0 0 0.000000 0.000000 0.000000 -nan 0.000000
880 357 -1 -1 0 0 0 0 0.000000 0.000000 0.000000 -nan 0.000000
881 358 -1 -1 0 0 0 0 0.000000 0.000000 0.000000 -nan 0.000000
882 359 -1 -1 0 0 0 0 0.000000 0.000000 0.000000 -nan 0.000000
930 360 -1 -1 0 0 0 0 0.000000 0.000000 0.000000 -nan 0.000000
931 361 -1 -1 0 0 0 0 0.000000 0.000000 0.000000 -nan 0.000000
932 362 -1 -1 0 0 0 0 0.000000 0.000000 0.000000 -nan 0.000000
933 363 -1 -1 0 0 0 0 0.000000 0.000000 0.000000 -nan 0.000000
934 364 -1 -1 0 0 0 0 0.000000 0.000000 0.000000 -nan 0.000000
935 365 -1 -1 0 0 0 0 0.000000 0.000000 0.000000 -nan 0.000000
936 366 -1 -1 0 0 0 0 0.000000 0.000000 0.000000 -nan 0.000000
937 367 -1 -1 0 0 0 0 0.000000 0.000000 0.000000 -nan 0.000000
938 368 -1 -1 0 0 0 0 0.000000 0.000000 0.000000 -nan 0.000000
939 369 -1 -1 0 0 0 0 0.000000 0.000000 0.000000 -nan 0.000000
940 370 -1 -1 0 0 0 0 0.000000 0.000000 0.000000 -nan 0.000000
941 371 -1 -1 0 0 0 0 0.000000 0.000000 0.000000 -nan 0.000000
942 372 -1 -1 0 0 0 0 0.000000 0.000000 0.000000 -nan 0.000000
943 373 -1 -1 0 0 0 0 0.000000 0.000000 0.000000 -nan 0.000000
944 374 -1 -1 0 0 0 0 0.000000 0.000000 0.000000 -nan 0.000000
945 375 -1 -1 0 0 0 0 0.000000 0.000000 0.000000 -nan 0.000000
946 376 -1 -1 0 0 0 0 0.000000 0.000000 0.000000 -nan 0.000000
947 377 -1 -1 0 0 0 0 0.000000 0.000000 0.000000 -nan 0.000000
948 378 -1 -1 0 0 0 0 0.000000 0.000000 0.000000 -nan 0.000000
949 379 -1 -1 0 0 0 0 0.000000 0.000000 0.000000 -nan 0.000000
950 380 -1 -1 0 0 0 0 0.000000 0.000000 0.000000 -nan 0.000000
951 381 -1 -1 0 0 0 0 0.000000 0.000000 0.000000 -nan 0.000000
952 382 -1 -1 0 0 0 0 0.000000 0.000000 0.000000 -nan 0.000000
953 383 -1 -1 0 0 0 0 0.000000 0.000000 0.000000 -nan 0.000000
954 384 -1 -1 0 0 0 0 0.000000 0.000000 0.000000 -nan 0.000000
955 385 -1 -1 0 0 0 0 0.000000 0.000000 0.000000 -nan 0.000000
956 386 -1 -1 0 0 0 0 0.000000 0.000000 0.000000 -nan 0.000000
957 387 -1 -1 0 0 0 0 0.000000 0.000000 0.000000 -nan 0.000000
958 388 -1 -1 0 0 0 0 0.000000 0.000000 0.000000 -nan 0.000000
959 389 -1 -1 0 0 0 0 0.000000 0.000000 0.000000 -nan 0.000000
1007 390 -1 -1 0 0 0 0 0.000000 0.000000 0.000000 -nan 0.000000
1008 391 -1 -1 0 0 0 0 0.000000 0.000000 0.000000 -nan 0.000000
1009 392 -1 -1 0 0 0 0 0.000000 0.000000 0.000000 -nan 0.000000
1010 393 -1 -1 0 0 0 0 0.000000 0.000000 0.000000 -nan 0.000000
1011 394 -1 -1 0 0 0 0 0.000000 0.000000 0.000000 -nan 0.000000
1012 395 -1 -1 0 0 0 0 0.000000 0.000000 0.000000 -nan 0.000000
1013 396 -1 -1 0 0 0 0 0.000000 0.000000 0.000000 -nan 0.000000
1014 397 -1 -1 0 0 0 0 0.000000 0.000000 0.000000 -nan 0.000000
1015 398 -1 -1 0 0 0 0 0.000000 0.000000 0.000000 -nan 0.000000
1016 399 -1 -1 0 0 0 0 0.000000 0.000000 0.000000 -nan 0.000000
1017 400 -1 -1 0 0 0 0 0.000000 0.000000 0.000000 -nan 0.000000
1018 401 -1 -1 0 0 0 0 0.000000 0.000000 0.000000 -nan 0.000000
1019 402 -1 -1 0 0 0 0 0.000000 0.000000 0.000000 -nan 0.000000
1020 403 -1 -1 0 0 0 0 0.000000 0.000000 0.000000 -nan 0.000000
1021 404 -1 -1 0 0 0 0 0.000000 0.000000 0.000000 -nan 0.000000
1022 405 -1 -1 0 0 0 0 0.000000 0.000000 0.000000 -nan 0.000000
1023 406 -1 -1 0 0 0 0 0.000000 0.000000 0.000000 -nan 0.000000
1024 407 -1 -1 0 0 0 0 0.000000 0.000000 0.000000 -nan 0.000000
1025 408 -1 -1 0 0 0 0 0.000000 0.000000 0.000000 -nan 0.000000
1026 409 -1 -1 0 0 0 0 0.000000 0.000000 0.000000 -nan 0.000000
1027 410 -1 -1 0 0 0 0 0.000000 0.000000 0.000000 -nan 0.000000
1028 411 -1 -1 0 0 0 0 0.000000 0.000000 0.000000 -nan 0.000000
1029 412 -1 -1 0 0 0 0 0.000000 0.000000 0.000000 -nan 0.000000
1030 413 -1 -1 0 0 0 0 0.000000 0.000000 0.000000 -nan 0.000000
1031 414 -1 -1 0 0 0 0 0.000000 0.000000 0.000000 -nan 0.000000
1032 415 -1 -1 0 0 0 0 0.000000 0.000000 0.000000 -nan 0.000000
1033 416 -1 -1 0 0 0 0 0.000000 0.000000 0.000000 -nan 0.000000
1034 417 -1 -1 0 0 0 0 0.000000 0.000000 0.000000 -nan 0.000000
1035 418 -1 -1 0 0 0 0 0.000000 0.000000 0.000000 -nan 0.000000
1036 419 -1 -1 0 0 0 0 0.000000 0.000000 0.000000 -nan 0.000000
1084 420 -1 -1 0 0 0 0 0.000000 0.000000 0.000000 -nan 0.000000
1085 421 -1 -1 0 0 0 0 0.000000 0.000000 0.000000 -nan 0.000000
1086 422 -1 -1 0 0 0 0 0.000000 0.000000 0.000000 -nan 0.000000
1087 423 -1 -1 0 0 0 0 0.000000 0.000000 0.000000 -nan 0.000000
1088 424 -1 -1 0 0 0 0 0.000000 0.000000 0.000000 -nan 0.000000
1089 425 -1 -1 0 0 0 0 0.000000 0.000000 0.000000 -nan 0.000000
1090 426 -1 -1 0 0 0 0 0.000000 0.000000 0.000000 -nan 0.000000
1091 427 -1 -1 0 0 0 0 0.000000 0.000000 0.000000 -nan 0.000000
1092 428 -1 -1 0 0 0 0 0.000000 0.000000 0.000000 -nan 0.000000
1093 429 -1 -1 0 0 0 0 0.000000 0.000000 0.000000 -nan 0.000000
1094 430 -1 -1 0 0 0 0 0.000000 0.000000 0.000000 -nan 0.000000
1095 431 -1 -1 0 0 0 0 0.000000 0.000000 0.000000 -nan 0.000000
1096 432 -1 -1 0 0 0 0 0.000000 0.000000 0.000000 -nan 0.000000
1097 433 -1 -1 0 0 0 0 0.000000 0.000000 0.000000 -nan 0.000000
1098 434 -1 -1 0 0 0 0 0.000000 0.000000 0.000000 -nan 0.000000
1099 435 -1 -1 0 0 0 0 0.000000 0.000000 0.000000 -nan 0.000000
1100 436 -1 -1 0 0 0 0 0.000000 0.000000 0.000000 -nan 0.000000
1101 437 -1 -1 0 0 0 0 0.000000 0.000000 0.000000 -nan 0.000000
1102 438 -1 -1 0 0 0 0 0.000000 0.000000 0.000000 -nan 0.000000
1103 439 -1 -1 0 0 0 0 0.000000 0.000000 0.000000 -nan 0.000000
1104 440 -1 -1 0 0 0 0 0.000000 0.000000 0.000000 -nan 0.000000
1105 441 -1 -1 0 0 0 0 0.000000 0.000000 0.000000 -nan 0.000000
1106 442 -1 -1 0 0 0 0 0.000000 0.000000 0.000000 -nan 0.000000
1107 443 -1 -1 0 0 0 0 0.000000 0.000000 0.000000 -nan 0.000000
1108 444 -1 -1 0 0 0 0 0.000000 0.000000 0.000000 -nan 0.000000
1109 445 -1 -1 0 0 0 0 0.000000 0.000000 0.000000 -nan 0.000000
1110 446 -1 -1 0 0 0 0 0.000000 0.000000 0.000000 -nan 0.000000
1111 447 -1 -1 0 0 0 0 0.000000 0.000000 0.000000 -nan 0.000000
1112 448 -1 -1 0 0 0 0 0.000000 0.000000 0.000000 -nan 0.000000
1113 449 -1 -1 0 0 0 0 0.000000 0.000000 0.000000 -nan 0.000000
1161 450 -1 -1 0 0 0 0 0.000000 0.000000 0.000000 -nan 0.000000
1162 451 -1 -1 0 0 0 0 0.000000 0.000000 0.000000 -nan 0.000000
1163 452 -1 -1 0 0 0 0 0.000000 0.000000 0.000000 -nan 0.000000
1164 453 -1 -1 0 0 0 0 0.000000 0.000000 0.000000 -nan 0.000000
1165 454 -1 -1 0 0 0 0 0.000000 0.000000 0.000000 -nan 0.000000
1166 455 -1 -1 0 0 0 0 0.000000 0.000000 0.000000 -nan 0.000000
1167 456 -1 -1 0 0 0 0 0.000000 0.000000 0.000000 -nan 0.000000
1168 457 -1 -1 0 0 0 0 0.000000 0.000000 0.000000 -nan 0.000000
1169 458 -1 -1 0 0 0 0 0.000000 0.000000 0.000000 -nan 0.000000
1170 459 -1 -1 0 0 0 0 0.000000 0.000000 0.000000 -nan 0.000000
1171 460 -1 -1 0 0 0 0 0.000000 0.000000 0.000000 -nan 0.000000
1172 461 -1 -1 0 0 0 0 0.000000 0.000000 0.000000 -nan 0.000000
1173 462 -1 -1 0 0 0 0 0.000000 0.000000 0.000000 -nan 0.000000
1174 463 -1 -1 0 0 0 0 0.000000 0.000000 0.000000 -nan 0.000000
1175 464 -1 -1 0 0 0 0 0.000000 0.000000 0.000000 -nan 0.000000
1176 465 -1 -1 0 0 0 0 0.000000 0.000000 0.000000 -nan 0.000000
1177 466 -1 -1 0 0 0 0 0.000000 0.000000 0.000000 -nan 0.000000
1178 467 -1 -1 0 0 0 0 0.000000 0.000000 0.000000 -nan 0.000000
1179 468 -1 -1 0 0 0 0 0.000000 0.000000 0.000000 -nan 0.000000
1180 469 -1 -1 0 0 0 0 0.000000 0.000000 0.000000 -nan 0.000000
1181 470 -1 -1 0 0 0 0 0.000000 0.000000 0.000000 -nan 0.000000
1182 471 -1 -1 0 0 0 0 0.000000 0.000000 0.000000 -nan 0.000000
1183 472 -1 -1 0 0 0 0 0.000000 0.000000 0.000000 -nan 0.000000
1184 473 -1 -1 0 0 0 0 0.000000 0.000000 0.000000 -nan 0.000000
1185 474 -1 -1 0 0 0 0 0.000000 0.000000 0.000000 -nan 0.000000
1186 475 -1 -1 0 0 0 0 0.000000 0.000000 0.000000 -nan 0.000000
1187 476 -1 -1 0 0 0 0 0.000000 0.000000 0.000000 -nan 0.000000
1188 477 -1 -1 0 0 0 0 0.000000 0.000000 0.000000 -nan 0.000000
1189 478 -1 -1 0 0 0 0 0.000000 0.000000 0.000000 -nan 0.000000
1190 479 -1 -1 0 0 0 0 0.000000 0.000000 0.000000 -nan 0.000000
1238 480 -1 -1 0 0 0 0 0.000000 0.000000 0.000000 -nan 0.000000
1239 481 -1 -1 0 0 0 0 0.000000 0.000000 0.000000 -nan 0.000000
1240 482 -1 -1 0 0 0 0 0.000000 0.000000 0.000000 -nan 0.000000
1241 483 -1 -1 0 0 0 0 0.000000 0.000000 0.000000 -nan 0.000000
1242 484 -1 -1 0 0 0 0 0.000000 0.000000 0.000000 -nan 0.000000
1243 485 -1 -1 0 0 0 0 0.000000 0.000000 0.000000 -nan 0.000000
1244 486 -1 -1 0 0 0 0 0.000000 0.000000 0.000000 -nan 0.000000
1245 487 -1 -1 0 0 0 0 0.000000 0.000000 0.000000 -nan 0.000000
1246 488 -1 -1 0 0 0 0 0.000000 0.000000 0.000000 -nan 0.000000
1247 489 -1 -1 0 0 0 0 0.000000 0.000000 0.000000 -nan 0.000000
1248 490 -1 -1 0 0 0 0 0.000000 0.000000 0.000000 -nan 0.000000
1249 491 -1 -1 0 0 0 0 0.000000 0.000000 0.000000 -nan 0.000000
1250 492 -1 -1 0 0 0 0 0.000000 0.000000 0.000000 -nan 0.000000
1251 493 -1 -1 0 0 0 0 0.000000 0.000000 0.000000 -nan 0.000000
1252 494 -1 -1 0 0 0 0 0.000000 0.000000 0.000000 -nan 0.000000
1253 495 -1 -1 0 0 0 0 0.000000 0.000000 0.000000 -nan 0.000000
1254 496 -1 -1 0 0 0 0 0.000000 0.000000 0.000000 -nan 0.000000
1255 497 -1 -1 0 0 0 0 0.000000 0.000000 0.000000 -nan 0.000000
1256 498 -1 -1 0 0 0 0 0.000000 0.000000 0.000000 -nan 0.000000
1257 499 -1 -1 0 0 0 0 0.000000 0.000000 0.000000 -nan 0.000000
1258 500 -1 -1 0 0 0 0 0.000000 0.000000 0.000000 -nan 0.000000
1259 501 -1 -1 0 0 0 0 0.000000 0.000000 0.000000 -nan 0.000000
1260 502 -1 -1 0 0 0 0 0.000000 0.000000 0.000000 -nan 0.000000
1261 503 -1 -1 0 0 0 0 0.000000 0.000000 0.000000 -nan 0.000000
1262 504 -1 -1 0 0 0 0 0.000000 0.000000 0.000000 -nan 0.000000
1263 505 -1 -1 0 0 0 0 0.000000 0.000000 0.000000 -nan 0.000000
1264 506 -1 -1 0 0 0 0 0.000000 0.000000 0.000000 -nan 0.000000
1265 507 -1 -1 0 0 0 0 0.000000 0.000000 0.000000 -nan 0.000000
1266 508 -1 -1 0 0 0 0 0.000000 0.000000 0.000000 -nan 0.000000
1267 509 -1 -1 0 0 0 0 0.000000 0.000000 0.000000 -nan 0.000000
1315 510 -1 -1 0 0 0 0 0.000000 0.000000 0.000000 -nan 0.000000
1316 511 -1 -1 0 0 0 0 0.000000 0.000000 0.000000 -nan 0.000000
1317 512 -1 -1 0 0 0 0 0.000000 0.000000 0.000000 -nan 0.000000
1318 513 -1 -1 0 0 0 0 0.000000 0.000000 0.000000 -nan 0.000000
1319 514 -1 -1 0 0 0 0 0.000000 0.000000 0.000000 -nan 0.000000
1320 515 -1 -1 0 0 0 0 0.000000 0.000000 0.000000 -nan 0.000000
1321 516 -1 -1 0 0 0 0 0.000000 0.000000 0.000000 -nan 0.000000
1322 517 -1 -1 0 0 0 0 0.000000 0.000000 0.000000 -nan 0.000000
1323 518 -1 -1 0 0 0 0 0.000000 0.000000 0.000000 -nan 0.000000
1324 519 -1 -1 0 0 0 0 0.000000 0.000000 0.000000 -nan 0.000000
1325 520 -1 -1 0 0 0 0 0.000000 0.000000 0.000000 -nan 0.000000
1326 521 -1 -1 0 0 0 0 0.000000 0.000000 0.000000 -nan 0.000000
1327 522 -1 -1 0 0 0 0 0.000000 0.000000 0.000000 -nan 0.000000
1328 523 -1 -1 0 0 0 0 0.000000 0.000000 0.000000 -nan 0.000000
1329 524 -1 -1 0 0 0 0 0.000000 0.000000 0.000000 -nan 0.000000
1330 525 -1 -1 0 0 0 0 0.000000 0.000000 0.000000 -nan 0.000000
1331 526 -1 -1 0 0 0 0 0.000000 0.000000 0.000000 -nan 0.000000
1332 527 -1 -1 0 0 0 0 0.000000 0.000000 0.000000 -nan 0.000000
1333 528 -1 -1 0 0 0 0 0.000000 0.000000 0.000000 -nan 0.000000
1334 529 -1 -1 0 0 0 0 0.000000 0.000000 0.000000 -nan 0.000000
1335 530 -1 -1 0 0 0 0 0.000000 0.000000 0.000000 -nan 0.000000
1336 531 -1 -1 0 0 0 0 0.000000 0.000000 0.000000 -nan 0.000000
1337 532 -1 -1 0 0 0 0 0.000000 0.000000 0.000000 -nan 0.000000
1338 533 -1 -1 0 0 0 0 0.000000 0.000000 0.000000 -nan 0.000000
1339 534 -1 -1 0 0 0 0 0.000000 0.000000 0.000000 -nan 0.000000
1340 535 -1 -1 0 0 0 0 0.000000 0.000000 0.000000 -nan 0.000000
1341 536 -1 -1 0 0 0 0 0.000000 0.000000 0.000000 -nan 0.000000
1342 537 -1 -1 0 0 0 0 0.000000 0.000000 0.000000 -nan 0.000000
1343 538 -1 -1 0 0 0 0 0.000000 0.000000 0.000000 -nan 0.000000
1344 539 -1 -1 0 0 0 0 0.000000 0.000000 0.000000 -nan 0.000000
1392 540 -1 -1 0 0 0 0 0.000000 0.000000 0.000000 -nan 0.000000
1393 541 -1 -1 0 0 0 0 0.000000 0.000000 0.000000 -nan 0.000000
1394 542 -1 -1 0 0 0 0 0.000000 0.000000 0.000000 -nan 0.000000
1395 543 -1 -1 0 0 0 0 0.000000 0.000000 0.000000 -nan 0.000000
1396 544 -1 -1 0 0 0 0 0.000000 0.000000 0.000000 -nan 0.000000
1397 545 -1 -1 0 0 0 0 0.000000 0.000000 0.000000 -nan 0.000000
1398 546 -1 -1 0 0 0 0 0.000000 0.000000 0.000000 -nan 0.000000
1399 547 -1 -1 0 0 0 0 0.000000 0.000000 0.000000 -nan 0.000000
1400 548 -1 -1 0 0 0 0 0.000000 0.000000 0.000000 -nan 0.000000
1401 549 -1 -1 0 0 0 0 0.000000 0.000000 0.000000 -nan 0.000000
1402 550 -1 -1 0 0 0 0 0.000000 0.000000 0.000000 -nan 0.000000
1403 551 -1 -1 0 0 0 0 0.000000 0.000000 0.000000 -nan 0.000000
1404 552 -1 -1 0 0 0 0 0.000000 0.000000 0.000000 -nan 0.000000
1405 553 -1 -1 0 0 0 0 0.000000 0.000000 0.000000 -nan 0.000000
1406 554 -1 -1 0 0 0 0 0.000000 0.000000 0.000000 -nan 0.000000
1407 555 -1 -1 0 0 0 0 0.000000 0.000000 0.000000 -nan 0.000000
1408 556 -1 -1 0 0 0 0 0.000000 0.000000 0.000000 -nan 0.000000
1409 557 -1 -1 0 0 0 0 0.000000 0.000000 0.000000 -nan 0.000000
1410 558 -1 -1 0 0 0 0 0.000000 0.000000 0.000000 -nan 0.000000
1411 559 -1 -1 0 0 0 0 0.000000 0.000000 0.000000 -nan 0.000000
1412 560 -1 -1 0 0 0 0 0.000000 0.000000 0.000000 -nan 0.000000
1413 561 -1 -1 0 0 0 0 0.000000 0.000000 0.000000 -nan 0.000000
1414 562 -1 -1 0 0 0 0 0.000000 0.000000 0.000000 -nan 0.000000
1415 563 -1 -1 0 0 0 0 0.000000 0.000000 0.000000 -nan 0.000000
1416 564 -1 -1 0 0 0 0 0.000000 0.000000 0.000000 -nan 0.000000
1417 565 -1 -1 0 0 0 0 0.000000 0.000000 0.000000 -nan 0.000000
1418 566 -1 -1 0 0 0 0 0.000000 0.000000 0.000000 -nan 0.000000
1419 567 -1 -1 0 0 0 0 0.000000 0.000000 0.000000 -nan 0.000000
1420 568 -1 -1 0 0 0 0 0.000000 0.000000 0.000000 -nan 0.000000
1421 569 -1 -1 0 0 0 0 0.000000 0.000000 0.000000 -nan 0.000000
1469 570 -1 -1 0 0 0 0 0.000000 0.000000 0.000000 -nan 0.000000
1470 571 -1 -1 0 0 0 0 0.000000 0.000000 0.000000 -nan 0.000000
1471 572 -1 -1 0 0 0 0 0.000000 0.000000 0.000000 -nan 0.000000
1472 573 -1 -1 0 0 0 0 0.000000 0.000000 0.000000 -nan 0.000000
1473 574 -1 -1 0 0 0 0 0.000000 0.000000 0.000000 -nan 0.000000
1474 575 -1 -1 0 0 0 0 0.000000 0.000000 0.000000 -nan 0.000000
1475 576 -1 -1 0 0 0 0 0.000000 0.000000 0.000000 -nan 0.000000
1476 577 -1 -1 0 0 0 0 0.000000 0.000000 0.000000 -nan 0.000000
1477 578 -1 -1 0 0 0 0 0.000000 0.000000 0.000000 -nan 0.000000
1478 579 -1 -1 0 0 0 0 0.000000 0.000000 0.000000 -nan 0.000000
1479 580 -1 -1 0 0 0 0 0.000000 0.000000 0.000000 -nan 0.000000
1480 581 -1 -1 0 0 0 0 0.000000 0.000000 0.000000 -nan 0.000000
1481 582 -1 -1 0 0 0 0 0.000000 0.000000 0.000000 -nan 0.000000
1482 583 -1 -1 0 0 0 0 0.000000 0.000000 0.000000 -nan 0.000000
1483 584 -1 -1 0 0 0 0 0.000000 0.000000 0.000000 -nan 0.000000
1484 585 -1 -1 0 0 0 0 0.000000 0.000000 0.000000 -nan 0.000000
1485 586 -1 -1 0 0 0 0 0.000000 0.000000 0.000000 -nan 0.000000
1486 587 -1 -1 0 0 0 0 0.000000 0.000000 0.000000 -nan 0.000000
1487 588 -1 -1 0 0 0 0 0.000000 0.000000 0.000000 -nan 0.000000
1488 589 -1 -1 0 0 0 0 0.000000 0.000000 0.000000 -nan 0.000000
1489 590 -1 -1 0 0 0 0 0.000000 0.000000 0.000000 -nan 0.000000
1490 591 -1 -1 0 0 0 0 0.000000 0.000000 0.000000 -nan 0.000000
1491 592 -1 -1 0 0 0 0 0.000000 0.000000 0.000000 -nan 0.000000
1492 593 -1 -1 0 0 0 0 0.000000 0.000000 0.000000 -nan 0.000000
1493 594 -1 -1 0 0 0 0 0.000000 0.000000 0.000000 -nan 0.000000
1494 595 -1 -1 0 0 0 0 0.000000 0.000000 0.000000 -nan 0.000000
1495 596 -1 -1 0 0 0 0 0.000000 0.000000 0.000000 -nan 0.000000
1496 597 -1 -1 0 0 0 0 0.000000 0.000000 0.000000 -nan 0.000000
1497 598 -1 -1 0 0 0 0 0.000000 0.000000 0.000000 -nan 0.000000
1498 599 -1 -1 0 0 0 0 0.000000 0.000000 0.000000 -nan 0.000000
1546 600 -1 -1 0 0 0 0 0.000000 0.000000 0.000000 -nan 0.000000
1547 601 -1 -1 0 0 0 0 0.000000 0.000000 0.000000 -nan 0.000000
1548 602 -1 -1 0 0 0 0 0.000000 0.000000 0.000000 -nan 0.000000
1549 603 -1 -1 0 0 0 0 0.000000 0.000000 0.000000 -nan 0.000000
1550 604 -1 -1 0 0 0 0 0.000000 0.000000 0.000000 -nan 0.000000
1551 605 -1 -1 0 0 0 0 0.000000 0.000000 0.000000 -nan 0.000000
1552 606 -1 -1 0 0 0 0 0.000000 0.000000 0.000000 -nan 0.000000
1553 607 -1 -1 0 0 0 0 0.000000 0.000000 0.000000 -nan 0.000000
1554 608 -1 -1 0 0 0 0 0.000000 0.000000 0.000000 -nan 0.000000
1555 609 -1 -1 0 0 0 0 0.000000 0.000000 0.000000 -nan 0.000000
1556 610 -1 -1 0 0 0 0 0.000000 0.000000 0.000000 -nan 0.000000
1557 611 -1 -1 0 0 0 0 0.000000 0.000000 0.000000 -nan 0.000000
1558 612 -1 -1 0 0 0 0 0.000000 0.000000 0.000000 -nan 0.000000
1559 613 -1 -1 0 0 0 0 0.000000 0.000000 0.000000 -nan 0.000000
1560 614 -1 -1 0 0 0 0 0.000000 0.000000 0.000000 -nan 0.000000
1561 615 -1 -1 0 0 0 0 0.000000 0.000000 0.000000 -nan 0.000000
1562 616 -1 -1 0 0 0 0 0.000000 0.000000 0.000000 -nan 0.000000
1563 617 -1 -1 0 0 0 0 0.000000 0.000000 0.000000 -nan 0.000000
1564 618 -1 -1 0 0 0 0 0.000000 0.000000 0.000000 -nan 0.000000
1565 619 -1 -1 0 0 0 0 0.000000 0.000000 0.000000 -nan 0.000000
1566 620 -1 -1 0 0 0 0 0.000000 0.000000 0.000000 -nan 0.000000
1567 621 -1 -1 0 0 0 0 0.000000 0.000000 0.000000 -nan 0.000000
1568 622 -1 -1 0 0 0 0 0.000000 0.000000 0.000000 -nan 0.000000
1569 623 -1 -1 0 0 0 0 0.000000 0.000000 0.000000 -nan 0.000000
1570 624 -1 -1 0 0 0 0 0.000000 0.000000 0.000000 -nan 0.000000
1571 625 -1 -1 0 0 0 0 0.000000 0.000000 0.000000 -nan 0.000000
1572 626 -1 -1 0 0 0 0 0.000000 0.000000 0.000000 -nan 0.000000
1573 627 -1 -1 0 0 0 0 0.000000 0.000000 0.000000 -nan 0.000000
1574 628 -1 -1 0 0 0 0 0.000000 0.000000 0.000000 -nan 0.000000
1575 629 -1 -1 0 0 0 0 0.000000 0.000000 0.000000 -nan 0.000000
1623 630 -1 -1 0 0 0 0 0.000000 0.000000 0.000000 -nan 0.000000
1624 631 -1 -1 0 0 0 0 0.000000 0.000000 0.000000 -nan 0.000000
1625 632 -1 -1 0 0 0 0 0.000000 0.000000 0.000000 -nan 0.000000
1626 633 -1 -1 0 0 0 0 0.000000 0.000000 0.000000 -nan 0.000000
1627 634 -1 -1 0 0 0 0 0.000000 0.000000 0.000000 -nan 0.000000
1628 635 -1 -1 0 0 0 0 0.000000 0.000000 0.000000 -nan 0.000000
1629 636 -1 -1 0 0 0 0 0.000000 0.000000 0.000000 -nan 0.000000
1630 637 -1 -1 0 0 0 0 0.000000 0.000000 0.000000 -nan 0.000000
1631 638 -1 -1 0 0 0 0 0.000000 0.000000 0.000000 -nan 0.000000
1632 639 -1 -1 0 0 0 0 0.000000 0.000000 0.000000 -nan 0.000000
1633 640 -1 -1 0 0 0 0 0.000000 0.000000 0.000000 -nan 0.000000
1634 641 -1 -1 0 0 0 0 0.000000 0.000000 0.000000 -nan 0.000000
1635 642 -1 -1 0 0 0 0 0.000000 0.000000 0.000000 -nan 0.000000
1636 643 -1 -1 0 0 0 0 0.000000 0.000000 0.000000 -nan 0.000000
1637 644 -1 -1 0 0 0 0 0.000000 0.000000 0.000000 -nan 0.000000
1638 645 -1 -1 0 0 0 0 0.000000 0.000000 0.000000 -nan 0.000000
1639 646 -1 -1 0 0 0 0 0.000000 0.000000 0.000000 -nan 0.000000
1640 647 -1 -1 0 0 0 0 0.000000 0.000000 0.000000 -nan 0.000000
1641 648 -1 -1 0 0 0 0 0.000000 0.000000 0.000000 -nan 0.000000
1642 649 -1 -1 0 0 0 0 0.000000 0.000000 0.000000 -nan 0.000000
1643 650 -1 -1 0 0 0 0 0.000000 0.000000 0.000000 -nan 0.000000
1644 651 -1 -1 0 0 0 0 0.000000 0.000000 0.000000 -nan 0.000000
1645 652 -1 -1 0 0 0 0 0.000000 0.000000 0.000000 -nan 0.000000
1646 653 -1 -1 0 0 0 0 0.000000 0.000000 0.000000 -nan 0.000000
1647 654 -1 -1 0 0 0 0 0.000000 0.000000 0.000000 -nan 0.000000
1648 655 -1 -1 0 0 0 0 0.000000 0.000000 0.000000 -nan 0.000000
1649 656 -1 -1 0 0 0 0 0.000000 0.000000 0.000000 -nan 0.000000
1650 657 -1 -1 0 0 0 0 0.000000 0.000000 0.000000 -nan 0.000000
1651 658 -1 -1 0 0 0 0 0.000000 0.000000 0.000000 -nan 0.000000
1652 659 -1 -1 0 0 0 0 0.000000 0.000000 0.000000 -nan 0.000000
1700 660 -1 -1 0 0 0 0 0.000000 0.000000 0.000000 -nan 0.000000
1701 661 -1 -1 0 0 0 0 0.000000 0.000000 0.000000 -nan 0.000000
1702 662 -1 -1 0 0 0 0 0.000000 0.000000 0.000000 -nan 0.000000
1703 663 -1 -1 0 0 0 0 0.000000 0.000000 0.000000 -nan 0.000000
1704 664 -1 -1 0 0 0 0 0.000000 0.000000 0.000000 -nan 0.000000
1705 665 -1 -1 0 0 0 0 0.000000 0.000000 0.000000 -nan 0.000000
1706 666 -1 -1 0 0 0 0 0.000000 0.000000 0.000000 -nan 0.000000
1707 667 -1 -1 0 0 0 0 0.000000 0.000000 0.000000 -nan 0.000000
1708 668 -1 -1 0 0 0 0 0.000000 0.000000 0.000000 -nan 0.000000
1709 669 -1 -1 0 0 0 0 0.000000 0.000000 0.000000 -nan 0.000000
1710 670 -1 -1 0 0 0 0 0.000000 0.000000 0.000000 -nan 0.000000
1711 671 -1 -1 0 0 0 0 0.000000 0.000000 0.000000 -nan 0.000000
1712 672 -1 -1 0 0 0 0 0.000000 0.000000 0.000000 -nan 0.000000
1713 673 -1 -1 0 0 0 0 0.000000 0.000000 0.000000 -nan 0.000000
1714 674 -1 -1 0 0 0 0 0.000000 0.000000 0.000000 -nan 0.000000
1715 675 -1 -1 0 0 0 0 0.000000 0.000000 0.000000 -nan 0.000000
1716 676 -1 -1 0 0 0 0 0.000000 0.000000 0.000000 -nan 0.000000
1717 677 -1 -1 0 0 0 0 0.000000 0.000000 0.000000 -nan 0.000000
1718 678 -1 -1 0 0 0 0 0.000000 0.000000 0.000000 -nan 0.000000
1719 679 -1 -1 0 0 0 0 0.000000 0.000000 0.000000 -nan 0.000000
1720 680 -1 -1 0 0 0 0 0.000000 0.000000 0.000000 -nan 0.000000
1721 681 -1 -1 0 0 0 0 0.000000 0.000000 0.000000 -nan 0.000000
1722 682 -1 -1 0 0 0 0 0.000000 0.000000 0.000000 -nan 0.000000
1723 683 -1 -1 0 0 0 0 0.000000 0.000000 0.000000 -nan 0.000000
1724 684 -1 -1 0 0 0 0 0.000000 0.000000 0.000000 -nan 0.000000
1725 685 -1 -1 0 0 0 0 0.000000 0.000000 0.000000 -nan 0.000000
1726 686 -1 -1 0 0 0 0 0.000000 0.000000 0.000000 -nan 0.000000
1727 687 -1 -1 0 0 0 0 0.000000 0.000000 0.000000 -nan 0.000000
1728 688 -1 -1 0 0 0 0 0.000000 0.000000 0.000000 -nan 0.000000
1729 689 -1 -1 0 0 0 0 0.000000 0.000000 0.000000 -nan 0.000000
1777 690 -1 -1 0 0 0 0 0.000000 0.000000 0.000000 -nan 0.000000
1778 691 -1 -1 0 0 0 0 0.000000 0.000000 0.000000 -nan 0.000000
1779 692 -1 -1 0 0 0 0 0.000000 0.000000 0.000000 -nan 0.000000
1780 693 -1 -1 0 0 0 0 0.000000 0.000000 0.000000 -nan 0.000000
1781 694 -1 -1 0 0 0 0 0.000000 0.000000 0.000000 -nan 0.000000
1782 695 -1 -1 0 0 0 0 0.000000 0.000000 0.000000 -nan 0.000000
1783 696 -1 -1 0 0 0 0 0.000000 0.000000 0.000000 -nan 0.000000
1784 697 -1 -1 0 0 0 0 0.000000 0.000000 0.000000 -nan 0.000000
1785 698 -1 -1 0 0 0 0 0.000000 0.000000 0.000000 -nan 0.000000
1786 699 -1 -1 0 0 0 0 0.000000 0.000000 0.000000 -nan 0.000000
1787 700 -1 -1 0 0 0 0 0.000000 0.000000 0.000000 -nan 0.000000
1788 701 -1 -1 0 0 0 0 0.000000 0.000000 0.000000 -nan 0.000000
1789 702 -1 -1 0 0 0 0 0.000000 0.000000 0.000000 -nan 0.000000
1790 703 -1 -1 0 0 0 0 0.000000 0.000000 0.000000 -nan 0.000000
1791 704 -1 -1 0 0 0 0 0.000000 0.000000 0.000000 -nan 0.000000
1792 705 -1 -1 0 0 0 0 0.000000 0.000000 0.000000 -nan 0.000000
1793 706 -1 -1 0 0 0 0 0.000000 0.000000 0.000000 -nan 0.000000
1794 707 -1 -1 0 0 0 0 0.000000 0.000000 0.000000 -nan 0.000000
1795 708 -1 -1 0 0 0 0 0.000000 0.000000 0.000000 -nan 0.000000
1796 709 -1 -1 0 0 0 0 0.000000 0.000000 0.000000 -nan 0.000000
1797 710 -1 -1 0 0 0 0 0.000000 0.000000 0.000000 -nan 0.000000
1798 711 -1 -1 0 0 0 0 0.000000 0.000000 0.000000 -nan 0.000000
1799 712 -1 -1 0 0 0 0 0.000000 0.000000 0.000000 -nan 0.000000
1800 713 -1 -1 0 0 0 0 0.000000 0.000000 0.000000 -nan 0.000000
1801 714 -1 -1 0 0 0 0 0.000000 0.000000 0.000000 -nan 0.000000
1802 715 -1 -1 0 0 0 0 0.000000 0.000000 0.000000 -nan 0.000000
1803 716 -1 -1 0 0 0 0 0.000000 0.000000 0.000000 -nan 0.000000
1804 717 -1 -1 0 0 0 0 0.000000 0.000000 0.000000 -nan 0.000000
1805 718 -1 -1 0 0 0 0 0.000000 0.000000 0.000000 -nan 0.000000
1806 719 -1 -1 0 0 0 0 0.000000 0.000000 0.000000 -nan 0.000000
1854 720 -1 -1 0 0 0 0 0.000000 0.000000 0.000000 -nan 0.000000
1855 721 -1 -1 0 0 0 0 0.000000 0.000000 0.000000 -nan 0.000000
1856 722 -1 -1 0 0 0 0 0.000000 0.000000 0.000000 -nan 0.000000
1857 723 -1 -1 0 0 0 0 0.000000 0.000000 0.000000 -nan 0.000000
1858 724 -1 -1 0 0 0 0 0.000000 0.000000 0.000000 -nan 0.000000
1859 725 -1 -1 0 0 0 0 0.000000 0.000000 0.000000 -nan 0.000000
1860 726 -1 -1 0 0 0 0 0.000000 0.000000 0.000000 -nan 0.000000
1861 727 -1 -1 0 0 0 0 0.000000 0.000000 0.000000 -nan 0.000000
1862 728 -1 -1 0 0 0 0 0.000000 0.000000 0.000000 -nan 0.000000
1863 729 -1 -1 0 0 0 0 0.000000 0.000000 0.000000 -nan 0.000000
1864 730 -1 -1 0 0 0 0 0.000000 0.000000 0.000000 -nan 0.000000
1865 731 -1 -1 0 0 0 0 0.000000 0.000000 0.000000 -nan 0.000000
1866 732 -1 -1 0 0 0 0 0.000000 0.000000 0.000000 -nan 0.000000
1867 733 -1 -1 0 0 0 0 0.000000 0.000000 0.000000 -nan 0.000000
1868 734 -1 -1 0 0 0 0 0.000000 0.000000 0.000000 -nan 0.000000
1869 735 -1 -1 0 0 0 0 0.000000 0.000000 0.000000 -nan 0.000000
1870 736 -1 -1 0 0 0 0 0.000000 0.000000 0.000000 -nan 0.000000
1871 737 -1 -1 0 0 0 0 0.000000 0.000000 0.000000 -nan 0.000000
1872 738 -1 -1 0 0 0 0 0.000000 0.000000 0.000000 -nan 0.000000
1873 739 -1 -1 0 0 0 0 0.000000 0.000000 0.000000 -nan 0.000000
1874 740 -1 -1 0 0 0 0 0.000000 0.000000 0.000000 -nan 0.000000
1875 741 -1 -1 0 0 0 0 0.000000 0.000000 0.000000 -nan 0.000000
1876 742 -1 -1 0 0 0 0 0.000000 0.000000 0.000000 -nan 0.000000
1877 743 -1 -1 0 0 0 0 0.000000 0.000000 0.000000 -nan 0.000000
1878 744 -1 -1 0 0 0 0 0.000000 0.000000 0.000000 -nan 0.000000
1879 745 -1 -1 0 0 0 0 0.000000 0.000000 0.000000 -nan 0.000000
1880 746 -1 -1 0 0 0 0 0.000000 0.000000 0.000000 -nan 0.000000
1881 747 -1 -1 0 0 0 0 0.000000 0.000000 0.000000 -nan 0.000000
1882 748 -1 -1 0 0 0 0 0.000000 0.000000 0.000000 -nan 0.000000
1883 749 -1 -1 0 0 0 0 0.000000 0.000000 0.000000 -nan 0.000000
1931 750 -1 -1 0 0 0 0 0.000000 0.000000 0.000000 -nan 0.000000
1932 751 -1 -1 0 0 0 0 0.000000 0.000000 0.000000 -nan 0.000000
1933 752 -1 -1 0 0 0 0 0.000000 0.000000 0.000000 -nan 0.000000
1934 753 -1 -1 0 0 0 0 0.000000 0.000000 0.000000 -nan 0.000000
1935 754 -1 -1 0 0 0 0 0.000000 0.000000 0.000000 -nan 0.000000
1936 755 -1 -1 0 0 0 0 0.000000 0.000000 0.000000 -nan 0.000000
1937 756 -1 -1 0 0 0 0 0.000000 0.000000 0.000000 -nan 0.000000
1938 757 -1 -1 0 0 0 0 0.000000 0.000000 0.000000 -nan 0.000000
1939 758 -1 -1 0 0 0 0 0.000000 0.000000 0.000000 -nan 0.000000
1940 759 -1 -1 0 0 0 0 0.000000 0.000000 0.000000 -nan 0.000000
1941 760 -1 -1 0 0 0 0 0.000000 0.000000 0.000000 -nan 0.000000
1942 761 -1 -1 0 0 0 0 0.000000 0.000000 0.000000 -nan 0.000000
1943 762 -1 -1 0 0 0 0 0.000000 0.000000 0.000000 -nan 0.000000
1944 763 -1 -1 0 0 0 0 0.000000 0.000000 0.000000 -nan 0.000000
1945 764 -1 -1 0 0 0 0 0.000000 0.000000 0.000000 -nan 0.000000
1946 765 -1 -1 0 0 0 0 0.000000 0.000000 0.000000 -nan 0.000000
1947 766 -1 -1 0 0 0 0 0.000000 0.000000 0.000000 -nan 0.000000
1948 767 -1 -1 0 0 0 0 0.000000 0.000000 0.000000 -nan 0.000000
1949 768 -1 -1 0 0 0 0 0.000000 0.000000 0.000000 -nan 0.000000
1950 769 -1 -1 0 0 0 0 0.000000 0.000000 0.000000 -nan 0.000000
1951 770 -1 -1 0 0 0 0 0.000000 0.000000 0.000000 -nan 0.000000
1952 771 -1 -1 0 0 0 0 0.000000 0.000000 0.000000 -nan 0.000000
1953 772 -1 -1 0 0 0 0 0.000000 0.000000 0.000000 -nan 0.000000
1954 773 -1 -1 0 0 0 0 0.000000 0.000000 0.000000 -nan 0.000000
1955 774 -1 -1 0 0 0 0 0.000000 0.000000 0.000000 -nan 0.000000
1956 775 -1 -1 0 0 0 0 0.000000 0.000000 0.000000 -nan 0.000000
1957 776 -1 -1 0 0 0 0 0.000000 0.000000 0.000000 -nan 0.000000
1958 777 -1 -1 0 0 0 0 0.000000 0.000000 0.000000 -nan 0.000000
1959 778 -1 -1 0 0 0 0 0.000000 0.000000 0.000000 -nan 0.000000
1960 779 -1 -1 0 0 0 0 0.000000 0.000000 0.000000 -nan 0.000000
2008 780 -1 -1 0 0 0 0 0.000000 0.000000 0.000000 -nan 0.000000
2009 781 -1 -1 0 0 0 0 0.000000 0.000000 0.000000 -nan 0.000000
2010 782 -1 -1 0 0 0 0 0.000000 0.000000 0.000000 -nan 0.000000
2011 783 -1 -1 0 0 0 0 0.000000 0.000000 0.000000 -nan 0.000000
2012 784 -1 -1 0 0 0 0 0.000000 0.000000 0.000000 -nan 0.000000
2013 785 -1 -1 0 0 0 0 0.000000 0.000000 0.000000 -nan 0.000000
2014 786 -1 -1 0 0 0 0 0.000000 0.000000 0.000000 -nan 0.000000
2015 787 -1 -1 0 0 0 0 0.000000 0.000000 0.000000 -nan 0.000000
2016 788 -1 -1 0 0 0 0 0.000000 0.000000 0.000000 -nan 0.000000
2017 789 -1 -1 0 0 0 0 0.000000 0.000000 0.000000 -nan 0.000000
2018 790 -1 -1 0 0 0 0 0.000000 0.000000 0.000000 -nan 0.000000
2019 791 -1 -1 0 0 0 0 0.000000 0.000000 0.000000 -nan 0.000000
2020 792 -1 -1 0 0 0 0 0.000000 0.000000 0.000000 -nan 0.000000
2021 793 -1 -1 0 0 0 0 0.000000 0.000000 0.000000 -nan 0.000000
2022 794 -1 -1 0 0 0 0 0.000000 0.000000 0.000000 -nan 0.000000
2023 795 -1 -1 0 0 0 0 0.000000 0.000000 0.000000 -nan 0.000000
2024 796 -1 -1 0 0 0 0 0.000000 0.000000 0.000000 -nan 0.000000
2025 797 -1 -1 0 0 0 0 0.000000 0.000000 0.000000 -nan 0.000000
2026 798 -1 -1 0 0 0 0 0.000000 0.000000 0.000000 -nan 0.000000
2027 799 -1 -1 0 0 0 0 0.000000 0.000000 0.000000 -nan 0.000000
2028 800 -1 -1 0 0 0 0 0.000000 0.000000 0.000000 -nan 0.000000
2029 801 -1 -1 0 0 0 0 0.000000 0.000000 0.000000 -nan 0.000000
2030 802 -1 -1 0 0 0 0 0.000000 0.000000 0.000000 -nan 0.000000
2031 803 -1 -1 0 0 0 0 0.000000 0.000000 0.000000 -nan 0.000000
2032 804 -1 -1 0 0 0 0 0.000000 0.000000 0.000000 -nan 0.000000
2033 805 -1 -1 0 0 0 0 0.000000 0.000000 0.000000 -nan 0.000000
2034 806 -1 -1 0 0 0 0 0.000000 0.000000 0.000000 -nan 0.000000
2035 807 -1 -1 0 0 0 0 0.000000 0.000000 0.000000 -nan 0.000000
2036 808 -1 -1 0 0 0 0 0.000000 0.000000 0.000000 -nan 0.000000
2037 809 -1 -1 0 0 0 0 0.000000 0.000000 0.000000 -nan 0.000000
2085 810 -1 -1 0 0 0 0 0.000000 0.000000 0.000000 -nan 0.000000
2086 811 -1 -1 0 0 0 0 0.000000 0.000000 0.000000 -nan 0.000000
2087 812 -1 -1 0 0 0 0 0.000000 0.000000 0.000000 -nan 0.000000
2088 813 -1 -1 0 0 0 0 0.000000 0.000000 0.000000 -nan 0.000000
2089 814 -1 -1 0 0 0 0 0.000000 0.000000 0.000000 -nan 0.000000
2090 815 -1 -1 0 0 0 0 0.000000 0.000000 0.000000 -nan 0.000000
2091 816 -1 -1 0 0 0 0 0.000000 0.000000 0.000000 -nan 0.000000
2092 817 -1 -1 0 0 0 0 0.000000 0.000000 0.000000 -nan 0.000000
2093 818 -1 -1 0 0 0 0 0.000000 0.000000 0.000000 -nan 0.000000
2094 819 -1 -1 0 0 0 0 0.000000 0.000000 0.000000 -nan 0.000000
2095 820 -1 -1 0 0 0 0 0.000000 0.000000 0.000000 -nan 0.000000
2096 821 -1 -1 0 0 0 0 0.000000 0.000000 0.000000 -nan 0.000000
2097 822 -1 -1 0 0 0 0 0.000000 0.000000 0.000000 -nan 0.000000
2098 823 -1 -1 0 0 0 0 0.000000 0.000000 0.000000 -nan 0.000000
2099 824 -1 -1 0 0 0 0 0.000000 0.000000 0.000000 -nan 0.000000
2100 825 -1 -1 0 0 0 0 0.000000 0.000000 0.000000 -nan 0.000000
2101 826 -1 -1 0 0 0 0 0.000000 0.000000 0.000000 -nan 0.000000
2102 827 -1 -1 0 0 0 0 0.000000 0.000000 0.000000 -nan 0.000000
2103 828 -1 -1 0 0 0 0 0.000000 0.000000 0.000000 -nan 0.000000
2104 829 -1 -1 0 0 0 0 0.000000 0.000000 0.000000 -nan 0.000000
2105 830 -1 -1 0 0 0 0 0.000000 0.000000 0.000000 -nan 0.000000
2106 831 -1 -1 0 0 0 0 0.000000 0.000000 0.000000 -nan 0.000000
2107 832 -1 -1 0 0 0 0 0.000000 0.000000 0.000000 -nan 0.000000
2108 833 -1 -1 0 0 0 0 0.000000 0.000000 0.000000 -nan 0.000000
2109 834 -1 -1 0 0 0 0 0.000000 0.000000 0.000000 -nan 0.000000
2110 835 -1 -1 0 0 0 0 0.000000 0.000000 0.000000 -nan 0.000000
2111 836 -1 -1 0 0 0 0 0.000000 0.000000 0.000000 -nan 0.000000
2112 837 -1 -1 0 0 0 0 0.000000 0.000000 0.000000 -nan 0.000000
2113 838 -1 -1 0 0 0 0 0.000000 0.000000 0.000000 -nan 0.000000
2114 839 -1 -1 0 0 0 0 0.000000 0.000000 0.000000 -nan 0.000000
2162 840 -1 -1 0 0 0 0 0.000000 0.000000 0.000000 -nan 0.000000
2163 841 -1 -1 0 0 0 0 0.000000 0.000000 0.000000 -nan 0.000000
2164 842 -1 -1 0 0 0 0 0.000000 0.000000 0.000000 -nan 0.000000
2165 843 -1 -1 0 0 0 0 0.000000 0.000000 0.000000 -nan 0.000000
2166 844 -1 -1 0 0 0 0 0.000000 0.000000 0.000000 -nan 0.000000
2167 845 -1 -1 0 0 0 0 0.000000 0.000000 0.000000 -nan 0.000000
2168 846 -1 -1 0 0 0 0 0.000000 0.000000 0.000000 -nan 0.000000
2169 847 -1 -1 0 0 0 0 0.000000 0.000000 0.000000 -nan 0.000000
2170 848 -1 -1 0 0 0 0 0.000000 0.000000 0.000000 -nan 0.000000
2171 849 -1 -1 0 0 0 0 0.000000 0.000000 0.000000 -nan 0.000000
2172 850 -1 -1 0 0 0 0 0.000000 0.000000 0.000000 -nan 0.000000
2173 851 -1 -1 0 0 0 0 0.000000 0.000000 0.000000 -nan 0.000000
2174 852 -1 -1 0 0 0 0 0.000000 0.000000 0.000000 -nan 0.000000
2175 853 -1 -1 0 0 0 0 0.000000 0.000000 0.000000 -nan 0.000000
2176 854 -1 -1 0 0 0 0 0.000000 0.000000 0.000000 -nan 0.000000
2177 855 -1 -1 0 0 0 0 0.000000 0.000000 0.000000 -nan 0.000000
2178 856 -1 -1 0 0 0 0 0.000000 0.000000 0.000000 -nan 0.000000
2179 857 -1 -1 0 0 0 0 0.000000 0.000000 0.000000 -nan 0.000000
2180 858 -1 -1 0 0 0 0 0.000000 0.000000 0.000000 -nan 0.000000
2181 859 -1 -1 0 0 0 0 0.000000 0.000000 0.000000 -nan 0.000000
2182 860 -1 -1 0 0 0 0 0.000000 0.000000 0.000000 -nan 0.000000
2183 861 -1 -1 0 0 0 0 0.000000 0.000000 0.000000 -nan 0.000000
2184 862 -1 -1 0 0 0 0 0.000000 0.000000 0.000000 -nan 0.000000
2185 863 -1 -1 0 0 0 0 0.000000 0.000000 0.000000 -nan 0.000000
2186 864 -1 -1 0 0 0 0 0.000000 0.000000 0.000000 -nan 0.000000
2187 865 -1 -1 0 0 0 0 0.000000 0.000000 0.000000 -nan 0.000000
2188 866 -1 -1 0 0 0 0 0.000000 0.000000 0.000000 -nan 0.000000
2189 867 -1 -1 0 0 0 0 0.000000 0.000000 0.000000 -nan 0.000000
2190 868 -1 -1 0 0 0 0 0.000000 0.000000 0.000000 -nan 0.000000
2191 869 -1 -1 0 0 0 0 0.000000 0.000000 0.000000 -nan 0.000000
2239 870 -1 -1 0 0 0 0 0.000000 0.000000 0.000000 -nan 0.000000
2240 871 -1 -1 0 0 0 0 0.000000 0.000000 0.000000 -nan 0.000000
2241 872 -1 -1 0 0 0 0 0.000000 0.000000 0.000000 -nan 0.000000
2242 873 -1 -1 0 0 0 0 0.000000 0.000000 0.000000 -nan 0.000000
2243 874 -1 -1 0 0 0 0 0.000000 0.000000 0.000000 -nan 0.000000
2244 875 -1 -1 0 0 0 0 0.000000 0.000000 0.000000 -nan 0.000000
2245 876 -1 -1 0 0 0 0 0.000000 0.000000 0.000000 -nan 0.000000
2246 877 -1 -1 0 0 0 0 0.000000 0.000000 0.000000 -nan 0.000000
2247 878 -1 -1 0 0 0 0 0.000000 0.000000 0.000000 -nan 0.000000
2248 879 -1 -1 0 0 0 0 0.000000 0.000000 0.000000 -nan 0.000000
2249 880 -1 -1 0 0 0 0 0.000000 0.000000 0.000000 -nan 0.000000
2250 881 -1 -1 0 0 0 0 0.000000 0.000000 0.000000 -nan 0.000000
2251 882 -1 -1 0 0 0 0 0.000000 0.000000 0.000000 -nan 0.000000
2252 883 -1 -1 0 0 0 0 0.000000 0.000000 0.000000 -nan 0.000000
2253 884 -1 -1 0 0 0 0 0.000000 0.000000 0.000000 -nan 0.000000
2254 885 -1 -1 0 0 0 0 0.000000 0.000000 0.000000 -nan 0.000000
2255 886 -1 -1 0 0 0 0 0.000000 0.000000 0.000000 -nan 0.000000
2256 887 -1 -1 0 0 0 0 0.000000 0.000000 0.000000 -nan 0.000000
2257 888 -1 -1 0 0 0 0 0.000000 0.000000 0.000000 -nan 0.000000
2258 889 -1 -1 0 0 0 0 0.000000 0.000000 0.000000 -nan 0.000000
2259 890 -1 -1 0 0 0 0 0.000000 0.000000 0.000000 -nan 0.000000
2260 891 -1 -1 0 0 0 0 0.000000 0.000000 0.000000 -nan 0.000000
2261 892 -1 -1 0 0 0 0 0.000000 0.000000 0.000000 -nan 0.000000
2262 893 -1 -1 0 0 0 0 0.000000 0.000000 0.000000 -nan 0.000000
2263 894 -1 -1 0 0 0 0 0.000000 0.000000 0.000000 -nan 0.000000
2264 895 -1 -1 0 0 0 0 0.000000 0.000000 0.000000 -nan 0.000000
2265 896 -1 -1 0 0 0 0 0.000000 0.000000 0.000000 -nan 0.000000
2266 897 -1 -1 0 0 0 0 0.000000 0.000000 0.000000 -nan 0.000000
2267 898 -1 -1 0 0 0 0 0.000000 0.000000 0.000000 -nan 0.000000
2268 899 -1 -1 0 0 0 0 0.000000 0.000000 0.000000 -nan 0.000000
2316 900 -1 -1 0 0 0 0 0.000000 0.000000 0.000000 -nan 0.000000
2317 901 -1 -1 0 0 0 0 0.000000 0.000000 0.000000 -nan 0.000000
2318 902 -1 -1 0 0 0 0 0.000000 0.000000 0.000000 -nan 0.000000
2319 903 -1 -1 0 0 0 0 0.000000 0.000000 0.000000 -nan 0.000000
2320 904 -1 -1 0 0 0 0 0.000000 0.000000 0.000000 -nan 0.000000
2321 905 -1 -1 0 0 0 0 0.000000 0.000000 0.000000 -nan 0.000000
2322 906 -1 -1 0 0 0 0 0.000000 0.000000 0.000000 -nan 0.000000
2323 907 -1 -1 0 0 0 0 0.000000 0.000000 0.000000 -nan 0.000000
2324 908 -1 -1 0 0 0 0 0.000000 0.000000 0.000000 -nan 0.000000
2325 909 -1 -1 0 0 0 0 0.000000 0.000000 0.000000 -nan 0.000000
2326 910 -1 -1 0 0 0 0 0.000000 0.000000 0.000000 -nan 0.000000
2327 911 -1 -1 0 0 0 0 0.000000 0.000000 0.000000 -nan 0.000000
2328 912 -1 -1 0 0 0 0 0.000000 0.000000 0.000000 -nan 0.000000
2329 913 -1 -1 0 0 0 0 0.000000 0.000000 0.000000 -nan 0.000000
2330 914 -1 -1 0 0 0 0 0.000000 0.000000 0.000000 -nan 0.000000
2331 915 -1 -1 0 0 0 0 0.000000 0.000000 0.000000 -nan 0.000000
2332 916 -1 -1 0 0 0 0 0.000000 0.000000 0.000000 -nan 0.000000
2333 917 -1 -1 0 0 0 0 0.000000 0.000000 0.000000 -nan 0.000000
2334 918 -1 -1 0 0 0 0 0.000000 0.000000 0.000000 -nan 0.000000
2335 919 -1 -1 0 0 0 0 0.000000 0.000000 0.000000 -nan 0.000000
2336 920 -1 -1 0 0 0 0 0.000000 0.000000 0.000000 -nan 0.000000
2337 921 -1 -1 0 0 0 0 0.000000 0.000000 0.000000 -nan 0.000000
2338 922 -1 -1 0 0 0 0 0.000000 0.000000 0.000000 -nan 0.000000
2339 923 -1 -1 0 0 0 0 0.000000 0.000000 0.000000 -nan 0.000000
2340 924 -1 -1 0 0 0 0 0.000000 0.000000 0.000000 -nan 0.000000
2341 925 -1 -1 0 0 0 0 0.000000 0.000000 0.000000 -nan 0.000000
2342 926 -1 -1 0 0 0 0 0.000000 0.000000 0.000000 -nan 0.000000
2343 927 -1 -1 0 0 0 0 0.000000 0.000000 0.000000 -nan 0.000000
2344 928 -1 -1 0 0 0 0 0.000000 0.000000 0.000000 -nan 0.000000
2345 929 -1 -1 0 0 0 0 0.000000 0.000000 0.000000 -nan 0.000000
2393 930 -1 -1 0 0 0 0 0.000000 0.000000 0.000000 -nan 0.000000
2394 931 -1 -1 0 0 0 0 0.000000 0.000000 0.000000 -nan 0.000000
2395 932 -1 -1 0 0 0 0 0.000000 0.000000 0.000000 -nan 0.000000
2396 933 -1 -1 0 0 0 0 0.000000 0.000000 0.000000 -nan 0.000000
2397 934 -1 -1 0 0 0 0 0.000000 0.000000 0.000000 -nan 0.000000
2398 935 -1 -1 0 0 0 0 0.000000 0.000000 0.000000 -nan 0.000000
2399 936 -1 -1 0 0 0 0 0.000000 0.000000 0.000000 -nan 0.000000
2400 937 -1 -1 0 0 0 0 0.000000 0.000000 0.000000 -nan 0.000000
2401 938 -1 -1 0 0 0 0 0.000000 0.000000 0.000000 -nan 0.000000
2402 939 -1 -1 0 0 0 0 0.000000 0.000000 0.000000 -nan 0.000000
2403 940 -1 -1 0 0 0 0 0.000000 0.000000 0.000000 -nan 0.000000
2404 941 -1 -1 0 0 0 0 0.000000 0.000000 0.000000 -nan 0.000000
2405 942 -1 -1 0 0 0 0 0.000000 0.000000 0.000000 -nan 0.000000
2406 943 -1 -1 0 0 0 0 0.000000 0.000000 0.000000 -nan 0.000000
2407 944 -1 -1 0 0 0 0 0.000000 0.000000 0.000000 -nan 0.000000
2408 945 -1 -1 0 0 0 0 0.000000 0.000000 0.000000 -nan 0.000000
2409 946 -1 -1 0 0 0 0 0.000000 0.000000 0.000000 -nan 0.000000
2410 947 -1 -1 0 0 0 0 0.000000 0.000000 0.000000 -nan 0.000000
2411 948 -1 -1 0 0 0 0 0.000000 0.000000 0.000000 -nan 0.000000
2412 949 -1 -1 0 0 0 0 0.000000 0.000000 0.000000 -nan 0.000000
2413 950 -1 -1 0 0 0 0 0.000000 0.000000 0.000000 -nan 0.000000
2414 951 -1 -1 0 0 0 0 0.000000 0.000000 0.000000 -nan 0.000000
2415 952 -1 -1 0 0 0 0 0.000000 0.000000 0.000000 -nan 0.000000
2416 953 -1 -1 0 0 0 0 0.000000 0.000000 0.000000 -nan 0.000000
2417 954 -1 -1 0 0 0 0 0.000000 0.000000 0.000000 -nan 0.000000
2418 955 -1 -1 0 0 0 0 0.000000 0.000000 0.000000 -nan 0.000000
2419 956 -1 -1 0 0 0 0 0.000000 0.000000 0.000000 -nan 0.000000
2420 957 -1 -1 0 0 0 0 0.000000 0.000000 0.000000 -nan 0.000000
2421 958 -1 -1 0 0 0 0 0.000000 0.000000 0.000000 -nan 0.000000
2422 959 -1 -1 0 0 0 0 0.000000 0.000000 0.000000 -nan 0.000000
2470 960 -1 -1 0 0 0 0 0.000000 0.000000 0.000000 -nan 0.000000
2471 961 -1 -1 0 0 0 0 0.000000 0.000000 0.000000 -nan 0.000000
2472 962 -1 -1 0 0 0 0 0.000000 0.000000 0.000000 -nan 0.000000
2473 963 -1 -1 0 0 0 0 0.000000 0.000000 0.000000 -nan 0.000000
2474 964 -1 -1 0 0 0 0 0.000000 0.000000 0.000000 -nan 0.000000
2475 965 -1 -1 0 0 0 0 0.000000 0.000000 0.000000 -nan 0.000000
2476 966 -1 -1 0 0 0 0 0.000000 0.000000 0.000000 -nan 0.000000
2477 967 -1 -1 0 0 0 0 0.000000 0.000000 0.000000 -nan 0.000000
2478 968 -1 -1 0 0 0 0 0.000000 0.000000 0.000000 -nan 0.000000
2479 969 -1 -1 0 0 0 0 0.000000 0.000000 0.000000 -nan 0.000000
2480 970 -1 -1 0 0 0 0 0.000000 0.000000 0.000000 -nan 0.000000
2481 971 -1 -1 0 0 0 0 0.000000 0.000000 0.000000 -nan 0.000000
2482 972 -1 -1 0 0 0 0 0.000000 0.000000 0.000000 -nan 0.000000
2483 973 -1 -1 0 0 0 0 0.000000 0.000000 0.000000 -nan 0.000000
2484 974 -1 -1 0 0 0 0 0.000000 0.000000 0.000000 -nan 0.000000
2485 975 -1 -1 0 0 0 0 0.000000 0.000000 0.000000 -nan 0.000000
2486 976 -1 -1 0 0 0 0 0.000000 0.000000 0.000000 -nan 0.000000
2487 977 -1 -1 0 0 0 0 0.000000 0.000000 0.000000 -nan 0.000000
2488 978 -1 -1 0 0 0 0 0.000000 0.000000 0.000000 -nan 0.000000
2489 979 -1 -1 0 0 0 0 0.000000 0.000000 0.000000 -nan 0.000000
2490 980 -1 -1 0 0 0 0 0.000000 0.000000 0.000000 -nan 0.000000
2491 981 -1 -1 0 0 0 0 0.000000 0.000000 0.000000 -nan 0.000000
2492 982 -1 -1 0 0 0 0 0.000000 0.000000 0.000000 -nan 0.000000
2493 983 -1 -1 0 0 0 0 0.000000 0.000000 0.000000 -nan 0.000000
2494 984 -1 -1 0 0 0 0 0.000000 0.000000 0.000000 -nan 0.000000
2495 985 -1 -1 0 0 0 0 0.000000 0.000000 0.000000 -nan 0.000000
2496 986 -1 -1 0 0 0 0 0.000000 0.000000 0.000000 -nan 0.000000
2497 987 -1 -1 0 0 0 0 0.000000 0.000000 0.000000 -nan 0.000000
2498 988 -1 -1 0 0 0 0 0.000000 0.000000 0.000000 -nan 0.000000
2499 989 -1 -1 0 0 0 0 0.000000 0.000000 0.000000 -nan 0.000000