# Format <LP id> <Workload type> <client id> <Bytes written> <Bytes read> <Synthetic data Received> <Time to write bytes > <Total elapsed time>
6 conceptual-cosmo 0 41943040 0 0 1068618249.812978 3493757054.924515
7 conceptual-cosmo 1 41943040 0 0 1043672439.319998 3493757054.924515
8 conceptual-checkpoint 2 166666666 0 0 2607178237.416852 3493757054.924515
9 conceptual-checkpoint 3 166666666 0 0 2599283614.582987 3493757054.924515
10 conceptual-checkpoint 4 166666666 0 0 2604546696.579937 3493757054.924515
11 conceptual-cosmo 5 41943040 0 0 1056720966.647916 3493757054.924515
12 milc 6 0 0 0 0.000000 3493757054.924515
13 conceptual-checkpoint 7 166666666 0 0 2596652074.121271 3493757054.924515
14 conceptual-checkpoint 8 166666666 0 0 2601915155.796887 3493757054.924515
15 conceptual-cosmo 9 41943040 0 0 1040351265.733571 3493757054.924515
16 milc 10 0 0 0 0.000000 3493757054.924515
17 conceptual-checkpoint 11 166666666 0 0 2594020533.805518 3493757054.924515
18 conceptual-cosmo 12 41943040 0 0 1038337205.293254 3493757054.924515
19 milc 13 0 0 0 0.000000 3493757054.924515
20 milc 14 0 0 0 0.000000 3493757054.924515
21 conceptual-checkpoint 15 166666666 0 0 2385810885.121065 3493757054.924515
22 conceptual-cosmo 16 41943040 0 0 1136465050.534870 3493757054.924515
23 conceptual-cosmo 17 41943040 0 0 1151464236.328413 3493757054.924515
24 milc 18 0 0 0 0.000000 3493757054.924515
25 conceptual-checkpoint 19 166666666 0 0 2388442425.744477 3493757054.924515
26 conceptual-cosmo 20 41943040 0 0 1134320724.765088 3493757054.924515
27 conceptual-checkpoint 21 166666666 0 0 2399454752.330180 3493757054.924515
28 conceptual-checkpoint 22 166666666 0 0 2396823212.031905 3493757054.924515
29 conceptual-checkpoint 23 166666666 0 0 2402086293.499982 3493757054.924515
30 milc 24 0 0 0 0.000000 3493757054.924515
31 conceptual-cosmo 25 41943040 0 0 1189801471.227042 3493757054.924515
32 conceptual-cosmo 26 41943040 0 0 1180361592.847191 3493757054.924515
33 conceptual-cosmo 27 41943040 0 0 1177955996.256803 3493757054.924515
34 conceptual-cosmo 28 41943040 0 0 1053166886.439601 3493757054.924515
35 conceptual-cosmo 29 41943040 0 0 1132050821.767116 3493757054.924515
83 conceptual-checkpoint 30 166666666 0 0 3314775521.766328 3493757054.924515
84 conceptual-checkpoint 31 166666666 0 0 3320038602.874191 3493757054.924515
85 conceptual-cosmo 32 41943040 0 0 1196882127.695875 3493757054.924515
86 conceptual-cosmo 33 41943040 0 0 1185668788.360742 3493757054.924515
87 milc 34 0 0 0 0.000000 3493757054.924515
88 conceptual-cosmo 35 41943040 0 0 1200341678.190496 3493757054.924515
89 conceptual-checkpoint 36 166666666 0 0 3317407062.134939 3493757054.924515
90 conceptual-checkpoint 37 166666666 0 0 3312143980.853580 3493757054.924515
91 milc 38 0 0 0 0.000000 3493757054.924515
92 conceptual-checkpoint 39 166666666 0 0 3325301684.255974 3493757054.924515
93 conceptual-checkpoint 40 166666666 0 0 3322670143.828471 3493757054.924515
94 milc 41 0 0 0 0.000000 3493757054.924515
95 conceptual-checkpoint 42 166666666 0 0 3330564765.667313 3493757054.924515
96 conceptual-cosmo 43 41943040 0 0 1184049443.705018 3493757054.924515
97 conceptual-checkpoint 44 166666666 0 0 3327933224.879310 3493757054.924515
98 conceptual-checkpoint 45 166666666 0 0 2270218532.485183 3493757054.924515
99 milc 46 0 0 0 0.000000 3493757054.924515
100 conceptual-checkpoint 47 166666666 0 0 2262323910.163977 3493757054.924515
101 conceptual-checkpoint 48 166666666 0 0 2264955450.773138 3493757054.924515
102 conceptual-checkpoint 49 166666666 0 0 2267586991.604907 3493757054.924515
103 conceptual-checkpoint 50 166666666 0 0 2251255812.899742 3493757054.924515
104 milc 51 0 0 0 0.000000 3493757054.924515
105 milc 52 0 0 0 0.000000 3493757054.924515
106 conceptual-cosmo 53 41943040 0 0 733232317.417021 3493757054.924515
107 milc 54 0 0 0 0.000000 3493757054.924515
108 milc 55 0 0 0 0.000000 3493757054.924515
109 conceptual-checkpoint 56 166666666 0 0 2245936961.134173 3493757054.924515
110 conceptual-cosmo 57 41943040 0 0 726554740.774538 3493757054.924515
111 milc 58 0 0 0 0.000000 3493757054.924515
112 milc 59 0 0 0 0.000000 3493757054.924515
160 conceptual-cosmo 60 41943040 0 0 940450723.464547 3493757054.924515
161 conceptual-checkpoint 61 166666666 0 0 2397981468.947507 3493757054.924515
162 milc 62 0 0 0 0.000000 3493757054.924515
163 milc 63 0 0 0 0.000000 3493757054.924515
164 conceptual-checkpoint 64 166666666 0 0 2414125335.922715 3493757054.924515
165 conceptual-cosmo 65 41943040 0 0 955596595.306863 3493757054.924515
166 conceptual-cosmo 66 41943040 0 0 914716126.214951 3493757054.924515
167 conceptual-checkpoint 67 166666666 0 0 2416756876.252104 3493757054.924515
168 conceptual-cosmo 68 41943040 0 0 928533889.053197 3493757054.924515
169 milc 69 0 0 0 0.000000 3493757054.924515
170 conceptual-checkpoint 70 166666666 0 0 2411493795.062247 3493757054.924515
171 conceptual-checkpoint 71 166666666 0 0 2408862254.211869 3493757054.924515
172 conceptual-checkpoint 72 166666666 0 0 2395349928.167291 3493757054.924515
173 milc 73 0 0 0 0.000000 3493757054.924515
174 conceptual-cosmo 74 41943040 0 0 917182519.452250 3493757054.924515
175 milc 75 0 0 0 0.000000 3493757054.924515
176 conceptual-cosmo 76 41943040 0 0 664766630.344587 3493757054.924515
177 conceptual-cosmo 77 41943040 0 0 674503949.971199 3493757054.924515
178 milc 78 0 0 0 0.000000 3493757054.924515
179 conceptual-cosmo 79 41943040 0 0 657295568.703674 3493757054.924515
180 conceptual-checkpoint 80 166666666 0 0 1797796417.790339 3493757054.924515
181 conceptual-checkpoint 81 166666666 0 0 1800427957.970346 3493757054.924515
182 conceptual-checkpoint 82 166666666 0 0 1795164877.423832 3493757054.924515
183 conceptual-checkpoint 83 166666666 0 0 1803059499.152019 3493757054.924515
184 conceptual-checkpoint 84 166666666 0 0 1758037865.187646 3493757054.924515
185 milc 85 0 0 0 0.000000 3493757054.924515
186 milc 86 0 0 0 0.000000 3493757054.924515
187 conceptual-cosmo 87 41943040 0 0 671105600.350390 3493757054.924515
188 conceptual-cosmo 88 41943040 0 0 616227885.704700 3493757054.924515
189 milc 89 0 0 0 0.000000 3493757054.924515
237 conceptual-checkpoint 90 166666666 0 0 1016395989.150426 3493757054.924515
238 milc 91 0 0 0 0.000000 3493757054.924515
239 conceptual-cosmo 92 41943040 0 0 376026149.554427 3493757054.924515
240 conceptual-cosmo 93 41943040 0 0 358072019.258597 3493757054.924515
241 milc 94 0 0 0 0.000000 3493757054.924515
242 conceptual-cosmo 95 41943040 0 0 353396354.854921 3493757054.924515
243 milc 96 0 0 0 0.000000 3493757054.924515
244 milc 97 0 0 0 0.000000 3493757054.924515
245 conceptual-checkpoint 98 166666666 0 0 1019027529.268410 3493757054.924515
246 milc 99 0 0 0 0.000000 3493757054.924515
247 milc 100 0 0 0 0.000000 3493757054.924515
248 milc 101 0 0 0 0.000000 3493757054.924515
249 conceptual-cosmo 102 41943040 0 0 346478436.738217 3493757054.924515
250 milc 103 0 0 0 0.000000 3493757054.924515
251 conceptual-checkpoint 104 166666666 0 0 1013764448.115583 3493757054.924515
252 milc 105 0 0 0 0.000000 3493757054.924515
253 milc 106 0 0 0 0.000000 3493757054.924515
254 milc 107 0 0 0 0.000000 3493757054.924515
255 conceptual-checkpoint 108 166666666 0 0 2483469817.245600 3493757054.924515
256 conceptual-checkpoint 109 166666666 0 0 2486101357.409929 3493757054.924515
257 conceptual-cosmo 110 41943040 0 0 789827550.928454 3493757054.924515
258 conceptual-checkpoint 111 166666666 0 0 2472589031.188553 3493757054.924515
259 milc 112 0 0 0 0.000000 3493757054.924515
260 milc 113 0 0 0 0.000000 3493757054.924515
261 conceptual-checkpoint 114 166666666 0 0 2491364438.837737 3493757054.924515
262 conceptual-cosmo 115 41943040 0 0 782020483.575922 3493757054.924515
263 milc 116 0 0 0 0.000000 3493757054.924515
264 conceptual-checkpoint 117 166666666 0 0 2488732898.496040 3493757054.924515
265 conceptual-checkpoint 118 166666666 0 0 2453701232.589976 3493757054.924515
266 conceptual-checkpoint 119 166666666 0 0 2456332773.536069 3493757054.924515
314 milc 120 0 0 0 0.000000 3493757054.924515
315 conceptual-checkpoint 121 166666666 0 0 1533317996.765908 3493757054.924515
316 milc 122 0 0 0 0.000000 3493757054.924515
317 milc 123 0 0 0 0.000000 3493757054.924515
318 milc 124 0 0 0 0.000000 3493757054.924515
319 conceptual-checkpoint 125 166666666 0 0 1535949075.972233 3493757054.924515
320 milc 126 0 0 0 0.000000 3493757054.924515
321 conceptual-cosmo 127 41943040 0 0 516363263.670272 3493757054.924515
322 conceptual-cosmo 128 41943040 0 0 548683030.539245 3493757054.924515
323 conceptual-cosmo 129 41943040 0 0 528141722.745909 3493757054.924515
324 conceptual-checkpoint 130 166666666 0 0 1541455239.167117 3493757054.924515
325 conceptual-checkpoint 131 166666666 0 0 1544086780.090320 3493757054.924515
326 conceptual-cosmo 132 41943040 0 0 543344782.127087 3493757054.924515
327 milc 133 0 0 0 0.000000 3493757054.924515
328 milc 134 0 0 0 0.000000 3493757054.924515
329 milc 135 0 0 0 0.000000 3493757054.924515
330 conceptual-checkpoint 136 166666666 0 0 2220108399.530124 3493757054.924515
331 conceptual-cosmo 137 41943040 0 0 781983617.516708 3493757054.924515
332 conceptual-checkpoint 138 166666666 0 0 2222739940.133916 3493757054.924515
333 conceptual-checkpoint 139 166666666 0 0 2225371480.547781 3493757054.924515
334 conceptual-checkpoint 140 166666666 0 0 2206089909.168452 3493757054.924515
335 milc 141 0 0 0 0.000000 3493757054.924515
336 conceptual-cosmo 142 41943040 0 0 794528813.687666 3493757054.924515
337 milc 143 0 0 0 0.000000 3493757054.924515
338 conceptual-cosmo 144 41943040 0 0 810881564.415626 3493757054.924515
339 milc 145 0 0 0 0.000000 3493757054.924515
340 conceptual-checkpoint 146 166666666 0 0 2217289546.600960 3493757054.924515
341 conceptual-checkpoint 147 166666666 0 0 2214470694.972877 3493757054.924515
342 conceptual-cosmo 148 41943040 0 0 779598483.797541 3493757054.924515
343 milc 149 0 0 0 0.000000 3493757054.924515
391 conceptual-cosmo 150 41943040 0 0 700884457.057332 3493757054.924515
392 conceptual-checkpoint 151 166666666 0 0 1651515325.056743 3493757054.924515
393 milc 152 0 0 0 0.000000 3493757054.924515
394 conceptual-checkpoint 153 166666666 0 0 1646252244.031803 3493757054.924515
395 conceptual-cosmo 154 41943040 0 0 695892490.946306 3493757054.924515
396 milc 155 0 0 0 0.000000 3493757054.924515
397 milc 156 0 0 0 0.000000 3493757054.924515
398 conceptual-cosmo 157 41943040 0 0 701062527.502987 3493757054.924515
399 conceptual-checkpoint 158 166666666 0 0 1643620702.300968 3493757054.924515
400 milc 159 0 0 0 0.000000 3493757054.924515
401 conceptual-checkpoint 160 166666666 0 0 1648883783.803926 3493757054.924515
402 milc 161 0 0 0 0.000000 3493757054.924515
403 conceptual-cosmo 162 41943040 0 0 708881069.138598 3493757054.924515
404 conceptual-cosmo 163 41943040 0 0 730917513.943562 3493757054.924515
405 milc 164 0 0 0 0.000000 3493757054.924515
406 milc 165 0 0 0 0.000000 3493757054.924515
407 milc 166 0 0 0 0.000000 3493757054.924515
408 milc 167 0 0 0 0.000000 3493757054.924515
409 conceptual-cosmo 168 41943040 0 0 950289283.272166 3493757054.924515
410 conceptual-checkpoint 169 166666666 0 0 2346473951.838509 3493757054.924515
411 conceptual-cosmo 170 41943040 0 0 938686512.434881 3493757054.924515
412 milc 171 0 0 0 0.000000 3493757054.924515
413 conceptual-checkpoint 172 166666666 0 0 2362617819.510962 3493757054.924515
414 conceptual-checkpoint 173 166666666 0 0 2365249360.176264 3493757054.924515
415 conceptual-cosmo 174 41943040 0 0 932453078.731387 3493757054.924515
416 conceptual-cosmo 175 41943040 0 0 934513227.800807 3493757054.924515
417 conceptual-checkpoint 176 166666666 0 0 2357354737.713241 3493757054.924515
418 conceptual-checkpoint 177 166666666 0 0 2359986278.081537 3493757054.924515
419 conceptual-checkpoint 178 166666666 0 0 2332717693.414264 3493757054.924515
420 milc 179 0 0 0 0.000000 3493757054.924515
468 conceptual-cosmo 180 41943040 0 0 480442514.986129 3493757054.924515
469 conceptual-cosmo 181 41943040 0 0 479518471.595713 3493757054.924515
470 conceptual-cosmo 182 41943040 0 0 498129302.462283 3493757054.924515
471 conceptual-cosmo 183 41943040 0 0 479785594.789203 3493757054.924515
472 milc 184 0 0 0 0.000000 3493757054.924515
473 conceptual-checkpoint 185 166666666 0 0 606984755.535717 3493757054.924515
474 conceptual-cosmo 186 41943040 0 0 471094863.459658 3493757054.924515
475 conceptual-cosmo 187 41943040 0 0 479970979.526109 3493757054.924515
476 milc 188 0 0 0 0.000000 3493757054.924515
477 milc 189 0 0 0 0.000000 3493757054.924515
478 milc 190 0 0 0 0.000000 3493757054.924515
479 milc 191 0 0 0 0.000000 3493757054.924515
480 milc 192 0 0 0 0.000000 3493757054.924515
481 conceptual-cosmo 193 41943040 0 0 409374717.235550 3493757054.924515
482 conceptual-checkpoint 194 166666666 0 0 609803607.301730 3493757054.924515
483 conceptual-checkpoint 195 166666666 0 0 2166572938.589249 3493757054.924515
484 milc 196 0 0 0 0.000000 3493757054.924515
485 milc 197 0 0 0 0.000000 3493757054.924515
486 conceptual-cosmo 198 41943040 0 0 912360822.125453 3493757054.924515
487 conceptual-checkpoint 199 166666666 0 0 2158379464.374902 3493757054.924515
488 conceptual-checkpoint 200 166666666 0 0 2155747923.899372 3493757054.924515
489 conceptual-cosmo 201 41943040 0 0 957531053.041688 3493757054.924515
490 milc 202 0 0 0 0.000000 3493757054.924515
491 conceptual-cosmo 203 41943040 0 0 949973651.236727 3493757054.924515
492 conceptual-cosmo 204 41943040 0 0 910414708.856431 3493757054.924515
493 milc 205 0 0 0 0.000000 3493757054.924515
494 conceptual-checkpoint 206 166666666 0 0 2171836020.552444 3493757054.924515
495 conceptual-checkpoint 207 166666666 0 0 2169204479.897385 3493757054.924515
496 conceptual-cosmo 208 41943040 0 0 912409660.181635 3493757054.924515
497 conceptual-cosmo 209 41943040 0 0 882970402.541398 3493757054.924515
545 conceptual-cosmo 210 41943040 0 0 600081215.372833 3493757054.924515
546 milc 211 0 0 0 0.000000 3493757054.924515
547 conceptual-cosmo 212 41943040 0 0 615337377.044817 3493757054.924515
548 conceptual-checkpoint 213 166666666 0 0 1152286731.537777 3493757054.924515
549 conceptual-cosmo 214 41943040 0 0 627312365.528028 3493757054.924515
550 conceptual-cosmo 215 41943040 0 0 580245124.006582 3493757054.924515
551 milc 216 0 0 0 0.000000 3493757054.924515
552 conceptual-checkpoint 217 166666666 0 0 1154918271.608464 3493757054.924515
553 milc 218 0 0 0 0.000000 3493757054.924515
554 milc 219 0 0 0 0.000000 3493757054.924515
555 conceptual-checkpoint 220 166666666 0 0 1149655190.608125 3493757054.924515
556 conceptual-cosmo 221 41943040 0 0 537441625.252473 3493757054.924515
557 milc 222 0 0 0 0.000000 3493757054.924515
558 milc 223 0 0 0 0.000000 3493757054.924515
559 conceptual-cosmo 224 41943040 0 0 572193637.215184 3493757054.924515
560 conceptual-checkpoint 225 166666666 0 0 1796551492.372302 3493757054.924515
561 conceptual-cosmo 226 41943040 0 0 762211793.584239 3493757054.924515
562 conceptual-cosmo 227 41943040 0 0 790890391.869613 3493757054.924515
563 milc 228 0 0 0 0.000000 3493757054.924515
564 conceptual-cosmo 229 41943040 0 0 769071454.501176 3493757054.924515
565 conceptual-checkpoint 230 166666666 0 0 1804689196.633779 3493757054.924515
566 conceptual-checkpoint 231 166666666 0 0 1802057655.586919 3493757054.924515
567 conceptual-cosmo 232 41943040 0 0 774606885.940204 3493757054.924515
568 milc 233 0 0 0 0.000000 3493757054.924515
569 milc 234 0 0 0 0.000000 3493757054.924515
570 milc 235 0 0 0 0.000000 3493757054.924515
571 conceptual-checkpoint 236 166666666 0 0 1793919951.980458 3493757054.924515
572 conceptual-cosmo 237 41943040 0 0 780587934.590163 3493757054.924515
573 conceptual-cosmo 238 41943040 0 0 708165033.151315 3493757054.924515
574 conceptual-checkpoint 239 166666666 0 0 1752166713.517172 3493757054.924515
622 milc 240 0 0 0 0.000000 3493757054.924515
623 conceptual-cosmo 241 41943040 0 0 899552527.017326 3493757054.924515
624 milc 242 0 0 0 0.000000 3493757054.924515
625 conceptual-checkpoint 243 166666666 0 0 2138177447.224696 3493757054.924515
626 conceptual-cosmo 244 41943040 0 0 886963258.678526 3493757054.924515
627 conceptual-cosmo 245 41943040 0 0 935081882.840874 3493757054.924515
628 conceptual-checkpoint 246 166666666 0 0 2135545906.272801 3493757054.924515
629 conceptual-cosmo 247 41943040 0 0 915174901.778550 3493757054.924515
630 milc 248 0 0 0 0.000000 3493757054.924515
631 conceptual-checkpoint 249 166666666 0 0 2143683609.962149 3493757054.924515
632 conceptual-cosmo 250 41943040 0 0 856782736.176796 3493757054.924515
633 conceptual-checkpoint 251 166666666 0 0 2146315150.921301 3493757054.924515
634 milc 252 0 0 0 0.000000 3493757054.924515
635 conceptual-cosmo 253 41943040 0 0 929086123.706093 3493757054.924515
636 conceptual-checkpoint 254 166666666 0 0 2132914365.115108 3493757054.924515
637 conceptual-cosmo 255 41943040 0 0 524238128.401777 3493757054.924515
638 milc 256 0 0 0 0.000000 3493757054.924515
639 conceptual-cosmo 257 41943040 0 0 487884637.411803 3493757054.924515
640 conceptual-checkpoint 258 166666666 0 0 559681488.171903 3493757054.924515
641 conceptual-cosmo 259 41943040 0 0 520831862.049973 3493757054.924515
642 conceptual-checkpoint 260 166666666 0 0 557049947.717263 3493757054.924515
643 milc 261 0 0 0 0.000000 3493757054.924515
644 conceptual-cosmo 262 41943040 0 0 482037132.593332 3493757054.924515
645 conceptual-cosmo 263 41943040 0 0 491746182.607014 3493757054.924515
646 milc 264 0 0 0 0.000000 3493757054.924515
647 milc 265 0 0 0 0.000000 3493757054.924515
648 conceptual-cosmo 266 41943040 0 0 503809128.976896 3493757054.924515
649 milc 267 0 0 0 0.000000 3493757054.924515
650 conceptual-cosmo 268 41943040 0 0 427540686.307590 3493757054.924515
651 milc 269 0 0 0 0.000000 3493757054.924515
699 conceptual-cosmo 270 41943040 0 0 685830795.006760 3493757054.924515
700 conceptual-cosmo 271 41943040 0 0 727323850.068179 3493757054.924515
701 conceptual-cosmo 272 41943040 0 0 731966296.407116 3493757054.924515
702 conceptual-cosmo 273 41943040 0 0 721277153.468835 3493757054.924515
703 conceptual-checkpoint 274 166666666 0 0 1562132329.120237 3493757054.924515
704 milc 275 0 0 0 0.000000 3493757054.924515
705 milc 276 0 0 0 0.000000 3493757054.924515
706 milc 277 0 0 0 0.000000 3493757054.924515
707 conceptual-cosmo 278 41943040 0 0 670391540.852530 3493757054.924515
708 conceptual-checkpoint 279 166666666 0 0 1570325804.137207 3493757054.924515
709 conceptual-checkpoint 280 166666666 0 0 1575589196.517285 3493757054.924515
710 conceptual-checkpoint 281 166666666 0 0 1572957344.013978 3493757054.924515
711 milc 282 0 0 0 0.000000 3493757054.924515
712 conceptual-cosmo 283 41943040 0 0 694522156.976140 3493757054.924515
713 milc 284 0 0 0 0.000000 3493757054.924515
714 conceptual-checkpoint 285 166666666 0 0 1751163334.574979 3493757054.924515
715 conceptual-checkpoint 286 166666666 0 0 1748532337.073598 3493757054.924515
716 conceptual-cosmo 287 41943040 0 0 836709977.324013 3493757054.924515
717 conceptual-cosmo 288 41943040 0 0 847661081.270294 3493757054.924515
718 conceptual-cosmo 289 41943040 0 0 859617186.806608 3493757054.924515
719 milc 290 0 0 0 0.000000 3493757054.924515
720 conceptual-checkpoint 291 166666666 0 0 1756669497.899282 3493757054.924515
721 conceptual-cosmo 292 41943040 0 0 817671507.014714 3493757054.924515
722 conceptual-checkpoint 293 166666666 0 0 1775612217.613224 3493757054.924515
723 conceptual-cosmo 294 41943040 0 0 827811612.643137 3493757054.924515
724 milc 295 0 0 0 0.000000 3493757054.924515
725 conceptual-cosmo 296 41943040 0 0 842902853.697740 3493757054.924515
726 milc 297 0 0 0 0.000000 3493757054.924515
727 milc 298 0 0 0 0.000000 3493757054.924515
728 conceptual-cosmo 299 41943040 0 0 770119167.857723 3493757054.924515
776 milc 300 0 0 0 0.000000 3493757054.924515
777 conceptual-checkpoint 301 166666666 0 0 2321451782.466228 3493757054.924515
778 conceptual-cosmo 302 41943040 0 0 796116270.129597 3493757054.924515
779 conceptual-checkpoint 303 166666666 0 0 2324083323.460792 3493757054.924515
780 conceptual-cosmo 304 41943040 0 0 806723571.637513 3493757054.924515
781 conceptual-checkpoint 305 166666666 0 0 2318820241.411455 3493757054.924515
782 conceptual-checkpoint 306 166666666 0 0 2316188701.070658 3493757054.924515
783 milc 307 0 0 0 0.000000 3493757054.924515
784 milc 308 0 0 0 0.000000 3493757054.924515
785 conceptual-checkpoint 309 166666666 0 0 2302676373.874553 3493757054.924515
786 milc 310 0 0 0 0.000000 3493757054.924515
787 conceptual-cosmo 311 41943040 0 0 795905512.327327 3493757054.924515
788 conceptual-checkpoint 312 166666666 0 0 2305307915.007245 3493757054.924515
789 milc 313 0 0 0 0.000000 3493757054.924515
790 milc 314 0 0 0 0.000000 3493757054.924515
791 milc 315 0 0 0 0.000000 3493757054.924515
792 milc 316 0 0 0 0.000000 3493757054.924515
793 milc 317 0 0 0 0.000000 3493757054.924515
794 conceptual-checkpoint 318 166666666 0 0 1807917618.013768 3493757054.924515
795 conceptual-cosmo 319 41943040 0 0 772953289.515210 3493757054.924515
796 conceptual-cosmo 320 41943040 0 0 761080091.949110 3493757054.924515
797 conceptual-checkpoint 321 166666666 0 0 1810549158.869389 3493757054.924515
798 conceptual-cosmo 322 41943040 0 0 761714985.377253 3493757054.924515
799 milc 323 0 0 0 0.000000 3493757054.924515
800 conceptual-checkpoint 324 166666666 0 0 1818686862.908907 3493757054.924515
801 milc 325 0 0 0 0.000000 3493757054.924515
802 conceptual-cosmo 326 41943040 0 0 735735147.949607 3493757054.924515
803 conceptual-checkpoint 327 166666666 0 0 1816055322.273901 3493757054.924515
804 conceptual-cosmo 328 41943040 0 0 690983804.592283 3493757054.924515
805 conceptual-checkpoint 329 166666666 0 0 1762915135.032665 3493757054.924515
853 milc 330 0 0 0 0.000000 3493757054.924515
854 conceptual-checkpoint 331 166666666 0 0 524011614.951637 3493757054.924515
855 conceptual-checkpoint 332 166666666 0 0 526643154.748878 3493757054.924515
856 milc 333 0 0 0 0.000000 3493757054.924515
857 milc 334 0 0 0 0.000000 3493757054.924515
858 milc 335 0 0 0 0.000000 3493757054.924515
859 milc 336 0 0 0 0.000000 3493757054.924515
860 milc 337 0 0 0 0.000000 3493757054.924515
861 milc 338 0 0 0 0.000000 3493757054.924515
862 conceptual-cosmo 339 41943040 0 0 245969315.755042 3493757054.924515
863 milc 340 0 0 0 0.000000 3493757054.924515
864 conceptual-cosmo 341 41943040 0 0 199512572.854356 3493757054.924515
865 conceptual-cosmo 342 41943040 0 0 241616983.072622 3493757054.924515
866 milc 343 0 0 0 0.000000 3493757054.924515
867 conceptual-cosmo 344 41943040 0 0 217517896.027000 3493757054.924515
868 conceptual-checkpoint 345 166666666 0 0 2716182703.277840 3493757054.924515
869 milc 346 0 0 0 0.000000 3493757054.924515
870 conceptual-checkpoint 347 166666666 0 0 2732326570.570103 3493757054.924515
871 conceptual-checkpoint 348 166666666 0 0 2737589652.374192 3493757054.924515
872 conceptual-cosmo 349 41943040 0 0 853472894.455812 3493757054.924515
873 conceptual-checkpoint 350 166666666 0 0 2729695029.446750 3493757054.924515
874 milc 351 0 0 0 0.000000 3493757054.924515
875 conceptual-checkpoint 352 166666666 0 0 2734958111.062198 3493757054.924515
876 milc 353 0 0 0 0.000000 3493757054.924515
877 milc 354 0 0 0 0.000000 3493757054.924515
878 conceptual-cosmo 355 41943040 0 0 867453278.772110 3493757054.924515
879 milc 356 0 0 0 0.000000 3493757054.924515
880 conceptual-checkpoint 357 166666666 0 0 2718814243.853459 3493757054.924515
881 conceptual-checkpoint 358 166666666 0 0 2696920282.159922 3493757054.924515
882 conceptual-checkpoint 359 166666666 0 0 2699551823.246362 3493757054.924515
930 milc 360 0 0 0 0.000000 3493757054.924515
931 milc 361 0 0 0 0.000000 3493757054.924515
932 conceptual-cosmo 362 41943040 0 0 592657733.604724 3493757054.924515
933 milc 363 0 0 0 0.000000 3493757054.924515
934 conceptual-cosmo 364 41943040 0 0 592396423.494594 3493757054.924515
935 conceptual-checkpoint 365 166666666 0 0 1077417794.756176 3493757054.924515
936 milc 366 0 0 0 0.000000 3493757054.924515
937 conceptual-cosmo 367 41943040 0 0 574537757.619648 3493757054.924515
938 milc 368 0 0 0 0.000000 3493757054.924515
939 milc 369 0 0 0 0.000000 3493757054.924515
940 conceptual-checkpoint 370 166666666 0 0 1072154713.775287 3493757054.924515
941 conceptual-cosmo 371 41943040 0 0 546452809.649687 3493757054.924515
942 conceptual-cosmo 372 41943040 0 0 578529151.649528 3493757054.924515
943 conceptual-checkpoint 373 166666666 0 0 1074786254.264230 3493757054.924515
944 conceptual-cosmo 374 41943040 0 0 591151507.916840 3493757054.924515
945 milc 375 0 0 0 0.000000 3493757054.924515
946 conceptual-checkpoint 376 166666666 0 0 2840177068.518679 3493757054.924515
947 conceptual-cosmo 377 41943040 0 0 1104485562.348518 3493757054.924515
948 conceptual-checkpoint 378 166666666 0 0 2832282446.083751 3493757054.924515
949 conceptual-cosmo 379 41943040 0 0 1118122744.200567 3493757054.924515
950 conceptual-cosmo 380 41943040 0 0 1100121652.073293 3493757054.924515
951 conceptual-checkpoint 381 166666666 0 0 2829650905.420315 3493757054.924515
952 conceptual-cosmo 382 41943040 0 0 1110606821.928917 3493757054.924515
953 conceptual-checkpoint 383 166666666 0 0 2837545527.786741 3493757054.924515
954 milc 384 0 0 0 0.000000 3493757054.924515
955 milc 385 0 0 0 0.000000 3493757054.924515
956 conceptual-checkpoint 386 166666666 0 0 2834913987.172400 3493757054.924515
957 conceptual-checkpoint 387 166666666 0 0 2842808609.294177 3493757054.924515
958 conceptual-checkpoint 388 166666666 0 0 2799770780.116980 3493757054.924515
959 conceptual-cosmo 389 41943040 0 0 1035930464.529291 3493757054.924515
1007 conceptual-cosmo 390 41943040 0 0 1056675043.665259 3493757054.924515
1008 conceptual-checkpoint 391 166666666 0 0 3088933839.432283 3493757054.924515
1009 milc 392 0 0 0 0.000000 3493757054.924515
1010 conceptual-cosmo 393 41943040 0 0 1043783723.526110 3493757054.924515
1011 conceptual-checkpoint 394 166666666 0 0 3108008099.887008 3493757054.924515
1012 milc 395 0 0 0 0.000000 3493757054.924515
1013 conceptual-checkpoint 396 166666666 0 0 3105376559.292933 3493757054.924515
1014 milc 397 0 0 0 0.000000 3493757054.924515
1015 conceptual-checkpoint 398 166666666 0 0 3121540426.792413 3493757054.924515
1016 conceptual-checkpoint 399 166666666 0 0 3118908885.255774 3493757054.924515
1017 conceptual-checkpoint 400 166666666 0 0 3116277344.912066 3493757054.924515
1018 conceptual-cosmo 401 41943040 0 0 1028792191.919490 3493757054.924515
1019 conceptual-checkpoint 402 166666666 0 0 3110639641.355440 3493757054.924515
1020 milc 403 0 0 0 0.000000 3493757054.924515
1021 conceptual-checkpoint 404 166666666 0 0 3113458492.791073 3493757054.924515
1022 milc 405 0 0 0 0.000000 3493757054.924515
1023 conceptual-checkpoint 406 166666666 0 0 1686671393.209988 3493757054.924515
1024 milc 407 0 0 0 0.000000 3493757054.924515
1025 milc 408 0 0 0 0.000000 3493757054.924515
1026 conceptual-cosmo 409 41943040 0 0 614097922.761421 3493757054.924515
1027 conceptual-cosmo 410 41943040 0 0 611565502.139894 3493757054.924515
1028 conceptual-checkpoint 411 166666666 0 0 1689302933.218768 3493757054.924515
1029 milc 412 0 0 0 0.000000 3493757054.924515
1030 conceptual-cosmo 413 41943040 0 0 622665303.508694 3493757054.924515
1031 conceptual-cosmo 414 41943040 0 0 602406045.514388 3493757054.924515
1032 milc 415 0 0 0 0.000000 3493757054.924515
1033 conceptual-checkpoint 416 166666666 0 0 1697440637.666095 3493757054.924515
1034 conceptual-checkpoint 417 166666666 0 0 1694809096.961503 3493757054.924515
1035 conceptual-checkpoint 418 166666666 0 0 1670415135.170500 3493757054.924515
1036 conceptual-cosmo 419 41943040 0 0 546440551.242513 3493757054.924515
1084 conceptual-cosmo 420 41943040 0 0 562198215.536105 3493757054.924515
1085 conceptual-checkpoint 421 166666666 0 0 1092113143.990663 3493757054.924515
1086 conceptual-cosmo 422 41943040 0 0 605556284.966509 3493757054.924515
1087 conceptual-cosmo 423 41943040 0 0 592232833.112981 3493757054.924515
1088 milc 424 0 0 0 0.000000 3493757054.924515
1089 conceptual-cosmo 425 41943040 0 0 530512919.534339 3493757054.924515
1090 conceptual-cosmo 426 41943040 0 0 587078905.475461 3493757054.924515
1091 milc 427 0 0 0 0.000000 3493757054.924515
1092 milc 428 0 0 0 0.000000 3493757054.924515
1093 conceptual-cosmo 429 41943040 0 0 539210047.437469 3493757054.924515
1094 conceptual-checkpoint 430 166666666 0 0 1086850062.640042 3493757054.924515
1095 milc 431 0 0 0 0.000000 3493757054.924515
1096 conceptual-checkpoint 432 166666666 0 0 1089481602.932632 3493757054.924515
1097 conceptual-cosmo 433 41943040 0 0 603645657.288501 3493757054.924515
1098 milc 434 0 0 0 0.000000 3493757054.924515
1099 conceptual-cosmo 435 41943040 0 0 560155470.166046 3493757054.924515
1100 milc 436 0 0 0 0.000000 3493757054.924515
1101 milc 437 0 0 0 0.000000 3493757054.924515
1102 conceptual-checkpoint 438 166666666 0 0 1029417657.756400 3493757054.924515
1103 conceptual-checkpoint 439 166666666 0 0 1032049198.445084 3493757054.924515
1104 milc 440 0 0 0 0.000000 3493757054.924515
1105 conceptual-cosmo 441 41943040 0 0 572637169.777819 3493757054.924515
1106 conceptual-cosmo 442 41943040 0 0 564700306.393005 3493757054.924515
1107 conceptual-cosmo 443 41943040 0 0 552487572.600758 3493757054.924515
1108 milc 444 0 0 0 0.000000 3493757054.924515
1109 conceptual-checkpoint 445 166666666 0 0 1023911494.472980 3493757054.924515
1110 conceptual-cosmo 446 41943040 0 0 539272801.861823 3493757054.924515
1111 milc 447 0 0 0 0.000000 3493757054.924515
1112 conceptual-cosmo 448 41943040 0 0 534028505.536247 3493757054.924515
1113 conceptual-cosmo 449 41943040 0 0 500497531.467551 3493757054.924515
1161 conceptual-cosmo 450 41943040 0 0 779750916.440945 3493757054.924515
1162 conceptual-cosmo 451 41943040 0 0 784757472.283213 3493757054.924515
1163 conceptual-cosmo 452 41943040 0 0 772954702.170043 3493757054.924515
1164 conceptual-cosmo 453 41943040 0 0 748950601.938797 3493757054.924515
1165 conceptual-checkpoint 454 166666666 0 0 1201864400.889163 3493757054.924515
1166 milc 455 0 0 0 0.000000 3493757054.924515
1167 conceptual-cosmo 456 41943040 0 0 714080745.882383 3493757054.924515
1168 milc 457 0 0 0 0.000000 3493757054.924515
1169 conceptual-cosmo 458 41943040 0 0 767571911.384143 3493757054.924515
1170 milc 459 0 0 0 0.000000 3493757054.924515
1171 conceptual-cosmo 460 41943040 0 0 756675924.788857 3493757054.924515
1172 conceptual-checkpoint 461 166666666 0 0 1196601319.529969 3493757054.924515
1173 milc 462 0 0 0 0.000000 3493757054.924515
1174 conceptual-checkpoint 463 166666666 0 0 1199232861.075764 3493757054.924515
1175 conceptual-cosmo 464 41943040 0 0 752240864.987321 3493757054.924515
1176 conceptual-cosmo 465 41943040 0 0 689349162.045465 3493757054.924515
1177 conceptual-checkpoint 466 166666666 0 0 1712440637.846846 3493757054.924515
1178 milc 467 0 0 0 0.000000 3493757054.924515
1179 conceptual-cosmo 468 41943040 0 0 664712340.639428 3493757054.924515
1180 conceptual-checkpoint 469 166666666 0 0 1709809097.274802 3493757054.924515
1181 milc 470 0 0 0 0.000000 3493757054.924515
1182 conceptual-checkpoint 471 166666666 0 0 1704302933.601225 3493757054.924515
1183 milc 472 0 0 0 0.000000 3493757054.924515
1184 conceptual-cosmo 473 41943040 0 0 690535796.221932 3493757054.924515
1185 conceptual-checkpoint 474 166666666 0 0 1701671392.763725 3493757054.924515
1186 conceptual-cosmo 475 41943040 0 0 683206133.993499 3493757054.924515
1187 milc 476 0 0 0 0.000000 3493757054.924515
1188 milc 477 0 0 0 0.000000 3493757054.924515
1189 conceptual-cosmo 478 41943040 0 0 629279858.356189 3493757054.924515
1190 conceptual-checkpoint 479 166666666 0 0 1690415135.022695 3493757054.924515
1238 milc 480 0 0 0 0.000000 3493757054.924515
1239 milc 481 0 0 0 0.000000 3493757054.924515
1240 conceptual-cosmo 482 41943040 0 0 914104611.687571 3493757054.924515
1241 milc 483 0 0 0 0.000000 3493757054.924515
1242 conceptual-cosmo 484 41943040 0 0 881126638.883435 3493757054.924515
1243 milc 485 0 0 0 0.000000 3493757054.924515
1244 conceptual-checkpoint 486 166666666 0 0 2070264186.089615 3493757054.924515
1245 conceptual-checkpoint 487 166666666 0 0 2067632645.412194 3493757054.924515
1246 conceptual-checkpoint 488 166666666 0 0 2072895726.897358 3493757054.924515
1247 conceptual-checkpoint 489 166666666 0 0 2078158808.437530 3493757054.924515
1248 conceptual-checkpoint 490 166666666 0 0 2075527267.458915 3493757054.924515
1249 conceptual-cosmo 491 41943040 0 0 912673214.191873 3493757054.924515
1250 milc 492 0 0 0 0.000000 3493757054.924515
1251 conceptual-cosmo 493 41943040 0 0 899194894.280592 3493757054.924515
1252 conceptual-cosmo 494 41943040 0 0 911140586.073233 3493757054.924515
1253 conceptual-checkpoint 495 166666666 0 0 3043181917.009455 3493757054.924515
1254 conceptual-cosmo 496 41943040 0 0 1253830581.864260 3493757054.924515
1255 conceptual-cosmo 497 41943040 0 0 1259748413.308699 3493757054.924515
1256 conceptual-cosmo 498 41943040 0 0 1260646580.674898 3493757054.924515
1257 milc 499 0 0 0 0.000000 3493757054.924515
1258 conceptual-checkpoint 500 166666666 0 0 3070206570.668492 3493757054.924515
1259 conceptual-checkpoint 501 166666666 0 0 3072838111.012495 3493757054.924515
1260 conceptual-checkpoint 502 166666666 0 0 3067575029.181520 3493757054.924515
1261 conceptual-checkpoint 503 166666666 0 0 3064943489.302965 3493757054.924515
1262 conceptual-cosmo 504 41943040 0 0 1237206106.056417 3493757054.924515
1263 conceptual-cosmo 505 41943040 0 0 1238487784.819566 3493757054.924515
1264 conceptual-checkpoint 506 166666666 0 0 3045813457.930609 3493757054.924515
1265 conceptual-cosmo 507 41943040 0 0 1223577967.260412 3493757054.924515
1266 conceptual-checkpoint 508 166666666 0 0 3034800281.738348 3493757054.924515
1267 conceptual-checkpoint 509 166666666 0 0 3032168741.404729 3493757054.924515
1315 milc 510 0 0 0 0.000000 3493757054.924515
1316 conceptual-cosmo 511 41943040 0 0 662606999.813164 3493757054.924515
1317 conceptual-checkpoint 512 166666666 0 0 1608485843.646924 3493757054.924515
1318 conceptual-cosmo 513 41943040 0 0 659143072.348687 3493757054.924515
1319 milc 514 0 0 0 0.000000 3493757054.924515
1320 conceptual-checkpoint 515 166666666 0 0 1619255087.619854 3493757054.924515
1321 milc 516 0 0 0 0.000000 3493757054.924515
1322 conceptual-checkpoint 517 166666666 0 0 1616623547.509137 3493757054.924515
1323 conceptual-checkpoint 518 166666666 0 0 1611117383.966597 3493757054.924515
1324 conceptual-cosmo 519 41943040 0 0 629447476.819896 3493757054.924515
1325 milc 520 0 0 0 0.000000 3493757054.924515
1326 milc 521 0 0 0 0.000000 3493757054.924515
1327 conceptual-cosmo 522 41943040 0 0 656814781.486978 3493757054.924515
1328 milc 523 0 0 0 0.000000 3493757054.924515
1329 conceptual-cosmo 524 41943040 0 0 634067674.323207 3493757054.924515
1330 milc 525 0 0 0 0.000000 3493757054.924515
1331 milc 526 0 0 0 0.000000 3493757054.924515
1332 milc 527 0 0 0 0.000000 3493757054.924515
1333 milc 528 0 0 0 0.000000 3493757054.924515
1334 conceptual-checkpoint 529 166666666 0 0 1336156102.759473 3493757054.924515
1335 milc 530 0 0 0 0.000000 3493757054.924515
1336 milc 531 0 0 0 0.000000 3493757054.924515
1337 conceptual-cosmo 532 41943040 0 0 390660963.763670 3493757054.924515
1338 conceptual-cosmo 533 41943040 0 0 393066455.711584 3493757054.924515
1339 milc 534 0 0 0 0.000000 3493757054.924515
1340 milc 535 0 0 0 0.000000 3493757054.924515
1341 conceptual-checkpoint 536 166666666 0 0 1341662265.857813 3493757054.924515
1342 conceptual-checkpoint 537 166666666 0 0 1344293806.791900 3493757054.924515
1343 milc 538 0 0 0 0.000000 3493757054.924515
1344 conceptual-checkpoint 539 166666666 0 0 1325274467.757164 3493757054.924515
1392 milc 540 0 0 0 0.000000 3493757054.924515
1393 conceptual-cosmo 541 41943040 0 0 578086720.781907 3493757054.924515
1394 conceptual-checkpoint 542 166666666 0 0 1039467879.232710 3493757054.924515
1395 conceptual-cosmo 543 41943040 0 0 601394057.842312 3493757054.924515
1396 milc 544 0 0 0 0.000000 3493757054.924515
1397 milc 545 0 0 0 0.000000 3493757054.924515
1398 milc 546 0 0 0 0.000000 3493757054.924515
1399 conceptual-cosmo 547 41943040 0 0 545035538.216020 3493757054.924515
1400 conceptual-checkpoint 548 166666666 0 0 1042099420.136022 3493757054.924515
1401 milc 549 0 0 0 0.000000 3493757054.924515
1402 conceptual-cosmo 550 41943040 0 0 569645793.769109 3493757054.924515
1403 conceptual-cosmo 551 41943040 0 0 587542344.553090 3493757054.924515
1404 conceptual-checkpoint 552 166666666 0 0 1044918271.501053 3493757054.924515
1405 milc 553 0 0 0 0.000000 3493757054.924515
1406 conceptual-cosmo 554 41943040 0 0 568229498.300735 3493757054.924515
1407 conceptual-checkpoint 555 166666666 0 0 893360511.962768 3493757054.924515
1408 milc 556 0 0 0 0.000000 3493757054.924515
1409 conceptual-cosmo 557 41943040 0 0 224960440.577041 3493757054.924515
1410 conceptual-cosmo 558 41943040 0 0 239558629.020197 3493757054.924515
1411 conceptual-checkpoint 559 166666666 0 0 887910119.604666 3493757054.924515
1412 milc 560 0 0 0 0.000000 3493757054.924515
1413 milc 561 0 0 0 0.000000 3493757054.924515
1414 milc 562 0 0 0 0.000000 3493757054.924515
1415 conceptual-checkpoint 563 166666666 0 0 890541659.965498 3493757054.924515
1416 milc 564 0 0 0 0.000000 3493757054.924515
1417 milc 565 0 0 0 0.000000 3493757054.924515
1418 milc 566 0 0 0 0.000000 3493757054.924515
1419 conceptual-cosmo 567 41943040 0 0 237472578.074664 3493757054.924515
1420 milc 568 0 0 0 0.000000 3493757054.924515
1421 milc 569 0 0 0 0.000000 3493757054.924515
1469 conceptual-cosmo 570 41943040 0 0 789083184.757172 3493757054.924515
1470 milc 571 0 0 0 0.000000 3493757054.924515
1471 conceptual-checkpoint 572 166666666 0 0 1944434745.629561 3493757054.924515
1472 milc 573 0 0 0 0.000000 3493757054.924515
1473 conceptual-checkpoint 574 166666666 0 0 1947066286.090003 3493757054.924515
1474 conceptual-cosmo 575 41943040 0 0 776867334.475656 3493757054.924515
1475 milc 576 0 0 0 0.000000 3493757054.924515
1476 conceptual-cosmo 577 41943040 0 0 793172042.356108 3493757054.924515
1477 conceptual-checkpoint 578 166666666 0 0 1957891301.284813 3493757054.924515
1478 milc 579 0 0 0 0.000000 3493757054.924515
1479 conceptual-checkpoint 580 166666666 0 0 1960522841.444843 3493757054.924515
1480 milc 581 0 0 0 0.000000 3493757054.924515
1481 conceptual-cosmo 582 41943040 0 0 781027846.732046 3493757054.924515
1482 conceptual-checkpoint 583 166666666 0 0 1955259760.696429 3493757054.924515
1483 conceptual-cosmo 584 41943040 0 0 813207934.875948 3493757054.924515
1484 milc 585 0 0 0 0.000000 3493757054.924515
1485 conceptual-checkpoint 586 166666666 0 0 2167354737.033692 3493757054.924515
1486 conceptual-cosmo 587 41943040 0 0 822981567.597666 3493757054.924515
1487 conceptual-checkpoint 588 166666666 0 0 2164723195.337020 3493757054.924515
1488 milc 589 0 0 0 0.000000 3493757054.924515
1489 conceptual-checkpoint 590 166666666 0 0 2172617817.548104 3493757054.924515
1490 conceptual-checkpoint 591 166666666 0 0 2169986277.135998 3493757054.924515
1491 conceptual-cosmo 592 41943040 0 0 829127873.840619 3493757054.924515
1492 conceptual-checkpoint 593 166666666 0 0 2175249358.669032 3493757054.924515
1493 conceptual-cosmo 594 41943040 0 0 809192811.962521 3493757054.924515
1494 milc 595 0 0 0 0.000000 3493757054.924515
1495 milc 596 0 0 0 0.000000 3493757054.924515
1496 milc 597 0 0 0 0.000000 3493757054.924515
1497 conceptual-checkpoint 598 166666666 0 0 2140217692.681353 3493757054.924515
1498 conceptual-cosmo 599 41943040 0 0 772284869.039271 3493757054.924515
1546 milc 600 0 0 0 0.000000 3493757054.924515
1547 milc 601 0 0 0 0.000000 3493757054.924515
1548 conceptual-cosmo 602 41943040 0 0 545862608.763649 3493757054.924515
1549 conceptual-checkpoint 603 166666666 0 0 1465699600.825377 3493757054.924515
1550 conceptual-checkpoint 604 166666666 0 0 1463068059.462808 3493757054.924515
1551 milc 605 0 0 0 0.000000 3493757054.924515
1552 milc 606 0 0 0 0.000000 3493757054.924515
1553 conceptual-cosmo 607 41943040 0 0 592209619.651965 3493757054.924515
1554 conceptual-checkpoint 608 166666666 0 0 1473837303.676718 3493757054.924515
1555 conceptual-checkpoint 609 166666666 0 0 1471205763.444323 3493757054.924515
1556 milc 610 0 0 0 0.000000 3493757054.924515
1557 milc 611 0 0 0 0.000000 3493757054.924515
1558 conceptual-cosmo 612 41943040 0 0 529846197.425690 3493757054.924515
1559 conceptual-cosmo 613 41943040 0 0 589658574.061256 3493757054.924515
1560 conceptual-cosmo 614 41943040 0 0 541117001.829205 3493757054.924515
1561 milc 615 0 0 0 0.000000 3493757054.924515
1562 conceptual-cosmo 616 41943040 0 0 886298799.477407 3493757054.924515
1563 conceptual-checkpoint 617 166666666 0 0 2232354738.098256 3493757054.924515
1564 conceptual-checkpoint 618 166666666 0 0 2237617820.077734 3493757054.924515
1565 conceptual-cosmo 619 41943040 0 0 877205810.344639 3493757054.924515
1566 conceptual-checkpoint 620 166666666 0 0 2221473952.190554 3493757054.924515
1567 conceptual-cosmo 621 41943040 0 0 858597229.356040 3493757054.924515
1568 milc 622 0 0 0 0.000000 3493757054.924515
1569 milc 623 0 0 0 0.000000 3493757054.924515
1570 conceptual-cosmo 624 41943040 0 0 871061782.882800 3493757054.924515
1571 milc 625 0 0 0 0.000000 3493757054.924515
1572 conceptual-checkpoint 626 166666666 0 0 2234986279.037779 3493757054.924515
1573 conceptual-checkpoint 627 166666666 0 0 2240249360.146857 3493757054.924515
1574 conceptual-checkpoint 628 166666666 0 0 2205217694.198451 3493757054.924515
1575 milc 629 0 0 0 0.000000 3493757054.924515
1623 conceptual-cosmo 630 41943040 0 0 567336940.021683 3493757054.924515
1624 conceptual-cosmo 631 41943040 0 0 556797504.102238 3493757054.924515
1625 milc 632 0 0 0 0.000000 3493757054.924515
1626 milc 633 0 0 0 0.000000 3493757054.924515
1627 milc 634 0 0 0 0.000000 3493757054.924515
1628 milc 635 0 0 0 0.000000 3493757054.924515
1629 conceptual-checkpoint 636 166666666 0 0 1535958032.362614 3493757054.924515
1630 conceptual-cosmo 637 41943040 0 0 544661595.741462 3493757054.924515
1631 conceptual-checkpoint 638 166666666 0 0 1541464195.685856 3493757054.924515
1632 milc 639 0 0 0 0.000000 3493757054.924515
1633 conceptual-checkpoint 640 166666666 0 0 1544095736.103046 3493757054.924515
1634 conceptual-cosmo 641 41943040 0 0 575469313.001107 3493757054.924515
1635 milc 642 0 0 0 0.000000 3493757054.924515
1636 milc 643 0 0 0 0.000000 3493757054.924515
1637 conceptual-checkpoint 644 166666666 0 0 1533326491.556149 3493757054.924515
1638 milc 645 0 0 0 0.000000 3493757054.924515
1639 conceptual-cosmo 646 41943040 0 0 1032131981.458481 3493757054.924515
1640 conceptual-cosmo 647 41943040 0 0 1059437785.400947 3493757054.924515
1641 milc 648 0 0 0 0.000000 3493757054.924515
1642 conceptual-checkpoint 649 166666666 0 0 2998286674.965186 3493757054.924515
1643 conceptual-checkpoint 650 166666666 0 0 3019805165.406816 3493757054.924515
1644 conceptual-checkpoint 651 166666666 0 0 3025068245.978043 3493757054.924515
1645 conceptual-cosmo 652 41943040 0 0 1058329435.923267 3493757054.924515
1646 conceptual-checkpoint 653 166666666 0 0 3014542083.881556 3493757054.924515
1647 conceptual-checkpoint 654 166666666 0 0 3022436705.837083 3493757054.924515
1648 conceptual-checkpoint 655 166666666 0 0 3017173624.408853 3493757054.924515
1649 conceptual-cosmo 656 41943040 0 0 1032848331.491181 3493757054.924515
1650 conceptual-checkpoint 657 166666666 0 0 3027699786.828750 3493757054.924515
1651 milc 658 0 0 0 0.000000 3493757054.924515
1652 conceptual-checkpoint 659 166666666 0 0 2976655794.911632 3493757054.924515
1700 conceptual-cosmo 660 41943040 0 0 348849550.762820 3493757054.924515
1701 conceptual-cosmo 661 41943040 0 0 523438047.152580 3493757054.924515
1702 milc 662 0 0 0 0.000000 3493757054.924515
1703 conceptual-checkpoint 663 166666666 0 0 594671828.807212 3493757054.924515
1704 conceptual-cosmo 664 41943040 0 0 508888818.069013 3493757054.924515
1705 milc 665 0 0 0 0.000000 3493757054.924515
1706 conceptual-cosmo 666 41943040 0 0 523533452.404230 3493757054.924515
1707 milc 667 0 0 0 0.000000 3493757054.924515
1708 conceptual-checkpoint 668 166666666 0 0 597303369.341552 3493757054.924515
1709 milc 669 0 0 0 0.000000 3493757054.924515
1710 conceptual-cosmo 670 41943040 0 0 295002552.744414 3493757054.924515
1711 milc 671 0 0 0 0.000000 3493757054.924515
1712 conceptual-cosmo 672 41943040 0 0 528552856.258681 3493757054.924515
1713 conceptual-cosmo 673 41943040 0 0 511539291.640232 3493757054.924515
1714 milc 674 0 0 0 0.000000 3493757054.924515
1715 conceptual-cosmo 675 41943040 0 0 1127521073.126322 3493757054.924515
1716 conceptual-checkpoint 676 166666666 0 0 3121567973.617449 3493757054.924515
1717 conceptual-checkpoint 677 166666666 0 0 3124199514.597870 3493757054.924515
1718 conceptual-checkpoint 678 166666666 0 0 3118936433.108179 3493757054.924515
1719 conceptual-checkpoint 679 166666666 0 0 3126831054.644903 3493757054.924515
1720 conceptual-checkpoint 680 166666666 0 0 3100161025.323828 3493757054.924515
1721 conceptual-cosmo 681 41943040 0 0 1128856869.805033 3493757054.924515
1722 conceptual-cosmo 682 41943040 0 0 1145827147.887878 3493757054.924515
1723 conceptual-checkpoint 683 166666666 0 0 3102792565.559359 3493757054.924515
1724 conceptual-cosmo 684 41943040 0 0 1145315892.320453 3493757054.924515
1725 conceptual-checkpoint 685 166666666 0 0 3108055647.218208 3493757054.924515
1726 conceptual-checkpoint 686 166666666 0 0 3105424106.658558 3493757054.924515
1727 milc 687 0 0 0 0.000000 3493757054.924515
1728 milc 688 0 0 0 0.000000 3493757054.924515
1729 conceptual-cosmo 689 41943040 0 0 1101820146.739605 3493757054.924515
1777 conceptual-cosmo 690 41943040 0 0 680363444.748739 3493757054.924515
1778 conceptual-cosmo 691 41943040 0 0 679936802.739968 3493757054.924515
1779 milc 692 0 0 0 0.000000 3493757054.924515
1780 milc 693 0 0 0 0.000000 3493757054.924515
1781 milc 694 0 0 0 0.000000 3493757054.924515
1782 milc 695 0 0 0 0.000000 3493757054.924515
1783 conceptual-checkpoint 696 166666666 0 0 1449500194.528587 3493757054.924515
1784 conceptual-cosmo 697 41943040 0 0 636469516.684317 3493757054.924515
1785 conceptual-cosmo 698 41943040 0 0 693233251.386555 3493757054.924515
1786 conceptual-checkpoint 699 166666666 0 0 1457880980.412528 3493757054.924515
1787 conceptual-cosmo 700 41943040 0 0 688820502.275002 3493757054.924515
1788 conceptual-checkpoint 701 166666666 0 0 1460512521.192955 3493757054.924515
1789 conceptual-checkpoint 702 166666666 0 0 1463144061.609630 3493757054.924515
1790 conceptual-cosmo 703 41943040 0 0 688091099.174156 3493757054.924515
1791 milc 704 0 0 0 0.000000 3493757054.924515
1792 conceptual-checkpoint 705 166666666 0 0 1900806672.866956 3493757054.924515
1793 conceptual-checkpoint 706 166666666 0 0 1903438213.579959 3493757054.924515
1794 conceptual-checkpoint 707 166666666 0 0 1895590113.895066 3493757054.924515
1795 milc 708 0 0 0 0.000000 3493757054.924515
1796 conceptual-cosmo 709 41943040 0 0 811355826.562763 3493757054.924515
1797 milc 710 0 0 0 0.000000 3493757054.924515
1798 conceptual-cosmo 711 41943040 0 0 790537718.573151 3493757054.924515
1799 milc 712 0 0 0 0.000000 3493757054.924515
1800 conceptual-cosmo 713 41943040 0 0 831887046.966025 3493757054.924515
1801 conceptual-cosmo 714 41943040 0 0 813365102.968033 3493757054.924515
1802 conceptual-cosmo 715 41943040 0 0 800313501.763937 3493757054.924515
1803 milc 716 0 0 0 0.000000 3493757054.924515
1804 conceptual-checkpoint 717 166666666 0 0 1882226601.976609 3493757054.924515
1805 conceptual-checkpoint 718 166666666 0 0 1858909920.135587 3493757054.924515
1806 conceptual-cosmo 719 41943040 0 0 750008889.538594 3493757054.924515
1854 conceptual-cosmo 720 41943040 0 0 544126127.775926 3493757054.924515
1855 conceptual-cosmo 721 41943040 0 0 537038396.584841 3493757054.924515
1856 conceptual-cosmo 722 41943040 0 0 543950391.535523 3493757054.924515
1857 conceptual-cosmo 723 41943040 0 0 556103339.696778 3493757054.924515
1858 conceptual-cosmo 724 41943040 0 0 532993015.350749 3493757054.924515
1859 milc 725 0 0 0 0.000000 3493757054.924515
1860 conceptual-cosmo 726 41943040 0 0 501016789.687865 3493757054.924515
1861 milc 727 0 0 0 0.000000 3493757054.924515
1862 conceptual-checkpoint 728 166666666 0 0 1064587338.004385 3493757054.924515
1863 milc 729 0 0 0 0.000000 3493757054.924515
1864 conceptual-checkpoint 730 166666666 0 0 1067406190.152960 3493757054.924515
1865 milc 731 0 0 0 0.000000 3493757054.924515
1866 milc 732 0 0 0 0.000000 3493757054.924515
1867 milc 733 0 0 0 0.000000 3493757054.924515
1868 conceptual-checkpoint 734 166666666 0 0 1070037730.699227 3493757054.924515
1869 conceptual-checkpoint 735 166666666 0 0 1674037957.772856 3493757054.924515
1870 conceptual-cosmo 736 41943040 0 0 738946488.244144 3493757054.924515
1871 conceptual-cosmo 737 41943040 0 0 764347388.075250 3493757054.924515
1872 conceptual-cosmo 738 41943040 0 0 748622377.606047 3493757054.924515
1873 conceptual-checkpoint 739 166666666 0 0 1665844482.857174 3493757054.924515
1874 milc 740 0 0 0 0.000000 3493757054.924515
1875 conceptual-checkpoint 741 166666666 0 0 1679301038.676253 3493757054.924515
1876 conceptual-checkpoint 742 166666666 0 0 1676669497.910932 3493757054.924515
1877 conceptual-cosmo 743 41943040 0 0 710821261.507690 3493757054.924515
1878 conceptual-cosmo 744 41943040 0 0 745796043.680665 3493757054.924515
1879 milc 745 0 0 0 0.000000 3493757054.924515
1880 milc 746 0 0 0 0.000000 3493757054.924515
1881 conceptual-cosmo 747 41943040 0 0 754781174.908823 3493757054.924515
1882 conceptual-cosmo 748 41943040 0 0 595934526.193175 3493757054.924515
1883 milc 749 0 0 0 0.000000 3493757054.924515
1931 conceptual-checkpoint 750 166666666 0 0 2188815150.975052 3493757054.924515
1932 conceptual-cosmo 751 41943040 0 0 908207798.820216 3493757054.924515
1933 conceptual-checkpoint 752 166666666 0 0 2183552070.269565 3493757054.924515
1934 conceptual-checkpoint 753 166666666 0 0 2186183610.615865 3493757054.924515
1935 milc 754 0 0 0 0.000000 3493757054.924515
1936 conceptual-checkpoint 755 166666666 0 0 2167165120.854527 3493757054.924515
1937 conceptual-cosmo 756 41943040 0 0 942041726.073192 3493757054.924515
1938 milc 757 0 0 0 0.000000 3493757054.924515
1939 conceptual-cosmo 758 41943040 0 0 983555459.598952 3493757054.924515
1940 conceptual-cosmo 759 41943040 0 0 929278695.367155 3493757054.924515
1941 conceptual-cosmo 760 41943040 0 0 956999447.931814 3493757054.924515
1942 conceptual-cosmo 761 41943040 0 0 961521602.605243 3493757054.924515
1943 conceptual-checkpoint 762 166666666 0 0 2180920529.576989 3493757054.924515
1944 milc 763 0 0 0 0.000000 3493757054.924515
1945 milc 764 0 0 0 0.000000 3493757054.924515
1946 conceptual-checkpoint 765 166666666 0 0 3364343818.371502 3493757054.924515
1947 conceptual-checkpoint 766 166666666 0 0 3385862307.952980 3493757054.924515
1948 conceptual-checkpoint 767 166666666 0 0 3383230767.221889 3493757054.924515
1949 conceptual-checkpoint 768 166666666 0 0 3380599226.554121 3493757054.924515
1950 conceptual-cosmo 769 41943040 0 0 1047540061.315512 3493757054.924515
1951 milc 770 0 0 0 0.000000 3493757054.924515
1952 conceptual-cosmo 771 41943040 0 0 1058890765.646430 3493757054.924515
1953 conceptual-checkpoint 772 166666666 0 0 3350588410.097691 3493757054.924515
1954 milc 773 0 0 0 0.000000 3493757054.924515
1955 conceptual-checkpoint 774 166666666 0 0 3393756930.609107 3493757054.924515
1956 conceptual-checkpoint 775 166666666 0 0 3391125390.249842 3493757054.924515
1957 conceptual-checkpoint 776 166666666 0 0 3388493848.910664 3493757054.924515
1958 milc 777 0 0 0 0.000000 3493757054.924515
1959 milc 778 0 0 0 0.000000 3493757054.924515
1960 conceptual-checkpoint 779 166666666 0 0 3339706774.275190 3493757054.924515
2008 conceptual-checkpoint 780 166666666 0 0 2735195065.903930 3493757054.924515
2009 conceptual-checkpoint 781 166666666 0 0 2737826606.544181 3493757054.924515
2010 conceptual-checkpoint 782 166666666 0 0 2732563525.249821 3493757054.924515
2011 conceptual-checkpoint 783 166666666 0 0 2740458146.874423 3493757054.924515
2012 milc 784 0 0 0 0.000000 3493757054.924515
2013 conceptual-cosmo 785 41943040 0 0 1138841029.532664 3493757054.924515
2014 conceptual-checkpoint 786 166666666 0 0 2719051198.353755 3493757054.924515
2015 conceptual-checkpoint 787 166666666 0 0 2721682738.813747 3493757054.924515
2016 conceptual-cosmo 788 41943040 0 0 1180518711.250493 3493757054.924515
2017 conceptual-cosmo 789 41943040 0 0 1150794562.998471 3493757054.924515
2018 conceptual-cosmo 790 41943040 0 0 1203638147.745708 3493757054.924515
2019 milc 791 0 0 0 0.000000 3493757054.924515
2020 conceptual-cosmo 792 41943040 0 0 1185130666.044715 3493757054.924515
2021 conceptual-cosmo 793 41943040 0 0 1155288734.024993 3493757054.924515
2022 conceptual-cosmo 794 41943040 0 0 1165928775.251242 3493757054.924515
2023 conceptual-checkpoint 795 166666666 0 0 2046259111.379326 3493757054.924515
2024 conceptual-cosmo 796 41943040 0 0 1004308721.274234 3493757054.924515
2025 conceptual-checkpoint 797 166666666 0 0 2054396815.785722 3493757054.924515
2026 conceptual-checkpoint 798 166666666 0 0 2057028356.082660 3493757054.924515
2027 conceptual-cosmo 799 41943040 0 0 1022578694.732759 3493757054.924515
2028 conceptual-cosmo 800 41943040 0 0 1045787588.417374 3493757054.924515
2029 milc 801 0 0 0 0.000000 3493757054.924515
2030 conceptual-cosmo 802 41943040 0 0 1025338138.835001 3493757054.924515
2031 milc 803 0 0 0 0.000000 3493757054.924515
2032 conceptual-cosmo 804 41943040 0 0 997801747.341731 3493757054.924515
2033 conceptual-cosmo 805 41943040 0 0 1069039264.994194 3493757054.924515
2034 conceptual-checkpoint 806 166666666 0 0 2048890652.229803 3493757054.924515
2035 conceptual-cosmo 807 41943040 0 0 1007192287.087464 3493757054.924515
2036 conceptual-cosmo 808 41943040 0 0 907292776.573563 3493757054.924515
2037 conceptual-checkpoint 809 166666666 0 0 2030002853.261074 3493757054.924515
2085 milc 810 0 0 0 0.000000 3493757054.924515
2086 milc 811 0 0 0 0.000000 3493757054.924515
2087 conceptual-cosmo 812 41943040 0 0 305106435.845981 3493757054.924515
2088 milc 813 0 0 0 0.000000 3493757054.924515
2089 conceptual-checkpoint 814 166666666 0 0 1008708677.985294 3493757054.924515
2090 milc 815 0 0 0 0.000000 3493757054.924515
2091 milc 816 0 0 0 0.000000 3493757054.924515
2092 conceptual-cosmo 817 41943040 0 0 285293953.581440 3493757054.924515
2093 milc 818 0 0 0 0.000000 3493757054.924515
2094 conceptual-checkpoint 819 166666666 0 0 1006077137.460920 3493757054.924515
2095 conceptual-cosmo 820 41943040 0 0 289511383.844426 3493757054.924515
2096 milc 821 0 0 0 0.000000 3493757054.924515
2097 conceptual-checkpoint 822 166666666 0 0 1011527530.049638 3493757054.924515
2098 conceptual-cosmo 823 41943040 0 0 305915131.262558 3493757054.924515
2099 milc 824 0 0 0 0.000000 3493757054.924515
2100 conceptual-checkpoint 825 166666666 0 0 2576943920.069297 3493757054.924515
2101 conceptual-checkpoint 826 166666666 0 0 2585137394.769594 3493757054.924515
2102 conceptual-checkpoint 827 166666666 0 0 2587768935.651097 3493757054.924515
2103 conceptual-checkpoint 828 166666666 0 0 2590400476.547946 3493757054.924515
2104 milc 829 0 0 0 0.000000 3493757054.924515
2105 milc 830 0 0 0 0.000000 3493757054.924515
2106 conceptual-cosmo 831 41943040 0 0 919347666.750471 3493757054.924515
2107 milc 832 0 0 0 0.000000 3493757054.924515
2108 conceptual-checkpoint 833 166666666 0 0 2574125068.156621 3493757054.924515
2109 milc 834 0 0 0 0.000000 3493757054.924515
2110 conceptual-cosmo 835 41943040 0 0 933682581.608105 3493757054.924515
2111 conceptual-cosmo 836 41943040 0 0 916915195.086585 3493757054.924515
2112 conceptual-checkpoint 837 166666666 0 0 2566118904.890066 3493757054.924515
2113 milc 838 0 0 0 0.000000 3493757054.924515
2114 conceptual-cosmo 839 41943040 0 0 900266233.394292 3493757054.924515
2162 conceptual-cosmo 840 41943040 0 0 1232566177.282710 3493757054.924515
2163 conceptual-cosmo 841 41943040 0 0 1193114159.904915 3493757054.924515
2164 conceptual-cosmo 842 41943040 0 0 1180210603.969136 3493757054.924515
2165 conceptual-checkpoint 843 166666666 0 0 3051290813.362058 3493757054.924515
2166 conceptual-checkpoint 844 166666666 0 0 3075739696.865602 3493757054.924515
2167 milc 845 0 0 0 0.000000 3493757054.924515
2168 conceptual-checkpoint 846 166666666 0 0 3086265859.709541 3493757054.924515
2169 conceptual-checkpoint 847 166666666 0 0 3083634318.316375 3493757054.924515
2170 conceptual-checkpoint 848 166666666 0 0 3073108156.246868 3493757054.924515
2171 conceptual-cosmo 849 41943040 0 0 1167118862.731914 3493757054.924515
2172 conceptual-checkpoint 850 166666666 0 0 3078371237.275311 3493757054.924515
2173 conceptual-checkpoint 851 166666666 0 0 3081002778.666553 3493757054.924515
2174 conceptual-cosmo 852 41943040 0 0 1230573744.109950 3493757054.924515
2175 milc 853 0 0 0 0.000000 3493757054.924515
2176 conceptual-cosmo 854 41943040 0 0 1212232627.386003 3493757054.924515
2177 conceptual-cosmo 855 41943040 0 0 814046545.862299 3493757054.924515
2178 milc 856 0 0 0 0.000000 3493757054.924515
2179 conceptual-cosmo 857 41943040 0 0 813584420.168221 3493757054.924515
2180 conceptual-checkpoint 858 166666666 0 0 1828432113.400933 3493757054.924515
2181 conceptual-checkpoint 859 166666666 0 0 1833695194.503007 3493757054.924515
2182 conceptual-cosmo 860 41943040 0 0 770041048.045359 3493757054.924515
2183 milc 861 0 0 0 0.000000 3493757054.924515
2184 conceptual-checkpoint 862 166666666 0 0 1836326735.248814 3493757054.924515
2185 conceptual-checkpoint 863 166666666 0 0 1831063653.946228 3493757054.924515
2186 conceptual-cosmo 864 41943040 0 0 828004285.962974 3493757054.924515
2187 milc 865 0 0 0 0.000000 3493757054.924515
2188 conceptual-cosmo 866 41943040 0 0 842341295.459549 3493757054.924515
2189 conceptual-cosmo 867 41943040 0 0 825423894.716219 3493757054.924515
2190 milc 868 0 0 0 0.000000 3493757054.924515
2191 conceptual-checkpoint 869 166666666 0 0 1795302742.925670 3493757054.924515
2239 milc 870 0 0 0 0.000000 3493757054.924515
2240 milc 871 0 0 0 0.000000 3493757054.924515
2241 conceptual-cosmo 872 41943040 0 0 661844209.690896 3493757054.924515
2242 milc 873 0 0 0 0.000000 3493757054.924515
2243 milc 874 0 0 0 0.000000 3493757054.924515
2244 conceptual-checkpoint 875 166666666 0 0 2200412817.780249 3493757054.924515
2245 conceptual-checkpoint 876 166666666 0 0 2197781277.236120 3493757054.924515
2246 milc 877 0 0 0 0.000000 3493757054.924515
2247 milc 878 0 0 0 0.000000 3493757054.924515
2248 conceptual-checkpoint 879 166666666 0 0 2184213179.840729 3493757054.924515
2249 milc 880 0 0 0 0.000000 3493757054.924515
2250 milc 881 0 0 0 0.000000 3493757054.924515
2251 conceptual-checkpoint 882 166666666 0 0 2208606292.544594 3493757054.924515
2252 conceptual-checkpoint 883 166666666 0 0 2213869373.567452 3493757054.924515
2253 conceptual-checkpoint 884 166666666 0 0 2211237833.302401 3493757054.924515
2254 conceptual-checkpoint 885 166666666 0 0 3229000371.477957 3493757054.924515
2255 conceptual-checkpoint 886 166666666 0 0 3221105748.911402 3493757054.924515
2256 milc 887 0 0 0 0.000000 3493757054.924515
2257 conceptual-checkpoint 888 166666666 0 0 3215842667.419211 3493757054.924515
2258 conceptual-checkpoint 889 166666666 0 0 3213211126.952281 3493757054.924515
2259 milc 890 0 0 0 0.000000 3493757054.924515
2260 milc 891 0 0 0 0.000000 3493757054.924515
2261 conceptual-cosmo 892 41943040 0 0 1047368081.288294 3493757054.924515
2262 conceptual-checkpoint 893 166666666 0 0 3194081096.604875 3493757054.924515
2263 conceptual-cosmo 894 41943040 0 0 1056191938.835006 3493757054.924515
2264 conceptual-checkpoint 895 166666666 0 0 3223737290.007297 3493757054.924515
2265 conceptual-checkpoint 896 166666666 0 0 3226368830.304707 3493757054.924515
2266 conceptual-checkpoint 897 166666666 0 0 3218474208.078192 3493757054.924515
2267 milc 898 0 0 0 0.000000 3493757054.924515
2268 conceptual-cosmo 899 41943040 0 0 1015176765.220323 3493757054.924515
2316  900 0 0 0 0.000000 3493757054.924515
2317  901 0 0 0 0.000000 3493757054.924515
2318  902 0 0 0 0.000000 3493757054.924515
2319  903 0 0 0 0.000000 3493757054.924515
2320  904 0 0 0 0.000000 3493757054.924515
2321  905 0 0 0 0.000000 3493757054.924515
2322  906 0 0 0 0.000000 3493757054.924515
2323  907 0 0 0 0.000000 3493757054.924515
2324  908 0 0 0 0.000000 3493757054.924515
2325  909 0 0 0 0.000000 3493757054.924515
2326  910 0 0 0 0.000000 3493757054.924515
2327  911 0 0 0 0.000000 3493757054.924515
2328  912 0 0 0 0.000000 3493757054.924515
2329  913 0 0 0 0.000000 3493757054.924515
2330  914 0 0 0 0.000000 3493757054.924515
2331  915 0 0 0 0.000000 3493757054.924515
2332  916 0 0 0 0.000000 3493757054.924515
2333  917 0 0 0 0.000000 3493757054.924515
2334  918 0 0 0 0.000000 3493757054.924515
2335  919 0 0 0 0.000000 3493757054.924515
2336  920 0 0 0 0.000000 3493757054.924515
2337  921 0 0 0 0.000000 3493757054.924515
2338  922 0 0 0 0.000000 3493757054.924515
2339  923 0 0 0 0.000000 3493757054.924515
2340  924 0 0 0 0.000000 3493757054.924515
2341  925 0 0 0 0.000000 3493757054.924515
2342  926 0 0 0 0.000000 3493757054.924515
2343  927 0 0 0 0.000000 3493757054.924515
2344  928 0 0 0 0.000000 3493757054.924515
2345  929 0 0 0 0.000000 3493757054.924515
2393  930 0 0 0 0.000000 3493757054.924515
2394  931 0 0 0 0.000000 3493757054.924515
2395  932 0 0 0 0.000000 3493757054.924515
2396  933 0 0 0 0.000000 3493757054.924515
2397  934 0 0 0 0.000000 3493757054.924515
2398  935 0 0 0 0.000000 3493757054.924515
2399  936 0 0 0 0.000000 3493757054.924515
2400  937 0 0 0 0.000000 3493757054.924515
2401  938 0 0 0 0.000000 3493757054.924515
2402  939 0 0 0 0.000000 3493757054.924515
2403  940 0 0 0 0.000000 3493757054.924515
2404  941 0 0 0 0.000000 3493757054.924515
2405  942 0 0 0 0.000000 3493757054.924515
2406  943 0 0 0 0.000000 3493757054.924515
2407  944 0 0 0 0.000000 3493757054.924515
2408  945 0 0 0 0.000000 3493757054.924515
2409  946 0 0 0 0.000000 3493757054.924515
2410  947 0 0 0 0.000000 3493757054.924515
2411  948 0 0 0 0.000000 3493757054.924515
2412  949 0 0 0 0.000000 3493757054.924515
2413  950 0 0 0 0.000000 3493757054.924515
2414  951 0 0 0 0.000000 3493757054.924515
2415  952 0 0 0 0.000000 3493757054.924515
2416  953 0 0 0 0.000000 3493757054.924515
2417  954 0 0 0 0.000000 3493757054.924515
2418  955 0 0 0 0.000000 3493757054.924515
2419  956 0 0 0 0.000000 3493757054.924515
2420  957 0 0 0 0.000000 3493757054.924515
2421  958 0 0 0 0.000000 3493757054.924515
2422  959 0 0 0 0.000000 3493757054.924515
2470  960 0 0 0 0.000000 3493757054.924515
2471  961 0 0 0 0.000000 3493757054.924515
2472  962 0 0 0 0.000000 3493757054.924515
2473  963 0 0 0 0.000000 3493757054.924515
2474  964 0 0 0 0.000000 3493757054.924515
2475  965 0 0 0 0.000000 3493757054.924515
2476  966 0 0 0 0.000000 3493757054.924515
2477  967 0 0 0 0.000000 3493757054.924515
2478  968 0 0 0 0.000000 3493757054.924515
2479  969 0 0 0 0.000000 3493757054.924515
2480  970 0 0 0 0.000000 3493757054.924515
2481  971 0 0 0 0.000000 3493757054.924515
2482  972 0 0 0 0.000000 3493757054.924515
2483  973 0 0 0 0.000000 3493757054.924515
2484  974 0 0 0 0.000000 3493757054.924515
2485  975 0 0 0 0.000000 3493757054.924515
2486  976 0 0 0 0.000000 3493757054.924515
2487  977 0 0 0 0.000000 3493757054.924515
2488  978 0 0 0 0.000000 3493757054.924515
2489  979 0 0 0 0.000000 3493757054.924515
2490  980 0 0 0 0.000000 3493757054.924515
2491  981 0 0 0 0.000000 3493757054.924515
2492  982 0 0 0 0.000000 3493757054.924515
2493  983 0 0 0 0.000000 3493757054.924515
2494  984 0 0 0 0.000000 3493757054.924515
2495  985 0 0 0 0.000000 3493757054.924515
2496  986 0 0 0 0.000000 3493757054.924515
2497  987 0 0 0 0.000000 3493757054.924515
2498  988 0 0 0 0.000000 3493757054.924515
2499  989 0 0 0 0.000000 3493757054.924515