# Format: <server id> <LP id> bytes <read> <written> time <written>
0 0 0 1209715196 78086972570.745758 
1 1 0 1168877650 75817695124.773041 
2 77 0 1501105488 120016172545.818573 
3 78 0 1083886076 58274055210.146400 
4 154 0 1209715196 71455604056.238647 
5 155 0 1043048530 45648376291.545212 
6 231 0 667772158 16633733190.037586 
7 232 0 1250552742 73567767990.851288 
8 308 0 834438824 30944761978.141624 
9 309 0 1167772156 62413954573.149101 
10 385 0 876381864 37360520852.084709 
11 386 0 1167772156 67772797179.558731 
12 462 0 626934612 15540862280.471582 
13 463 0 1084991570 59893970928.448822 
14 539 0 751658238 25018935274.082062 
15 540 0 1084991570 49749957001.201546 
16 616 0 1084991570 59104895384.636688 
17 617 0 626934612 15715377931.521168 
18 693 0 918324904 38153440550.874252 
19 694 0 960267944 46240599254.594772 
20 770 0 1125829116 62465177766.158501 
21 771 0 1043048530 47415257912.947571 
22 847 0 501105492 7133218492.243090 
23 848 0 1417219408 91649042100.625168 
24 924 0 751658238 24098169729.796261 
25 925 0 1376381862 95296997359.539795 
26 1001 0 1459162448 108300564297.065216 
27 1002 0 1043048530 42683226806.215111 
28 1078 0 793601278 25621879423.523308 
29 1079 0 793601278 24321530476.307079 
30 1155 0 835544318 33890173352.551552 
31 1156 0 1043048530 44295788822.700775 
32 1232 0 1043048530 55192702214.788292 
33 1233 0 1584991568 120153310797.815720 
34 1309 0 876381864 35783691843.187874 
35 1310 0 750552744 23619033183.577065 
36 1386 0 751658238 23446808055.266350 
37 1387 0 625829118 12758296152.962170 
38 1463 0 1043048530 50747041763.279366 
39 1464 0 1167772156 61387080398.558266 
40 1540 0 876381864 31921637363.049149 
41 1541 0 1167772156 63744182132.303917 
42 1617 0 834438824 31456641860.628082 
43 1618 0 1501105488 108264389259.957687 
44 1694 0 626934612 15342748770.007883 
45 1695 0 1543048528 116182731213.553818 
46 1771 0 918324904 36027625521.095695 
47 1772 0 1084991570 52132818925.443604 
48 1848 0 751658238 23095199004.123016 
49 1849 0 960267944 42180977706.328362 
50 1925 0 1084991570 60864162638.724396 
51 1926 0 1583886074 127014457514.228531 
52 2002 0 1293601276 90405481528.087677 
53 2003 0 1168877650 65967317436.401077 
54 2079 0 667772158 15712317135.275347 
55 2080 0 1167772156 72720386919.916138 
56 2156 0 1418324902 107562685992.008011 
57 2157 0 1084991570 51505433458.326614 
58 2233 0 1041943036 54460198254.539062 
59 2234 0 1459162448 111491943437.137604 
60 2310 0 0 0.000000 
61 2311 0 0 0.000000 
62 2387 0 0 0.000000 
63 2388 0 0 0.000000 
64 2464 0 0 0.000000 
65 2465 0 0 0.000000 
