# format: <LP> <max used general> <max used token...>
4 18446737609709551616 124000000 44000000
5 18446737609709551616 180000000 52000000
81 18446737609709551616 112000000 48000000
82 18446737609709551616 64000000 32000000
158 18446737609709551616 124000000 44000000
159 18446737609709551616 120000000 40000000
235 18446737609709551616 92000000 28000000
236 18446737609709551616 68000000 36000000
312 18446737609709551616 96000000 32000000
313 18446737609709551616 104000000 40000000
389 18446737609709551616 116000000 36000000
390 18446737609709551616 104000000 40000000
466 18446737609709551616 148000000 36000000
467 18446737609709551616 140000000 44000000
543 18446737609709551616 132000000 36000000
544 18446737609709551616 140000000 44000000
620 18446737609709551616 140000000 44000000
621 18446737609709551616 148000000 36000000
697 18446737609709551616 136000000 40000000
698 18446737609709551616 156000000 44000000
774 18446737609709551616 84000000 36000000
775 18446737609709551616 120000000 40000000
851 18446737609709551616 88000000 24000000
852 18446737609709551616 72000000 40000000
928 18446737609709551616 132000000 36000000
929 18446737609709551616 128000000 48000000
1005 18446737609709551616 92000000 44000000
1006 18446737609709551616 120000000 40000000
1082 18446737609709551616 152000000 40000000
1083 18446737609709551616 152000000 40000000
1159 18446737609709551616 172000000 44000000
1160 18446737609709551616 120000000 40000000
1236 18446737609709551616 120000000 40000000
1237 18446737609709551616 152000000 56000000
1313 18446737609709551616 116000000 36000000
1314 18446737609709551616 56000000 24000000
1390 18446737609709551616 132000000 36000000
1391 18446737609709551616 72000000 24000000
1467 18446737609709551616 120000000 40000000
1468 18446737609709551616 104000000 40000000
1544 18446737609709551616 116000000 36000000
1545 18446737609709551616 104000000 40000000
1621 18446737609709551616 96000000 32000000
1622 18446737609709551616 112000000 48000000
1698 18446737609709551616 148000000 36000000
1699 18446737609709551616 132000000 52000000
1775 18446737609709551616 136000000 40000000
1776 18446737609709551616 140000000 44000000
1852 18446737609709551616 132000000 36000000
1853 18446737609709551616 156000000 44000000
1929 18446737609709551616 140000000 44000000
1930 18446737609709551616 76000000 44000000
2006 18446737609709551616 164000000 52000000
2007 18446737609709551616 180000000 52000000
2083 18446737609709551616 92000000 28000000
2084 18446737609709551616 104000000 40000000
2160 18446737609709551616 148000000 52000000
2161 18446737609709551616 140000000 44000000
2237 18446737609709551616 44000000 28000000
2238 18446737609709551616 92000000 44000000
2314 18446737609709551616 0 0
2315 18446737609709551616 0 0
2391 18446737609709551616 0 0
2392 18446737609709551616 0 0
2468 18446737609709551616 0 0
2469 18446737609709551616 0 0
