# Format: <server id> <LP id> bytes <read> <written> time <written>
0 0 0 0 0.000000 
1 1 0 0 0.000000 
2 77 0 0 0.000000 
3 78 0 0 0.000000 
4 154 0 0 0.000000 
5 155 0 0 0.000000 
6 231 0 0 0.000000 
7 232 0 0 0.000000 
8 308 0 0 0.000000 
9 309 0 0 0.000000 
10 385 0 0 0.000000 
11 386 0 0 0.000000 
12 462 0 0 0.000000 
13 463 0 0 0.000000 
14 539 0 0 0.000000 
15 540 0 0 0.000000 
16 616 0 0 0.000000 
17 617 0 0 0.000000 
18 693 0 0 0.000000 
19 694 0 0 0.000000 
20 770 0 2499999990 368243959027.185913 
21 771 0 2499999990 367596666412.377319 
22 847 0 2499999990 368243852212.713440 
23 848 0 2499999990 367596666405.148865 
24 924 0 2499999990 368243959079.610779 
25 925 0 2499999990 367596666446.949463 
26 1001 0 2499999990 368244122580.314636 
27 1002 0 2499999990 355316479092.903748 
28 1078 0 2499999990 368243880123.360596 
29 1079 0 2499999990 367596666415.412354 
30 1155 0 2499999990 368243959069.019836 
31 1156 0 2499999990 367596666339.132568 
32 1232 0 2499999990 368243854882.454041 
33 1233 0 2499999990 367596666362.883057 
34 1309 0 2499999990 368243959755.855652 
35 1310 0 2499999990 367596666366.058289 
36 1386 0 2499999990 368244122590.874146 
37 1387 0 2499999990 355316479106.308838 
38 1463 0 2499999990 368244109608.785706 
39 1464 0 2499999990 355316479047.450623 
40 1540 0 629145600 79445128087.618256 
41 1541 0 629145600 74261564933.137726 
42 1617 0 629145600 76984447381.652893 
43 1618 0 629145600 66670056587.900597 
44 1694 0 629145600 78815300422.540512 
45 1695 0 629145600 65302912579.922195 
46 1771 0 629145600 78142883438.891159 
47 1772 0 629145600 68648234278.871780 
48 1848 0 629145600 76188260518.756638 
49 1849 0 629145600 74756575939.406464 
50 1925 0 629145600 75211578269.251358 
51 1926 0 629145600 72279077654.164841 
52 2002 0 629145600 79443195702.995148 
53 2003 0 629145600 74619293753.153595 
54 2079 0 629145600 76423705987.602234 
55 2080 0 629145600 74146123842.332947 
56 2156 0 629145600 79767611076.565948 
57 2157 0 629145600 74894951102.975388 
58 2233 0 629145600 73619011125.994003 
59 2234 0 629145600 74721242916.785919 
60 2310 0 0 0.000000 
61 2311 0 0 0.000000 
62 2387 0 0 0.000000 
63 2388 0 0 0.000000 
64 2464 0 0 0.000000 
65 2465 0 0 0.000000 
