# Format <LP id> <Terminal ID> <Total Data Sent> <Total Data Received> <Avg packet latency> <Max packet Latency> <Min packet Latency> <# Packets finished> <Avg Hops> <Avg Busy Time (over rails)>
37 0 318445632 318445632 26408.450228 209294.747055 577.768481 82431 2.000691 128611753.285348
38 1 425406288 425406288 25718.819878 209294.747055 576.837158 124755 1.859132 92667891.068632
39 2 425290704 425290704 14411.698216 209366.119802 576.837158 110307 1.775137 94131914.794600
40 3 425406288 425406288 19623.348631 180070.035761 576.837158 124755 2.067957 52958343.295812
41 4 318445632 318445632 13917.177621 161712.170645 577.768481 82431 2.654766 323880986.520643
42 5 425406288 425406288 23531.541519 172065.579398 576.837158 124755 2.315546 499240153.165215
43 6 532838736 532838736 23419.003549 170623.020176 576.837158 139395 2.056752 647281401.911077
44 7 532954320 532954320 12848.051980 167707.746808 576.837158 153843 2.279499 422732765.624744
45 8 532838736 532838736 18659.321635 180686.095235 577.768481 139395 2.243689 572348407.425808
46 9 425406288 425406288 24225.878647 180686.095222 576.837158 124755 2.329975 448677950.976129
47 10 425290704 425290704 30357.705930 180686.095235 576.837158 110307 2.274960 455726663.734369
48 11 532954320 532954320 21326.974405 180686.095235 576.837158 153843 2.291219 400214806.533659
49 12 532838736 532838736 27269.684659 180686.095235 577.768481 139395 2.243753 529530240.240363
50 13 532954320 532954320 25142.167446 180686.095235 576.837158 153843 2.133636 531022104.013176
51 14 425290704 425290704 29906.371776 180686.095235 576.837158 110307 2.274987 454968185.225869
52 15 425406288 425406288 15983.356635 180686.095235 576.837158 124755 2.582301 366274261.903321
53 16 532838736 532838736 26580.974969 180686.095235 577.768481 139395 2.243710 528959170.229830
54 17 532954320 532954320 20970.003054 180686.095235 576.837158 153843 2.133597 511792923.153758
55 18 532838736 532838736 24130.361341 180686.095235 576.837158 139395 2.056731 495139040.249868
56 19 425406288 425406288 9809.988564 180686.095235 576.837158 124755 2.344451 272100248.150703
57 20 425290704 425290704 29720.928381 180686.095235 577.768481 110307 2.275014 452166094.499978
58 21 532954320 532954320 25716.574747 180205.770571 576.837158 153843 2.121858 529812773.219486
59 22 532838736 532838736 28188.409165 180686.095235 576.837158 139395 2.052362 548980103.982679
60 23 532954320 532954320 13331.375066 180686.095235 576.837158 153843 2.306800 388409502.623045
61 24 425290704 425290704 28731.836011 180686.095235 577.768481 110307 2.500231 441610611.091272
62 25 318561216 318561216 15038.489821 180686.095235 576.837158 96879 2.399901 399120132.036203
63 26 425290704 425290704 30580.056097 180686.095235 576.837158 110307 2.038728 474163092.135647
64 27 425406288 425406288 30301.207786 180686.095235 576.837158 124755 2.339594 506900930.469294
65 28 425290704 425290704 6705.698760 162243.552846 577.768481 110307 2.033262 255886062.079953
66 29 318561216 318561216 4873.882889 153149.723892 576.837158 96879 2.199238 131427361.105765
67 30 0 0 -nan 0.000000 2147483647.000000 0 -nan 0.000000
68 31 0 0 -nan 0.000000 2147483647.000000 0 -nan 0.000000
114 32 425290704 425290704 27704.076204 218522.811994 577.768481 110307 2.264244 137354552.346423
115 33 532954320 532954320 25614.055344 218650.144858 576.837158 153843 2.192332 145063987.219457
116 34 532838736 532838736 14987.194854 218522.811994 576.837158 139395 2.043753 299602567.454732
117 35 532954320 532954320 16156.079422 248592.324838 576.837158 153843 2.271660 154016172.169800
118 36 425290704 425290704 42370.198508 312255.885905 577.768481 110307 2.989203 393888490.907875
119 37 532954320 532954320 39471.016187 303291.320327 576.837158 153843 2.637878 800886307.281423
120 38 641094576 641094576 36359.323754 306315.565942 576.837158 170301 2.398753 881981850.384056
121 39 641210160 641210160 33131.460154 312328.343007 576.837158 184749 2.577042 538333340.461514
122 40 641094576 641094576 34777.845275 313418.981188 577.768481 170301 2.555358 717963516.390473
123 41 532954320 532954320 49313.940802 315330.768464 576.837158 153843 2.665334 703515309.059010
124 42 532838736 532838736 55253.630433 316142.406181 576.837158 139395 2.634973 837703024.496765
125 43 641210160 641210160 40264.890791 314289.272411 576.837158 184749 2.596658 717072629.599951
126 44 641094576 641094576 51703.389330 315100.910127 577.768481 170301 2.562475 817308555.173589
127 45 641210160 641210160 48262.933303 316954.043897 576.837158 184749 2.455629 851869119.486163
128 46 532838736 532838736 58416.906241 316954.043897 576.837158 139395 2.634951 762751017.251598
129 47 532954320 532954320 43336.756143 313747.123780 576.837158 153843 2.862093 538590125.326488
130 48 641094576 641094576 51182.125411 341592.062263 577.768481 170301 2.562439 781836333.152583
131 49 641210160 641210160 45832.879521 333152.218577 576.837158 184749 2.475147 768920384.760832
132 50 641094576 641094576 46292.979312 315100.910127 576.837158 170301 2.409393 731036105.184159
133 51 532954320 532954320 35040.052743 313747.123780 576.837158 153843 2.669215 409815268.892927
134 52 532838736 532838736 59560.096549 345886.071181 577.768481 139395 2.634973 799687325.532874
135 53 641210160 641210160 48885.336046 325023.132032 576.837158 184749 2.455597 868589400.289063
136 54 641094576 641094576 52178.493203 325193.189459 576.837158 170301 2.405834 857329307.424052
137 55 641210160 641210160 38218.046572 313415.810728 576.837158 184749 2.609616 593062269.642051
138 56 532838736 532838736 59724.007753 356610.793546 577.768481 139395 2.813214 726012941.600443
139 57 425406288 425406288 52620.241590 311312.210632 576.837158 124755 2.815366 520334475.069475
140 58 532838736 532838736 62049.548042 328738.030118 576.837158 139395 2.447993 843295662.861192
141 59 532954320 532954320 58624.380305 362026.842562 576.837158 153843 2.688754 882490522.999744
142 60 532838736 532838736 26303.392778 313660.389061 577.768481 139395 2.234973 396507761.528721
143 61 425406288 425406288 23785.808091 313566.714880 576.837158 124755 2.363665 205706445.181187
144 62 0 0 -nan 0.000000 2147483647.000000 0 -nan 0.000000
145 63 0 0 -nan 0.000000 2147483647.000000 0 -nan 0.000000
191 64 425290704 425290704 24478.836319 205792.883697 577.768481 110307 2.264244 139615663.787711
192 65 532954320 532954320 25126.935651 218184.215450 576.837158 153843 2.157115 179383710.396315
193 66 532838736 532838736 15981.336286 205921.605981 576.837158 139395 2.043753 202836892.906606
194 67 532954320 532954320 18891.537267 196999.288964 576.837158 153843 2.318617 156033559.119198
195 68 425290704 425290704 42744.734317 284911.194806 577.768481 110307 2.989203 401771165.586059
196 69 532954320 532954320 36752.189603 286606.927340 576.837158 153843 2.637878 692792218.755556
197 70 641094576 641094576 35659.111209 285463.976572 576.837158 170301 2.398753 829709068.979646
198 71 641210160 641210160 32980.821811 280863.639360 576.837158 184749 2.567267 615409648.468366
199 72 641094576 641094576 36831.948140 288106.554839 577.768481 170301 2.555358 649827504.178735
200 73 532954320 532954320 50528.042710 312997.310031 576.837158 153843 2.653595 742532861.561180
201 74 532838736 532838736 57322.443005 329577.254096 576.837158 139395 2.634973 824285259.442082
202 75 641210160 641210160 42630.015806 287087.252004 576.837158 184749 2.586883 660421786.563776
203 76 641094576 641094576 51391.324431 287296.502353 577.768481 170301 2.562475 807028359.161775
204 77 641210160 641210160 48220.571661 351350.769666 576.837158 184749 2.436078 856099920.589460
205 78 532838736 532838736 58721.028418 286606.927340 576.837158 139395 2.634951 772642193.381593
206 79 532954320 532954320 44187.570672 314328.903159 576.837158 153843 2.815136 525000676.334665
207 80 641094576 641094576 50048.973203 348176.319779 577.768481 170301 2.562439 821653975.171184
208 81 641210160 641210160 44894.618237 383171.593436 576.837158 184749 2.465372 795586175.760722
209 82 641094576 641094576 45803.286031 340300.519709 576.837158 170301 2.409393 703045426.508085
210 83 532954320 532954320 32352.185799 318008.221778 576.837158 153843 2.680954 432241224.171486
211 84 532838736 532838736 59205.441372 287087.252004 577.768481 139395 2.634973 807453588.414697
212 85 641210160 641210160 48711.649940 348424.141010 576.837158 184749 2.436046 869337278.272328
213 86 641094576 641094576 51894.637511 312185.672314 576.837158 170301 2.405834 861457148.748819
214 87 641210160 641210160 37999.878235 288918.192555 576.837158 184749 2.570515 578709758.303497
215 88 532838736 532838736 58729.114481 335357.378993 577.768481 139395 2.813214 777272970.259863
216 89 425406288 425406288 51837.135550 295073.973445 576.837158 124755 2.800890 599745563.076081
217 90 532838736 532838736 60928.165808 309880.457321 576.837158 139395 2.447993 864783414.676761
218 91 532954320 532954320 58325.066321 421133.768214 576.837158 153843 2.677015 878364938.617917
219 92 532939872 532939872 24425.966932 316063.451995 577.768481 152037 2.322343 381484204.719038
220 93 425391840 425391840 23564.207310 320059.816609 576.837158 122949 2.369007 220584341.476472
221 94 0 0 -nan 0.000000 2147483647.000000 0 -nan 0.000000
222 95 0 0 -nan 0.000000 2147483647.000000 0 -nan 0.000000
268 96 425391840 425391840 21897.568536 221816.741199 577.768481 122949 2.383988 133559786.729978
269 97 532939872 532939872 25551.723373 221816.741199 576.837158 152037 2.147122 153183575.134460
270 98 532939872 532939872 14917.300735 222021.765374 576.837158 152037 2.099509 224674356.056474
271 99 532939872 532939872 15983.444747 208201.541116 576.837158 152037 2.286766 206444840.981285
272 100 425391840 425391840 38099.535389 299072.493950 577.768481 122949 3.005002 402686432.263100
273 101 532939872 532939872 38416.752684 295450.238846 576.837158 152037 2.669212 684666495.202689
274 102 641195712 641195712 33884.777191 293943.811703 576.837158 182943 2.450173 826758101.177552
275 103 641195712 641195712 33534.348582 299956.588768 576.837158 182943 2.592611 615741540.310937
276 104 641195712 641195712 33186.604709 314289.272411 577.768481 182943 2.595956 661656005.775411
277 105 532939872 532939872 49943.249012 339278.675516 576.837158 152037 2.673237 823835358.893868
278 106 532939872 532939872 51734.522258 339278.675516 576.837158 152037 2.677204 818964086.519931
279 107 641195712 641195712 40511.908537 338947.362464 576.837158 182943 2.602548 712582204.373848
280 108 641195712 641195712 48191.925022 315100.910127 577.768481 182943 2.602581 823933433.870955
281 109 641195712 641195712 48798.525470 338467.037800 576.837158 182943 2.460127 868565518.634223
282 110 532939872 532939872 53864.875034 301746.313341 576.837158 152037 2.677184 784761738.311988
283 111 532939872 532939872 44657.807899 338467.037800 576.837158 152037 2.848576 566422516.939854
284 112 641195712 641195712 47709.417415 340705.620808 577.768481 182943 2.572933 800795313.240011
285 113 641195712 641195712 46646.371172 338467.037800 576.837158 182943 2.430478 773760217.544563
286 114 641195712 641195712 43274.801599 313477.634695 576.837158 182943 2.450206 702904537.807233
287 115 532939872 532939872 36299.270031 339278.675516 576.837158 152037 2.665285 371802734.639945
288 116 532939872 532939872 46045.696328 339759.000180 577.768481 152037 2.665325 811078025.200335
289 117 641195712 641195712 48798.717231 339278.675516 576.837158 182943 2.450222 865930185.498363
290 118 641195712 641195712 48818.094875 339278.675516 576.837158 182943 2.476509 860768409.996097
291 119 641195712 641195712 45174.456723 338405.213833 576.837158 182943 2.615634 577184237.732154
292 120 532939872 532939872 54830.740685 356591.906495 577.768481 152037 2.864382 767445922.066419
293 121 425391840 425391840 53152.573934 363033.854720 576.837158 122949 2.827343 598489018.417288
294 122 532939872 532939872 56682.340418 342632.655302 576.837158 152037 2.517650 835750001.098003
295 123 532939872 532939872 59182.684170 358899.995543 576.837158 152037 2.685057 851218763.848995
296 124 532939872 532939872 23815.864104 311055.418486 577.768481 152037 2.322343 469969274.233833
297 125 425391840 425391840 21476.954388 311193.625698 576.837158 122949 2.369007 274475397.401475
298 126 0 0 -nan 0.000000 2147483647.000000 0 -nan 0.000000
299 127 0 0 -nan 0.000000 2147483647.000000 0 -nan 0.000000
345 128 425391840 425391840 21630.319571 211750.933517 577.768481 122949 2.339921 114123527.127269
346 129 532939872 532939872 25189.338741 216433.588192 576.837158 152037 2.123365 160139821.797705
347 130 532939872 532939872 14971.324259 211816.200020 576.837158 152037 2.123266 357528997.815203
348 131 532939872 532939872 18079.563058 208198.754322 576.837158 152037 2.286766 173942731.529951
349 132 425391840 425391840 38724.966756 246950.551752 577.768481 122949 2.975624 398768700.981209
350 133 532939872 532939872 37079.045115 263284.251024 576.837158 152037 2.657333 672191081.379450
351 134 641195712 641195712 33253.775066 244616.583554 576.837158 182943 2.440301 846294289.399475
352 135 641195712 641195712 33023.086642 256954.676871 576.837158 182943 2.582739 641463407.358502
353 136 641195712 641195712 34904.065194 322574.745134 577.768481 182943 2.586068 683014481.119510
354 137 532939872 532939872 51032.797975 305265.529354 576.837158 152037 2.661339 737167898.452425
355 138 532939872 532939872 50873.744514 278652.102163 576.837158 152037 2.665305 882082488.203119
356 139 641195712 641195712 41351.980261 321742.499429 576.837158 182943 2.592660 666150413.027731
357 140 641195712 641195712 47933.923420 322615.961112 577.768481 182943 2.592709 824049227.233069
358 141 641195712 641195712 48687.181835 304049.444824 576.837158 182943 2.450255 851099281.817230
359 142 532939872 532939872 53729.672951 322615.961112 576.837158 152037 2.665305 788006763.820120
360 143 532939872 532939872 44474.158093 322574.745134 576.837158 152037 2.836698 608065059.135847
361 144 641195712 641195712 47153.911827 357094.549614 577.768481 182943 2.572933 795153808.434272
362 145 641195712 641195712 46999.491159 347690.769834 576.837158 182943 2.430478 795071334.866300
363 146 641195712 641195712 42913.300719 322574.745134 576.837158 182943 2.420590 692551886.579323
364 147 532939872 532939872 32798.112114 319558.052607 576.837158 152037 2.629649 420129690.000573
365 148 532939872 532939872 53992.281426 322574.745134 577.768481 152037 2.653446 576386021.865289
366 149 641195712 641195712 48668.395016 323789.536036 576.837158 182943 2.440350 850496377.764781
367 150 641195712 641195712 48298.607024 282450.014953 576.837158 182943 2.466637 891548963.713292
368 151 641195712 641195712 37411.657190 322574.745134 576.837158 182943 2.605762 766385283.536354
369 152 532939872 532939872 54253.944278 341052.609248 577.768481 152037 2.852503 763075861.850721
370 153 425391840 425391840 54925.921058 322574.745134 576.837158 122949 2.812654 567589559.402214
371 154 532939872 532939872 56896.786930 335236.544121 576.837158 152037 2.517650 882197326.837947
372 155 532939872 532939872 59421.030311 374864.426019 576.837158 152037 2.685057 902624021.662587
373 156 532939872 532939872 24562.095325 318436.541176 577.768481 152037 2.334202 403881992.429890
374 157 425391840 425391840 24118.322960 319248.178893 576.837158 122949 2.383671 290487719.366315
375 158 0 0 -nan 0.000000 2147483647.000000 0 -nan 0.000000
376 159 0 0 -nan 0.000000 2147483647.000000 0 -nan 0.000000
422 160 425391840 425391840 21649.145921 203023.569166 577.768481 122949 2.369299 119645681.507961
423 161 532939872 532939872 25449.755961 203149.581589 576.837158 152037 2.147122 175189818.302254
424 162 532939872 532939872 15505.811417 203110.932174 576.837158 152037 2.135164 208550701.021908
425 163 532939872 532939872 18907.521308 236996.561361 576.837158 152037 2.310543 152854899.267266
426 164 425391840 425391840 37833.537009 242053.294362 577.768481 122949 2.975673 418974464.428486
427 165 532939872 532939872 38387.343134 294351.921774 576.837158 152037 2.645494 676150694.893406
428 166 641195712 641195712 33603.866334 249002.794245 576.837158 182943 2.440317 841917408.849948
429 167 641195712 641195712 33432.521786 283148.321278 576.837158 182943 2.582755 596543178.932479
430 168 641195712 641195712 33652.505646 336716.410542 577.768481 182943 2.595940 676316271.214039
431 169 532939872 532939872 50876.884753 285813.092764 576.837158 152037 2.673218 822467122.782205
432 170 532939872 532939872 51090.895437 336716.410542 576.837158 152037 2.677184 758944398.180338
433 171 641195712 641195712 40975.256686 285813.092764 576.837158 182943 2.602532 662483220.863855
434 172 641195712 641195712 48177.278239 285813.092764 577.768481 182943 2.602581 816742054.358611
435 173 641195712 641195712 48652.832521 341952.287296 576.837158 182943 2.460127 836240851.931474
436 174 532939872 532939872 54239.019582 285001.455048 576.837158 152037 2.677184 734550560.532623
437 175 532939872 532939872 44596.954529 337528.048258 576.837158 152037 2.848576 558916165.563551
438 176 641195712 641195712 47417.733706 342573.007890 577.768481 182943 2.582804 821535445.837508
439 177 641195712 641195712 46769.405233 338641.365949 576.837158 182943 2.440350 801885775.623429
440 178 641195712 641195712 42708.677755 336716.410542 576.837158 182943 2.440334 683168555.901343
441 179 532939872 532939872 34994.222414 336716.410542 576.837158 152037 2.653407 500101513.252361
442 180 532939872 532939872 53635.803721 338339.685974 577.768481 152037 2.641568 789676793.127521
443 181 641195712 641195712 48257.650396 286624.730480 576.837158 182943 2.430478 854533615.449696
444 182 641195712 641195712 48570.582592 337528.048258 576.837158 182943 2.476509 865815420.044939
445 183 641195712 641195712 37643.426844 286624.730480 576.837158 182943 2.615634 568582263.323744
446 184 532939872 532939872 53892.711461 324058.298725 577.768481 152037 2.828746 763304499.677190
447 185 425391840 425391840 51625.899342 337528.048258 576.837158 122949 2.783276 648354792.640571
448 186 532939872 532939872 56054.425716 323812.803827 576.837158 152037 2.505772 845246235.303691
449 187 532939872 532939872 58858.970998 409865.983467 576.837158 152037 2.673178 884693644.805761
450 188 532939872 532939872 24881.565306 314378.352573 577.768481 152037 2.334202 474006235.295135
451 189 425391840 425391840 24418.889807 311193.625698 576.837158 122949 2.383671 343388079.547161
452 190 0 0 -nan 0.000000 2147483647.000000 0 -nan 0.000000
453 191 0 0 -nan 0.000000 2147483647.000000 0 -nan 0.000000
499 192 425391840 425391840 21435.891868 220175.315557 577.768481 122949 2.310543 112584205.907536
500 193 532939872 532939872 25454.105372 220200.813451 576.837158 152037 2.099607 161797307.212732
501 194 532939872 532939872 14696.486092 220326.609471 576.837158 152037 2.099528 216375316.395578
502 195 532939872 532939872 17677.938289 207637.644737 576.837158 152037 2.274907 182533436.914903
503 196 425391840 425391840 38844.980051 311112.935137 577.768481 122949 2.990362 410642825.076755
504 197 532939872 532939872 41665.456779 314944.824078 576.837158 152037 2.657373 673995657.647891
505 198 641195712 641195712 34436.534071 310854.079186 576.837158 182943 2.440317 818907854.068087
506 199 641195712 641195712 32346.494440 314201.824630 576.837158 182943 2.582755 635442864.728463
507 200 641195712 641195712 33051.524273 321669.369374 577.768481 182943 2.586068 672811901.773115
508 201 532939872 532939872 51061.492427 323338.325691 576.837158 152037 2.649460 814878845.968289
509 202 532939872 532939872 49466.839629 315850.723876 576.837158 152037 2.653426 777169501.994767
510 203 641195712 641195712 41090.701704 311935.205988 576.837158 182943 2.592660 692688678.070327
511 204 641195712 641195712 47899.745342 313415.810728 577.768481 182943 2.592709 826319525.364966
512 205 641195712 641195712 48677.212417 313415.810728 576.837158 182943 2.450255 865203157.297265
513 206 532939872 532939872 53425.342050 312808.667671 576.837158 152037 2.665305 790216344.322412
514 207 532939872 532939872 43149.207482 320626.288090 576.837158 152037 2.836698 652413376.163031
515 208 641195712 641195712 47518.488566 340206.940013 577.768481 182943 2.572933 807777301.573817
516 209 641195712 641195712 47090.835888 326391.261185 576.837158 182943 2.430478 792722506.384291
517 210 641195712 641195712 42490.427613 313288.992335 576.837158 182943 2.430462 701611924.260859
518 211 532939872 532939872 36438.247297 321669.369374 576.837158 152037 2.641528 402777594.114090
519 212 532939872 532939872 54160.396151 311935.205988 577.768481 152037 2.641568 806675191.547251
520 213 641195712 641195712 49183.529345 344586.394046 576.837158 182943 2.430478 867278601.155521
521 214 641195712 641195712 48367.906340 315039.086160 576.837158 182943 2.417278 868873616.970842
522 215 641195712 641195712 37199.328154 317331.314978 576.837158 182943 2.556403 611682104.819481
523 216 532939872 532939872 54427.062177 329579.695597 577.768481 152037 2.840624 723570738.633839
524 217 425391840 425391840 53078.509588 320626.288090 576.837158 122949 2.797965 533845389.274656
525 218 532939872 532939872 56707.293768 329249.171986 576.837158 152037 2.541408 853381487.993929
526 219 532939872 532939872 59224.700981 363445.344068 576.837158 152037 2.708814 885533462.496126
527 220 532939872 532939872 25355.294981 311635.174783 577.768481 152037 2.334202 390477991.012706
528 221 425391840 425391840 26826.387320 311193.625698 576.837158 122949 2.383671 271495587.235053
529 222 0 0 -nan 0.000000 2147483647.000000 0 -nan 0.000000
530 223 0 0 -nan 0.000000 2147483647.000000 0 -nan 0.000000
576 224 425391840 425391840 24083.850926 209126.680354 577.768481 122949 2.369299 119500255.257309
577 225 532939872 532939872 26292.265382 215902.119019 576.837158 152037 2.147122 172437879.272286
578 226 532939872 532939872 14900.613516 209347.898609 576.837158 152037 2.111407 157660772.870547
579 227 532939872 532939872 18903.606085 230658.961296 576.837158 152037 2.286785 181491443.976493
580 228 425391840 425391840 38189.269409 291752.867010 577.768481 122949 2.990362 426540414.781287
581 229 532939872 532939872 36282.083039 284710.802349 576.837158 152037 2.657373 804087864.796376
582 230 641195712 641195712 32689.588169 286334.077781 576.837158 182943 2.450189 852186353.067409
583 231 641195712 641195712 32832.601415 287626.040161 576.837158 182943 2.592627 586454997.540229
584 232 641195712 641195712 33602.070158 293307.504174 577.768481 182943 2.566324 680221266.761913
585 233 532939872 532939872 49679.661175 323769.304569 576.837158 152037 2.637582 891935060.791444
586 234 532939872 532939872 50547.952882 314558.761496 576.837158 152037 2.665305 725853293.556570
587 235 641195712 641195712 40809.168457 345914.944109 576.837158 182943 2.592660 678876619.900992
588 236 641195712 641195712 47508.325561 293307.504174 577.768481 182943 2.602581 828992766.075389
589 237 641195712 641195712 48246.591455 347287.036648 576.837158 182943 2.460127 838981803.797663
590 238 532939872 532939872 53872.010136 312935.486064 576.837158 152037 2.677184 749412995.096148
591 239 532939872 532939872 43540.324715 314788.619834 576.837158 152037 2.848576 550388960.038247
592 240 641195712 641195712 46937.539030 354275.362945 577.768481 182943 2.582804 837258046.221820
593 241 641195712 641195712 45015.511275 350591.636684 576.837158 182943 2.440350 810860410.800125
594 242 641195712 641195712 44065.092734 316836.319766 576.837158 182943 2.440334 689347674.022106
595 243 532939872 532939872 34083.936421 315600.257550 576.837158 152037 2.653407 454991382.897641
596 244 532939872 532939872 53328.010325 293307.504174 577.768481 152037 2.653446 787576158.432217
597 245 641195712 641195712 48913.032539 326615.189284 576.837158 182943 2.440350 870240176.274034
598 246 641195712 641195712 48490.103436 313747.123780 576.837158 182943 2.437021 850871050.115050
599 247 641195712 641195712 39188.558535 293307.504174 576.837158 182943 2.576147 563902113.847017
600 248 532939872 532939872 54336.703167 332169.958658 577.768481 152037 2.804988 763488314.904295
601 249 425391840 425391840 52193.877319 315600.257550 576.837158 122949 2.753898 562949565.199708
602 250 532939872 532939872 56521.102109 341880.633103 576.837158 152037 2.541408 842206661.871680
603 251 532939872 532939872 58885.057806 374485.087318 576.837158 152037 2.708814 885121007.922806
604 252 532939872 532939872 25183.861355 320059.816585 577.768481 152037 2.334202 484194649.367376
605 253 425391840 425391840 24482.324572 320059.816585 576.837158 122949 2.383671 337989748.129614
606 254 0 0 -nan 0.000000 2147483647.000000 0 -nan 0.000000
607 255 0 0 -nan 0.000000 2147483647.000000 0 -nan 0.000000
653 256 425391840 425391840 57624.383429 262313.061291 577.768481 122949 2.325232 129476716.145519
654 257 532939872 532939872 55593.859853 274782.479787 576.837158 152037 2.111486 160501010.321044
655 258 532939872 532939872 44555.020341 274782.479787 576.837158 152037 2.111407 195458278.548356
656 259 532939872 532939872 44779.840634 274782.479787 576.837158 152037 2.286785 219827711.278104
657 260 425391840 425391840 71161.931350 310632.610473 577.768481 122949 2.975673 410612540.948037
658 261 532939872 532939872 60035.825179 305572.566494 576.837158 152037 2.645494 727478604.656535
659 262 641195712 641195712 48203.110580 308750.479090 576.837158 182943 2.430446 808579725.044692
660 263 641195712 641195712 49817.732360 312328.343007 576.837158 182943 2.572883 609929653.208652
661 264 641195712 641195712 50909.344723 315100.910127 577.768481 182943 2.556452 821349321.362294
662 265 532939872 532939872 68884.838259 315039.086160 576.837158 152037 2.625703 718472746.387330
663 266 532939872 532939872 67143.464870 313808.947747 576.837158 152037 2.629669 810191140.346394
664 267 641195712 641195712 54177.837385 313228.753598 576.837158 182943 2.563044 679459577.257325
665 268 641195712 641195712 59362.783605 314330.488388 577.768481 182943 2.592709 874179744.420098
666 269 641195712 641195712 60788.324571 313808.947747 576.837158 182943 2.450255 877622164.627380
667 270 532939872 532939872 69053.903817 314852.029030 576.837158 152037 2.665305 837264912.749111
668 271 532939872 532939872 66537.658632 316724.185559 576.837158 152037 2.836698 631292785.583547
669 272 641195712 641195712 60101.364303 340064.938640 577.768481 182943 2.572933 823088244.181998
670 273 641195712 641195712 59383.922730 331698.156168 576.837158 182943 2.430478 770375132.610460
671 274 641195712 641195712 58701.496054 316243.860895 576.837158 182943 2.430462 705312260.749668
672 275 532939872 532939872 61367.044863 316662.361592 576.837158 152037 2.641528 410099103.744658
673 276 532939872 532939872 69212.914716 315663.666746 577.768481 152037 2.641548 792528359.275090
674 277 641195712 641195712 60986.725209 314620.585463 576.837158 182943 2.430462 876026886.655797
675 278 641195712 641195712 59631.840528 314620.585463 576.837158 182943 2.427133 898808940.927524
676 279 641195712 641195712 55322.586228 315432.223179 576.837158 182943 2.566258 614384587.029119
677 280 532939872 532939872 69802.783526 350294.346161 577.768481 152037 2.804969 837145414.127263
678 281 425391840 425391840 84093.992976 316724.185559 576.837158 122949 2.753874 619885961.866625
679 282 532939872 532939872 70581.575628 355686.721280 576.837158 152037 2.458237 879614273.958973
680 283 532939872 532939872 74311.071109 362822.370681 576.837158 152037 2.625644 870839400.945063
681 284 532939872 532939872 28056.659245 312616.869952 577.768481 152037 2.346080 352540509.832294
682 285 425391840 425391840 29193.328565 313566.714857 576.837158 122949 2.398360 214239237.985185
683 286 0 0 -nan 0.000000 2147483647.000000 0 -nan 0.000000
684 287 0 0 -nan 0.000000 2147483647.000000 0 -nan 0.000000
730 288 318546768 318546768 10331.664994 96600.859141 577.768481 95073 2.165410 438865167.258953
731 289 425391840 425391840 9804.875017 138297.916670 576.837158 122949 1.930679 534008854.988619
732 290 425391840 425391840 8632.555040 149407.046382 576.837158 122949 1.915892 458516576.465864
733 291 425391840 425391840 8427.149371 183552.828920 576.837158 122949 2.132762 487144666.018935
734 292 318546768 318546768 45516.901419 246862.672398 577.768481 95073 2.637342 737721562.292637
735 293 425391840 425391840 34462.900523 216193.040097 576.837158 122949 2.295659 611675772.953269
736 294 532939872 532939872 24172.837598 216193.040097 576.837158 152037 2.123266 525988377.332466
737 295 532939872 532939872 29760.739816 241321.291627 576.837158 152037 2.294659 469071704.140192
738 296 532939872 532939872 29391.578567 232704.928673 577.768481 152037 2.274887 475830986.662851
739 297 425391840 425391840 43373.193225 280924.738970 576.837158 122949 2.315253 717565031.959804
740 298 425391840 425391840 43830.602035 289983.754481 576.837158 122949 2.320157 621179551.050662
741 299 532939872 532939872 36122.088635 246988.152319 576.837158 152037 2.282819 365106268.265275
742 300 532939872 532939872 38212.891942 280145.989325 577.768481 152037 2.294757 512924604.627195
743 301 532939872 532939872 38745.828084 312222.608296 576.837158 152037 2.123345 553682966.578990
744 302 425391840 425391840 45964.660395 283254.655566 576.837158 122949 2.364249 439321059.977453
745 303 425391840 425391840 47454.253007 276161.322512 576.837158 122949 2.576190 319152997.863963
746 304 532939872 532939872 37662.605494 351498.920596 577.768481 152037 2.294718 655364839.633957
747 305 532939872 532939872 37039.889720 349678.089942 576.837158 152037 2.123306 532872703.343300
748 306 532939872 532939872 37416.933260 344940.268544 576.837158 152037 2.123286 439251585.618415
749 307 425391840 425391840 36931.755442 276161.322512 576.837158 122949 2.334822 577864206.298298
750 308 425391840 425391840 46098.271037 281944.869991 577.768481 122949 2.334846 415835614.313643
751 309 532939872 532939872 39811.736630 291374.844316 576.837158 152037 2.123286 562803435.201340
752 310 532939872 532939872 39182.655432 287600.811277 576.837158 152037 2.123266 481341761.021746
753 311 532939872 532939872 38230.520048 278729.987387 576.837158 152037 2.294659 363250742.583103
754 312 425391840 425391840 47262.121311 368340.182852 577.768481 122949 2.546788 398485793.558680
755 313 318546768 318546768 58789.994885 273883.613294 576.837158 95073 2.407497 388964654.180348
756 314 425391840 425391840 46411.631174 335764.862344 576.837158 122949 2.122856 439784816.390033
757 315 425391840 425391840 49457.842117 372823.226112 576.837158 122949 2.334797 486052656.779807
758 316 425391840 425391840 28353.006621 320059.816585 577.768481 122949 2.054144 49788747.100065
759 317 318546768 318546768 25132.110448 320059.816609 576.837158 95073 2.057240 35241874.549547
760 318 0 0 -nan 0.000000 2147483647.000000 0 -nan 0.000000
761 319 0 0 -nan 0.000000 2147483647.000000 0 -nan 0.000000
807 320 0 0 -nan 0.000000 2147483647.000000 0 -nan 0.000000
808 321 0 0 -nan 0.000000 2147483647.000000 0 -nan 0.000000
809 322 0 0 -nan 0.000000 2147483647.000000 0 -nan 0.000000
810 323 0 0 -nan 0.000000 2147483647.000000 0 -nan 0.000000
811 324 0 0 -nan 0.000000 2147483647.000000 0 -nan 0.000000
812 325 0 0 -nan 0.000000 2147483647.000000 0 -nan 0.000000
813 326 0 0 -nan 0.000000 2147483647.000000 0 -nan 0.000000
814 327 0 0 -nan 0.000000 2147483647.000000 0 -nan 0.000000
815 328 0 0 -nan 0.000000 2147483647.000000 0 -nan 0.000000
816 329 0 0 -nan 0.000000 2147483647.000000 0 -nan 0.000000
817 330 0 0 -nan 0.000000 2147483647.000000 0 -nan 0.000000
818 331 0 0 -nan 0.000000 2147483647.000000 0 -nan 0.000000
819 332 0 0 -nan 0.000000 2147483647.000000 0 -nan 0.000000
820 333 0 0 -nan 0.000000 2147483647.000000 0 -nan 0.000000
821 334 0 0 -nan 0.000000 2147483647.000000 0 -nan 0.000000
822 335 0 0 -nan 0.000000 2147483647.000000 0 -nan 0.000000
823 336 0 0 -nan 0.000000 2147483647.000000 0 -nan 0.000000
824 337 0 0 -nan 0.000000 2147483647.000000 0 -nan 0.000000
825 338 0 0 -nan 0.000000 2147483647.000000 0 -nan 0.000000
826 339 0 0 -nan 0.000000 2147483647.000000 0 -nan 0.000000
827 340 0 0 -nan 0.000000 2147483647.000000 0 -nan 0.000000
828 341 0 0 -nan 0.000000 2147483647.000000 0 -nan 0.000000
829 342 0 0 -nan 0.000000 2147483647.000000 0 -nan 0.000000
830 343 0 0 -nan 0.000000 2147483647.000000 0 -nan 0.000000
831 344 0 0 -nan 0.000000 2147483647.000000 0 -nan 0.000000
832 345 0 0 -nan 0.000000 2147483647.000000 0 -nan 0.000000
833 346 0 0 -nan 0.000000 2147483647.000000 0 -nan 0.000000
834 347 0 0 -nan 0.000000 2147483647.000000 0 -nan 0.000000
835 348 0 0 -nan 0.000000 2147483647.000000 0 -nan 0.000000
836 349 0 0 -nan 0.000000 2147483647.000000 0 -nan 0.000000
837 350 0 0 -nan 0.000000 2147483647.000000 0 -nan 0.000000
838 351 0 0 -nan 0.000000 2147483647.000000 0 -nan 0.000000
884 352 0 0 -nan 0.000000 2147483647.000000 0 -nan 0.000000
885 353 0 0 -nan 0.000000 2147483647.000000 0 -nan 0.000000
886 354 0 0 -nan 0.000000 2147483647.000000 0 -nan 0.000000
887 355 0 0 -nan 0.000000 2147483647.000000 0 -nan 0.000000
888 356 0 0 -nan 0.000000 2147483647.000000 0 -nan 0.000000
889 357 0 0 -nan 0.000000 2147483647.000000 0 -nan 0.000000
890 358 0 0 -nan 0.000000 2147483647.000000 0 -nan 0.000000
891 359 0 0 -nan 0.000000 2147483647.000000 0 -nan 0.000000
892 360 0 0 -nan 0.000000 2147483647.000000 0 -nan 0.000000
893 361 0 0 -nan 0.000000 2147483647.000000 0 -nan 0.000000
894 362 0 0 -nan 0.000000 2147483647.000000 0 -nan 0.000000
895 363 0 0 -nan 0.000000 2147483647.000000 0 -nan 0.000000
896 364 0 0 -nan 0.000000 2147483647.000000 0 -nan 0.000000
897 365 0 0 -nan 0.000000 2147483647.000000 0 -nan 0.000000
898 366 0 0 -nan 0.000000 2147483647.000000 0 -nan 0.000000
899 367 0 0 -nan 0.000000 2147483647.000000 0 -nan 0.000000
900 368 0 0 -nan 0.000000 2147483647.000000 0 -nan 0.000000
901 369 0 0 -nan 0.000000 2147483647.000000 0 -nan 0.000000
902 370 0 0 -nan 0.000000 2147483647.000000 0 -nan 0.000000
903 371 0 0 -nan 0.000000 2147483647.000000 0 -nan 0.000000
904 372 0 0 -nan 0.000000 2147483647.000000 0 -nan 0.000000
905 373 0 0 -nan 0.000000 2147483647.000000 0 -nan 0.000000
906 374 0 0 -nan 0.000000 2147483647.000000 0 -nan 0.000000
907 375 0 0 -nan 0.000000 2147483647.000000 0 -nan 0.000000
908 376 0 0 -nan 0.000000 2147483647.000000 0 -nan 0.000000
909 377 0 0 -nan 0.000000 2147483647.000000 0 -nan 0.000000
910 378 0 0 -nan 0.000000 2147483647.000000 0 -nan 0.000000
911 379 0 0 -nan 0.000000 2147483647.000000 0 -nan 0.000000
912 380 0 0 -nan 0.000000 2147483647.000000 0 -nan 0.000000
913 381 0 0 -nan 0.000000 2147483647.000000 0 -nan 0.000000
914 382 0 0 -nan 0.000000 2147483647.000000 0 -nan 0.000000
915 383 0 0 -nan 0.000000 2147483647.000000 0 -nan 0.000000
961 384 0 0 -nan 0.000000 2147483647.000000 0 -nan 0.000000
962 385 0 0 -nan 0.000000 2147483647.000000 0 -nan 0.000000
963 386 0 0 -nan 0.000000 2147483647.000000 0 -nan 0.000000
964 387 0 0 -nan 0.000000 2147483647.000000 0 -nan 0.000000
965 388 0 0 -nan 0.000000 2147483647.000000 0 -nan 0.000000
966 389 0 0 -nan 0.000000 2147483647.000000 0 -nan 0.000000
967 390 0 0 -nan 0.000000 2147483647.000000 0 -nan 0.000000
968 391 0 0 -nan 0.000000 2147483647.000000 0 -nan 0.000000
969 392 0 0 -nan 0.000000 2147483647.000000 0 -nan 0.000000
970 393 0 0 -nan 0.000000 2147483647.000000 0 -nan 0.000000
971 394 0 0 -nan 0.000000 2147483647.000000 0 -nan 0.000000
972 395 0 0 -nan 0.000000 2147483647.000000 0 -nan 0.000000
973 396 0 0 -nan 0.000000 2147483647.000000 0 -nan 0.000000
974 397 0 0 -nan 0.000000 2147483647.000000 0 -nan 0.000000
975 398 0 0 -nan 0.000000 2147483647.000000 0 -nan 0.000000
976 399 0 0 -nan 0.000000 2147483647.000000 0 -nan 0.000000
977 400 0 0 -nan 0.000000 2147483647.000000 0 -nan 0.000000
978 401 0 0 -nan 0.000000 2147483647.000000 0 -nan 0.000000
979 402 0 0 -nan 0.000000 2147483647.000000 0 -nan 0.000000
980 403 0 0 -nan 0.000000 2147483647.000000 0 -nan 0.000000
981 404 0 0 -nan 0.000000 2147483647.000000 0 -nan 0.000000
982 405 0 0 -nan 0.000000 2147483647.000000 0 -nan 0.000000
983 406 0 0 -nan 0.000000 2147483647.000000 0 -nan 0.000000
984 407 0 0 -nan 0.000000 2147483647.000000 0 -nan 0.000000
985 408 0 0 -nan 0.000000 2147483647.000000 0 -nan 0.000000
986 409 0 0 -nan 0.000000 2147483647.000000 0 -nan 0.000000
987 410 0 0 -nan 0.000000 2147483647.000000 0 -nan 0.000000
988 411 0 0 -nan 0.000000 2147483647.000000 0 -nan 0.000000
989 412 0 0 -nan 0.000000 2147483647.000000 0 -nan 0.000000
990 413 0 0 -nan 0.000000 2147483647.000000 0 -nan 0.000000
991 414 0 0 -nan 0.000000 2147483647.000000 0 -nan 0.000000
992 415 0 0 -nan 0.000000 2147483647.000000 0 -nan 0.000000
1038 416 0 0 -nan 0.000000 2147483647.000000 0 -nan 0.000000
1039 417 0 0 -nan 0.000000 2147483647.000000 0 -nan 0.000000
1040 418 0 0 -nan 0.000000 2147483647.000000 0 -nan 0.000000
1041 419 0 0 -nan 0.000000 2147483647.000000 0 -nan 0.000000
1042 420 0 0 -nan 0.000000 2147483647.000000 0 -nan 0.000000
1043 421 0 0 -nan 0.000000 2147483647.000000 0 -nan 0.000000
1044 422 0 0 -nan 0.000000 2147483647.000000 0 -nan 0.000000
1045 423 0 0 -nan 0.000000 2147483647.000000 0 -nan 0.000000
1046 424 0 0 -nan 0.000000 2147483647.000000 0 -nan 0.000000
1047 425 0 0 -nan 0.000000 2147483647.000000 0 -nan 0.000000
1048 426 0 0 -nan 0.000000 2147483647.000000 0 -nan 0.000000
1049 427 0 0 -nan 0.000000 2147483647.000000 0 -nan 0.000000
1050 428 0 0 -nan 0.000000 2147483647.000000 0 -nan 0.000000
1051 429 0 0 -nan 0.000000 2147483647.000000 0 -nan 0.000000
1052 430 0 0 -nan 0.000000 2147483647.000000 0 -nan 0.000000
1053 431 0 0 -nan 0.000000 2147483647.000000 0 -nan 0.000000
1054 432 0 0 -nan 0.000000 2147483647.000000 0 -nan 0.000000
1055 433 0 0 -nan 0.000000 2147483647.000000 0 -nan 0.000000
1056 434 0 0 -nan 0.000000 2147483647.000000 0 -nan 0.000000
1057 435 0 0 -nan 0.000000 2147483647.000000 0 -nan 0.000000
1058 436 0 0 -nan 0.000000 2147483647.000000 0 -nan 0.000000
1059 437 0 0 -nan 0.000000 2147483647.000000 0 -nan 0.000000
1060 438 0 0 -nan 0.000000 2147483647.000000 0 -nan 0.000000
1061 439 0 0 -nan 0.000000 2147483647.000000 0 -nan 0.000000
1062 440 0 0 -nan 0.000000 2147483647.000000 0 -nan 0.000000
1063 441 0 0 -nan 0.000000 2147483647.000000 0 -nan 0.000000
1064 442 0 0 -nan 0.000000 2147483647.000000 0 -nan 0.000000
1065 443 0 0 -nan 0.000000 2147483647.000000 0 -nan 0.000000
1066 444 0 0 -nan 0.000000 2147483647.000000 0 -nan 0.000000
1067 445 0 0 -nan 0.000000 2147483647.000000 0 -nan 0.000000
1068 446 0 0 -nan 0.000000 2147483647.000000 0 -nan 0.000000
1069 447 0 0 -nan 0.000000 2147483647.000000 0 -nan 0.000000
1115 448 0 0 -nan 0.000000 2147483647.000000 0 -nan 0.000000
1116 449 0 0 -nan 0.000000 2147483647.000000 0 -nan 0.000000
1117 450 0 0 -nan 0.000000 2147483647.000000 0 -nan 0.000000
1118 451 0 0 -nan 0.000000 2147483647.000000 0 -nan 0.000000
1119 452 0 0 -nan 0.000000 2147483647.000000 0 -nan 0.000000
1120 453 0 0 -nan 0.000000 2147483647.000000 0 -nan 0.000000
1121 454 0 0 -nan 0.000000 2147483647.000000 0 -nan 0.000000
1122 455 0 0 -nan 0.000000 2147483647.000000 0 -nan 0.000000
1123 456 0 0 -nan 0.000000 2147483647.000000 0 -nan 0.000000
1124 457 0 0 -nan 0.000000 2147483647.000000 0 -nan 0.000000
1125 458 0 0 -nan 0.000000 2147483647.000000 0 -nan 0.000000
1126 459 0 0 -nan 0.000000 2147483647.000000 0 -nan 0.000000
1127 460 0 0 -nan 0.000000 2147483647.000000 0 -nan 0.000000
1128 461 0 0 -nan 0.000000 2147483647.000000 0 -nan 0.000000
1129 462 0 0 -nan 0.000000 2147483647.000000 0 -nan 0.000000
1130 463 0 0 -nan 0.000000 2147483647.000000 0 -nan 0.000000
1131 464 0 0 -nan 0.000000 2147483647.000000 0 -nan 0.000000
1132 465 0 0 -nan 0.000000 2147483647.000000 0 -nan 0.000000
1133 466 0 0 -nan 0.000000 2147483647.000000 0 -nan 0.000000
1134 467 0 0 -nan 0.000000 2147483647.000000 0 -nan 0.000000
1135 468 0 0 -nan 0.000000 2147483647.000000 0 -nan 0.000000
1136 469 0 0 -nan 0.000000 2147483647.000000 0 -nan 0.000000
1137 470 0 0 -nan 0.000000 2147483647.000000 0 -nan 0.000000
1138 471 0 0 -nan 0.000000 2147483647.000000 0 -nan 0.000000
1139 472 0 0 -nan 0.000000 2147483647.000000 0 -nan 0.000000
1140 473 0 0 -nan 0.000000 2147483647.000000 0 -nan 0.000000
1141 474 0 0 -nan 0.000000 2147483647.000000 0 -nan 0.000000
1142 475 0 0 -nan 0.000000 2147483647.000000 0 -nan 0.000000
1143 476 0 0 -nan 0.000000 2147483647.000000 0 -nan 0.000000
1144 477 0 0 -nan 0.000000 2147483647.000000 0 -nan 0.000000
1145 478 0 0 -nan 0.000000 2147483647.000000 0 -nan 0.000000
1146 479 0 0 -nan 0.000000 2147483647.000000 0 -nan 0.000000
1192 480 0 0 -nan 0.000000 2147483647.000000 0 -nan 0.000000
1193 481 0 0 -nan 0.000000 2147483647.000000 0 -nan 0.000000
1194 482 0 0 -nan 0.000000 2147483647.000000 0 -nan 0.000000
1195 483 0 0 -nan 0.000000 2147483647.000000 0 -nan 0.000000
1196 484 0 0 -nan 0.000000 2147483647.000000 0 -nan 0.000000
1197 485 0 0 -nan 0.000000 2147483647.000000 0 -nan 0.000000
1198 486 0 0 -nan 0.000000 2147483647.000000 0 -nan 0.000000
1199 487 0 0 -nan 0.000000 2147483647.000000 0 -nan 0.000000
1200 488 0 0 -nan 0.000000 2147483647.000000 0 -nan 0.000000
1201 489 0 0 -nan 0.000000 2147483647.000000 0 -nan 0.000000
1202 490 0 0 -nan 0.000000 2147483647.000000 0 -nan 0.000000
1203 491 0 0 -nan 0.000000 2147483647.000000 0 -nan 0.000000
1204 492 0 0 -nan 0.000000 2147483647.000000 0 -nan 0.000000
1205 493 0 0 -nan 0.000000 2147483647.000000 0 -nan 0.000000
1206 494 0 0 -nan 0.000000 2147483647.000000 0 -nan 0.000000
1207 495 0 0 -nan 0.000000 2147483647.000000 0 -nan 0.000000
1208 496 0 0 -nan 0.000000 2147483647.000000 0 -nan 0.000000
1209 497 0 0 -nan 0.000000 2147483647.000000 0 -nan 0.000000
1210 498 0 0 -nan 0.000000 2147483647.000000 0 -nan 0.000000
1211 499 0 0 -nan 0.000000 2147483647.000000 0 -nan 0.000000
1212 500 0 0 -nan 0.000000 2147483647.000000 0 -nan 0.000000
1213 501 0 0 -nan 0.000000 2147483647.000000 0 -nan 0.000000
1214 502 0 0 -nan 0.000000 2147483647.000000 0 -nan 0.000000
1215 503 0 0 -nan 0.000000 2147483647.000000 0 -nan 0.000000
1216 504 0 0 -nan 0.000000 2147483647.000000 0 -nan 0.000000
1217 505 0 0 -nan 0.000000 2147483647.000000 0 -nan 0.000000
1218 506 0 0 -nan 0.000000 2147483647.000000 0 -nan 0.000000
1219 507 0 0 -nan 0.000000 2147483647.000000 0 -nan 0.000000
1220 508 0 0 -nan 0.000000 2147483647.000000 0 -nan 0.000000
1221 509 0 0 -nan 0.000000 2147483647.000000 0 -nan 0.000000
1222 510 0 0 -nan 0.000000 2147483647.000000 0 -nan 0.000000
1223 511 0 0 -nan 0.000000 2147483647.000000 0 -nan 0.000000
1269 512 0 0 -nan 0.000000 2147483647.000000 0 -nan 0.000000
1270 513 0 0 -nan 0.000000 2147483647.000000 0 -nan 0.000000
1271 514 0 0 -nan 0.000000 2147483647.000000 0 -nan 0.000000
1272 515 0 0 -nan 0.000000 2147483647.000000 0 -nan 0.000000
1273 516 0 0 -nan 0.000000 2147483647.000000 0 -nan 0.000000
1274 517 0 0 -nan 0.000000 2147483647.000000 0 -nan 0.000000
1275 518 0 0 -nan 0.000000 2147483647.000000 0 -nan 0.000000
1276 519 0 0 -nan 0.000000 2147483647.000000 0 -nan 0.000000
1277 520 0 0 -nan 0.000000 2147483647.000000 0 -nan 0.000000
1278 521 0 0 -nan 0.000000 2147483647.000000 0 -nan 0.000000
1279 522 0 0 -nan 0.000000 2147483647.000000 0 -nan 0.000000
1280 523 0 0 -nan 0.000000 2147483647.000000 0 -nan 0.000000
1281 524 0 0 -nan 0.000000 2147483647.000000 0 -nan 0.000000
1282 525 0 0 -nan 0.000000 2147483647.000000 0 -nan 0.000000
1283 526 0 0 -nan 0.000000 2147483647.000000 0 -nan 0.000000
1284 527 0 0 -nan 0.000000 2147483647.000000 0 -nan 0.000000
1285 528 0 0 -nan 0.000000 2147483647.000000 0 -nan 0.000000
1286 529 0 0 -nan 0.000000 2147483647.000000 0 -nan 0.000000
1287 530 0 0 -nan 0.000000 2147483647.000000 0 -nan 0.000000
1288 531 0 0 -nan 0.000000 2147483647.000000 0 -nan 0.000000
1289 532 0 0 -nan 0.000000 2147483647.000000 0 -nan 0.000000
1290 533 0 0 -nan 0.000000 2147483647.000000 0 -nan 0.000000
1291 534 0 0 -nan 0.000000 2147483647.000000 0 -nan 0.000000
1292 535 0 0 -nan 0.000000 2147483647.000000 0 -nan 0.000000
1293 536 0 0 -nan 0.000000 2147483647.000000 0 -nan 0.000000
1294 537 0 0 -nan 0.000000 2147483647.000000 0 -nan 0.000000
1295 538 0 0 -nan 0.000000 2147483647.000000 0 -nan 0.000000
1296 539 0 0 -nan 0.000000 2147483647.000000 0 -nan 0.000000
1297 540 0 0 -nan 0.000000 2147483647.000000 0 -nan 0.000000
1298 541 0 0 -nan 0.000000 2147483647.000000 0 -nan 0.000000
1299 542 0 0 -nan 0.000000 2147483647.000000 0 -nan 0.000000
1300 543 0 0 -nan 0.000000 2147483647.000000 0 -nan 0.000000
1346 544 0 0 -nan 0.000000 2147483647.000000 0 -nan 0.000000
1347 545 0 0 -nan 0.000000 2147483647.000000 0 -nan 0.000000
1348 546 0 0 -nan 0.000000 2147483647.000000 0 -nan 0.000000
1349 547 0 0 -nan 0.000000 2147483647.000000 0 -nan 0.000000
1350 548 0 0 -nan 0.000000 2147483647.000000 0 -nan 0.000000
1351 549 0 0 -nan 0.000000 2147483647.000000 0 -nan 0.000000
1352 550 0 0 -nan 0.000000 2147483647.000000 0 -nan 0.000000
1353 551 0 0 -nan 0.000000 2147483647.000000 0 -nan 0.000000
1354 552 0 0 -nan 0.000000 2147483647.000000 0 -nan 0.000000
1355 553 0 0 -nan 0.000000 2147483647.000000 0 -nan 0.000000
1356 554 0 0 -nan 0.000000 2147483647.000000 0 -nan 0.000000
1357 555 0 0 -nan 0.000000 2147483647.000000 0 -nan 0.000000
1358 556 0 0 -nan 0.000000 2147483647.000000 0 -nan 0.000000
1359 557 0 0 -nan 0.000000 2147483647.000000 0 -nan 0.000000
1360 558 0 0 -nan 0.000000 2147483647.000000 0 -nan 0.000000
1361 559 0 0 -nan 0.000000 2147483647.000000 0 -nan 0.000000
1362 560 0 0 -nan 0.000000 2147483647.000000 0 -nan 0.000000
1363 561 0 0 -nan 0.000000 2147483647.000000 0 -nan 0.000000
1364 562 0 0 -nan 0.000000 2147483647.000000 0 -nan 0.000000
1365 563 0 0 -nan 0.000000 2147483647.000000 0 -nan 0.000000
1366 564 0 0 -nan 0.000000 2147483647.000000 0 -nan 0.000000
1367 565 0 0 -nan 0.000000 2147483647.000000 0 -nan 0.000000
1368 566 0 0 -nan 0.000000 2147483647.000000 0 -nan 0.000000
1369 567 0 0 -nan 0.000000 2147483647.000000 0 -nan 0.000000
1370 568 0 0 -nan 0.000000 2147483647.000000 0 -nan 0.000000
1371 569 0 0 -nan 0.000000 2147483647.000000 0 -nan 0.000000
1372 570 0 0 -nan 0.000000 2147483647.000000 0 -nan 0.000000
1373 571 0 0 -nan 0.000000 2147483647.000000 0 -nan 0.000000
1374 572 0 0 -nan 0.000000 2147483647.000000 0 -nan 0.000000
1375 573 0 0 -nan 0.000000 2147483647.000000 0 -nan 0.000000
1376 574 0 0 -nan 0.000000 2147483647.000000 0 -nan 0.000000
1377 575 0 0 -nan 0.000000 2147483647.000000 0 -nan 0.000000
1423 576 0 0 -nan 0.000000 2147483647.000000 0 -nan 0.000000
1424 577 0 0 -nan 0.000000 2147483647.000000 0 -nan 0.000000
1425 578 0 0 -nan 0.000000 2147483647.000000 0 -nan 0.000000
1426 579 0 0 -nan 0.000000 2147483647.000000 0 -nan 0.000000
1427 580 0 0 -nan 0.000000 2147483647.000000 0 -nan 0.000000
1428 581 0 0 -nan 0.000000 2147483647.000000 0 -nan 0.000000
1429 582 0 0 -nan 0.000000 2147483647.000000 0 -nan 0.000000
1430 583 0 0 -nan 0.000000 2147483647.000000 0 -nan 0.000000
1431 584 0 0 -nan 0.000000 2147483647.000000 0 -nan 0.000000
1432 585 0 0 -nan 0.000000 2147483647.000000 0 -nan 0.000000
1433 586 0 0 -nan 0.000000 2147483647.000000 0 -nan 0.000000
1434 587 0 0 -nan 0.000000 2147483647.000000 0 -nan 0.000000
1435 588 0 0 -nan 0.000000 2147483647.000000 0 -nan 0.000000
1436 589 0 0 -nan 0.000000 2147483647.000000 0 -nan 0.000000
1437 590 0 0 -nan 0.000000 2147483647.000000 0 -nan 0.000000
1438 591 0 0 -nan 0.000000 2147483647.000000 0 -nan 0.000000
1439 592 0 0 -nan 0.000000 2147483647.000000 0 -nan 0.000000
1440 593 0 0 -nan 0.000000 2147483647.000000 0 -nan 0.000000
1441 594 0 0 -nan 0.000000 2147483647.000000 0 -nan 0.000000
1442 595 0 0 -nan 0.000000 2147483647.000000 0 -nan 0.000000
1443 596 0 0 -nan 0.000000 2147483647.000000 0 -nan 0.000000
1444 597 0 0 -nan 0.000000 2147483647.000000 0 -nan 0.000000
1445 598 0 0 -nan 0.000000 2147483647.000000 0 -nan 0.000000
1446 599 0 0 -nan 0.000000 2147483647.000000 0 -nan 0.000000
1447 600 0 0 -nan 0.000000 2147483647.000000 0 -nan 0.000000
1448 601 0 0 -nan 0.000000 2147483647.000000 0 -nan 0.000000
1449 602 0 0 -nan 0.000000 2147483647.000000 0 -nan 0.000000
1450 603 0 0 -nan 0.000000 2147483647.000000 0 -nan 0.000000
1451 604 0 0 -nan 0.000000 2147483647.000000 0 -nan 0.000000
1452 605 0 0 -nan 0.000000 2147483647.000000 0 -nan 0.000000
1453 606 0 0 -nan 0.000000 2147483647.000000 0 -nan 0.000000
1454 607 0 0 -nan 0.000000 2147483647.000000 0 -nan 0.000000
1500 608 0 0 -nan 0.000000 2147483647.000000 0 -nan 0.000000
1501 609 0 0 -nan 0.000000 2147483647.000000 0 -nan 0.000000
1502 610 0 0 -nan 0.000000 2147483647.000000 0 -nan 0.000000
1503 611 0 0 -nan 0.000000 2147483647.000000 0 -nan 0.000000
1504 612 0 0 -nan 0.000000 2147483647.000000 0 -nan 0.000000
1505 613 0 0 -nan 0.000000 2147483647.000000 0 -nan 0.000000
1506 614 0 0 -nan 0.000000 2147483647.000000 0 -nan 0.000000
1507 615 0 0 -nan 0.000000 2147483647.000000 0 -nan 0.000000
1508 616 0 0 -nan 0.000000 2147483647.000000 0 -nan 0.000000
1509 617 0 0 -nan 0.000000 2147483647.000000 0 -nan 0.000000
1510 618 0 0 -nan 0.000000 2147483647.000000 0 -nan 0.000000
1511 619 0 0 -nan 0.000000 2147483647.000000 0 -nan 0.000000
1512 620 0 0 -nan 0.000000 2147483647.000000 0 -nan 0.000000
1513 621 0 0 -nan 0.000000 2147483647.000000 0 -nan 0.000000
1514 622 0 0 -nan 0.000000 2147483647.000000 0 -nan 0.000000
1515 623 0 0 -nan 0.000000 2147483647.000000 0 -nan 0.000000
1516 624 0 0 -nan 0.000000 2147483647.000000 0 -nan 0.000000
1517 625 0 0 -nan 0.000000 2147483647.000000 0 -nan 0.000000
1518 626 0 0 -nan 0.000000 2147483647.000000 0 -nan 0.000000
1519 627 0 0 -nan 0.000000 2147483647.000000 0 -nan 0.000000
1520 628 0 0 -nan 0.000000 2147483647.000000 0 -nan 0.000000
1521 629 0 0 -nan 0.000000 2147483647.000000 0 -nan 0.000000
1522 630 0 0 -nan 0.000000 2147483647.000000 0 -nan 0.000000
1523 631 0 0 -nan 0.000000 2147483647.000000 0 -nan 0.000000
1524 632 0 0 -nan 0.000000 2147483647.000000 0 -nan 0.000000
1525 633 0 0 -nan 0.000000 2147483647.000000 0 -nan 0.000000
1526 634 0 0 -nan 0.000000 2147483647.000000 0 -nan 0.000000
1527 635 0 0 -nan 0.000000 2147483647.000000 0 -nan 0.000000
1528 636 0 0 -nan 0.000000 2147483647.000000 0 -nan 0.000000
1529 637 0 0 -nan 0.000000 2147483647.000000 0 -nan 0.000000
1530 638 0 0 -nan 0.000000 2147483647.000000 0 -nan 0.000000
1531 639 0 0 -nan 0.000000 2147483647.000000 0 -nan 0.000000
1577 640 0 0 -nan 0.000000 2147483647.000000 0 -nan 0.000000
1578 641 0 0 -nan 0.000000 2147483647.000000 0 -nan 0.000000
1579 642 0 0 -nan 0.000000 2147483647.000000 0 -nan 0.000000
1580 643 0 0 -nan 0.000000 2147483647.000000 0 -nan 0.000000
1581 644 0 0 -nan 0.000000 2147483647.000000 0 -nan 0.000000
1582 645 0 0 -nan 0.000000 2147483647.000000 0 -nan 0.000000
1583 646 0 0 -nan 0.000000 2147483647.000000 0 -nan 0.000000
1584 647 0 0 -nan 0.000000 2147483647.000000 0 -nan 0.000000
1585 648 0 0 -nan 0.000000 2147483647.000000 0 -nan 0.000000
1586 649 0 0 -nan 0.000000 2147483647.000000 0 -nan 0.000000
1587 650 0 0 -nan 0.000000 2147483647.000000 0 -nan 0.000000
1588 651 0 0 -nan 0.000000 2147483647.000000 0 -nan 0.000000
1589 652 0 0 -nan 0.000000 2147483647.000000 0 -nan 0.000000
1590 653 0 0 -nan 0.000000 2147483647.000000 0 -nan 0.000000
1591 654 0 0 -nan 0.000000 2147483647.000000 0 -nan 0.000000
1592 655 0 0 -nan 0.000000 2147483647.000000 0 -nan 0.000000
1593 656 0 0 -nan 0.000000 2147483647.000000 0 -nan 0.000000
1594 657 0 0 -nan 0.000000 2147483647.000000 0 -nan 0.000000
1595 658 0 0 -nan 0.000000 2147483647.000000 0 -nan 0.000000
1596 659 0 0 -nan 0.000000 2147483647.000000 0 -nan 0.000000
1597 660 0 0 -nan 0.000000 2147483647.000000 0 -nan 0.000000
1598 661 0 0 -nan 0.000000 2147483647.000000 0 -nan 0.000000
1599 662 0 0 -nan 0.000000 2147483647.000000 0 -nan 0.000000
1600 663 0 0 -nan 0.000000 2147483647.000000 0 -nan 0.000000
1601 664 0 0 -nan 0.000000 2147483647.000000 0 -nan 0.000000
1602 665 0 0 -nan 0.000000 2147483647.000000 0 -nan 0.000000
1603 666 0 0 -nan 0.000000 2147483647.000000 0 -nan 0.000000
1604 667 0 0 -nan 0.000000 2147483647.000000 0 -nan 0.000000
1605 668 0 0 -nan 0.000000 2147483647.000000 0 -nan 0.000000
1606 669 0 0 -nan 0.000000 2147483647.000000 0 -nan 0.000000
1607 670 0 0 -nan 0.000000 2147483647.000000 0 -nan 0.000000
1608 671 0 0 -nan 0.000000 2147483647.000000 0 -nan 0.000000
1654 672 0 0 -nan 0.000000 2147483647.000000 0 -nan 0.000000
1655 673 0 0 -nan 0.000000 2147483647.000000 0 -nan 0.000000
1656 674 0 0 -nan 0.000000 2147483647.000000 0 -nan 0.000000
1657 675 0 0 -nan 0.000000 2147483647.000000 0 -nan 0.000000
1658 676 0 0 -nan 0.000000 2147483647.000000 0 -nan 0.000000
1659 677 0 0 -nan 0.000000 2147483647.000000 0 -nan 0.000000
1660 678 0 0 -nan 0.000000 2147483647.000000 0 -nan 0.000000
1661 679 0 0 -nan 0.000000 2147483647.000000 0 -nan 0.000000
1662 680 0 0 -nan 0.000000 2147483647.000000 0 -nan 0.000000
1663 681 0 0 -nan 0.000000 2147483647.000000 0 -nan 0.000000
1664 682 0 0 -nan 0.000000 2147483647.000000 0 -nan 0.000000
1665 683 0 0 -nan 0.000000 2147483647.000000 0 -nan 0.000000
1666 684 0 0 -nan 0.000000 2147483647.000000 0 -nan 0.000000
1667 685 0 0 -nan 0.000000 2147483647.000000 0 -nan 0.000000
1668 686 0 0 -nan 0.000000 2147483647.000000 0 -nan 0.000000
1669 687 0 0 -nan 0.000000 2147483647.000000 0 -nan 0.000000
1670 688 0 0 -nan 0.000000 2147483647.000000 0 -nan 0.000000
1671 689 0 0 -nan 0.000000 2147483647.000000 0 -nan 0.000000
1672 690 0 0 -nan 0.000000 2147483647.000000 0 -nan 0.000000
1673 691 0 0 -nan 0.000000 2147483647.000000 0 -nan 0.000000
1674 692 0 0 -nan 0.000000 2147483647.000000 0 -nan 0.000000
1675 693 0 0 -nan 0.000000 2147483647.000000 0 -nan 0.000000
1676 694 0 0 -nan 0.000000 2147483647.000000 0 -nan 0.000000
1677 695 0 0 -nan 0.000000 2147483647.000000 0 -nan 0.000000
1678 696 0 0 -nan 0.000000 2147483647.000000 0 -nan 0.000000
1679 697 0 0 -nan 0.000000 2147483647.000000 0 -nan 0.000000
1680 698 0 0 -nan 0.000000 2147483647.000000 0 -nan 0.000000
1681 699 0 0 -nan 0.000000 2147483647.000000 0 -nan 0.000000
1682 700 0 0 -nan 0.000000 2147483647.000000 0 -nan 0.000000
1683 701 0 0 -nan 0.000000 2147483647.000000 0 -nan 0.000000
1684 702 0 0 -nan 0.000000 2147483647.000000 0 -nan 0.000000
1685 703 0 0 -nan 0.000000 2147483647.000000 0 -nan 0.000000
1731 704 0 0 -nan 0.000000 2147483647.000000 0 -nan 0.000000
1732 705 0 0 -nan 0.000000 2147483647.000000 0 -nan 0.000000
1733 706 0 0 -nan 0.000000 2147483647.000000 0 -nan 0.000000
1734 707 0 0 -nan 0.000000 2147483647.000000 0 -nan 0.000000
1735 708 0 0 -nan 0.000000 2147483647.000000 0 -nan 0.000000
1736 709 0 0 -nan 0.000000 2147483647.000000 0 -nan 0.000000
1737 710 0 0 -nan 0.000000 2147483647.000000 0 -nan 0.000000
1738 711 0 0 -nan 0.000000 2147483647.000000 0 -nan 0.000000
1739 712 0 0 -nan 0.000000 2147483647.000000 0 -nan 0.000000
1740 713 0 0 -nan 0.000000 2147483647.000000 0 -nan 0.000000
1741 714 0 0 -nan 0.000000 2147483647.000000 0 -nan 0.000000
1742 715 0 0 -nan 0.000000 2147483647.000000 0 -nan 0.000000
1743 716 0 0 -nan 0.000000 2147483647.000000 0 -nan 0.000000
1744 717 0 0 -nan 0.000000 2147483647.000000 0 -nan 0.000000
1745 718 0 0 -nan 0.000000 2147483647.000000 0 -nan 0.000000
1746 719 0 0 -nan 0.000000 2147483647.000000 0 -nan 0.000000
1747 720 0 0 -nan 0.000000 2147483647.000000 0 -nan 0.000000
1748 721 0 0 -nan 0.000000 2147483647.000000 0 -nan 0.000000
1749 722 0 0 -nan 0.000000 2147483647.000000 0 -nan 0.000000
1750 723 0 0 -nan 0.000000 2147483647.000000 0 -nan 0.000000
1751 724 0 0 -nan 0.000000 2147483647.000000 0 -nan 0.000000
1752 725 0 0 -nan 0.000000 2147483647.000000 0 -nan 0.000000
1753 726 0 0 -nan 0.000000 2147483647.000000 0 -nan 0.000000
1754 727 0 0 -nan 0.000000 2147483647.000000 0 -nan 0.000000
1755 728 0 0 -nan 0.000000 2147483647.000000 0 -nan 0.000000
1756 729 0 0 -nan 0.000000 2147483647.000000 0 -nan 0.000000
1757 730 0 0 -nan 0.000000 2147483647.000000 0 -nan 0.000000
1758 731 0 0 -nan 0.000000 2147483647.000000 0 -nan 0.000000
1759 732 0 0 -nan 0.000000 2147483647.000000 0 -nan 0.000000
1760 733 0 0 -nan 0.000000 2147483647.000000 0 -nan 0.000000
1761 734 0 0 -nan 0.000000 2147483647.000000 0 -nan 0.000000
1762 735 0 0 -nan 0.000000 2147483647.000000 0 -nan 0.000000
1808 736 0 0 -nan 0.000000 2147483647.000000 0 -nan 0.000000
1809 737 0 0 -nan 0.000000 2147483647.000000 0 -nan 0.000000
1810 738 0 0 -nan 0.000000 2147483647.000000 0 -nan 0.000000
1811 739 0 0 -nan 0.000000 2147483647.000000 0 -nan 0.000000
1812 740 0 0 -nan 0.000000 2147483647.000000 0 -nan 0.000000
1813 741 0 0 -nan 0.000000 2147483647.000000 0 -nan 0.000000
1814 742 0 0 -nan 0.000000 2147483647.000000 0 -nan 0.000000
1815 743 0 0 -nan 0.000000 2147483647.000000 0 -nan 0.000000
1816 744 0 0 -nan 0.000000 2147483647.000000 0 -nan 0.000000
1817 745 0 0 -nan 0.000000 2147483647.000000 0 -nan 0.000000
1818 746 0 0 -nan 0.000000 2147483647.000000 0 -nan 0.000000
1819 747 0 0 -nan 0.000000 2147483647.000000 0 -nan 0.000000
1820 748 0 0 -nan 0.000000 2147483647.000000 0 -nan 0.000000
1821 749 0 0 -nan 0.000000 2147483647.000000 0 -nan 0.000000
1822 750 0 0 -nan 0.000000 2147483647.000000 0 -nan 0.000000
1823 751 0 0 -nan 0.000000 2147483647.000000 0 -nan 0.000000
1824 752 0 0 -nan 0.000000 2147483647.000000 0 -nan 0.000000
1825 753 0 0 -nan 0.000000 2147483647.000000 0 -nan 0.000000
1826 754 0 0 -nan 0.000000 2147483647.000000 0 -nan 0.000000
1827 755 0 0 -nan 0.000000 2147483647.000000 0 -nan 0.000000
1828 756 0 0 -nan 0.000000 2147483647.000000 0 -nan 0.000000
1829 757 0 0 -nan 0.000000 2147483647.000000 0 -nan 0.000000
1830 758 0 0 -nan 0.000000 2147483647.000000 0 -nan 0.000000
1831 759 0 0 -nan 0.000000 2147483647.000000 0 -nan 0.000000
1832 760 0 0 -nan 0.000000 2147483647.000000 0 -nan 0.000000
1833 761 0 0 -nan 0.000000 2147483647.000000 0 -nan 0.000000
1834 762 0 0 -nan 0.000000 2147483647.000000 0 -nan 0.000000
1835 763 0 0 -nan 0.000000 2147483647.000000 0 -nan 0.000000
1836 764 0 0 -nan 0.000000 2147483647.000000 0 -nan 0.000000
1837 765 0 0 -nan 0.000000 2147483647.000000 0 -nan 0.000000
1838 766 0 0 -nan 0.000000 2147483647.000000 0 -nan 0.000000
1839 767 0 0 -nan 0.000000 2147483647.000000 0 -nan 0.000000
1885 768 0 0 -nan 0.000000 2147483647.000000 0 -nan 0.000000
1886 769 0 0 -nan 0.000000 2147483647.000000 0 -nan 0.000000
1887 770 0 0 -nan 0.000000 2147483647.000000 0 -nan 0.000000
1888 771 0 0 -nan 0.000000 2147483647.000000 0 -nan 0.000000
1889 772 0 0 -nan 0.000000 2147483647.000000 0 -nan 0.000000
1890 773 0 0 -nan 0.000000 2147483647.000000 0 -nan 0.000000
1891 774 0 0 -nan 0.000000 2147483647.000000 0 -nan 0.000000
1892 775 0 0 -nan 0.000000 2147483647.000000 0 -nan 0.000000
1893 776 0 0 -nan 0.000000 2147483647.000000 0 -nan 0.000000
1894 777 0 0 -nan 0.000000 2147483647.000000 0 -nan 0.000000
1895 778 0 0 -nan 0.000000 2147483647.000000 0 -nan 0.000000
1896 779 0 0 -nan 0.000000 2147483647.000000 0 -nan 0.000000
1897 780 0 0 -nan 0.000000 2147483647.000000 0 -nan 0.000000
1898 781 0 0 -nan 0.000000 2147483647.000000 0 -nan 0.000000
1899 782 0 0 -nan 0.000000 2147483647.000000 0 -nan 0.000000
1900 783 0 0 -nan 0.000000 2147483647.000000 0 -nan 0.000000
1901 784 0 0 -nan 0.000000 2147483647.000000 0 -nan 0.000000
1902 785 0 0 -nan 0.000000 2147483647.000000 0 -nan 0.000000
1903 786 0 0 -nan 0.000000 2147483647.000000 0 -nan 0.000000
1904 787 0 0 -nan 0.000000 2147483647.000000 0 -nan 0.000000
1905 788 0 0 -nan 0.000000 2147483647.000000 0 -nan 0.000000
1906 789 0 0 -nan 0.000000 2147483647.000000 0 -nan 0.000000
1907 790 0 0 -nan 0.000000 2147483647.000000 0 -nan 0.000000
1908 791 0 0 -nan 0.000000 2147483647.000000 0 -nan 0.000000
1909 792 0 0 -nan 0.000000 2147483647.000000 0 -nan 0.000000
1910 793 0 0 -nan 0.000000 2147483647.000000 0 -nan 0.000000
1911 794 0 0 -nan 0.000000 2147483647.000000 0 -nan 0.000000
1912 795 0 0 -nan 0.000000 2147483647.000000 0 -nan 0.000000
1913 796 0 0 -nan 0.000000 2147483647.000000 0 -nan 0.000000
1914 797 0 0 -nan 0.000000 2147483647.000000 0 -nan 0.000000
1915 798 0 0 -nan 0.000000 2147483647.000000 0 -nan 0.000000
1916 799 0 0 -nan 0.000000 2147483647.000000 0 -nan 0.000000
1962 800 0 0 -nan 0.000000 2147483647.000000 0 -nan 0.000000
1963 801 0 0 -nan 0.000000 2147483647.000000 0 -nan 0.000000
1964 802 0 0 -nan 0.000000 2147483647.000000 0 -nan 0.000000
1965 803 0 0 -nan 0.000000 2147483647.000000 0 -nan 0.000000
1966 804 0 0 -nan 0.000000 2147483647.000000 0 -nan 0.000000
1967 805 0 0 -nan 0.000000 2147483647.000000 0 -nan 0.000000
1968 806 0 0 -nan 0.000000 2147483647.000000 0 -nan 0.000000
1969 807 0 0 -nan 0.000000 2147483647.000000 0 -nan 0.000000
1970 808 0 0 -nan 0.000000 2147483647.000000 0 -nan 0.000000
1971 809 0 0 -nan 0.000000 2147483647.000000 0 -nan 0.000000
1972 810 0 0 -nan 0.000000 2147483647.000000 0 -nan 0.000000
1973 811 0 0 -nan 0.000000 2147483647.000000 0 -nan 0.000000
1974 812 0 0 -nan 0.000000 2147483647.000000 0 -nan 0.000000
1975 813 0 0 -nan 0.000000 2147483647.000000 0 -nan 0.000000
1976 814 0 0 -nan 0.000000 2147483647.000000 0 -nan 0.000000
1977 815 0 0 -nan 0.000000 2147483647.000000 0 -nan 0.000000
1978 816 0 0 -nan 0.000000 2147483647.000000 0 -nan 0.000000
1979 817 0 0 -nan 0.000000 2147483647.000000 0 -nan 0.000000
1980 818 0 0 -nan 0.000000 2147483647.000000 0 -nan 0.000000
1981 819 0 0 -nan 0.000000 2147483647.000000 0 -nan 0.000000
1982 820 0 0 -nan 0.000000 2147483647.000000 0 -nan 0.000000
1983 821 0 0 -nan 0.000000 2147483647.000000 0 -nan 0.000000
1984 822 0 0 -nan 0.000000 2147483647.000000 0 -nan 0.000000
1985 823 0 0 -nan 0.000000 2147483647.000000 0 -nan 0.000000
1986 824 0 0 -nan 0.000000 2147483647.000000 0 -nan 0.000000
1987 825 0 0 -nan 0.000000 2147483647.000000 0 -nan 0.000000
1988 826 0 0 -nan 0.000000 2147483647.000000 0 -nan 0.000000
1989 827 0 0 -nan 0.000000 2147483647.000000 0 -nan 0.000000
1990 828 0 0 -nan 0.000000 2147483647.000000 0 -nan 0.000000
1991 829 0 0 -nan 0.000000 2147483647.000000 0 -nan 0.000000
1992 830 0 0 -nan 0.000000 2147483647.000000 0 -nan 0.000000
1993 831 0 0 -nan 0.000000 2147483647.000000 0 -nan 0.000000
2039 832 0 0 -nan 0.000000 2147483647.000000 0 -nan 0.000000
2040 833 0 0 -nan 0.000000 2147483647.000000 0 -nan 0.000000
2041 834 0 0 -nan 0.000000 2147483647.000000 0 -nan 0.000000
2042 835 0 0 -nan 0.000000 2147483647.000000 0 -nan 0.000000
2043 836 0 0 -nan 0.000000 2147483647.000000 0 -nan 0.000000
2044 837 0 0 -nan 0.000000 2147483647.000000 0 -nan 0.000000
2045 838 0 0 -nan 0.000000 2147483647.000000 0 -nan 0.000000
2046 839 0 0 -nan 0.000000 2147483647.000000 0 -nan 0.000000
2047 840 0 0 -nan 0.000000 2147483647.000000 0 -nan 0.000000
2048 841 0 0 -nan 0.000000 2147483647.000000 0 -nan 0.000000
2049 842 0 0 -nan 0.000000 2147483647.000000 0 -nan 0.000000
2050 843 0 0 -nan 0.000000 2147483647.000000 0 -nan 0.000000
2051 844 0 0 -nan 0.000000 2147483647.000000 0 -nan 0.000000
2052 845 0 0 -nan 0.000000 2147483647.000000 0 -nan 0.000000
2053 846 0 0 -nan 0.000000 2147483647.000000 0 -nan 0.000000
2054 847 0 0 -nan 0.000000 2147483647.000000 0 -nan 0.000000
2055 848 0 0 -nan 0.000000 2147483647.000000 0 -nan 0.000000
2056 849 0 0 -nan 0.000000 2147483647.000000 0 -nan 0.000000
2057 850 0 0 -nan 0.000000 2147483647.000000 0 -nan 0.000000
2058 851 0 0 -nan 0.000000 2147483647.000000 0 -nan 0.000000
2059 852 0 0 -nan 0.000000 2147483647.000000 0 -nan 0.000000
2060 853 0 0 -nan 0.000000 2147483647.000000 0 -nan 0.000000
2061 854 0 0 -nan 0.000000 2147483647.000000 0 -nan 0.000000
2062 855 0 0 -nan 0.000000 2147483647.000000 0 -nan 0.000000
2063 856 0 0 -nan 0.000000 2147483647.000000 0 -nan 0.000000
2064 857 0 0 -nan 0.000000 2147483647.000000 0 -nan 0.000000
2065 858 0 0 -nan 0.000000 2147483647.000000 0 -nan 0.000000
2066 859 0 0 -nan 0.000000 2147483647.000000 0 -nan 0.000000
2067 860 0 0 -nan 0.000000 2147483647.000000 0 -nan 0.000000
2068 861 0 0 -nan 0.000000 2147483647.000000 0 -nan 0.000000
2069 862 0 0 -nan 0.000000 2147483647.000000 0 -nan 0.000000
2070 863 0 0 -nan 0.000000 2147483647.000000 0 -nan 0.000000
2116 864 0 0 -nan 0.000000 2147483647.000000 0 -nan 0.000000
2117 865 0 0 -nan 0.000000 2147483647.000000 0 -nan 0.000000
2118 866 0 0 -nan 0.000000 2147483647.000000 0 -nan 0.000000
2119 867 0 0 -nan 0.000000 2147483647.000000 0 -nan 0.000000
2120 868 0 0 -nan 0.000000 2147483647.000000 0 -nan 0.000000
2121 869 0 0 -nan 0.000000 2147483647.000000 0 -nan 0.000000
2122 870 0 0 -nan 0.000000 2147483647.000000 0 -nan 0.000000
2123 871 0 0 -nan 0.000000 2147483647.000000 0 -nan 0.000000
2124 872 0 0 -nan 0.000000 2147483647.000000 0 -nan 0.000000
2125 873 0 0 -nan 0.000000 2147483647.000000 0 -nan 0.000000
2126 874 0 0 -nan 0.000000 2147483647.000000 0 -nan 0.000000
2127 875 0 0 -nan 0.000000 2147483647.000000 0 -nan 0.000000
2128 876 0 0 -nan 0.000000 2147483647.000000 0 -nan 0.000000
2129 877 0 0 -nan 0.000000 2147483647.000000 0 -nan 0.000000
2130 878 0 0 -nan 0.000000 2147483647.000000 0 -nan 0.000000
2131 879 0 0 -nan 0.000000 2147483647.000000 0 -nan 0.000000
2132 880 0 0 -nan 0.000000 2147483647.000000 0 -nan 0.000000
2133 881 0 0 -nan 0.000000 2147483647.000000 0 -nan 0.000000
2134 882 0 0 -nan 0.000000 2147483647.000000 0 -nan 0.000000
2135 883 0 0 -nan 0.000000 2147483647.000000 0 -nan 0.000000
2136 884 0 0 -nan 0.000000 2147483647.000000 0 -nan 0.000000
2137 885 0 0 -nan 0.000000 2147483647.000000 0 -nan 0.000000
2138 886 0 0 -nan 0.000000 2147483647.000000 0 -nan 0.000000
2139 887 0 0 -nan 0.000000 2147483647.000000 0 -nan 0.000000
2140 888 0 0 -nan 0.000000 2147483647.000000 0 -nan 0.000000
2141 889 0 0 -nan 0.000000 2147483647.000000 0 -nan 0.000000
2142 890 0 0 -nan 0.000000 2147483647.000000 0 -nan 0.000000
2143 891 0 0 -nan 0.000000 2147483647.000000 0 -nan 0.000000
2144 892 0 0 -nan 0.000000 2147483647.000000 0 -nan 0.000000
2145 893 0 0 -nan 0.000000 2147483647.000000 0 -nan 0.000000
2146 894 0 0 -nan 0.000000 2147483647.000000 0 -nan 0.000000
2147 895 0 0 -nan 0.000000 2147483647.000000 0 -nan 0.000000
2193 896 0 0 -nan 0.000000 2147483647.000000 0 -nan 0.000000
2194 897 0 0 -nan 0.000000 2147483647.000000 0 -nan 0.000000
2195 898 0 0 -nan 0.000000 2147483647.000000 0 -nan 0.000000
2196 899 0 0 -nan 0.000000 2147483647.000000 0 -nan 0.000000
2197 900 0 0 -nan 0.000000 2147483647.000000 0 -nan 0.000000
2198 901 0 0 -nan 0.000000 2147483647.000000 0 -nan 0.000000
2199 902 0 0 -nan 0.000000 2147483647.000000 0 -nan 0.000000
2200 903 0 0 -nan 0.000000 2147483647.000000 0 -nan 0.000000
2201 904 0 0 -nan 0.000000 2147483647.000000 0 -nan 0.000000
2202 905 0 0 -nan 0.000000 2147483647.000000 0 -nan 0.000000
2203 906 0 0 -nan 0.000000 2147483647.000000 0 -nan 0.000000
2204 907 0 0 -nan 0.000000 2147483647.000000 0 -nan 0.000000
2205 908 0 0 -nan 0.000000 2147483647.000000 0 -nan 0.000000
2206 909 0 0 -nan 0.000000 2147483647.000000 0 -nan 0.000000
2207 910 0 0 -nan 0.000000 2147483647.000000 0 -nan 0.000000
2208 911 0 0 -nan 0.000000 2147483647.000000 0 -nan 0.000000
2209 912 0 0 -nan 0.000000 2147483647.000000 0 -nan 0.000000
2210 913 0 0 -nan 0.000000 2147483647.000000 0 -nan 0.000000
2211 914 0 0 -nan 0.000000 2147483647.000000 0 -nan 0.000000
2212 915 0 0 -nan 0.000000 2147483647.000000 0 -nan 0.000000
2213 916 0 0 -nan 0.000000 2147483647.000000 0 -nan 0.000000
2214 917 0 0 -nan 0.000000 2147483647.000000 0 -nan 0.000000
2215 918 0 0 -nan 0.000000 2147483647.000000 0 -nan 0.000000
2216 919 0 0 -nan 0.000000 2147483647.000000 0 -nan 0.000000
2217 920 0 0 -nan 0.000000 2147483647.000000 0 -nan 0.000000
2218 921 0 0 -nan 0.000000 2147483647.000000 0 -nan 0.000000
2219 922 0 0 -nan 0.000000 2147483647.000000 0 -nan 0.000000
2220 923 0 0 -nan 0.000000 2147483647.000000 0 -nan 0.000000
2221 924 0 0 -nan 0.000000 2147483647.000000 0 -nan 0.000000
2222 925 0 0 -nan 0.000000 2147483647.000000 0 -nan 0.000000
2223 926 0 0 -nan 0.000000 2147483647.000000 0 -nan 0.000000
2224 927 0 0 -nan 0.000000 2147483647.000000 0 -nan 0.000000
2270 928 0 0 -nan 0.000000 2147483647.000000 0 -nan 0.000000
2271 929 0 0 -nan 0.000000 2147483647.000000 0 -nan 0.000000
2272 930 0 0 -nan 0.000000 2147483647.000000 0 -nan 0.000000
2273 931 0 0 -nan 0.000000 2147483647.000000 0 -nan 0.000000
2274 932 0 0 -nan 0.000000 2147483647.000000 0 -nan 0.000000
2275 933 0 0 -nan 0.000000 2147483647.000000 0 -nan 0.000000
2276 934 0 0 -nan 0.000000 2147483647.000000 0 -nan 0.000000
2277 935 0 0 -nan 0.000000 2147483647.000000 0 -nan 0.000000
2278 936 0 0 -nan 0.000000 2147483647.000000 0 -nan 0.000000
2279 937 0 0 -nan 0.000000 2147483647.000000 0 -nan 0.000000
2280 938 0 0 -nan 0.000000 2147483647.000000 0 -nan 0.000000
2281 939 0 0 -nan 0.000000 2147483647.000000 0 -nan 0.000000
2282 940 0 0 -nan 0.000000 2147483647.000000 0 -nan 0.000000
2283 941 0 0 -nan 0.000000 2147483647.000000 0 -nan 0.000000
2284 942 0 0 -nan 0.000000 2147483647.000000 0 -nan 0.000000
2285 943 0 0 -nan 0.000000 2147483647.000000 0 -nan 0.000000
2286 944 0 0 -nan 0.000000 2147483647.000000 0 -nan 0.000000
2287 945 0 0 -nan 0.000000 2147483647.000000 0 -nan 0.000000
2288 946 0 0 -nan 0.000000 2147483647.000000 0 -nan 0.000000
2289 947 0 0 -nan 0.000000 2147483647.000000 0 -nan 0.000000
2290 948 0 0 -nan 0.000000 2147483647.000000 0 -nan 0.000000
2291 949 0 0 -nan 0.000000 2147483647.000000 0 -nan 0.000000
2292 950 0 0 -nan 0.000000 2147483647.000000 0 -nan 0.000000
2293 951 0 0 -nan 0.000000 2147483647.000000 0 -nan 0.000000
2294 952 0 0 -nan 0.000000 2147483647.000000 0 -nan 0.000000
2295 953 0 0 -nan 0.000000 2147483647.000000 0 -nan 0.000000
2296 954 0 0 -nan 0.000000 2147483647.000000 0 -nan 0.000000
2297 955 0 0 -nan 0.000000 2147483647.000000 0 -nan 0.000000
2298 956 0 0 -nan 0.000000 2147483647.000000 0 -nan 0.000000
2299 957 0 0 -nan 0.000000 2147483647.000000 0 -nan 0.000000
2300 958 0 0 -nan 0.000000 2147483647.000000 0 -nan 0.000000
2301 959 0 0 -nan 0.000000 2147483647.000000 0 -nan 0.000000
2347 960 0 0 -nan 0.000000 2147483647.000000 0 -nan 0.000000
2348 961 0 0 -nan 0.000000 2147483647.000000 0 -nan 0.000000
2349 962 0 0 -nan 0.000000 2147483647.000000 0 -nan 0.000000
2350 963 0 0 -nan 0.000000 2147483647.000000 0 -nan 0.000000
2351 964 0 0 -nan 0.000000 2147483647.000000 0 -nan 0.000000
2352 965 0 0 -nan 0.000000 2147483647.000000 0 -nan 0.000000
2353 966 0 0 -nan 0.000000 2147483647.000000 0 -nan 0.000000
2354 967 0 0 -nan 0.000000 2147483647.000000 0 -nan 0.000000
2355 968 0 0 -nan 0.000000 2147483647.000000 0 -nan 0.000000
2356 969 0 0 -nan 0.000000 2147483647.000000 0 -nan 0.000000
2357 970 0 0 -nan 0.000000 2147483647.000000 0 -nan 0.000000
2358 971 0 0 -nan 0.000000 2147483647.000000 0 -nan 0.000000
2359 972 0 0 -nan 0.000000 2147483647.000000 0 -nan 0.000000
2360 973 0 0 -nan 0.000000 2147483647.000000 0 -nan 0.000000
2361 974 0 0 -nan 0.000000 2147483647.000000 0 -nan 0.000000
2362 975 0 0 -nan 0.000000 2147483647.000000 0 -nan 0.000000
2363 976 0 0 -nan 0.000000 2147483647.000000 0 -nan 0.000000
2364 977 0 0 -nan 0.000000 2147483647.000000 0 -nan 0.000000
2365 978 0 0 -nan 0.000000 2147483647.000000 0 -nan 0.000000
2366 979 0 0 -nan 0.000000 2147483647.000000 0 -nan 0.000000
2367 980 0 0 -nan 0.000000 2147483647.000000 0 -nan 0.000000
2368 981 0 0 -nan 0.000000 2147483647.000000 0 -nan 0.000000
2369 982 0 0 -nan 0.000000 2147483647.000000 0 -nan 0.000000
2370 983 0 0 -nan 0.000000 2147483647.000000 0 -nan 0.000000
2371 984 0 0 -nan 0.000000 2147483647.000000 0 -nan 0.000000
2372 985 0 0 -nan 0.000000 2147483647.000000 0 -nan 0.000000
2373 986 0 0 -nan 0.000000 2147483647.000000 0 -nan 0.000000
2374 987 0 0 -nan 0.000000 2147483647.000000 0 -nan 0.000000
2375 988 0 0 -nan 0.000000 2147483647.000000 0 -nan 0.000000
2376 989 0 0 -nan 0.000000 2147483647.000000 0 -nan 0.000000
2377 990 0 0 -nan 0.000000 2147483647.000000 0 -nan 0.000000
2378 991 0 0 -nan 0.000000 2147483647.000000 0 -nan 0.000000
2424 992 0 0 -nan 0.000000 2147483647.000000 0 -nan 0.000000
2425 993 0 0 -nan 0.000000 2147483647.000000 0 -nan 0.000000
2426 994 0 0 -nan 0.000000 2147483647.000000 0 -nan 0.000000
2427 995 0 0 -nan 0.000000 2147483647.000000 0 -nan 0.000000
2428 996 0 0 -nan 0.000000 2147483647.000000 0 -nan 0.000000
2429 997 0 0 -nan 0.000000 2147483647.000000 0 -nan 0.000000
2430 998 0 0 -nan 0.000000 2147483647.000000 0 -nan 0.000000
2431 999 0 0 -nan 0.000000 2147483647.000000 0 -nan 0.000000
2432 1000 0 0 -nan 0.000000 2147483647.000000 0 -nan 0.000000
2433 1001 0 0 -nan 0.000000 2147483647.000000 0 -nan 0.000000
2434 1002 0 0 -nan 0.000000 2147483647.000000 0 -nan 0.000000
2435 1003 0 0 -nan 0.000000 2147483647.000000 0 -nan 0.000000
2436 1004 0 0 -nan 0.000000 2147483647.000000 0 -nan 0.000000
2437 1005 0 0 -nan 0.000000 2147483647.000000 0 -nan 0.000000
2438 1006 0 0 -nan 0.000000 2147483647.000000 0 -nan 0.000000
2439 1007 0 0 -nan 0.000000 2147483647.000000 0 -nan 0.000000
2440 1008 0 0 -nan 0.000000 2147483647.000000 0 -nan 0.000000
2441 1009 0 0 -nan 0.000000 2147483647.000000 0 -nan 0.000000
2442 1010 0 0 -nan 0.000000 2147483647.000000 0 -nan 0.000000
2443 1011 0 0 -nan 0.000000 2147483647.000000 0 -nan 0.000000
2444 1012 0 0 -nan 0.000000 2147483647.000000 0 -nan 0.000000
2445 1013 0 0 -nan 0.000000 2147483647.000000 0 -nan 0.000000
2446 1014 0 0 -nan 0.000000 2147483647.000000 0 -nan 0.000000
2447 1015 0 0 -nan 0.000000 2147483647.000000 0 -nan 0.000000
2448 1016 0 0 -nan 0.000000 2147483647.000000 0 -nan 0.000000
2449 1017 0 0 -nan 0.000000 2147483647.000000 0 -nan 0.000000
2450 1018 0 0 -nan 0.000000 2147483647.000000 0 -nan 0.000000
2451 1019 0 0 -nan 0.000000 2147483647.000000 0 -nan 0.000000
2452 1020 0 0 -nan 0.000000 2147483647.000000 0 -nan 0.000000
2453 1021 0 0 -nan 0.000000 2147483647.000000 0 -nan 0.000000
2454 1022 0 0 -nan 0.000000 2147483647.000000 0 -nan 0.000000
2455 1023 0 0 -nan 0.000000 2147483647.000000 0 -nan 0.000000
2501 1024 0 0 -nan 0.000000 2147483647.000000 0 -nan 0.000000
2502 1025 0 0 -nan 0.000000 2147483647.000000 0 -nan 0.000000
2503 1026 0 0 -nan 0.000000 2147483647.000000 0 -nan 0.000000
2504 1027 0 0 -nan 0.000000 2147483647.000000 0 -nan 0.000000
2505 1028 0 0 -nan 0.000000 2147483647.000000 0 -nan 0.000000
2506 1029 0 0 -nan 0.000000 2147483647.000000 0 -nan 0.000000
2507 1030 0 0 -nan 0.000000 2147483647.000000 0 -nan 0.000000
2508 1031 0 0 -nan 0.000000 2147483647.000000 0 -nan 0.000000
2509 1032 0 0 -nan 0.000000 2147483647.000000 0 -nan 0.000000
2510 1033 0 0 -nan 0.000000 2147483647.000000 0 -nan 0.000000
2511 1034 0 0 -nan 0.000000 2147483647.000000 0 -nan 0.000000
2512 1035 0 0 -nan 0.000000 2147483647.000000 0 -nan 0.000000
2513 1036 0 0 -nan 0.000000 2147483647.000000 0 -nan 0.000000
2514 1037 0 0 -nan 0.000000 2147483647.000000 0 -nan 0.000000
2515 1038 0 0 -nan 0.000000 2147483647.000000 0 -nan 0.000000
2516 1039 0 0 -nan 0.000000 2147483647.000000 0 -nan 0.000000
2517 1040 0 0 -nan 0.000000 2147483647.000000 0 -nan 0.000000
2518 1041 0 0 -nan 0.000000 2147483647.000000 0 -nan 0.000000
2519 1042 0 0 -nan 0.000000 2147483647.000000 0 -nan 0.000000
2520 1043 0 0 -nan 0.000000 2147483647.000000 0 -nan 0.000000
2521 1044 0 0 -nan 0.000000 2147483647.000000 0 -nan 0.000000
2522 1045 0 0 -nan 0.000000 2147483647.000000 0 -nan 0.000000
2523 1046 0 0 -nan 0.000000 2147483647.000000 0 -nan 0.000000
2524 1047 0 0 -nan 0.000000 2147483647.000000 0 -nan 0.000000
2525 1048 0 0 -nan 0.000000 2147483647.000000 0 -nan 0.000000
2526 1049 0 0 -nan 0.000000 2147483647.000000 0 -nan 0.000000
2527 1050 0 0 -nan 0.000000 2147483647.000000 0 -nan 0.000000
2528 1051 0 0 -nan 0.000000 2147483647.000000 0 -nan 0.000000
2529 1052 0 0 -nan 0.000000 2147483647.000000 0 -nan 0.000000
2530 1053 0 0 -nan 0.000000 2147483647.000000 0 -nan 0.000000
2531 1054 0 0 -nan 0.000000 2147483647.000000 0 -nan 0.000000
2532 1055 0 0 -nan 0.000000 2147483647.000000 0 -nan 0.000000
