# Format <LP ID> <Terminal ID> <Job ID> <Local Rank> <Total sends> <Total Recvs> <Bytes sent> <Bytes recvd> <Send time> <Comm. time> <Compute time> <Avg msg time> <Max Msg Time>
6 0 0 0 6075 6075 318445632 318445632 403891660.251751 1089891132.465936 0.000000 66484.223910 1089891132.465936
7 1 0 1 22947 22947 425406288 425406288 585779289.074780 1089890554.384326 0.000000 25527.488956 1089890554.384326
8 2 0 2 8499 8499 425290704 425290704 509991959.936557 1089891382.614523 0.000000 60006.113653 1089891382.614523
9 3 0 3 22947 22947 425406288 425406288 571425025.152706 1089890804.849944 0.000000 24901.949063 1089890804.849944
10 4 0 4 6075 6075 318445632 318445632 801780087.746088 1089886330.325701 0.000000 131980.261357 1089886330.325701
11 5 0 5 22947 22947 425406288 425406288 1388121532.287404 1089885752.917537 0.000000 60492.505874 1089885752.917537
12 6 0 6 12135 12135 532838736 532838736 1659933113.625997 1089886581.078316 0.000000 136788.884518 1089886581.078316
13 7 0 7 26583 26583 532954320 532954320 1367654314.016299 1089886003.237978 0.000000 51448.456307 1089886003.237978
14 8 0 8 12135 12135 532838736 532838736 1571836473.783548 1089891384.028998 0.000000 129529.169657 1089891384.028998
15 9 0 9 22947 22947 425406288 425406288 1219593133.494592 1089890806.870423 0.000000 53148.260491 1089890806.870423
16 10 0 10 8499 8499 425290704 425290704 1140936803.433218 1089890808.000159 0.000000 134243.652598 1089890808.000159
17 11 0 11 26583 26583 532954320 532954320 1287695480.656042 1089890229.852046 0.000000 48440.562790 1089890229.852046
18 12 0 12 12135 12135 532838736 532838736 1358681313.071006 1089890068.543085 0.000000 111963.849450 1089890068.543085
19 13 0 13 26583 26583 532954320 532954320 1357135186.692217 1089889490.720958 0.000000 51052.747496 1089889490.720958
20 14 0 14 8499 8499 425290704 425290704 1153392517.503041 1089889491.439516 0.000000 135709.203142 1089889491.439516
21 15 0 15 22947 22947 425406288 425406288 1121380363.132463 1089888913.386115 0.000000 48868.277471 1089888913.386115
22 16 0 16 12135 12135 532838736 532838736 1362520405.496367 1089893958.436738 0.000000 112280.214709 1089893958.436738
23 17 0 17 26583 26583 532954320 532954320 1364314607.382551 1089893380.430206 0.000000 51322.823134 1089893380.430206
24 18 0 18 12135 12135 532838736 532838736 1235239944.731803 1089893092.923408 0.000000 101791.507600 1089893092.923408
25 19 0 19 22947 22947 425406288 425406288 975491279.170236 1089892514.856395 0.000000 42510.623575 1089892514.856395
26 20 0 20 8499 8499 425290704 425290704 1155048342.323149 1089889068.203993 0.000000 135904.028983 1089889068.203993
27 21 0 21 26583 26583 532954320 532954320 1385419555.037737 1089888490.436836 0.000000 52116.749616 1089888490.436836
28 22 0 22 12135 12135 532838736 532838736 1337025095.215116 1089888205.482276 0.000000 110179.241468 1089888205.482276
29 23 0 23 26583 26583 532954320 532954320 1299831497.232548 1089887628.190746 0.000000 48897.095784 1089887628.190746
30 24 0 24 8499 8499 425290704 425290704 1139530073.804289 1089894784.998769 0.000000 134078.135522 1089894784.998769
31 25 0 25 20523 20523 318561216 318561216 996257873.161221 1089894207.007976 0.000000 48543.481614 1089894207.007976
32 26 0 26 8499 8499 425290704 425290704 1071708235.736980 1089893869.749497 0.000000 126098.156929 1089893869.749497
33 27 0 27 22947 22947 425406288 425406288 1165336063.315869 1089893292.007329 0.000000 50783.808921 1089893292.007329
34 28 0 28 8499 8499 425290704 425290704 759354840.000193 1089889561.150231 0.000000 89346.374868 1089889561.150231
35 29 0 29 20523 20523 318561216 318561216 614636097.565444 1089888983.219360 0.000000 29948.647740 1089888983.219360
83 30 0 30 8499 8499 425290704 425290704 636409554.478635 1089888981.497264 0.000000 74880.521765 1089888981.497264
84 31 0 31 26583 26583 532954320 532954320 892601398.274982 1089888403.815944 0.000000 33577.903106 1089888403.815944
85 32 0 32 12135 12135 532838736 532838736 839308899.921873 1089895742.376268 0.000000 69164.309841 1089895742.376268
86 33 0 33 26583 26583 532954320 532954320 857583550.159716 1089895164.459020 0.000000 32260.600766 1089895164.459020
87 34 0 34 8499 8499 425290704 425290704 1359155208.562284 1089894916.482436 0.000000 159919.426822 1089894916.482436
88 35 0 35 26583 26583 532954320 532954320 2496248943.477983 1089894338.262942 0.000000 93903.959052 1089894338.262942
89 36 0 36 17589 17589 641094576 641094576 2638548312.848424 1089889646.331069 0.000000 150011.274822 1089889646.331069
90 37 0 37 32037 32037 641210160 641210160 1940943929.578867 1089889068.752310 0.000000 60584.447032 1089889068.752310
91 38 0 38 17589 17589 641094576 641094576 2391847506.877063 1089890812.149016 0.000000 135985.417413 1089890812.149016
92 39 0 39 26583 26583 532954320 532954320 2065561278.067099 1089890234.235076 0.000000 77702.339016 1089890234.235076
93 40 0 40 12135 12135 532838736 532838736 2243748816.874350 1089894445.667160 0.000000 184898.954831 1089894445.667160
94 41 0 41 32037 32037 641210160 641210160 2474431730.051853 1089893867.646735 0.000000 77236.686645 1089893867.646735
95 42 0 42 17589 17589 641094576 641094576 2580318379.485298 1089893872.267163 0.000000 146700.686764 1089893872.267163
96 43 0 43 32037 32037 641210160 641210160 2587411300.278011 1089893294.578782 0.000000 80763.220660 1089893294.578782
97 44 0 44 12135 12135 532838736 532838736 2139337981.590277 1089893214.332582 0.000000 176294.848091 1089893214.332582
98 45 0 45 26583 26583 532954320 532954320 1854358279.180586 1089892636.512014 0.000000 69757.298995 1089892636.512014
99 46 0 46 17589 17589 641094576 641094576 2397019809.641600 1089892637.457506 0.000000 136279.482042 1089892637.457506
100 47 0 47 32037 32037 641210160 641210160 2270449977.445112 1089892059.997203 0.000000 70869.618798 1089892059.997203
101 48 0 48 17589 17589 641094576 641094576 2447255357.971068 1089896275.993680 0.000000 139135.559609 1089896275.993680
102 49 0 49 26583 26583 532954320 532954320 1553382609.995195 1089895698.787472 0.000000 58435.188278 1089895698.787472
103 50 0 50 12135 12135 532838736 532838736 2229565233.947421 1089895359.960249 0.000000 183730.138768 1089895359.960249
104 51 0 51 32037 32037 641210160 641210160 2670064656.208860 1089894782.242566 0.000000 83343.154984 1089894782.242566
105 52 0 52 17589 17589 641094576 641094576 2453315540.936192 1089891389.342376 0.000000 139480.103527 1089891389.342376
106 53 0 53 32037 32037 641210160 641210160 2062580728.036928 1089890811.688132 0.000000 64381.206981 1089890811.688132
107 54 0 54 12135 12135 532838736 532838736 2028150117.952256 1089890475.941135 0.000000 167132.271772 1089890475.941135
108 55 0 55 22947 22947 425406288 425406288 1607926787.669363 1089889898.053924 0.000000 70071.329048 1089889898.053924
109 56 0 56 12135 12135 532838736 532838736 2108257788.493196 1089896188.782824 0.000000 173733.645529 1089896188.782824
110 57 0 57 26583 26583 532954320 532954320 2239007770.011270 1089895611.159008 0.000000 84227.053757 1089895611.159008
111 58 0 58 12135 12135 532838736 532838736 1196013229.949295 1089895273.825093 0.000000 98558.980630 1089895273.825093
112 59 0 59 22947 22947 425406288 425406288 912896893.284269 1089894696.208385 0.000000 39782.842781 1089894696.208385
160 60 0 60 8499 8499 425290704 425290704 640403114.635497 1089889308.651647 0.000000 75350.407652 1089889308.651647
161 61 0 61 26583 26583 532954320 532954320 890950202.536306 1089888730.458015 0.000000 33515.788381 1089888730.458015
162 62 0 62 12135 12135 532838736 532838736 803303498.380569 1089888731.740638 0.000000 66197.239257 1089888731.740638
163 63 0 63 26583 26583 532954320 532954320 782672114.397492 1089888154.263650 0.000000 29442.580386 1089888154.263650
164 64 0 64 8499 8499 425290704 425290704 1324775538.437577 1089887987.231149 0.000000 155874.283850 1089887987.231149
165 65 0 65 26583 26583 532954320 532954320 2301384860.713221 1089887409.375317 0.000000 86573.556811 1089887409.375317
166 66 0 66 17589 17589 641094576 641094576 2719153743.122153 1089888237.023023 0.000000 154593.993014 1089888237.023023
167 67 0 67 32037 32037 641210160 641210160 2131011562.344206 1089887658.427031 0.000000 66517.200810 1089887658.427031
168 68 0 68 17589 17589 641094576 641094576 2538047381.889103 1089887411.644238 0.000000 144297.423497 1089887411.644238
169 69 0 69 26583 26583 532954320 532954320 2135432589.566225 1089886833.546053 0.000000 80330.759868 1089886833.546053
170 70 0 70 12135 12135 532838736 532838736 2147148110.366119 1089887660.466646 0.000000 176938.451616 1089887660.466646
171 71 0 71 32037 32037 641210160 641210160 2264067216.512315 1089887082.576875 0.000000 70670.387880 1089887082.576875
172 72 0 72 17589 17589 641094576 641094576 2507109002.771280 1089889065.279282 0.000000 142538.461696 1089889065.279282
173 73 0 73 32037 32037 641210160 641210160 2459970924.461948 1089888487.740430 0.000000 76785.308377 1089888487.740430
174 74 0 74 12135 12135 532838736 532838736 2146449164.494054 1089888489.587666 0.000000 176880.854099 1089888489.587666
175 75 0 75 26583 26583 532954320 532954320 1803997474.227467 1089887911.845510 0.000000 67862.824897 1089887911.845510
176 76 0 76 17589 17589 641094576 641094576 2498808024.095260 1089887748.951838 0.000000 142066.520217 1089887748.951838
177 77 0 77 32037 32037 641210160 641210160 2417345512.324316 1089887170.945121 0.000000 75454.802645 1089887170.945121
178 78 0 78 17589 17589 641094576 641094576 2350192172.015267 1089886346.186739 0.000000 133617.156860 1089886346.186739
179 79 0 79 26583 26583 532954320 532954320 1601977536.406324 1089885768.085471 0.000000 60263.233510 1089885768.085471
180 80 0 80 12135 12135 532838736 532838736 2200905959.180298 1089890862.196640 0.000000 181368.435038 1089890862.196640
181 81 0 81 32037 32037 641210160 641210160 2579366780.294260 1089890284.089189 0.000000 80512.119746 1089890284.089189
182 82 0 82 17589 17589 641094576 641094576 2539143445.704708 1089889946.469178 0.000000 144359.738797 1089889946.469178
183 83 0 83 32037 32037 641210160 641210160 2133191497.434431 1089889368.646058 0.000000 66585.245105 1089889368.646058
184 84 0 84 12135 12135 532838736 532838736 2139306682.980083 1089890899.277431 0.000000 176292.268890 1089890899.277431
185 85 0 85 22947 22947 425406288 425406288 1722900552.206920 1089890321.736198 0.000000 75081.734092 1089890321.736198
186 86 0 86 12135 12135 532838736 532838736 2129308184.930160 1089889984.763753 0.000000 175468.330031 1089889984.763753
187 87 0 87 26583 26583 532954320 532954320 2221953243.206379 1089889406.921252 0.000000 83585.496114 1089889406.921252
188 88 0 88 24777 24777 532939872 532939872 1223435226.721249 1089887533.986470 0.000000 49377.859576 1089887533.986470
189 89 0 89 21141 21141 425391840 425391840 850754678.305923 1089886621.064377 0.000000 40241.931711 1089886621.064377
237 90 0 90 21141 21141 425391840 425391840 732734950.985892 1089882393.990629 0.000000 34659.427226 1089882393.990629
238 91 0 91 24777 24777 532939872 532939872 877195774.247640 1089881815.385082 0.000000 35403.631362 1089881815.385082
239 92 0 92 24777 24777 532939872 532939872 885045323.688356 1089888535.209341 0.000000 35720.439266 1089888535.209341
240 93 0 93 24777 24777 532939872 532939872 802241458.788948 1089888711.290818 0.000000 32378.474343 1089888711.290818
241 94 0 94 21141 21141 425391840 425391840 1409402950.258934 1089887708.906324 0.000000 66666.806218 1089887708.906324
242 95 0 95 24777 24777 532939872 532939872 2314411748.351768 1089888450.339600 0.000000 93409.684318 1089888450.339600
243 96 0 96 30231 30231 641195712 641195712 2837981263.817993 1089887535.442082 0.000000 93876.526209 1089887535.442082
244 97 0 97 30231 30231 641195712 641195712 2254064635.311960 1089886619.651612 0.000000 74561.365331 1089886619.651612
245 98 0 98 30231 30231 641195712 641195712 2414538588.095526 1089885963.534528 0.000000 79869.623502 1089885963.534528
246 99 0 99 24777 24777 532939872 532939872 2223608985.717179 1089885387.005894 0.000000 89744.883792 1089885387.005894
247 100 0 100 24777 24777 532939872 532939872 2275438902.058458 1089890278.004929 0.000000 91836.739801 1089890278.004929
248 101 0 101 30231 30231 641195712 641195712 2486515453.868323 1089888624.297303 0.000000 82250.519462 1089888624.297303
249 102 0 102 30231 30231 641195712 641195712 2606883142.435763 1089889414.375653 0.000000 86232.117444 1089889414.375653
250 103 0 103 30231 30231 641195712 641195712 2548795414.966728 1089888448.646531 0.000000 84310.655121 1089888448.646531
251 104 0 104 24777 24777 532939872 532939872 2271033947.211293 1089889364.520055 0.000000 91658.955774 1089889364.520055
252 105 0 105 24777 24777 532939872 532939872 1883150699.125189 1089888499.419742 0.000000 76003.983498 1089888499.419742
253 106 0 106 30231 30231 641195712 641195712 2411152512.536070 1089883545.182690 0.000000 79757.616769 1089883545.182690
254 107 0 107 30231 30231 641195712 641195712 2336386679.441407 1089882393.151180 0.000000 77284.465596 1089882393.151180
255 108 0 108 30231 30231 641195712 641195712 2248468881.123704 1089885454.539532 0.000000 74376.265460 1089885454.539532
256 109 0 109 24777 24777 532939872 532939872 1415500992.787480 1089884959.956567 0.000000 57129.636065 1089884959.956567
257 110 0 110 24777 24777 532939872 532939872 2417241618.592238 1089884224.172088 0.000000 97559.899043 1089884224.172088
258 111 0 111 30231 30231 641195712 641195712 2656487390.896525 1089883646.823520 0.000000 87872.957921 1089883646.823520
259 112 0 112 30231 30231 641195712 641195712 2515878836.813883 1089887034.036836 0.000000 83221.819881 1089887034.036836
260 113 0 113 30231 30231 641195712 641195712 2136290937.576479 1089886455.802033 0.000000 70665.573007 1089886455.802033
261 114 0 114 24777 24777 532939872 532939872 2180206229.764824 1089889110.588232 0.000000 87993.148071 1089889110.588232
262 115 0 115 21141 21141 425391840 425391840 1795211577.532665 1089888533.156785 0.000000 84916.114542 1089888533.156785
263 116 0 116 24777 24777 532939872 532939872 2168930380.628686 1089887534.472048 0.000000 87538.054673 1089887534.472048
264 117 0 117 24777 24777 532939872 532939872 2204405880.178951 1089886671.265957 0.000000 88969.846236 1089886671.265957
265 118 0 118 24777 24777 532939872 532939872 1264643670.885042 1089884524.818514 0.000000 51041.032848 1089884524.818514
266 119 0 119 21141 21141 425391840 425391840 923804274.961486 1089884133.414571 0.000000 43697.283712 1089884133.414571
314 120 0 120 21141 21141 425391840 425391840 710860173.904562 1089886705.484555 0.000000 33624.718505 1089886705.484555
315 121 0 121 24777 24777 532939872 532939872 861711093.146810 1089885792.268106 0.000000 34778.669457 1089885792.268106
316 122 0 122 24777 24777 532939872 532939872 893204850.472634 1089885963.955407 0.000000 36049.757859 1089885963.955407
317 123 0 123 24777 24777 532939872 532939872 773973389.385855 1089883731.276741 0.000000 31237.574742 1089883731.276741
318 124 0 124 21141 21141 425391840 425391840 1407918460.684762 1089889020.624892 0.000000 66596.587706 1089889020.624892
319 125 0 125 24777 24777 532939872 532939872 2288232480.832312 1089888533.535243 0.000000 92353.088785 1089888533.535243
320 126 0 126 30231 30231 641195712 641195712 2778630362.363439 1089887585.323599 0.000000 91913.279824 1089887585.323599
321 127 0 127 30231 30231 641195712 641195712 2303494970.508806 1089886945.589699 0.000000 76196.452996 1089886945.589699
322 128 0 128 30231 30231 641195712 641195712 2551635523.024850 1089890179.876423 0.000000 84404.601999 1089890179.876423
323 129 0 129 24777 24777 532939872 532939872 2129586650.646422 1089889602.596997 0.000000 85950.141286 1089889602.596997
324 130 0 130 24777 24777 532939872 532939872 2298823872.024527 1089892257.036410 0.000000 92780.557453 1089892257.036410
325 131 0 131 30231 30231 641195712 641195712 2399547270.504622 1089891680.010094 0.000000 79373.731286 1089891680.010094
326 132 0 132 30231 30231 641195712 641195712 2627795160.040755 1089889414.838145 0.000000 86923.858293 1089889414.838145
327 133 0 133 30231 30231 641195712 641195712 2586882267.527079 1089888500.372871 0.000000 85570.515945 1089888500.372871
328 134 0 134 24777 24777 532939872 532939872 2201505812.373836 1089888009.728766 0.000000 88852.799466 1089888009.728766
329 135 0 135 24777 24777 532939872 532939872 1852430613.743462 1089887095.179628 0.000000 74764.120505 1089887095.179628
330 136 0 136 30231 30231 641195712 641195712 2563060641.015695 1089889111.580236 0.000000 84782.529225 1089889111.580236
331 137 0 137 30231 30231 641195712 641195712 2511576914.402432 1089888196.985390 0.000000 83079.518190 1089888196.985390
332 138 0 138 30231 30231 641195712 641195712 2198228289.814820 1089885713.361740 0.000000 72714.375635 1089885713.361740
333 139 0 139 24777 24777 532939872 532939872 1508091288.564073 1089885136.000654 0.000000 60866.581449 1089885136.000654
334 140 0 140 24777 24777 532939872 532939872 1911380921.384967 1089885137.169760 0.000000 77143.355587 1089885137.169760
335 141 0 141 30231 30231 641195712 641195712 2405989027.688590 1089886302.143472 0.000000 79586.815775 1089886302.143472
336 142 0 142 30231 30231 641195712 641195712 2629878689.090176 1089886052.402229 0.000000 86992.778575 1089886052.402229
337 143 0 143 30231 30231 641195712 641195712 2759180526.637553 1089886635.937257 0.000000 91269.905945 1089886635.937257
338 144 0 144 24777 24777 532939872 532939872 2167938720.386102 1089884897.033132 0.000000 87498.031254 1089884897.033132
339 145 0 145 21141 21141 425391840 425391840 1673871550.337935 1089885811.110179 0.000000 79176.555051 1089885811.110179
340 146 0 146 24777 24777 532939872 532939872 2215860249.749937 1089886790.669303 0.000000 89432.144721 1089886790.669303
341 147 0 147 24777 24777 532939872 532939872 2266712606.807769 1089885387.763673 0.000000 91484.546426 1089885387.763673
342 148 0 148 24777 24777 532939872 532939872 1286591554.287836 1089884101.516069 0.000000 51926.849671 1089884101.516069
343 149 0 149 21141 21141 425391840 425391840 941204895.727728 1089884893.701699 0.000000 44520.358343 1089884893.701699
391 150 0 150 21141 21141 425391840 425391840 734827647.862668 1089884203.839878 0.000000 34758.414827 1089884203.839878
392 151 0 151 24777 24777 532939872 532939872 904127359.692077 1089885118.761337 0.000000 36490.590455 1089885118.761337
393 152 0 152 24777 24777 532939872 532939872 881576239.844226 1089883221.480480 0.000000 35580.427003 1089883221.480480
394 153 0 153 24777 24777 532939872 532939872 759918003.118451 1089883490.032473 0.000000 30670.299194 1089883490.032473
395 154 0 154 21141 21141 425391840 425391840 1470884100.753819 1089882818.084706 0.000000 69574.953917 1089882818.084706
396 155 0 155 24777 24777 532939872 532939872 2317856745.848037 1089881412.084455 0.000000 93548.724456 1089881412.084455
397 156 0 156 30231 30231 641195712 641195712 2665185094.710752 1089886793.835376 0.000000 88160.666029 1089886793.835376
398 157 0 157 30231 30231 641195712 641195712 2308295335.228889 1089888620.386552 0.000000 76355.242474 1089888620.386552
399 158 0 158 30231 30231 641195712 641195712 2628700223.584935 1089887705.935929 0.000000 86953.796553 1089887705.935929
400 159 0 159 24777 24777 532939872 532939872 2254594751.442596 1089888869.727113 0.000000 90995.469647 1089888869.727113
401 160 0 160 24777 24777 532939872 532939872 2114009184.694627 1089887705.072342 0.000000 85321.434584 1089887705.072342
402 161 0 161 30231 30231 641195712 641195712 2280661296.323683 1089889447.658152 0.000000 75441.146384 1089889447.658152
403 162 0 162 30231 30231 641195712 641195712 2598744548.533271 1089889293.081304 0.000000 85962.903924 1089889293.081304
404 163 0 163 30231 30231 641195712 641195712 2636205739.359243 1089888533.024848 0.000000 87202.068716 1089888533.024848
405 164 0 164 24777 24777 532939872 532939872 2169126420.261369 1089888378.132269 0.000000 87545.966835 1089888378.132269
406 165 0 165 24777 24777 532939872 532939872 1842494254.046274 1089888867.721082 0.000000 74363.088915 1089888867.721082
407 166 0 166 30231 30231 641195712 641195712 2503899093.059872 1089886300.934813 0.000000 82825.546395 1089886300.934813
408 167 0 167 30231 30231 641195712 641195712 2578423031.773275 1089887463.258409 0.000000 85290.696033 1089887463.258409
409 168 0 168 30231 30231 641195712 641195712 2296542032.776610 1089886302.304703 0.000000 75966.459356 1089886302.304703
410 169 0 169 24777 24777 532939872 532939872 1584837181.859855 1089886636.076547 0.000000 63964.046570 1089886636.076547
411 170 0 170 24777 24777 532939872 532939872 2232299665.777019 1089884222.811661 0.000000 90095.639738 1089884222.811661
412 171 0 171 30231 30231 641195712 641195712 2600054108.704899 1089883730.568609 0.000000 86006.222378 1089883730.568609
413 172 0 172 30231 30231 641195712 641195712 2428467895.085282 1089884800.643761 0.000000 80330.385865 1089884800.643761
414 173 0 173 30231 30231 641195712 641195712 2019549884.202545 1089884224.148873 0.000000 66803.939142 1089884224.148873
415 174 0 174 24777 24777 532939872 532939872 2141855136.134438 1089883305.805523 0.000000 86445.297499 1089883305.805523
416 175 0 175 21141 21141 425391840 425391840 1760077932.988177 1089882729.000912 0.000000 83254.242136 1089882729.000912
417 176 0 176 24777 24777 532939872 532939872 2183845359.523986 1089889511.078460 0.000000 88140.023390 1089889511.078460
418 177 0 177 24777 24777 532939872 532939872 2221609644.259990 1089888933.097060 0.000000 89664.190348 1089888933.097060
419 178 0 178 24777 24777 532939872 532939872 1306614019.495371 1089889111.129019 0.000000 52734.956593 1089889111.129019
420 179 0 179 21141 21141 425391840 425391840 997063600.205078 1089888532.591430 0.000000 47162.556180 1089888532.591430
468 180 0 180 21141 21141 425391840 425391840 705294857.014543 1089886707.277832 0.000000 33361.470934 1089886707.277832
469 181 0 181 24777 24777 532939872 532939872 869928526.213147 1089885842.564419 0.000000 35110.325149 1089885842.564419
470 182 0 182 24777 24777 532939872 532939872 880677152.025446 1089884277.122502 0.000000 35544.139808 1089884277.122502
471 183 0 183 24777 24777 532939872 532939872 832429101.448214 1089883697.942758 0.000000 33596.847942 1089883697.942758
472 184 0 184 21141 21141 425391840 425391840 1421111007.664542 1089887533.593209 0.000000 67220.614335 1089887533.593209
473 185 0 185 24777 24777 532939872 532939872 2265208334.569383 1089886618.863107 0.000000 91423.833982 1089886618.863107
474 186 0 186 30231 30231 641195712 641195712 2864999439.265797 1089885965.245414 0.000000 94770.250381 1089885965.245414
475 187 0 187 30231 30231 641195712 641195712 2258765067.466899 1089884558.792938 0.000000 74716.849177 1089884558.792938
476 188 0 188 30231 30231 641195712 641195712 2552193417.477274 1089888491.324689 0.000000 84423.056382 1089888491.324689
477 189 0 189 24777 24777 532939872 532939872 2208352088.111091 1089888494.018281 0.000000 89129.115232 1089888494.018281
478 190 0 190 24777 24777 532939872 532939872 2143036726.945013 1089887282.281517 0.000000 86492.986518 1089887282.281517
479 191 0 191 30231 30231 641195712 641195712 2352222242.671854 1089887531.018782 0.000000 77808.284300 1089887531.018782
480 192 0 192 30231 30231 641195712 641195712 2633394426.957651 1089893486.057687 0.000000 87109.074359 1089893486.057687
481 193 0 193 30231 30231 641195712 641195712 2565010042.725562 1089892909.169332 0.000000 84847.012759 1089892909.169332
482 194 0 194 24777 24777 532939872 532939872 2258849265.526146 1089892257.131814 0.000000 91167.181883 1089892257.131814
483 195 0 195 24777 24777 532939872 532939872 1888877956.066653 1089891679.823516 0.000000 76235.135653 1089891679.823516
484 196 0 196 30231 30231 641195712 641195712 2564205485.904169 1089889113.915185 0.000000 84820.399124 1089889113.915185
485 197 0 197 30231 30231 641195712 641195712 2516947787.445817 1089888337.587322 0.000000 83257.179301 1089888337.587322
486 198 0 198 30231 30231 641195712 641195712 2267850156.600497 1089887423.101211 0.000000 75017.371460 1089887423.101211
487 199 0 199 24777 24777 532939872 532939872 1516297503.225668 1089886844.830211 0.000000 61197.784366 1089886844.830211
488 200 0 200 24777 24777 532939872 532939872 2283134337.976548 1089889111.316881 0.000000 92147.327682 1089889111.316881
489 201 0 201 30231 30231 641195712 641195712 2640146207.530578 1089888197.378573 0.000000 87332.413997 1089888197.378573
490 202 0 202 30231 30231 641195712 641195712 2480114472.697863 1089885713.816650 0.000000 82038.783788 1089885713.816650
491 203 0 203 30231 30231 641195712 641195712 2106802168.862115 1089885136.018910 0.000000 69690.125000 1089885136.018910
492 204 0 204 24777 24777 532939872 532939872 2105063450.953124 1089885137.743733 0.000000 84960.384669 1089885137.743733
493 205 0 205 21141 21141 425391840 425391840 1637155026.511460 1089886299.243443 0.000000 77439.810156 1089886299.243443
494 206 0 206 24777 24777 532939872 532939872 2180588313.651429 1089886033.487967 0.000000 88008.568981 1089886033.487967
495 207 0 207 24777 24777 532939872 532939872 2238936989.121828 1089886311.450219 0.000000 90363.522183 1089886311.450219
496 208 0 208 24777 24777 532939872 532939872 1273498499.739876 1089886366.134676 0.000000 51398.413841 1089886366.134676
497 209 0 209 21141 21141 425391840 425391840 927475772.033465 1089885787.610421 0.000000 43870.950855 1089885787.610421
545 210 0 210 21141 21141 425391840 425391840 731797059.130811 1089886791.058800 0.000000 34615.063579 1089886791.058800
546 211 0 211 24777 24777 532939872 532939872 900433849.459710 1089885387.608927 0.000000 36341.520340 1089885387.608927
547 212 0 212 24777 24777 532939872 532939872 860480187.258960 1089884560.742690 0.000000 34728.990082 1089884560.742690
548 213 0 213 24777 24777 532939872 532939872 747576720.176376 1089885721.858498 0.000000 30172.204875 1089885721.858498
549 214 0 214 21141 21141 425391840 425391840 1427350007.681465 1089884203.735825 0.000000 67515.728096 1089884203.735825
550 215 0 215 24777 24777 532939872 532939872 2579552253.191877 1089885118.803641 0.000000 104110.758090 1089885118.803641
551 216 0 216 30231 30231 641195712 641195712 2819956130.032415 1089884387.611346 0.000000 93280.279515 1089884387.611346
552 217 0 217 30231 30231 641195712 641195712 2082922750.219944 1089883490.052830 0.000000 68900.226596 1089883490.052830
553 218 0 218 30231 30231 641195712 641195712 2660845390.917774 1089882817.594522 0.000000 88017.114582 1089882817.594522
554 219 0 219 24777 24777 532939872 532939872 2189534679.623504 1089881413.152906 0.000000 88369.644413 1089881413.152906
555 220 0 220 24777 24777 532939872 532939872 2052618845.338109 1089886626.131133 0.000000 82843.719794 1089886626.131133
556 221 0 221 30231 30231 641195712 641195712 2244599358.994793 1089888620.169031 0.000000 74248.266977 1089888620.169031
557 222 0 222 30231 30231 641195712 641195712 2527525414.691989 1089888130.261956 0.000000 83607.072697 1089888130.261956
558 223 0 223 30231 30231 641195712 641195712 2620238557.765281 1089889045.065954 0.000000 86673.896258 1089889045.065954
559 224 0 224 24777 24777 532939872 532939872 2206180050.079843 1089890340.330342 0.000000 89041.451753 1089890340.330342
560 225 0 225 24777 24777 532939872 532939872 1829078212.029793 1089889763.011918 0.000000 73821.617308 1089889763.011918
561 226 0 226 30231 30231 641195712 641195712 2570905941.353034 1089889292.132674 0.000000 85042.040996 1089889292.132674
562 227 0 227 30231 30231 641195712 641195712 2622878434.513766 1089888533.414322 0.000000 86761.219758 1089888533.414322
563 228 0 228 30231 30231 641195712 641195712 2192931597.499761 1089888376.810375 0.000000 72539.168321 1089888376.810375
564 229 0 229 24777 24777 532939872 532939872 1547146203.043367 1089888868.399389 0.000000 62442.838239 1089888868.399389
565 230 0 230 24777 24777 532939872 532939872 2253214668.030917 1089886300.813060 0.000000 90939.769465 1089886300.813060
566 231 0 231 30231 30231 641195712 641195712 2665236282.029343 1089887550.891916 0.000000 88162.359235 1089887550.891916
567 232 0 232 30231 30231 641195712 641195712 2525850969.133178 1089886302.557995 0.000000 83551.684335 1089886302.557995
568 233 0 233 30231 30231 641195712 641195712 2134883670.342641 1089886636.168625 0.000000 70619.022538 1089886636.168625
569 234 0 234 24777 24777 532939872 532939872 2162059449.959035 1089884223.566869 0.000000 87260.743833 1089884223.566869
570 235 0 235 21141 21141 425391840 425391840 1718467151.496789 1089883730.663604 0.000000 81285.991746 1089883730.663604
571 236 0 236 24777 24777 532939872 532939872 2186369372.401405 1089887217.247057 0.000000 88241.892578 1089887217.247057
572 237 0 237 24777 24777 532939872 532939872 2235009070.953768 1089886542.144629 0.000000 90204.991361 1089886542.144629
573 238 0 238 24777 24777 532939872 532939872 1311350125.330000 1089886628.559904 0.000000 52926.105878 1089886628.559904
574 239 0 239 21141 21141 425391840 425391840 1035724566.230254 1089886387.777066 0.000000 48991.276015 1089886387.777066
622 240 0 240 21141 21141 425391840 425391840 702466620.571464 1089890180.394605 0.000000 33227.691243 1089890180.394605
623 241 0 241 24777 24777 532939872 532939872 882671202.366667 1089889602.384741 0.000000 35624.619702 1089889602.384741
624 242 0 242 24777 24777 532939872 532939872 921870049.557105 1089892257.044103 0.000000 37206.685618 1089892257.044103
625 243 0 243 24777 24777 532939872 532939872 886677246.850382 1089891679.311739 0.000000 35786.303703 1089891679.311739
626 244 0 244 21141 21141 425391840 425391840 1429248641.304578 1089888828.205400 0.000000 67605.536224 1089888828.205400
627 245 0 245 24777 24777 532939872 532939872 2190157821.529943 1089888249.496775 0.000000 88394.794427 1089888249.496775
628 246 0 246 30231 30231 641195712 641195712 2997086256.684958 1089886595.979070 0.000000 99139.501065 1089886595.979070
629 247 0 247 30231 30231 641195712 641195712 2403473239.154245 1089886016.304738 0.000000 79503.596942 1089886016.304738
630 248 0 248 30231 30231 641195712 641195712 2542156742.582760 1089887119.582991 0.000000 84091.056948 1089887119.582991
631 249 0 249 24777 24777 532939872 532939872 2232405935.699730 1089886539.854856 0.000000 90099.928793 1089886539.854856
632 250 0 250 24777 24777 532939872 532939872 2407297177.563946 1089888283.377350 0.000000 97158.541291 1089888283.377350
633 251 0 251 30231 30231 641195712 641195712 2374888989.158510 1089886049.144976 0.000000 78558.069173 1089886049.144976
634 252 0 252 30231 30231 641195712 641195712 2650799428.395695 1089890264.413523 0.000000 87684.807925 1089890264.413523
635 253 0 253 30231 30231 641195712 641195712 2862559183.825649 1089891345.728990 0.000000 94689.530079 1089891345.728990
636 254 0 254 24777 24777 532939872 532939872 2421825329.964437 1089890516.708559 0.000000 97744.897686 1089890516.708559
637 255 0 255 24777 24777 532939872 532939872 1873299559.309266 1089889939.545577 0.000000 75606.391384 1089889939.545577
638 256 0 256 30231 30231 641195712 641195712 2648178193.228759 1089893325.893927 0.000000 87598.101063 1089893325.893927
639 257 0 257 30231 30231 641195712 641195712 2513164835.663486 1089892748.537512 0.000000 83132.044447 1089892748.537512
640 258 0 258 30231 30231 641195712 641195712 2634815492.393947 1089895403.204910 0.000000 87156.081254 1089895403.204910
641 259 0 259 24777 24777 532939872 532939872 1545496025.938977 1089894826.291789 0.000000 62376.237072 1089894826.291789
642 260 0 260 24777 24777 532939872 532939872 2413843223.294437 1089892260.399528 0.000000 97422.739771 1089892260.399528
643 261 0 261 30231 30231 641195712 641195712 2918811643.475218 1089891431.214603 0.000000 96550.284260 1089891431.214603
644 262 0 262 30231 30231 641195712 641195712 2822262346.822669 1089890854.053946 0.000000 93356.566003 1089890854.053946
645 263 0 263 30231 30231 641195712 641195712 2305685077.662240 1089889990.871956 0.000000 76268.898735 1089889990.871956
646 264 0 264 24777 24777 532939872 532939872 2379344871.728689 1089892258.197557 0.000000 96030.385911 1089892258.197557
647 265 0 265 21141 21141 425391840 425391840 1759460899.373077 1089891343.018040 0.000000 83225.055550 1089891343.018040
648 266 0 266 24777 24777 532939872 532939872 2374799026.455433 1089888860.238122 0.000000 95846.915545 1089888860.238122
649 267 0 267 24777 24777 532939872 532939872 2459865200.450287 1089888282.012765 0.000000 99280.187289 1089888282.012765
650 268 0 268 24777 24777 532939872 532939872 1243284540.333992 1089887456.550422 0.000000 50178.978098 1089887456.550422
651 269 0 269 21141 21141 425391840 425391840 890601130.307853 1089888620.525409 0.000000 42126.726754 1089888620.525409
699 270 0 270 18717 18717 318546768 318546768 1533498664.014807 1089889198.687849 0.000000 81930.793611 1089889198.687849
700 271 0 271 21141 21141 425391840 425391840 1704079741.495599 1089889782.116053 0.000000 80605.446360 1089889782.116053
701 272 0 272 21141 21141 425391840 425391840 1599224980.793098 1089888042.695550 0.000000 75645.663913 1089888042.695550
702 273 0 273 21141 21141 425391840 425391840 1376785011.352855 1089888957.619060 0.000000 65123.930342 1089888957.619060
703 274 0 274 18717 18717 318546768 318546768 1029848776.348823 1089889936.781392 0.000000 55022.106980 1089889936.781392
704 275 0 275 21141 21141 425391840 425391840 1281066635.069460 1089888534.139332 0.000000 60596.312146 1089888534.139332
705 276 0 276 24777 24777 532939872 532939872 1366970173.022688 1089886877.778376 0.000000 55170.931631 1089886877.778376
706 277 0 277 24777 24777 532939872 532939872 1323491959.482526 1089888039.598175 0.000000 53416.150441 1089888039.598175
707 278 0 278 24777 24777 532939872 532939872 1397243483.627540 1089886522.051464 0.000000 56392.762789 1089886522.051464
708 279 0 279 21141 21141 425391840 425391840 1286262104.024658 1089887436.941824 0.000000 60842.065372 1089887436.941824
709 280 0 280 21141 21141 425391840 425391840 1216252082.571921 1089884800.598657 0.000000 57530.489692 1089884800.598657
710 281 0 281 24777 24777 532939872 532939872 1253137887.113734 1089885808.161107 0.000000 50576.659285 1089885808.161107
711 282 0 282 24777 24777 532939872 532939872 1451995780.439813 1089885964.615508 0.000000 58602.566107 1089885964.615508
712 283 0 283 24777 24777 532939872 532939872 1356757154.788304 1089884558.439145 0.000000 54758.734100 1089884558.439145
713 284 0 284 21141 21141 425391840 425391840 1174672039.015664 1089889773.053440 0.000000 55563.693251 1089889773.053440
714 285 0 285 21141 21141 425391840 425391840 1109860559.268640 1089891766.089919 0.000000 52498.016143 1089891766.089919
715 286 0 286 24777 24777 532939872 532939872 1410339369.391524 1089890852.399678 0.000000 56921.312887 1089890852.399678
716 287 0 287 24777 24777 532939872 532939872 1459387849.748336 1089892438.898134 0.000000 58900.910108 1089892438.898134
717 288 0 288 24777 24777 532939872 532939872 1263796423.022914 1089890851.265916 0.000000 51006.837915 1089890851.265916
718 289 0 289 21141 21141 425391840 425391840 1096610560.410181 1089892681.011275 0.000000 51871.271955 1089892681.011275
719 290 0 290 21141 21141 425391840 425391840 1219427993.597695 1089892594.111138 0.000000 57680.714895 1089892594.111138
720 291 0 291 24777 24777 532939872 532939872 1490437382.255102 1089891679.474421 0.000000 60154.069591 1089891679.474421
721 292 0 292 24777 24777 532939872 532939872 1350084345.782008 1089891524.019787 0.000000 54489.419453 1089891524.019787
722 293 0 293 24777 24777 532939872 532939872 1306157855.349322 1089892014.009361 0.000000 52716.545803 1089892014.009361
723 294 0 294 21141 21141 425391840 425391840 1183048989.228623 1089889446.707293 0.000000 55959.935161 1089889446.707293
724 295 0 295 18717 18717 318546768 318546768 1000782236.483692 1089890609.854450 0.000000 53469.158331 1089890609.854450
725 296 0 296 21141 21141 425391840 425391840 1124474301.502128 1089889448.636469 0.000000 53189.267372 1089889448.636469
726 297 0 297 21141 21141 425391840 425391840 1168181866.052068 1089889782.563242 0.000000 55256.698645 1089889782.563242
727 298 0 298 21141 21141 425391840 425391840 544453583.836577 1089886541.228323 0.000000 25753.445146 1089886541.228323
728 299 0 299 18717 18717 318546768 318546768 393012218.897238 1089886049.338558 0.000000 20997.607464 1089886049.338558
776 300 -1 -1 0 0 0 0 0.000000 0.000000 0.000000 -nan 0.000000
777 301 -1 -1 0 0 0 0 0.000000 0.000000 0.000000 -nan 0.000000
778 302 -1 -1 0 0 0 0 0.000000 0.000000 0.000000 -nan 0.000000
779 303 -1 -1 0 0 0 0 0.000000 0.000000 0.000000 -nan 0.000000
780 304 -1 -1 0 0 0 0 0.000000 0.000000 0.000000 -nan 0.000000
781 305 -1 -1 0 0 0 0 0.000000 0.000000 0.000000 -nan 0.000000
782 306 -1 -1 0 0 0 0 0.000000 0.000000 0.000000 -nan 0.000000
783 307 -1 -1 0 0 0 0 0.000000 0.000000 0.000000 -nan 0.000000
784 308 -1 -1 0 0 0 0 0.000000 0.000000 0.000000 -nan 0.000000
785 309 -1 -1 0 0 0 0 0.000000 0.000000 0.000000 -nan 0.000000
786 310 -1 -1 0 0 0 0 0.000000 0.000000 0.000000 -nan 0.000000
787 311 -1 -1 0 0 0 0 0.000000 0.000000 0.000000 -nan 0.000000
788 312 -1 -1 0 0 0 0 0.000000 0.000000 0.000000 -nan 0.000000
789 313 -1 -1 0 0 0 0 0.000000 0.000000 0.000000 -nan 0.000000
790 314 -1 -1 0 0 0 0 0.000000 0.000000 0.000000 -nan 0.000000
791 315 -1 -1 0 0 0 0 0.000000 0.000000 0.000000 -nan 0.000000
792 316 -1 -1 0 0 0 0 0.000000 0.000000 0.000000 -nan 0.000000
793 317 -1 -1 0 0 0 0 0.000000 0.000000 0.000000 -nan 0.000000
794 318 -1 -1 0 0 0 0 0.000000 0.000000 0.000000 -nan 0.000000
795 319 -1 -1 0 0 0 0 0.000000 0.000000 0.000000 -nan 0.000000
796 320 -1 -1 0 0 0 0 0.000000 0.000000 0.000000 -nan 0.000000
797 321 -1 -1 0 0 0 0 0.000000 0.000000 0.000000 -nan 0.000000
798 322 -1 -1 0 0 0 0 0.000000 0.000000 0.000000 -nan 0.000000
799 323 -1 -1 0 0 0 0 0.000000 0.000000 0.000000 -nan 0.000000
800 324 -1 -1 0 0 0 0 0.000000 0.000000 0.000000 -nan 0.000000
801 325 -1 -1 0 0 0 0 0.000000 0.000000 0.000000 -nan 0.000000
802 326 -1 -1 0 0 0 0 0.000000 0.000000 0.000000 -nan 0.000000
803 327 -1 -1 0 0 0 0 0.000000 0.000000 0.000000 -nan 0.000000
804 328 -1 -1 0 0 0 0 0.000000 0.000000 0.000000 -nan 0.000000
805 329 -1 -1 0 0 0 0 0.000000 0.000000 0.000000 -nan 0.000000
853 330 -1 -1 0 0 0 0 0.000000 0.000000 0.000000 -nan 0.000000
854 331 -1 -1 0 0 0 0 0.000000 0.000000 0.000000 -nan 0.000000
855 332 -1 -1 0 0 0 0 0.000000 0.000000 0.000000 -nan 0.000000
856 333 -1 -1 0 0 0 0 0.000000 0.000000 0.000000 -nan 0.000000
857 334 -1 -1 0 0 0 0 0.000000 0.000000 0.000000 -nan 0.000000
858 335 -1 -1 0 0 0 0 0.000000 0.000000 0.000000 -nan 0.000000
859 336 -1 -1 0 0 0 0 0.000000 0.000000 0.000000 -nan 0.000000
860 337 -1 -1 0 0 0 0 0.000000 0.000000 0.000000 -nan 0.000000
861 338 -1 -1 0 0 0 0 0.000000 0.000000 0.000000 -nan 0.000000
862 339 -1 -1 0 0 0 0 0.000000 0.000000 0.000000 -nan 0.000000
863 340 -1 -1 0 0 0 0 0.000000 0.000000 0.000000 -nan 0.000000
864 341 -1 -1 0 0 0 0 0.000000 0.000000 0.000000 -nan 0.000000
865 342 -1 -1 0 0 0 0 0.000000 0.000000 0.000000 -nan 0.000000
866 343 -1 -1 0 0 0 0 0.000000 0.000000 0.000000 -nan 0.000000
867 344 -1 -1 0 0 0 0 0.000000 0.000000 0.000000 -nan 0.000000
868 345 -1 -1 0 0 0 0 0.000000 0.000000 0.000000 -nan 0.000000
869 346 -1 -1 0 0 0 0 0.000000 0.000000 0.000000 -nan 0.000000
870 347 -1 -1 0 0 0 0 0.000000 0.000000 0.000000 -nan 0.000000
871 348 -1 -1 0 0 0 0 0.000000 0.000000 0.000000 -nan 0.000000
872 349 -1 -1 0 0 0 0 0.000000 0.000000 0.000000 -nan 0.000000
873 350 -1 -1 0 0 0 0 0.000000 0.000000 0.000000 -nan 0.000000
874 351 -1 -1 0 0 0 0 0.000000 0.000000 0.000000 -nan 0.000000
875 352 -1 -1 0 0 0 0 0.000000 0.000000 0.000000 -nan 0.000000
876 353 -1 -1 0 0 0 0 0.000000 0.000000 0.000000 -nan 0.000000
877 354 -1 -1 0 0 0 0 0.000000 0.000000 0.000000 -nan 0.000000
878 355 -1 -1 0 0 0 0 0.000000 0.000000 0.000000 -nan 0.000000
879 356 -1 -1 0 0 0 0 0.000000 0.000000 0.000000 -nan 0.000000
880 357 -1 -1 0 0 0 0 0.000000 0.000000 0.000000 -nan 0.000000
881 358 -1 -1 0 0 0 0 0.000000 0.000000 0.000000 -nan 0.000000
882 359 -1 -1 0 0 0 0 0.000000 0.000000 0.000000 -nan 0.000000
930 360 -1 -1 0 0 0 0 0.000000 0.000000 0.000000 -nan 0.000000
931 361 -1 -1 0 0 0 0 0.000000 0.000000 0.000000 -nan 0.000000
932 362 -1 -1 0 0 0 0 0.000000 0.000000 0.000000 -nan 0.000000
933 363 -1 -1 0 0 0 0 0.000000 0.000000 0.000000 -nan 0.000000
934 364 -1 -1 0 0 0 0 0.000000 0.000000 0.000000 -nan 0.000000
935 365 -1 -1 0 0 0 0 0.000000 0.000000 0.000000 -nan 0.000000
936 366 -1 -1 0 0 0 0 0.000000 0.000000 0.000000 -nan 0.000000
937 367 -1 -1 0 0 0 0 0.000000 0.000000 0.000000 -nan 0.000000
938 368 -1 -1 0 0 0 0 0.000000 0.000000 0.000000 -nan 0.000000
939 369 -1 -1 0 0 0 0 0.000000 0.000000 0.000000 -nan 0.000000
940 370 -1 -1 0 0 0 0 0.000000 0.000000 0.000000 -nan 0.000000
941 371 -1 -1 0 0 0 0 0.000000 0.000000 0.000000 -nan 0.000000
942 372 -1 -1 0 0 0 0 0.000000 0.000000 0.000000 -nan 0.000000
943 373 -1 -1 0 0 0 0 0.000000 0.000000 0.000000 -nan 0.000000
944 374 -1 -1 0 0 0 0 0.000000 0.000000 0.000000 -nan 0.000000
945 375 -1 -1 0 0 0 0 0.000000 0.000000 0.000000 -nan 0.000000
946 376 -1 -1 0 0 0 0 0.000000 0.000000 0.000000 -nan 0.000000
947 377 -1 -1 0 0 0 0 0.000000 0.000000 0.000000 -nan 0.000000
948 378 -1 -1 0 0 0 0 0.000000 0.000000 0.000000 -nan 0.000000
949 379 -1 -1 0 0 0 0 0.000000 0.000000 0.000000 -nan 0.000000
950 380 -1 -1 0 0 0 0 0.000000 0.000000 0.000000 -nan 0.000000
951 381 -1 -1 0 0 0 0 0.000000 0.000000 0.000000 -nan 0.000000
952 382 -1 -1 0 0 0 0 0.000000 0.000000 0.000000 -nan 0.000000
953 383 -1 -1 0 0 0 0 0.000000 0.000000 0.000000 -nan 0.000000
954 384 -1 -1 0 0 0 0 0.000000 0.000000 0.000000 -nan 0.000000
955 385 -1 -1 0 0 0 0 0.000000 0.000000 0.000000 -nan 0.000000
956 386 -1 -1 0 0 0 0 0.000000 0.000000 0.000000 -nan 0.000000
957 387 -1 -1 0 0 0 0 0.000000 0.000000 0.000000 -nan 0.000000
958 388 -1 -1 0 0 0 0 0.000000 0.000000 0.000000 -nan 0.000000
959 389 -1 -1 0 0 0 0 0.000000 0.000000 0.000000 -nan 0.000000
1007 390 -1 -1 0 0 0 0 0.000000 0.000000 0.000000 -nan 0.000000
1008 391 -1 -1 0 0 0 0 0.000000 0.000000 0.000000 -nan 0.000000
1009 392 -1 -1 0 0 0 0 0.000000 0.000000 0.000000 -nan 0.000000
1010 393 -1 -1 0 0 0 0 0.000000 0.000000 0.000000 -nan 0.000000
1011 394 -1 -1 0 0 0 0 0.000000 0.000000 0.000000 -nan 0.000000
1012 395 -1 -1 0 0 0 0 0.000000 0.000000 0.000000 -nan 0.000000
1013 396 -1 -1 0 0 0 0 0.000000 0.000000 0.000000 -nan 0.000000
1014 397 -1 -1 0 0 0 0 0.000000 0.000000 0.000000 -nan 0.000000
1015 398 -1 -1 0 0 0 0 0.000000 0.000000 0.000000 -nan 0.000000
1016 399 -1 -1 0 0 0 0 0.000000 0.000000 0.000000 -nan 0.000000
1017 400 -1 -1 0 0 0 0 0.000000 0.000000 0.000000 -nan 0.000000
1018 401 -1 -1 0 0 0 0 0.000000 0.000000 0.000000 -nan 0.000000
1019 402 -1 -1 0 0 0 0 0.000000 0.000000 0.000000 -nan 0.000000
1020 403 -1 -1 0 0 0 0 0.000000 0.000000 0.000000 -nan 0.000000
1021 404 -1 -1 0 0 0 0 0.000000 0.000000 0.000000 -nan 0.000000
1022 405 -1 -1 0 0 0 0 0.000000 0.000000 0.000000 -nan 0.000000
1023 406 -1 -1 0 0 0 0 0.000000 0.000000 0.000000 -nan 0.000000
1024 407 -1 -1 0 0 0 0 0.000000 0.000000 0.000000 -nan 0.000000
1025 408 -1 -1 0 0 0 0 0.000000 0.000000 0.000000 -nan 0.000000
1026 409 -1 -1 0 0 0 0 0.000000 0.000000 0.000000 -nan 0.000000
1027 410 -1 -1 0 0 0 0 0.000000 0.000000 0.000000 -nan 0.000000
1028 411 -1 -1 0 0 0 0 0.000000 0.000000 0.000000 -nan 0.000000
1029 412 -1 -1 0 0 0 0 0.000000 0.000000 0.000000 -nan 0.000000
1030 413 -1 -1 0 0 0 0 0.000000 0.000000 0.000000 -nan 0.000000
1031 414 -1 -1 0 0 0 0 0.000000 0.000000 0.000000 -nan 0.000000
1032 415 -1 -1 0 0 0 0 0.000000 0.000000 0.000000 -nan 0.000000
1033 416 -1 -1 0 0 0 0 0.000000 0.000000 0.000000 -nan 0.000000
1034 417 -1 -1 0 0 0 0 0.000000 0.000000 0.000000 -nan 0.000000
1035 418 -1 -1 0 0 0 0 0.000000 0.000000 0.000000 -nan 0.000000
1036 419 -1 -1 0 0 0 0 0.000000 0.000000 0.000000 -nan 0.000000
1084 420 -1 -1 0 0 0 0 0.000000 0.000000 0.000000 -nan 0.000000
1085 421 -1 -1 0 0 0 0 0.000000 0.000000 0.000000 -nan 0.000000
1086 422 -1 -1 0 0 0 0 0.000000 0.000000 0.000000 -nan 0.000000
1087 423 -1 -1 0 0 0 0 0.000000 0.000000 0.000000 -nan 0.000000
1088 424 -1 -1 0 0 0 0 0.000000 0.000000 0.000000 -nan 0.000000
1089 425 -1 -1 0 0 0 0 0.000000 0.000000 0.000000 -nan 0.000000
1090 426 -1 -1 0 0 0 0 0.000000 0.000000 0.000000 -nan 0.000000
1091 427 -1 -1 0 0 0 0 0.000000 0.000000 0.000000 -nan 0.000000
1092 428 -1 -1 0 0 0 0 0.000000 0.000000 0.000000 -nan 0.000000
1093 429 -1 -1 0 0 0 0 0.000000 0.000000 0.000000 -nan 0.000000
1094 430 -1 -1 0 0 0 0 0.000000 0.000000 0.000000 -nan 0.000000
1095 431 -1 -1 0 0 0 0 0.000000 0.000000 0.000000 -nan 0.000000
1096 432 -1 -1 0 0 0 0 0.000000 0.000000 0.000000 -nan 0.000000
1097 433 -1 -1 0 0 0 0 0.000000 0.000000 0.000000 -nan 0.000000
1098 434 -1 -1 0 0 0 0 0.000000 0.000000 0.000000 -nan 0.000000
1099 435 -1 -1 0 0 0 0 0.000000 0.000000 0.000000 -nan 0.000000
1100 436 -1 -1 0 0 0 0 0.000000 0.000000 0.000000 -nan 0.000000
1101 437 -1 -1 0 0 0 0 0.000000 0.000000 0.000000 -nan 0.000000
1102 438 -1 -1 0 0 0 0 0.000000 0.000000 0.000000 -nan 0.000000
1103 439 -1 -1 0 0 0 0 0.000000 0.000000 0.000000 -nan 0.000000
1104 440 -1 -1 0 0 0 0 0.000000 0.000000 0.000000 -nan 0.000000
1105 441 -1 -1 0 0 0 0 0.000000 0.000000 0.000000 -nan 0.000000
1106 442 -1 -1 0 0 0 0 0.000000 0.000000 0.000000 -nan 0.000000
1107 443 -1 -1 0 0 0 0 0.000000 0.000000 0.000000 -nan 0.000000
1108 444 -1 -1 0 0 0 0 0.000000 0.000000 0.000000 -nan 0.000000
1109 445 -1 -1 0 0 0 0 0.000000 0.000000 0.000000 -nan 0.000000
1110 446 -1 -1 0 0 0 0 0.000000 0.000000 0.000000 -nan 0.000000
1111 447 -1 -1 0 0 0 0 0.000000 0.000000 0.000000 -nan 0.000000
1112 448 -1 -1 0 0 0 0 0.000000 0.000000 0.000000 -nan 0.000000
1113 449 -1 -1 0 0 0 0 0.000000 0.000000 0.000000 -nan 0.000000
1161 450 -1 -1 0 0 0 0 0.000000 0.000000 0.000000 -nan 0.000000
1162 451 -1 -1 0 0 0 0 0.000000 0.000000 0.000000 -nan 0.000000
1163 452 -1 -1 0 0 0 0 0.000000 0.000000 0.000000 -nan 0.000000
1164 453 -1 -1 0 0 0 0 0.000000 0.000000 0.000000 -nan 0.000000
1165 454 -1 -1 0 0 0 0 0.000000 0.000000 0.000000 -nan 0.000000
1166 455 -1 -1 0 0 0 0 0.000000 0.000000 0.000000 -nan 0.000000
1167 456 -1 -1 0 0 0 0 0.000000 0.000000 0.000000 -nan 0.000000
1168 457 -1 -1 0 0 0 0 0.000000 0.000000 0.000000 -nan 0.000000
1169 458 -1 -1 0 0 0 0 0.000000 0.000000 0.000000 -nan 0.000000
1170 459 -1 -1 0 0 0 0 0.000000 0.000000 0.000000 -nan 0.000000
1171 460 -1 -1 0 0 0 0 0.000000 0.000000 0.000000 -nan 0.000000
1172 461 -1 -1 0 0 0 0 0.000000 0.000000 0.000000 -nan 0.000000
1173 462 -1 -1 0 0 0 0 0.000000 0.000000 0.000000 -nan 0.000000
1174 463 -1 -1 0 0 0 0 0.000000 0.000000 0.000000 -nan 0.000000
1175 464 -1 -1 0 0 0 0 0.000000 0.000000 0.000000 -nan 0.000000
1176 465 -1 -1 0 0 0 0 0.000000 0.000000 0.000000 -nan 0.000000
1177 466 -1 -1 0 0 0 0 0.000000 0.000000 0.000000 -nan 0.000000
1178 467 -1 -1 0 0 0 0 0.000000 0.000000 0.000000 -nan 0.000000
1179 468 -1 -1 0 0 0 0 0.000000 0.000000 0.000000 -nan 0.000000
1180 469 -1 -1 0 0 0 0 0.000000 0.000000 0.000000 -nan 0.000000
1181 470 -1 -1 0 0 0 0 0.000000 0.000000 0.000000 -nan 0.000000
1182 471 -1 -1 0 0 0 0 0.000000 0.000000 0.000000 -nan 0.000000
1183 472 -1 -1 0 0 0 0 0.000000 0.000000 0.000000 -nan 0.000000
1184 473 -1 -1 0 0 0 0 0.000000 0.000000 0.000000 -nan 0.000000
1185 474 -1 -1 0 0 0 0 0.000000 0.000000 0.000000 -nan 0.000000
1186 475 -1 -1 0 0 0 0 0.000000 0.000000 0.000000 -nan 0.000000
1187 476 -1 -1 0 0 0 0 0.000000 0.000000 0.000000 -nan 0.000000
1188 477 -1 -1 0 0 0 0 0.000000 0.000000 0.000000 -nan 0.000000
1189 478 -1 -1 0 0 0 0 0.000000 0.000000 0.000000 -nan 0.000000
1190 479 -1 -1 0 0 0 0 0.000000 0.000000 0.000000 -nan 0.000000
1238 480 -1 -1 0 0 0 0 0.000000 0.000000 0.000000 -nan 0.000000
1239 481 -1 -1 0 0 0 0 0.000000 0.000000 0.000000 -nan 0.000000
1240 482 -1 -1 0 0 0 0 0.000000 0.000000 0.000000 -nan 0.000000
1241 483 -1 -1 0 0 0 0 0.000000 0.000000 0.000000 -nan 0.000000
1242 484 -1 -1 0 0 0 0 0.000000 0.000000 0.000000 -nan 0.000000
1243 485 -1 -1 0 0 0 0 0.000000 0.000000 0.000000 -nan 0.000000
1244 486 -1 -1 0 0 0 0 0.000000 0.000000 0.000000 -nan 0.000000
1245 487 -1 -1 0 0 0 0 0.000000 0.000000 0.000000 -nan 0.000000
1246 488 -1 -1 0 0 0 0 0.000000 0.000000 0.000000 -nan 0.000000
1247 489 -1 -1 0 0 0 0 0.000000 0.000000 0.000000 -nan 0.000000
1248 490 -1 -1 0 0 0 0 0.000000 0.000000 0.000000 -nan 0.000000
1249 491 -1 -1 0 0 0 0 0.000000 0.000000 0.000000 -nan 0.000000
1250 492 -1 -1 0 0 0 0 0.000000 0.000000 0.000000 -nan 0.000000
1251 493 -1 -1 0 0 0 0 0.000000 0.000000 0.000000 -nan 0.000000
1252 494 -1 -1 0 0 0 0 0.000000 0.000000 0.000000 -nan 0.000000
1253 495 -1 -1 0 0 0 0 0.000000 0.000000 0.000000 -nan 0.000000
1254 496 -1 -1 0 0 0 0 0.000000 0.000000 0.000000 -nan 0.000000
1255 497 -1 -1 0 0 0 0 0.000000 0.000000 0.000000 -nan 0.000000
1256 498 -1 -1 0 0 0 0 0.000000 0.000000 0.000000 -nan 0.000000
1257 499 -1 -1 0 0 0 0 0.000000 0.000000 0.000000 -nan 0.000000
1258 500 -1 -1 0 0 0 0 0.000000 0.000000 0.000000 -nan 0.000000
1259 501 -1 -1 0 0 0 0 0.000000 0.000000 0.000000 -nan 0.000000
1260 502 -1 -1 0 0 0 0 0.000000 0.000000 0.000000 -nan 0.000000
1261 503 -1 -1 0 0 0 0 0.000000 0.000000 0.000000 -nan 0.000000
1262 504 -1 -1 0 0 0 0 0.000000 0.000000 0.000000 -nan 0.000000
1263 505 -1 -1 0 0 0 0 0.000000 0.000000 0.000000 -nan 0.000000
1264 506 -1 -1 0 0 0 0 0.000000 0.000000 0.000000 -nan 0.000000
1265 507 -1 -1 0 0 0 0 0.000000 0.000000 0.000000 -nan 0.000000
1266 508 -1 -1 0 0 0 0 0.000000 0.000000 0.000000 -nan 0.000000
1267 509 -1 -1 0 0 0 0 0.000000 0.000000 0.000000 -nan 0.000000
1315 510 -1 -1 0 0 0 0 0.000000 0.000000 0.000000 -nan 0.000000
1316 511 -1 -1 0 0 0 0 0.000000 0.000000 0.000000 -nan 0.000000
1317 512 -1 -1 0 0 0 0 0.000000 0.000000 0.000000 -nan 0.000000
1318 513 -1 -1 0 0 0 0 0.000000 0.000000 0.000000 -nan 0.000000
1319 514 -1 -1 0 0 0 0 0.000000 0.000000 0.000000 -nan 0.000000
1320 515 -1 -1 0 0 0 0 0.000000 0.000000 0.000000 -nan 0.000000
1321 516 -1 -1 0 0 0 0 0.000000 0.000000 0.000000 -nan 0.000000
1322 517 -1 -1 0 0 0 0 0.000000 0.000000 0.000000 -nan 0.000000
1323 518 -1 -1 0 0 0 0 0.000000 0.000000 0.000000 -nan 0.000000
1324 519 -1 -1 0 0 0 0 0.000000 0.000000 0.000000 -nan 0.000000
1325 520 -1 -1 0 0 0 0 0.000000 0.000000 0.000000 -nan 0.000000
1326 521 -1 -1 0 0 0 0 0.000000 0.000000 0.000000 -nan 0.000000
1327 522 -1 -1 0 0 0 0 0.000000 0.000000 0.000000 -nan 0.000000
1328 523 -1 -1 0 0 0 0 0.000000 0.000000 0.000000 -nan 0.000000
1329 524 -1 -1 0 0 0 0 0.000000 0.000000 0.000000 -nan 0.000000
1330 525 -1 -1 0 0 0 0 0.000000 0.000000 0.000000 -nan 0.000000
1331 526 -1 -1 0 0 0 0 0.000000 0.000000 0.000000 -nan 0.000000
1332 527 -1 -1 0 0 0 0 0.000000 0.000000 0.000000 -nan 0.000000
1333 528 -1 -1 0 0 0 0 0.000000 0.000000 0.000000 -nan 0.000000
1334 529 -1 -1 0 0 0 0 0.000000 0.000000 0.000000 -nan 0.000000
1335 530 -1 -1 0 0 0 0 0.000000 0.000000 0.000000 -nan 0.000000
1336 531 -1 -1 0 0 0 0 0.000000 0.000000 0.000000 -nan 0.000000
1337 532 -1 -1 0 0 0 0 0.000000 0.000000 0.000000 -nan 0.000000
1338 533 -1 -1 0 0 0 0 0.000000 0.000000 0.000000 -nan 0.000000
1339 534 -1 -1 0 0 0 0 0.000000 0.000000 0.000000 -nan 0.000000
1340 535 -1 -1 0 0 0 0 0.000000 0.000000 0.000000 -nan 0.000000
1341 536 -1 -1 0 0 0 0 0.000000 0.000000 0.000000 -nan 0.000000
1342 537 -1 -1 0 0 0 0 0.000000 0.000000 0.000000 -nan 0.000000
1343 538 -1 -1 0 0 0 0 0.000000 0.000000 0.000000 -nan 0.000000
1344 539 -1 -1 0 0 0 0 0.000000 0.000000 0.000000 -nan 0.000000
1392 540 -1 -1 0 0 0 0 0.000000 0.000000 0.000000 -nan 0.000000
1393 541 -1 -1 0 0 0 0 0.000000 0.000000 0.000000 -nan 0.000000
1394 542 -1 -1 0 0 0 0 0.000000 0.000000 0.000000 -nan 0.000000
1395 543 -1 -1 0 0 0 0 0.000000 0.000000 0.000000 -nan 0.000000
1396 544 -1 -1 0 0 0 0 0.000000 0.000000 0.000000 -nan 0.000000
1397 545 -1 -1 0 0 0 0 0.000000 0.000000 0.000000 -nan 0.000000
1398 546 -1 -1 0 0 0 0 0.000000 0.000000 0.000000 -nan 0.000000
1399 547 -1 -1 0 0 0 0 0.000000 0.000000 0.000000 -nan 0.000000
1400 548 -1 -1 0 0 0 0 0.000000 0.000000 0.000000 -nan 0.000000
1401 549 -1 -1 0 0 0 0 0.000000 0.000000 0.000000 -nan 0.000000
1402 550 -1 -1 0 0 0 0 0.000000 0.000000 0.000000 -nan 0.000000
1403 551 -1 -1 0 0 0 0 0.000000 0.000000 0.000000 -nan 0.000000
1404 552 -1 -1 0 0 0 0 0.000000 0.000000 0.000000 -nan 0.000000
1405 553 -1 -1 0 0 0 0 0.000000 0.000000 0.000000 -nan 0.000000
1406 554 -1 -1 0 0 0 0 0.000000 0.000000 0.000000 -nan 0.000000
1407 555 -1 -1 0 0 0 0 0.000000 0.000000 0.000000 -nan 0.000000
1408 556 -1 -1 0 0 0 0 0.000000 0.000000 0.000000 -nan 0.000000
1409 557 -1 -1 0 0 0 0 0.000000 0.000000 0.000000 -nan 0.000000
1410 558 -1 -1 0 0 0 0 0.000000 0.000000 0.000000 -nan 0.000000
1411 559 -1 -1 0 0 0 0 0.000000 0.000000 0.000000 -nan 0.000000
1412 560 -1 -1 0 0 0 0 0.000000 0.000000 0.000000 -nan 0.000000
1413 561 -1 -1 0 0 0 0 0.000000 0.000000 0.000000 -nan 0.000000
1414 562 -1 -1 0 0 0 0 0.000000 0.000000 0.000000 -nan 0.000000
1415 563 -1 -1 0 0 0 0 0.000000 0.000000 0.000000 -nan 0.000000
1416 564 -1 -1 0 0 0 0 0.000000 0.000000 0.000000 -nan 0.000000
1417 565 -1 -1 0 0 0 0 0.000000 0.000000 0.000000 -nan 0.000000
1418 566 -1 -1 0 0 0 0 0.000000 0.000000 0.000000 -nan 0.000000
1419 567 -1 -1 0 0 0 0 0.000000 0.000000 0.000000 -nan 0.000000
1420 568 -1 -1 0 0 0 0 0.000000 0.000000 0.000000 -nan 0.000000
1421 569 -1 -1 0 0 0 0 0.000000 0.000000 0.000000 -nan 0.000000
1469 570 -1 -1 0 0 0 0 0.000000 0.000000 0.000000 -nan 0.000000
1470 571 -1 -1 0 0 0 0 0.000000 0.000000 0.000000 -nan 0.000000
1471 572 -1 -1 0 0 0 0 0.000000 0.000000 0.000000 -nan 0.000000
1472 573 -1 -1 0 0 0 0 0.000000 0.000000 0.000000 -nan 0.000000
1473 574 -1 -1 0 0 0 0 0.000000 0.000000 0.000000 -nan 0.000000
1474 575 -1 -1 0 0 0 0 0.000000 0.000000 0.000000 -nan 0.000000
1475 576 -1 -1 0 0 0 0 0.000000 0.000000 0.000000 -nan 0.000000
1476 577 -1 -1 0 0 0 0 0.000000 0.000000 0.000000 -nan 0.000000
1477 578 -1 -1 0 0 0 0 0.000000 0.000000 0.000000 -nan 0.000000
1478 579 -1 -1 0 0 0 0 0.000000 0.000000 0.000000 -nan 0.000000
1479 580 -1 -1 0 0 0 0 0.000000 0.000000 0.000000 -nan 0.000000
1480 581 -1 -1 0 0 0 0 0.000000 0.000000 0.000000 -nan 0.000000
1481 582 -1 -1 0 0 0 0 0.000000 0.000000 0.000000 -nan 0.000000
1482 583 -1 -1 0 0 0 0 0.000000 0.000000 0.000000 -nan 0.000000
1483 584 -1 -1 0 0 0 0 0.000000 0.000000 0.000000 -nan 0.000000
1484 585 -1 -1 0 0 0 0 0.000000 0.000000 0.000000 -nan 0.000000
1485 586 -1 -1 0 0 0 0 0.000000 0.000000 0.000000 -nan 0.000000
1486 587 -1 -1 0 0 0 0 0.000000 0.000000 0.000000 -nan 0.000000
1487 588 -1 -1 0 0 0 0 0.000000 0.000000 0.000000 -nan 0.000000
1488 589 -1 -1 0 0 0 0 0.000000 0.000000 0.000000 -nan 0.000000
1489 590 -1 -1 0 0 0 0 0.000000 0.000000 0.000000 -nan 0.000000
1490 591 -1 -1 0 0 0 0 0.000000 0.000000 0.000000 -nan 0.000000
1491 592 -1 -1 0 0 0 0 0.000000 0.000000 0.000000 -nan 0.000000
1492 593 -1 -1 0 0 0 0 0.000000 0.000000 0.000000 -nan 0.000000
1493 594 -1 -1 0 0 0 0 0.000000 0.000000 0.000000 -nan 0.000000
1494 595 -1 -1 0 0 0 0 0.000000 0.000000 0.000000 -nan 0.000000
1495 596 -1 -1 0 0 0 0 0.000000 0.000000 0.000000 -nan 0.000000
1496 597 -1 -1 0 0 0 0 0.000000 0.000000 0.000000 -nan 0.000000
1497 598 -1 -1 0 0 0 0 0.000000 0.000000 0.000000 -nan 0.000000
1498 599 -1 -1 0 0 0 0 0.000000 0.000000 0.000000 -nan 0.000000
1546 600 -1 -1 0 0 0 0 0.000000 0.000000 0.000000 -nan 0.000000
1547 601 -1 -1 0 0 0 0 0.000000 0.000000 0.000000 -nan 0.000000
1548 602 -1 -1 0 0 0 0 0.000000 0.000000 0.000000 -nan 0.000000
1549 603 -1 -1 0 0 0 0 0.000000 0.000000 0.000000 -nan 0.000000
1550 604 -1 -1 0 0 0 0 0.000000 0.000000 0.000000 -nan 0.000000
1551 605 -1 -1 0 0 0 0 0.000000 0.000000 0.000000 -nan 0.000000
1552 606 -1 -1 0 0 0 0 0.000000 0.000000 0.000000 -nan 0.000000
1553 607 -1 -1 0 0 0 0 0.000000 0.000000 0.000000 -nan 0.000000
1554 608 -1 -1 0 0 0 0 0.000000 0.000000 0.000000 -nan 0.000000
1555 609 -1 -1 0 0 0 0 0.000000 0.000000 0.000000 -nan 0.000000
1556 610 -1 -1 0 0 0 0 0.000000 0.000000 0.000000 -nan 0.000000
1557 611 -1 -1 0 0 0 0 0.000000 0.000000 0.000000 -nan 0.000000
1558 612 -1 -1 0 0 0 0 0.000000 0.000000 0.000000 -nan 0.000000
1559 613 -1 -1 0 0 0 0 0.000000 0.000000 0.000000 -nan 0.000000
1560 614 -1 -1 0 0 0 0 0.000000 0.000000 0.000000 -nan 0.000000
1561 615 -1 -1 0 0 0 0 0.000000 0.000000 0.000000 -nan 0.000000
1562 616 -1 -1 0 0 0 0 0.000000 0.000000 0.000000 -nan 0.000000
1563 617 -1 -1 0 0 0 0 0.000000 0.000000 0.000000 -nan 0.000000
1564 618 -1 -1 0 0 0 0 0.000000 0.000000 0.000000 -nan 0.000000
1565 619 -1 -1 0 0 0 0 0.000000 0.000000 0.000000 -nan 0.000000
1566 620 -1 -1 0 0 0 0 0.000000 0.000000 0.000000 -nan 0.000000
1567 621 -1 -1 0 0 0 0 0.000000 0.000000 0.000000 -nan 0.000000
1568 622 -1 -1 0 0 0 0 0.000000 0.000000 0.000000 -nan 0.000000
1569 623 -1 -1 0 0 0 0 0.000000 0.000000 0.000000 -nan 0.000000
1570 624 -1 -1 0 0 0 0 0.000000 0.000000 0.000000 -nan 0.000000
1571 625 -1 -1 0 0 0 0 0.000000 0.000000 0.000000 -nan 0.000000
1572 626 -1 -1 0 0 0 0 0.000000 0.000000 0.000000 -nan 0.000000
1573 627 -1 -1 0 0 0 0 0.000000 0.000000 0.000000 -nan 0.000000
1574 628 -1 -1 0 0 0 0 0.000000 0.000000 0.000000 -nan 0.000000
1575 629 -1 -1 0 0 0 0 0.000000 0.000000 0.000000 -nan 0.000000
1623 630 -1 -1 0 0 0 0 0.000000 0.000000 0.000000 -nan 0.000000
1624 631 -1 -1 0 0 0 0 0.000000 0.000000 0.000000 -nan 0.000000
1625 632 -1 -1 0 0 0 0 0.000000 0.000000 0.000000 -nan 0.000000
1626 633 -1 -1 0 0 0 0 0.000000 0.000000 0.000000 -nan 0.000000
1627 634 -1 -1 0 0 0 0 0.000000 0.000000 0.000000 -nan 0.000000
1628 635 -1 -1 0 0 0 0 0.000000 0.000000 0.000000 -nan 0.000000
1629 636 -1 -1 0 0 0 0 0.000000 0.000000 0.000000 -nan 0.000000
1630 637 -1 -1 0 0 0 0 0.000000 0.000000 0.000000 -nan 0.000000
1631 638 -1 -1 0 0 0 0 0.000000 0.000000 0.000000 -nan 0.000000
1632 639 -1 -1 0 0 0 0 0.000000 0.000000 0.000000 -nan 0.000000
1633 640 -1 -1 0 0 0 0 0.000000 0.000000 0.000000 -nan 0.000000
1634 641 -1 -1 0 0 0 0 0.000000 0.000000 0.000000 -nan 0.000000
1635 642 -1 -1 0 0 0 0 0.000000 0.000000 0.000000 -nan 0.000000
1636 643 -1 -1 0 0 0 0 0.000000 0.000000 0.000000 -nan 0.000000
1637 644 -1 -1 0 0 0 0 0.000000 0.000000 0.000000 -nan 0.000000
1638 645 -1 -1 0 0 0 0 0.000000 0.000000 0.000000 -nan 0.000000
1639 646 -1 -1 0 0 0 0 0.000000 0.000000 0.000000 -nan 0.000000
1640 647 -1 -1 0 0 0 0 0.000000 0.000000 0.000000 -nan 0.000000
1641 648 -1 -1 0 0 0 0 0.000000 0.000000 0.000000 -nan 0.000000
1642 649 -1 -1 0 0 0 0 0.000000 0.000000 0.000000 -nan 0.000000
1643 650 -1 -1 0 0 0 0 0.000000 0.000000 0.000000 -nan 0.000000
1644 651 -1 -1 0 0 0 0 0.000000 0.000000 0.000000 -nan 0.000000
1645 652 -1 -1 0 0 0 0 0.000000 0.000000 0.000000 -nan 0.000000
1646 653 -1 -1 0 0 0 0 0.000000 0.000000 0.000000 -nan 0.000000
1647 654 -1 -1 0 0 0 0 0.000000 0.000000 0.000000 -nan 0.000000
1648 655 -1 -1 0 0 0 0 0.000000 0.000000 0.000000 -nan 0.000000
1649 656 -1 -1 0 0 0 0 0.000000 0.000000 0.000000 -nan 0.000000
1650 657 -1 -1 0 0 0 0 0.000000 0.000000 0.000000 -nan 0.000000
1651 658 -1 -1 0 0 0 0 0.000000 0.000000 0.000000 -nan 0.000000
1652 659 -1 -1 0 0 0 0 0.000000 0.000000 0.000000 -nan 0.000000
1700 660 -1 -1 0 0 0 0 0.000000 0.000000 0.000000 -nan 0.000000
1701 661 -1 -1 0 0 0 0 0.000000 0.000000 0.000000 -nan 0.000000
1702 662 -1 -1 0 0 0 0 0.000000 0.000000 0.000000 -nan 0.000000
1703 663 -1 -1 0 0 0 0 0.000000 0.000000 0.000000 -nan 0.000000
1704 664 -1 -1 0 0 0 0 0.000000 0.000000 0.000000 -nan 0.000000
1705 665 -1 -1 0 0 0 0 0.000000 0.000000 0.000000 -nan 0.000000
1706 666 -1 -1 0 0 0 0 0.000000 0.000000 0.000000 -nan 0.000000
1707 667 -1 -1 0 0 0 0 0.000000 0.000000 0.000000 -nan 0.000000
1708 668 -1 -1 0 0 0 0 0.000000 0.000000 0.000000 -nan 0.000000
1709 669 -1 -1 0 0 0 0 0.000000 0.000000 0.000000 -nan 0.000000
1710 670 -1 -1 0 0 0 0 0.000000 0.000000 0.000000 -nan 0.000000
1711 671 -1 -1 0 0 0 0 0.000000 0.000000 0.000000 -nan 0.000000
1712 672 -1 -1 0 0 0 0 0.000000 0.000000 0.000000 -nan 0.000000
1713 673 -1 -1 0 0 0 0 0.000000 0.000000 0.000000 -nan 0.000000
1714 674 -1 -1 0 0 0 0 0.000000 0.000000 0.000000 -nan 0.000000
1715 675 -1 -1 0 0 0 0 0.000000 0.000000 0.000000 -nan 0.000000
1716 676 -1 -1 0 0 0 0 0.000000 0.000000 0.000000 -nan 0.000000
1717 677 -1 -1 0 0 0 0 0.000000 0.000000 0.000000 -nan 0.000000
1718 678 -1 -1 0 0 0 0 0.000000 0.000000 0.000000 -nan 0.000000
1719 679 -1 -1 0 0 0 0 0.000000 0.000000 0.000000 -nan 0.000000
1720 680 -1 -1 0 0 0 0 0.000000 0.000000 0.000000 -nan 0.000000
1721 681 -1 -1 0 0 0 0 0.000000 0.000000 0.000000 -nan 0.000000
1722 682 -1 -1 0 0 0 0 0.000000 0.000000 0.000000 -nan 0.000000
1723 683 -1 -1 0 0 0 0 0.000000 0.000000 0.000000 -nan 0.000000
1724 684 -1 -1 0 0 0 0 0.000000 0.000000 0.000000 -nan 0.000000
1725 685 -1 -1 0 0 0 0 0.000000 0.000000 0.000000 -nan 0.000000
1726 686 -1 -1 0 0 0 0 0.000000 0.000000 0.000000 -nan 0.000000
1727 687 -1 -1 0 0 0 0 0.000000 0.000000 0.000000 -nan 0.000000
1728 688 -1 -1 0 0 0 0 0.000000 0.000000 0.000000 -nan 0.000000
1729 689 -1 -1 0 0 0 0 0.000000 0.000000 0.000000 -nan 0.000000
1777 690 -1 -1 0 0 0 0 0.000000 0.000000 0.000000 -nan 0.000000
1778 691 -1 -1 0 0 0 0 0.000000 0.000000 0.000000 -nan 0.000000
1779 692 -1 -1 0 0 0 0 0.000000 0.000000 0.000000 -nan 0.000000
1780 693 -1 -1 0 0 0 0 0.000000 0.000000 0.000000 -nan 0.000000
1781 694 -1 -1 0 0 0 0 0.000000 0.000000 0.000000 -nan 0.000000
1782 695 -1 -1 0 0 0 0 0.000000 0.000000 0.000000 -nan 0.000000
1783 696 -1 -1 0 0 0 0 0.000000 0.000000 0.000000 -nan 0.000000
1784 697 -1 -1 0 0 0 0 0.000000 0.000000 0.000000 -nan 0.000000
1785 698 -1 -1 0 0 0 0 0.000000 0.000000 0.000000 -nan 0.000000
1786 699 -1 -1 0 0 0 0 0.000000 0.000000 0.000000 -nan 0.000000
1787 700 -1 -1 0 0 0 0 0.000000 0.000000 0.000000 -nan 0.000000
1788 701 -1 -1 0 0 0 0 0.000000 0.000000 0.000000 -nan 0.000000
1789 702 -1 -1 0 0 0 0 0.000000 0.000000 0.000000 -nan 0.000000
1790 703 -1 -1 0 0 0 0 0.000000 0.000000 0.000000 -nan 0.000000
1791 704 -1 -1 0 0 0 0 0.000000 0.000000 0.000000 -nan 0.000000
1792 705 -1 -1 0 0 0 0 0.000000 0.000000 0.000000 -nan 0.000000
1793 706 -1 -1 0 0 0 0 0.000000 0.000000 0.000000 -nan 0.000000
1794 707 -1 -1 0 0 0 0 0.000000 0.000000 0.000000 -nan 0.000000
1795 708 -1 -1 0 0 0 0 0.000000 0.000000 0.000000 -nan 0.000000
1796 709 -1 -1 0 0 0 0 0.000000 0.000000 0.000000 -nan 0.000000
1797 710 -1 -1 0 0 0 0 0.000000 0.000000 0.000000 -nan 0.000000
1798 711 -1 -1 0 0 0 0 0.000000 0.000000 0.000000 -nan 0.000000
1799 712 -1 -1 0 0 0 0 0.000000 0.000000 0.000000 -nan 0.000000
1800 713 -1 -1 0 0 0 0 0.000000 0.000000 0.000000 -nan 0.000000
1801 714 -1 -1 0 0 0 0 0.000000 0.000000 0.000000 -nan 0.000000
1802 715 -1 -1 0 0 0 0 0.000000 0.000000 0.000000 -nan 0.000000
1803 716 -1 -1 0 0 0 0 0.000000 0.000000 0.000000 -nan 0.000000
1804 717 -1 -1 0 0 0 0 0.000000 0.000000 0.000000 -nan 0.000000
1805 718 -1 -1 0 0 0 0 0.000000 0.000000 0.000000 -nan 0.000000
1806 719 -1 -1 0 0 0 0 0.000000 0.000000 0.000000 -nan 0.000000
1854 720 -1 -1 0 0 0 0 0.000000 0.000000 0.000000 -nan 0.000000
1855 721 -1 -1 0 0 0 0 0.000000 0.000000 0.000000 -nan 0.000000
1856 722 -1 -1 0 0 0 0 0.000000 0.000000 0.000000 -nan 0.000000
1857 723 -1 -1 0 0 0 0 0.000000 0.000000 0.000000 -nan 0.000000
1858 724 -1 -1 0 0 0 0 0.000000 0.000000 0.000000 -nan 0.000000
1859 725 -1 -1 0 0 0 0 0.000000 0.000000 0.000000 -nan 0.000000
1860 726 -1 -1 0 0 0 0 0.000000 0.000000 0.000000 -nan 0.000000
1861 727 -1 -1 0 0 0 0 0.000000 0.000000 0.000000 -nan 0.000000
1862 728 -1 -1 0 0 0 0 0.000000 0.000000 0.000000 -nan 0.000000
1863 729 -1 -1 0 0 0 0 0.000000 0.000000 0.000000 -nan 0.000000
1864 730 -1 -1 0 0 0 0 0.000000 0.000000 0.000000 -nan 0.000000
1865 731 -1 -1 0 0 0 0 0.000000 0.000000 0.000000 -nan 0.000000
1866 732 -1 -1 0 0 0 0 0.000000 0.000000 0.000000 -nan 0.000000
1867 733 -1 -1 0 0 0 0 0.000000 0.000000 0.000000 -nan 0.000000
1868 734 -1 -1 0 0 0 0 0.000000 0.000000 0.000000 -nan 0.000000
1869 735 -1 -1 0 0 0 0 0.000000 0.000000 0.000000 -nan 0.000000
1870 736 -1 -1 0 0 0 0 0.000000 0.000000 0.000000 -nan 0.000000
1871 737 -1 -1 0 0 0 0 0.000000 0.000000 0.000000 -nan 0.000000
1872 738 -1 -1 0 0 0 0 0.000000 0.000000 0.000000 -nan 0.000000
1873 739 -1 -1 0 0 0 0 0.000000 0.000000 0.000000 -nan 0.000000
1874 740 -1 -1 0 0 0 0 0.000000 0.000000 0.000000 -nan 0.000000
1875 741 -1 -1 0 0 0 0 0.000000 0.000000 0.000000 -nan 0.000000
1876 742 -1 -1 0 0 0 0 0.000000 0.000000 0.000000 -nan 0.000000
1877 743 -1 -1 0 0 0 0 0.000000 0.000000 0.000000 -nan 0.000000
1878 744 -1 -1 0 0 0 0 0.000000 0.000000 0.000000 -nan 0.000000
1879 745 -1 -1 0 0 0 0 0.000000 0.000000 0.000000 -nan 0.000000
1880 746 -1 -1 0 0 0 0 0.000000 0.000000 0.000000 -nan 0.000000
1881 747 -1 -1 0 0 0 0 0.000000 0.000000 0.000000 -nan 0.000000
1882 748 -1 -1 0 0 0 0 0.000000 0.000000 0.000000 -nan 0.000000
1883 749 -1 -1 0 0 0 0 0.000000 0.000000 0.000000 -nan 0.000000
1931 750 -1 -1 0 0 0 0 0.000000 0.000000 0.000000 -nan 0.000000
1932 751 -1 -1 0 0 0 0 0.000000 0.000000 0.000000 -nan 0.000000
1933 752 -1 -1 0 0 0 0 0.000000 0.000000 0.000000 -nan 0.000000
1934 753 -1 -1 0 0 0 0 0.000000 0.000000 0.000000 -nan 0.000000
1935 754 -1 -1 0 0 0 0 0.000000 0.000000 0.000000 -nan 0.000000
1936 755 -1 -1 0 0 0 0 0.000000 0.000000 0.000000 -nan 0.000000
1937 756 -1 -1 0 0 0 0 0.000000 0.000000 0.000000 -nan 0.000000
1938 757 -1 -1 0 0 0 0 0.000000 0.000000 0.000000 -nan 0.000000
1939 758 -1 -1 0 0 0 0 0.000000 0.000000 0.000000 -nan 0.000000
1940 759 -1 -1 0 0 0 0 0.000000 0.000000 0.000000 -nan 0.000000
1941 760 -1 -1 0 0 0 0 0.000000 0.000000 0.000000 -nan 0.000000
1942 761 -1 -1 0 0 0 0 0.000000 0.000000 0.000000 -nan 0.000000
1943 762 -1 -1 0 0 0 0 0.000000 0.000000 0.000000 -nan 0.000000
1944 763 -1 -1 0 0 0 0 0.000000 0.000000 0.000000 -nan 0.000000
1945 764 -1 -1 0 0 0 0 0.000000 0.000000 0.000000 -nan 0.000000
1946 765 -1 -1 0 0 0 0 0.000000 0.000000 0.000000 -nan 0.000000
1947 766 -1 -1 0 0 0 0 0.000000 0.000000 0.000000 -nan 0.000000
1948 767 -1 -1 0 0 0 0 0.000000 0.000000 0.000000 -nan 0.000000
1949 768 -1 -1 0 0 0 0 0.000000 0.000000 0.000000 -nan 0.000000
1950 769 -1 -1 0 0 0 0 0.000000 0.000000 0.000000 -nan 0.000000
1951 770 -1 -1 0 0 0 0 0.000000 0.000000 0.000000 -nan 0.000000
1952 771 -1 -1 0 0 0 0 0.000000 0.000000 0.000000 -nan 0.000000
1953 772 -1 -1 0 0 0 0 0.000000 0.000000 0.000000 -nan 0.000000
1954 773 -1 -1 0 0 0 0 0.000000 0.000000 0.000000 -nan 0.000000
1955 774 -1 -1 0 0 0 0 0.000000 0.000000 0.000000 -nan 0.000000
1956 775 -1 -1 0 0 0 0 0.000000 0.000000 0.000000 -nan 0.000000
1957 776 -1 -1 0 0 0 0 0.000000 0.000000 0.000000 -nan 0.000000
1958 777 -1 -1 0 0 0 0 0.000000 0.000000 0.000000 -nan 0.000000
1959 778 -1 -1 0 0 0 0 0.000000 0.000000 0.000000 -nan 0.000000
1960 779 -1 -1 0 0 0 0 0.000000 0.000000 0.000000 -nan 0.000000
2008 780 -1 -1 0 0 0 0 0.000000 0.000000 0.000000 -nan 0.000000
2009 781 -1 -1 0 0 0 0 0.000000 0.000000 0.000000 -nan 0.000000
2010 782 -1 -1 0 0 0 0 0.000000 0.000000 0.000000 -nan 0.000000
2011 783 -1 -1 0 0 0 0 0.000000 0.000000 0.000000 -nan 0.000000
2012 784 -1 -1 0 0 0 0 0.000000 0.000000 0.000000 -nan 0.000000
2013 785 -1 -1 0 0 0 0 0.000000 0.000000 0.000000 -nan 0.000000
2014 786 -1 -1 0 0 0 0 0.000000 0.000000 0.000000 -nan 0.000000
2015 787 -1 -1 0 0 0 0 0.000000 0.000000 0.000000 -nan 0.000000
2016 788 -1 -1 0 0 0 0 0.000000 0.000000 0.000000 -nan 0.000000
2017 789 -1 -1 0 0 0 0 0.000000 0.000000 0.000000 -nan 0.000000
2018 790 -1 -1 0 0 0 0 0.000000 0.000000 0.000000 -nan 0.000000
2019 791 -1 -1 0 0 0 0 0.000000 0.000000 0.000000 -nan 0.000000
2020 792 -1 -1 0 0 0 0 0.000000 0.000000 0.000000 -nan 0.000000
2021 793 -1 -1 0 0 0 0 0.000000 0.000000 0.000000 -nan 0.000000
2022 794 -1 -1 0 0 0 0 0.000000 0.000000 0.000000 -nan 0.000000
2023 795 -1 -1 0 0 0 0 0.000000 0.000000 0.000000 -nan 0.000000
2024 796 -1 -1 0 0 0 0 0.000000 0.000000 0.000000 -nan 0.000000
2025 797 -1 -1 0 0 0 0 0.000000 0.000000 0.000000 -nan 0.000000
2026 798 -1 -1 0 0 0 0 0.000000 0.000000 0.000000 -nan 0.000000
2027 799 -1 -1 0 0 0 0 0.000000 0.000000 0.000000 -nan 0.000000
2028 800 -1 -1 0 0 0 0 0.000000 0.000000 0.000000 -nan 0.000000
2029 801 -1 -1 0 0 0 0 0.000000 0.000000 0.000000 -nan 0.000000
2030 802 -1 -1 0 0 0 0 0.000000 0.000000 0.000000 -nan 0.000000
2031 803 -1 -1 0 0 0 0 0.000000 0.000000 0.000000 -nan 0.000000
2032 804 -1 -1 0 0 0 0 0.000000 0.000000 0.000000 -nan 0.000000
2033 805 -1 -1 0 0 0 0 0.000000 0.000000 0.000000 -nan 0.000000
2034 806 -1 -1 0 0 0 0 0.000000 0.000000 0.000000 -nan 0.000000
2035 807 -1 -1 0 0 0 0 0.000000 0.000000 0.000000 -nan 0.000000
2036 808 -1 -1 0 0 0 0 0.000000 0.000000 0.000000 -nan 0.000000
2037 809 -1 -1 0 0 0 0 0.000000 0.000000 0.000000 -nan 0.000000
2085 810 -1 -1 0 0 0 0 0.000000 0.000000 0.000000 -nan 0.000000
2086 811 -1 -1 0 0 0 0 0.000000 0.000000 0.000000 -nan 0.000000
2087 812 -1 -1 0 0 0 0 0.000000 0.000000 0.000000 -nan 0.000000
2088 813 -1 -1 0 0 0 0 0.000000 0.000000 0.000000 -nan 0.000000
2089 814 -1 -1 0 0 0 0 0.000000 0.000000 0.000000 -nan 0.000000
2090 815 -1 -1 0 0 0 0 0.000000 0.000000 0.000000 -nan 0.000000
2091 816 -1 -1 0 0 0 0 0.000000 0.000000 0.000000 -nan 0.000000
2092 817 -1 -1 0 0 0 0 0.000000 0.000000 0.000000 -nan 0.000000
2093 818 -1 -1 0 0 0 0 0.000000 0.000000 0.000000 -nan 0.000000
2094 819 -1 -1 0 0 0 0 0.000000 0.000000 0.000000 -nan 0.000000
2095 820 -1 -1 0 0 0 0 0.000000 0.000000 0.000000 -nan 0.000000
2096 821 -1 -1 0 0 0 0 0.000000 0.000000 0.000000 -nan 0.000000
2097 822 -1 -1 0 0 0 0 0.000000 0.000000 0.000000 -nan 0.000000
2098 823 -1 -1 0 0 0 0 0.000000 0.000000 0.000000 -nan 0.000000
2099 824 -1 -1 0 0 0 0 0.000000 0.000000 0.000000 -nan 0.000000
2100 825 -1 -1 0 0 0 0 0.000000 0.000000 0.000000 -nan 0.000000
2101 826 -1 -1 0 0 0 0 0.000000 0.000000 0.000000 -nan 0.000000
2102 827 -1 -1 0 0 0 0 0.000000 0.000000 0.000000 -nan 0.000000
2103 828 -1 -1 0 0 0 0 0.000000 0.000000 0.000000 -nan 0.000000
2104 829 -1 -1 0 0 0 0 0.000000 0.000000 0.000000 -nan 0.000000
2105 830 -1 -1 0 0 0 0 0.000000 0.000000 0.000000 -nan 0.000000
2106 831 -1 -1 0 0 0 0 0.000000 0.000000 0.000000 -nan 0.000000
2107 832 -1 -1 0 0 0 0 0.000000 0.000000 0.000000 -nan 0.000000
2108 833 -1 -1 0 0 0 0 0.000000 0.000000 0.000000 -nan 0.000000
2109 834 -1 -1 0 0 0 0 0.000000 0.000000 0.000000 -nan 0.000000
2110 835 -1 -1 0 0 0 0 0.000000 0.000000 0.000000 -nan 0.000000
2111 836 -1 -1 0 0 0 0 0.000000 0.000000 0.000000 -nan 0.000000
2112 837 -1 -1 0 0 0 0 0.000000 0.000000 0.000000 -nan 0.000000
2113 838 -1 -1 0 0 0 0 0.000000 0.000000 0.000000 -nan 0.000000
2114 839 -1 -1 0 0 0 0 0.000000 0.000000 0.000000 -nan 0.000000
2162 840 -1 -1 0 0 0 0 0.000000 0.000000 0.000000 -nan 0.000000
2163 841 -1 -1 0 0 0 0 0.000000 0.000000 0.000000 -nan 0.000000
2164 842 -1 -1 0 0 0 0 0.000000 0.000000 0.000000 -nan 0.000000
2165 843 -1 -1 0 0 0 0 0.000000 0.000000 0.000000 -nan 0.000000
2166 844 -1 -1 0 0 0 0 0.000000 0.000000 0.000000 -nan 0.000000
2167 845 -1 -1 0 0 0 0 0.000000 0.000000 0.000000 -nan 0.000000
2168 846 -1 -1 0 0 0 0 0.000000 0.000000 0.000000 -nan 0.000000
2169 847 -1 -1 0 0 0 0 0.000000 0.000000 0.000000 -nan 0.000000
2170 848 -1 -1 0 0 0 0 0.000000 0.000000 0.000000 -nan 0.000000
2171 849 -1 -1 0 0 0 0 0.000000 0.000000 0.000000 -nan 0.000000
2172 850 -1 -1 0 0 0 0 0.000000 0.000000 0.000000 -nan 0.000000
2173 851 -1 -1 0 0 0 0 0.000000 0.000000 0.000000 -nan 0.000000
2174 852 -1 -1 0 0 0 0 0.000000 0.000000 0.000000 -nan 0.000000
2175 853 -1 -1 0 0 0 0 0.000000 0.000000 0.000000 -nan 0.000000
2176 854 -1 -1 0 0 0 0 0.000000 0.000000 0.000000 -nan 0.000000
2177 855 -1 -1 0 0 0 0 0.000000 0.000000 0.000000 -nan 0.000000
2178 856 -1 -1 0 0 0 0 0.000000 0.000000 0.000000 -nan 0.000000
2179 857 -1 -1 0 0 0 0 0.000000 0.000000 0.000000 -nan 0.000000
2180 858 -1 -1 0 0 0 0 0.000000 0.000000 0.000000 -nan 0.000000
2181 859 -1 -1 0 0 0 0 0.000000 0.000000 0.000000 -nan 0.000000
2182 860 -1 -1 0 0 0 0 0.000000 0.000000 0.000000 -nan 0.000000
2183 861 -1 -1 0 0 0 0 0.000000 0.000000 0.000000 -nan 0.000000
2184 862 -1 -1 0 0 0 0 0.000000 0.000000 0.000000 -nan 0.000000
2185 863 -1 -1 0 0 0 0 0.000000 0.000000 0.000000 -nan 0.000000
2186 864 -1 -1 0 0 0 0 0.000000 0.000000 0.000000 -nan 0.000000
2187 865 -1 -1 0 0 0 0 0.000000 0.000000 0.000000 -nan 0.000000
2188 866 -1 -1 0 0 0 0 0.000000 0.000000 0.000000 -nan 0.000000
2189 867 -1 -1 0 0 0 0 0.000000 0.000000 0.000000 -nan 0.000000
2190 868 -1 -1 0 0 0 0 0.000000 0.000000 0.000000 -nan 0.000000
2191 869 -1 -1 0 0 0 0 0.000000 0.000000 0.000000 -nan 0.000000
2239 870 -1 -1 0 0 0 0 0.000000 0.000000 0.000000 -nan 0.000000
2240 871 -1 -1 0 0 0 0 0.000000 0.000000 0.000000 -nan 0.000000
2241 872 -1 -1 0 0 0 0 0.000000 0.000000 0.000000 -nan 0.000000
2242 873 -1 -1 0 0 0 0 0.000000 0.000000 0.000000 -nan 0.000000
2243 874 -1 -1 0 0 0 0 0.000000 0.000000 0.000000 -nan 0.000000
2244 875 -1 -1 0 0 0 0 0.000000 0.000000 0.000000 -nan 0.000000
2245 876 -1 -1 0 0 0 0 0.000000 0.000000 0.000000 -nan 0.000000
2246 877 -1 -1 0 0 0 0 0.000000 0.000000 0.000000 -nan 0.000000
2247 878 -1 -1 0 0 0 0 0.000000 0.000000 0.000000 -nan 0.000000
2248 879 -1 -1 0 0 0 0 0.000000 0.000000 0.000000 -nan 0.000000
2249 880 -1 -1 0 0 0 0 0.000000 0.000000 0.000000 -nan 0.000000
2250 881 -1 -1 0 0 0 0 0.000000 0.000000 0.000000 -nan 0.000000
2251 882 -1 -1 0 0 0 0 0.000000 0.000000 0.000000 -nan 0.000000
2252 883 -1 -1 0 0 0 0 0.000000 0.000000 0.000000 -nan 0.000000
2253 884 -1 -1 0 0 0 0 0.000000 0.000000 0.000000 -nan 0.000000
2254 885 -1 -1 0 0 0 0 0.000000 0.000000 0.000000 -nan 0.000000
2255 886 -1 -1 0 0 0 0 0.000000 0.000000 0.000000 -nan 0.000000
2256 887 -1 -1 0 0 0 0 0.000000 0.000000 0.000000 -nan 0.000000
2257 888 -1 -1 0 0 0 0 0.000000 0.000000 0.000000 -nan 0.000000
2258 889 -1 -1 0 0 0 0 0.000000 0.000000 0.000000 -nan 0.000000
2259 890 -1 -1 0 0 0 0 0.000000 0.000000 0.000000 -nan 0.000000
2260 891 -1 -1 0 0 0 0 0.000000 0.000000 0.000000 -nan 0.000000
2261 892 -1 -1 0 0 0 0 0.000000 0.000000 0.000000 -nan 0.000000
2262 893 -1 -1 0 0 0 0 0.000000 0.000000 0.000000 -nan 0.000000
2263 894 -1 -1 0 0 0 0 0.000000 0.000000 0.000000 -nan 0.000000
2264 895 -1 -1 0 0 0 0 0.000000 0.000000 0.000000 -nan 0.000000
2265 896 -1 -1 0 0 0 0 0.000000 0.000000 0.000000 -nan 0.000000
2266 897 -1 -1 0 0 0 0 0.000000 0.000000 0.000000 -nan 0.000000
2267 898 -1 -1 0 0 0 0 0.000000 0.000000 0.000000 -nan 0.000000
2268 899 -1 -1 0 0 0 0 0.000000 0.000000 0.000000 -nan 0.000000
2316 900 -1 -1 0 0 0 0 0.000000 0.000000 0.000000 -nan 0.000000
2317 901 -1 -1 0 0 0 0 0.000000 0.000000 0.000000 -nan 0.000000
2318 902 -1 -1 0 0 0 0 0.000000 0.000000 0.000000 -nan 0.000000
2319 903 -1 -1 0 0 0 0 0.000000 0.000000 0.000000 -nan 0.000000
2320 904 -1 -1 0 0 0 0 0.000000 0.000000 0.000000 -nan 0.000000
2321 905 -1 -1 0 0 0 0 0.000000 0.000000 0.000000 -nan 0.000000
2322 906 -1 -1 0 0 0 0 0.000000 0.000000 0.000000 -nan 0.000000
2323 907 -1 -1 0 0 0 0 0.000000 0.000000 0.000000 -nan 0.000000
2324 908 -1 -1 0 0 0 0 0.000000 0.000000 0.000000 -nan 0.000000
2325 909 -1 -1 0 0 0 0 0.000000 0.000000 0.000000 -nan 0.000000
2326 910 -1 -1 0 0 0 0 0.000000 0.000000 0.000000 -nan 0.000000
2327 911 -1 -1 0 0 0 0 0.000000 0.000000 0.000000 -nan 0.000000
2328 912 -1 -1 0 0 0 0 0.000000 0.000000 0.000000 -nan 0.000000
2329 913 -1 -1 0 0 0 0 0.000000 0.000000 0.000000 -nan 0.000000
2330 914 -1 -1 0 0 0 0 0.000000 0.000000 0.000000 -nan 0.000000
2331 915 -1 -1 0 0 0 0 0.000000 0.000000 0.000000 -nan 0.000000
2332 916 -1 -1 0 0 0 0 0.000000 0.000000 0.000000 -nan 0.000000
2333 917 -1 -1 0 0 0 0 0.000000 0.000000 0.000000 -nan 0.000000
2334 918 -1 -1 0 0 0 0 0.000000 0.000000 0.000000 -nan 0.000000
2335 919 -1 -1 0 0 0 0 0.000000 0.000000 0.000000 -nan 0.000000
2336 920 -1 -1 0 0 0 0 0.000000 0.000000 0.000000 -nan 0.000000
2337 921 -1 -1 0 0 0 0 0.000000 0.000000 0.000000 -nan 0.000000
2338 922 -1 -1 0 0 0 0 0.000000 0.000000 0.000000 -nan 0.000000
2339 923 -1 -1 0 0 0 0 0.000000 0.000000 0.000000 -nan 0.000000
2340 924 -1 -1 0 0 0 0 0.000000 0.000000 0.000000 -nan 0.000000
2341 925 -1 -1 0 0 0 0 0.000000 0.000000 0.000000 -nan 0.000000
2342 926 -1 -1 0 0 0 0 0.000000 0.000000 0.000000 -nan 0.000000
2343 927 -1 -1 0 0 0 0 0.000000 0.000000 0.000000 -nan 0.000000
2344 928 -1 -1 0 0 0 0 0.000000 0.000000 0.000000 -nan 0.000000
2345 929 -1 -1 0 0 0 0 0.000000 0.000000 0.000000 -nan 0.000000
2393 930 -1 -1 0 0 0 0 0.000000 0.000000 0.000000 -nan 0.000000
2394 931 -1 -1 0 0 0 0 0.000000 0.000000 0.000000 -nan 0.000000
2395 932 -1 -1 0 0 0 0 0.000000 0.000000 0.000000 -nan 0.000000
2396 933 -1 -1 0 0 0 0 0.000000 0.000000 0.000000 -nan 0.000000
2397 934 -1 -1 0 0 0 0 0.000000 0.000000 0.000000 -nan 0.000000
2398 935 -1 -1 0 0 0 0 0.000000 0.000000 0.000000 -nan 0.000000
2399 936 -1 -1 0 0 0 0 0.000000 0.000000 0.000000 -nan 0.000000
2400 937 -1 -1 0 0 0 0 0.000000 0.000000 0.000000 -nan 0.000000
2401 938 -1 -1 0 0 0 0 0.000000 0.000000 0.000000 -nan 0.000000
2402 939 -1 -1 0 0 0 0 0.000000 0.000000 0.000000 -nan 0.000000
2403 940 -1 -1 0 0 0 0 0.000000 0.000000 0.000000 -nan 0.000000
2404 941 -1 -1 0 0 0 0 0.000000 0.000000 0.000000 -nan 0.000000
2405 942 -1 -1 0 0 0 0 0.000000 0.000000 0.000000 -nan 0.000000
2406 943 -1 -1 0 0 0 0 0.000000 0.000000 0.000000 -nan 0.000000
2407 944 -1 -1 0 0 0 0 0.000000 0.000000 0.000000 -nan 0.000000
2408 945 -1 -1 0 0 0 0 0.000000 0.000000 0.000000 -nan 0.000000
2409 946 -1 -1 0 0 0 0 0.000000 0.000000 0.000000 -nan 0.000000
2410 947 -1 -1 0 0 0 0 0.000000 0.000000 0.000000 -nan 0.000000
2411 948 -1 -1 0 0 0 0 0.000000 0.000000 0.000000 -nan 0.000000
2412 949 -1 -1 0 0 0 0 0.000000 0.000000 0.000000 -nan 0.000000
2413 950 -1 -1 0 0 0 0 0.000000 0.000000 0.000000 -nan 0.000000
2414 951 -1 -1 0 0 0 0 0.000000 0.000000 0.000000 -nan 0.000000
2415 952 -1 -1 0 0 0 0 0.000000 0.000000 0.000000 -nan 0.000000
2416 953 -1 -1 0 0 0 0 0.000000 0.000000 0.000000 -nan 0.000000
2417 954 -1 -1 0 0 0 0 0.000000 0.000000 0.000000 -nan 0.000000
2418 955 -1 -1 0 0 0 0 0.000000 0.000000 0.000000 -nan 0.000000
2419 956 -1 -1 0 0 0 0 0.000000 0.000000 0.000000 -nan 0.000000
2420 957 -1 -1 0 0 0 0 0.000000 0.000000 0.000000 -nan 0.000000
2421 958 -1 -1 0 0 0 0 0.000000 0.000000 0.000000 -nan 0.000000
2422 959 -1 -1 0 0 0 0 0.000000 0.000000 0.000000 -nan 0.000000
2470 960 -1 -1 0 0 0 0 0.000000 0.000000 0.000000 -nan 0.000000
2471 961 -1 -1 0 0 0 0 0.000000 0.000000 0.000000 -nan 0.000000
2472 962 -1 -1 0 0 0 0 0.000000 0.000000 0.000000 -nan 0.000000
2473 963 -1 -1 0 0 0 0 0.000000 0.000000 0.000000 -nan 0.000000
2474 964 -1 -1 0 0 0 0 0.000000 0.000000 0.000000 -nan 0.000000
2475 965 -1 -1 0 0 0 0 0.000000 0.000000 0.000000 -nan 0.000000
2476 966 -1 -1 0 0 0 0 0.000000 0.000000 0.000000 -nan 0.000000
2477 967 -1 -1 0 0 0 0 0.000000 0.000000 0.000000 -nan 0.000000
2478 968 -1 -1 0 0 0 0 0.000000 0.000000 0.000000 -nan 0.000000
2479 969 -1 -1 0 0 0 0 0.000000 0.000000 0.000000 -nan 0.000000
2480 970 -1 -1 0 0 0 0 0.000000 0.000000 0.000000 -nan 0.000000
2481 971 -1 -1 0 0 0 0 0.000000 0.000000 0.000000 -nan 0.000000
2482 972 -1 -1 0 0 0 0 0.000000 0.000000 0.000000 -nan 0.000000
2483 973 -1 -1 0 0 0 0 0.000000 0.000000 0.000000 -nan 0.000000
2484 974 -1 -1 0 0 0 0 0.000000 0.000000 0.000000 -nan 0.000000
2485 975 -1 -1 0 0 0 0 0.000000 0.000000 0.000000 -nan 0.000000
2486 976 -1 -1 0 0 0 0 0.000000 0.000000 0.000000 -nan 0.000000
2487 977 -1 -1 0 0 0 0 0.000000 0.000000 0.000000 -nan 0.000000
2488 978 -1 -1 0 0 0 0 0.000000 0.000000 0.000000 -nan 0.000000
2489 979 -1 -1 0 0 0 0 0.000000 0.000000 0.000000 -nan 0.000000
2490 980 -1 -1 0 0 0 0 0.000000 0.000000 0.000000 -nan 0.000000
2491 981 -1 -1 0 0 0 0 0.000000 0.000000 0.000000 -nan 0.000000
2492 982 -1 -1 0 0 0 0 0.000000 0.000000 0.000000 -nan 0.000000
2493 983 -1 -1 0 0 0 0 0.000000 0.000000 0.000000 -nan 0.000000
2494 984 -1 -1 0 0 0 0 0.000000 0.000000 0.000000 -nan 0.000000
2495 985 -1 -1 0 0 0 0 0.000000 0.000000 0.000000 -nan 0.000000
2496 986 -1 -1 0 0 0 0 0.000000 0.000000 0.000000 -nan 0.000000
2497 987 -1 -1 0 0 0 0 0.000000 0.000000 0.000000 -nan 0.000000
2498 988 -1 -1 0 0 0 0 0.000000 0.000000 0.000000 -nan 0.000000
2499 989 -1 -1 0 0 0 0 0.000000 0.000000 0.000000 -nan 0.000000