# Format <LP id> <Workload type> <client id> <Bytes written> <Bytes read> <Synthetic data Received> <Time to write bytes > <Total elapsed time>
6  0 0 0 0 0.000000 6311622123.135391
7  1 0 0 0 0.000000 6311620798.842917
8  2 0 0 0 0.000000 6311619397.930375
9  3 0 0 0 0.000000 6311621014.769968
10  4 0 0 0 0.000000 6311622251.790349
11  5 0 0 0 0.000000 6311622467.585393
12  6 0 0 0 0.000000 6311622468.419057
13  7 0 0 0 0.000000 6311622467.857312
14  8 0 0 0 0.000000 6311621273.819857
15  9 0 0 0 0.000000 6311622253.209507
16  10 0 0 0 0.000000 6311619753.663583
17  11 0 0 0 0.000000 6311622468.656999
18  12 0 0 0 0.000000 6311622469.004551
19  13 0 0 0 0.000000 6311621907.340347
20  14 0 0 0 0.000000 6311619743.799535
21  15 0 0 0 0.000000 6311622122.787839
22  16 0 0 0 0.000000 6311622123.135391
23  17 0 0 0 0.000000 6311620798.842917
24  18 0 0 0 0.000000 6311619397.930375
25  19 0 0 0 0.000000 6311621014.769968
26  20 0 0 0 0.000000 6311622251.790349
27  21 0 0 0 0.000000 6311622467.585393
28  22 0 0 0 0.000000 6311622468.419057
29  23 0 0 0 0.000000 6311622467.857312
30  24 0 0 0 0.000000 6311621273.819857
31  25 0 0 0 0.000000 6311622253.209507
32  26 0 0 0 0.000000 6311619753.663583
33  27 0 0 0 0.000000 6311622468.656999
34  28 0 0 0 0.000000 6311622469.004551
35  29 0 0 0 0.000000 6311621907.340347
83  30 0 0 0 0.000000 6311621907.340347
84  31 0 0 0 0.000000 6311619743.799535
85  32 0 0 0 0.000000 6311622122.787839
86  33 0 0 0 0.000000 6311622123.135391
87  34 0 0 0 0.000000 6311620798.842917
88  35 0 0 0 0.000000 6311619397.930375
89  36 0 0 0 0.000000 6311621014.769968
90  37 0 0 0 0.000000 6311622251.790349
91  38 0 0 0 0.000000 6311622467.585393
92  39 0 0 0 0.000000 6311622468.419057
93  40 0 0 0 0.000000 6311622467.857312
94  41 0 0 0 0.000000 6311621273.819857
95  42 0 0 0 0.000000 6311622253.209507
96  43 0 0 0 0.000000 6311619753.663583
97  44 0 0 0 0.000000 6311622468.656999
98  45 0 0 0 0.000000 6311622469.004551
99  46 0 0 0 0.000000 6311621907.340347
100  47 0 0 0 0.000000 6311619743.799535
101  48 0 0 0 0.000000 6311622122.787839
102  49 0 0 0 0.000000 6311622123.135391
103  50 0 0 0 0.000000 6311620798.842917
104  51 0 0 0 0.000000 6311619397.930375
105  52 0 0 0 0.000000 6311621014.769968
106  53 0 0 0 0.000000 6311622251.790349
107  54 0 0 0 0.000000 6311622467.585393
108  55 0 0 0 0.000000 6311622468.419057
109  56 0 0 0 0.000000 6311622467.857312
110  57 0 0 0 0.000000 6311621273.819857
111  58 0 0 0 0.000000 6311622253.209507
112  59 0 0 0 0.000000 6311619753.663583
160  60 0 0 0 0.000000 6311619753.663583
161  61 0 0 0 0.000000 6311622468.656999
162  62 0 0 0 0.000000 6311622469.004551
163  63 0 0 0 0.000000 6311621907.340347
164  64 0 0 0 0.000000 6311619743.799535
165  65 0 0 0 0.000000 6311622122.787839
166  66 0 0 0 0.000000 6311622123.135391
167  67 0 0 0 0.000000 6311620798.842917
168  68 0 0 0 0.000000 6311619397.930375
169  69 0 0 0 0.000000 6311621014.769968
170  70 0 0 0 0.000000 6311622251.790349
171  71 0 0 0 0.000000 6311622467.585393
172  72 0 0 0 0.000000 6311622468.419057
173  73 0 0 0 0.000000 6311622467.857312
174  74 0 0 0 0.000000 6311621273.819857
175  75 0 0 0 0.000000 6311622253.209507
176  76 0 0 0 0.000000 6311619753.663583
177  77 0 0 0 0.000000 6311622468.656999
178  78 0 0 0 0.000000 6311622469.004551
179  79 0 0 0 0.000000 6311621907.340347
180  80 0 0 0 0.000000 6311619743.799535
181  81 0 0 0 0.000000 6311622122.787839
182  82 0 0 0 0.000000 6311622123.135391
183  83 0 0 0 0.000000 6311620798.842917
184  84 0 0 0 0.000000 6311619397.930375
185  85 0 0 0 0.000000 6311621014.769968
186  86 0 0 0 0.000000 6311622251.790349
187  87 0 0 0 0.000000 6311622467.585393
188  88 0 0 0 0.000000 6311622468.419057
189  89 0 0 0 0.000000 6311622467.857312
237  90 0 0 0 0.000000 6311622467.857312
238  91 0 0 0 0.000000 6311621273.819857
239  92 0 0 0 0.000000 6311622253.209507
240  93 0 0 0 0.000000 6311619753.663583
241  94 0 0 0 0.000000 6311622468.656999
242  95 0 0 0 0.000000 6311622469.004551
243  96 0 0 0 0.000000 6311621907.340347
244  97 0 0 0 0.000000 6311619743.799535
245  98 0 0 0 0.000000 6311622122.787839
246  99 0 0 0 0.000000 6311622123.135391
247  100 0 0 0 0.000000 6311620798.842917
248  101 0 0 0 0.000000 6311619397.930375
249  102 0 0 0 0.000000 6311621014.769968
250  103 0 0 0 0.000000 6311622251.790349
251  104 0 0 0 0.000000 6311622467.585393
252  105 0 0 0 0.000000 6311622468.419057
253  106 0 0 0 0.000000 6311622467.857312
254  107 0 0 0 0.000000 6311621273.819857
255  108 0 0 0 0.000000 6311622253.209507
256  109 0 0 0 0.000000 6311619753.663583
257  110 0 0 0 0.000000 6311622468.656999
258  111 0 0 0 0.000000 6311622469.004551
259  112 0 0 0 0.000000 6311621907.340347
260  113 0 0 0 0.000000 6311619743.799535
261  114 0 0 0 0.000000 6311622122.787839
262  115 0 0 0 0.000000 6311622123.135391
263  116 0 0 0 0.000000 6311620798.842917
264  117 0 0 0 0.000000 6311619397.930375
265  118 0 0 0 0.000000 6311621014.769968
266  119 0 0 0 0.000000 6311622251.790349
314  120 0 0 0 0.000000 6311622251.790349
315  121 0 0 0 0.000000 6311622467.585393
316  122 0 0 0 0.000000 6311622468.419057
317  123 0 0 0 0.000000 6311622467.857312
318  124 0 0 0 0.000000 6311621273.819857
319  125 0 0 0 0.000000 6311622253.209507
320  126 0 0 0 0.000000 6311619753.663583
321  127 0 0 0 0.000000 6311622468.656999
322  128 0 0 0 0.000000 6311622469.004551
323  129 0 0 0 0.000000 6311621907.340347
324  130 0 0 0 0.000000 6311619743.799535
325  131 0 0 0 0.000000 6311622122.787839
326  132 0 0 0 0.000000 6311622123.135391
327  133 0 0 0 0.000000 6311620798.842917
328  134 0 0 0 0.000000 6311619397.930375
329  135 0 0 0 0.000000 6311621014.769968
330  136 0 0 0 0.000000 6311622251.790349
331  137 0 0 0 0.000000 6311622467.585393
332  138 0 0 0 0.000000 6311622468.419057
333  139 0 0 0 0.000000 6311622467.857312
334  140 0 0 0 0.000000 6311621273.819857
335  141 0 0 0 0.000000 6311622253.209507
336  142 0 0 0 0.000000 6311619753.663583
337  143 0 0 0 0.000000 6311622468.656999
338  144 0 0 0 0.000000 6311622469.004551
339  145 0 0 0 0.000000 6311621907.340347
340  146 0 0 0 0.000000 6311619743.799535
341  147 0 0 0 0.000000 6311622122.787839
342  148 0 0 0 0.000000 6311622123.135391
343  149 0 0 0 0.000000 6311620798.842917
391  150 0 0 0 0.000000 6311620798.842917
392  151 0 0 0 0.000000 6311619397.930375
393  152 0 0 0 0.000000 6311621014.769968
394  153 0 0 0 0.000000 6311622251.790349
395  154 0 0 0 0.000000 6311622467.585393
396  155 0 0 0 0.000000 6311622468.419057
397  156 0 0 0 0.000000 6311622467.857312
398  157 0 0 0 0.000000 6311621273.819857
399  158 0 0 0 0.000000 6311622253.209507
400  159 0 0 0 0.000000 6311619753.663583
401  160 0 0 0 0.000000 6311622468.656999
402  161 0 0 0 0.000000 6311622469.004551
403  162 0 0 0 0.000000 6311621907.340347
404  163 0 0 0 0.000000 6311619743.799535
405  164 0 0 0 0.000000 6311622122.787839
406  165 0 0 0 0.000000 6311622123.135391
407  166 0 0 0 0.000000 6311620798.842917
408  167 0 0 0 0.000000 6311619397.930375
409  168 0 0 0 0.000000 6311621014.769968
410  169 0 0 0 0.000000 6311622251.790349
411  170 0 0 0 0.000000 6311622467.585393
412  171 0 0 0 0.000000 6311622468.419057
413  172 0 0 0 0.000000 6311622467.857312
414  173 0 0 0 0.000000 6311621273.819857
415  174 0 0 0 0.000000 6311622253.209507
416  175 0 0 0 0.000000 6311619753.663583
417  176 0 0 0 0.000000 6311622468.656999
418  177 0 0 0 0.000000 6311622469.004551
419  178 0 0 0 0.000000 6311621907.340347
420  179 0 0 0 0.000000 6311619743.799535
468  180 0 0 0 0.000000 6311619743.799535
469  181 0 0 0 0.000000 6311622122.787839
470  182 0 0 0 0.000000 6311622123.135391
471  183 0 0 0 0.000000 6311620798.842917
472  184 0 0 0 0.000000 6311619397.930375
473  185 0 0 0 0.000000 6311621014.769968
474  186 0 0 0 0.000000 6311622251.790349
475  187 0 0 0 0.000000 6311622467.585393
476  188 0 0 0 0.000000 6311622468.419057
477  189 0 0 0 0.000000 6311622467.857312
478  190 0 0 0 0.000000 6311621273.819857
479  191 0 0 0 0.000000 6311622253.209507
480  192 0 0 0 0.000000 6311619753.663583
481  193 0 0 0 0.000000 6311622468.656999
482  194 0 0 0 0.000000 6311622469.004551
483  195 0 0 0 0.000000 6311621907.340347
484  196 0 0 0 0.000000 6311619743.799535
485  197 0 0 0 0.000000 6311622122.787839
486  198 0 0 0 0.000000 6311622123.135391
487  199 0 0 0 0.000000 6311620798.842917
488  200 0 0 0 0.000000 6311619397.930375
489  201 0 0 0 0.000000 6311621014.769968
490  202 0 0 0 0.000000 6311622251.790349
491  203 0 0 0 0.000000 6311622467.585393
492  204 0 0 0 0.000000 6311622468.419057
493  205 0 0 0 0.000000 6311622467.857312
494  206 0 0 0 0.000000 6311621273.819857
495  207 0 0 0 0.000000 6311622253.209507
496  208 0 0 0 0.000000 6311619753.663583
497  209 0 0 0 0.000000 6311622468.656999
545  210 0 0 0 0.000000 6311622468.656999
546  211 0 0 0 0.000000 6311622469.004551
547  212 0 0 0 0.000000 6311621907.340347
548  213 0 0 0 0.000000 6311619743.799535
549  214 0 0 0 0.000000 6311622122.787839
550  215 0 0 0 0.000000 6311622123.135391
551  216 0 0 0 0.000000 6311620798.842917
552  217 0 0 0 0.000000 6311619397.930375
553  218 0 0 0 0.000000 6311621014.769968
554  219 0 0 0 0.000000 6311622251.790349
555  220 0 0 0 0.000000 6311622467.585393
556  221 0 0 0 0.000000 6311622468.419057
557  222 0 0 0 0.000000 6311622467.857312
558  223 0 0 0 0.000000 6311621273.819857
559  224 0 0 0 0.000000 6311622253.209507
560  225 0 0 0 0.000000 6311619753.663583
561  226 0 0 0 0.000000 6311622468.656999
562  227 0 0 0 0.000000 6311622469.004551
563  228 0 0 0 0.000000 6311621907.340347
564  229 0 0 0 0.000000 6311619743.799535
565  230 0 0 0 0.000000 6311622122.787839
566  231 0 0 0 0.000000 6311622123.135391
567  232 0 0 0 0.000000 6311620798.842917
568  233 0 0 0 0.000000 6311619397.930375
569  234 0 0 0 0.000000 6311621014.769968
570  235 0 0 0 0.000000 6311622251.790349
571  236 0 0 0 0.000000 6311622467.585393
572  237 0 0 0 0.000000 6311622468.419057
573  238 0 0 0 0.000000 6311622467.857312
574  239 0 0 0 0.000000 6311621273.819857
622  240 0 0 0 0.000000 6311621273.819857
623  241 0 0 0 0.000000 6311622253.209507
624  242 0 0 0 0.000000 6311619753.663583
625  243 0 0 0 0.000000 6311622468.656999
626  244 0 0 0 0.000000 6311622469.004551
627  245 0 0 0 0.000000 6311621907.340347
628  246 0 0 0 0.000000 6311619743.799535
629  247 0 0 0 0.000000 6311622122.787839
630  248 0 0 0 0.000000 6311622123.135391
631  249 0 0 0 0.000000 6311620798.842917
632  250 0 0 0 0.000000 6311619397.930375
633  251 0 0 0 0.000000 6311621014.769968
634  252 0 0 0 0.000000 6311622251.790349
635  253 0 0 0 0.000000 6311622467.585393
636  254 0 0 0 0.000000 6311622468.419057
637  255 0 0 0 0.000000 6311622467.857312
638  256 0 0 0 0.000000 6311621273.819857
639  257 0 0 0 0.000000 6311622253.209507
640  258 0 0 0 0.000000 6311619753.663583
641  259 0 0 0 0.000000 6311622468.656999
642  260 0 0 0 0.000000 6311622469.004551
643  261 0 0 0 0.000000 6311621907.340347
644  262 0 0 0 0.000000 6311619743.799535
645  263 0 0 0 0.000000 6311622122.787839
646  264 0 0 0 0.000000 6311622123.135391
647  265 0 0 0 0.000000 6311620798.842917
648  266 0 0 0 0.000000 6311619397.930375
649  267 0 0 0 0.000000 6311621014.769968
650  268 0 0 0 0.000000 6311622251.790349
651  269 0 0 0 0.000000 6311622467.585393
699  270 0 0 0 0.000000 6311622467.585393
700  271 0 0 0 0.000000 6311622468.419057
701  272 0 0 0 0.000000 6311622467.857312
702  273 0 0 0 0.000000 6311621273.819857
703  274 0 0 0 0.000000 6311622253.209507
704  275 0 0 0 0.000000 6311619753.663583
705  276 0 0 0 0.000000 6311622468.656999
706  277 0 0 0 0.000000 6311622469.004551
707  278 0 0 0 0.000000 6311621907.340347
708  279 0 0 0 0.000000 6311619743.799535
709  280 0 0 0 0.000000 6311622122.787839
710  281 0 0 0 0.000000 6311622123.135391
711  282 0 0 0 0.000000 6311620798.842917
712  283 0 0 0 0.000000 6311619397.930375
713  284 0 0 0 0.000000 6311621014.769968
714  285 0 0 0 0.000000 6311622251.790349
715  286 0 0 0 0.000000 6311622467.585393
716  287 0 0 0 0.000000 6311622468.419057
717  288 0 0 0 0.000000 6311622467.857312
718  289 0 0 0 0.000000 6311621273.819857
719  290 0 0 0 0.000000 6311622253.209507
720  291 0 0 0 0.000000 6311619753.663583
721  292 0 0 0 0.000000 6311622468.656999
722  293 0 0 0 0.000000 6311622469.004551
723  294 0 0 0 0.000000 6311621907.340347
724  295 0 0 0 0.000000 6311619743.799535
725  296 0 0 0 0.000000 6311622122.787839
726  297 0 0 0 0.000000 6311622123.135391
727  298 0 0 0 0.000000 6311620798.842917
728  299 0 0 0 0.000000 6311619397.930375
776 conceptual-checkpoint 300 166666666 0 0 6198462035.985768 6311619397.930375
777 conceptual-checkpoint 301 166666666 0 0 6174778170.033105 6311621014.769968
778 conceptual-checkpoint 302 166666666 0 0 6190567414.809426 6311622251.790349
779 conceptual-checkpoint 303 166666666 0 0 6182672793.326127 6311622467.585393
780 conceptual-checkpoint 304 166666666 0 0 6187935873.757143 6311622468.419057
781 conceptual-checkpoint 305 166666666 0 0 6203725118.328519 6311622467.857312
782 conceptual-checkpoint 306 166666666 0 0 6195830496.384437 6311621273.819857
783 conceptual-checkpoint 307 166666666 0 0 6180041251.962831 6311622253.209507
784 conceptual-checkpoint 308 166666666 0 0 6201093577.580112 6311619753.663583
785 conceptual-checkpoint 309 166666666 0 0 6193198955.762037 6311622468.656999
786 conceptual-checkpoint 310 166666666 0 0 6177409711.324705 6311622469.004551
787 conceptual-checkpoint 311 166666666 0 0 6185304333.265740 6311621907.340347
788 conceptual-checkpoint 312 166666666 0 0 6208988199.910042 6311619743.799535
789 conceptual-checkpoint 313 166666666 0 0 6206356658.784918 6311622122.787839
790 conceptual-checkpoint 314 166666666 0 0 6211619740.956233 6311622123.135391
791 conceptual-checkpoint 315 166666666 0 0 6205998079.708941 6311620798.842917
792 conceptual-checkpoint 316 166666666 0 0 6190208835.478962 6311619397.930375
793 conceptual-checkpoint 317 166666666 0 0 6174419590.947090 6311621014.769968
794 conceptual-checkpoint 318 166666666 0 0 6198103457.353340 6311622251.790349
795 conceptual-checkpoint 319 166666666 0 0 6182314213.331008 6311622467.585393
796 conceptual-checkpoint 320 166666666 0 0 6179682672.377794 6311622468.419057
797 conceptual-checkpoint 321 166666666 0 0 6195471916.774298 6311622467.857312
798 conceptual-checkpoint 322 166666666 0 0 6200734998.596478 6311621273.819857
799 conceptual-checkpoint 323 166666666 0 0 6187577294.133667 6311622253.209507
800 conceptual-checkpoint 324 166666666 0 0 6203366539.331205 6311619753.663583
801 conceptual-checkpoint 325 166666666 0 0 6177051131.613952 6311622468.656999
802 conceptual-checkpoint 326 166666666 0 0 6184945753.752532 6311622469.004551
803 conceptual-checkpoint 327 166666666 0 0 6192840375.895877 6311621907.340347
804 conceptual-checkpoint 328 166666666 0 0 6106917107.160421 6311619743.799535
805 conceptual-checkpoint 329 166666666 0 0 6104285566.992033 6311622122.787839
853 conceptual-checkpoint 330 166666666 0 0 6195828716.065199 6311622122.787839
854 conceptual-checkpoint 331 166666666 0 0 6180039471.332464 6311622123.135391
855 conceptual-checkpoint 332 166666666 0 0 6187934093.778776 6311620798.842917
856 conceptual-checkpoint 333 166666666 0 0 6203723337.910416 6311619397.930375
857 conceptual-checkpoint 334 166666666 0 0 6198460256.504173 6311621014.769968
858 conceptual-checkpoint 335 166666666 0 0 6174776390.294991 6311622251.790349
859 conceptual-checkpoint 336 166666666 0 0 6182671012.796225 6311622467.585393
860 conceptual-checkpoint 337 166666666 0 0 6190565634.467107 6311622468.419057
861 conceptual-checkpoint 338 166666666 0 0 6193197175.808811 6311622467.857312
862 conceptual-checkpoint 339 166666666 0 0 6185302552.797790 6311621273.819857
863 conceptual-checkpoint 340 166666666 0 0 6201091797.521647 6311622253.209507
864 conceptual-checkpoint 341 166666666 0 0 6177407931.040535 6311619753.663583
865 conceptual-checkpoint 342 166666666 0 0 6211617960.458652 6311622468.656999
866 conceptual-checkpoint 343 166666666 0 0 6208986419.881068 6311622469.004551
867 conceptual-checkpoint 344 166666666 0 0 6206354878.693447 6311621907.340347
868 conceptual-checkpoint 345 166666666 0 0 6205998079.556005 6311619743.799535
869 conceptual-checkpoint 346 166666666 0 0 6174419591.108616 6311622122.787839
870 conceptual-checkpoint 347 166666666 0 0 6182314212.607034 6311622123.135391
871 conceptual-checkpoint 348 166666666 0 0 6190208835.091589 6311620798.842917
872 conceptual-checkpoint 349 166666666 0 0 6198103456.862913 6311619397.930375
873 conceptual-checkpoint 350 166666666 0 0 6187577293.618754 6311621014.769968
874 conceptual-checkpoint 351 166666666 0 0 6203366538.466359 6311622251.790349
875 conceptual-checkpoint 352 166666666 0 0 6195471916.217587 6311622467.585393
876 conceptual-checkpoint 353 166666666 0 0 6179682671.666601 6311622468.419057
877 conceptual-checkpoint 354 166666666 0 0 6177051131.502734 6311622467.857312
878 conceptual-checkpoint 355 166666666 0 0 6200734998.102182 6311621273.819857
879 conceptual-checkpoint 356 166666666 0 0 6184945753.562746 6311622253.209507
880 conceptual-checkpoint 357 166666666 0 0 6192840375.807866 6311619753.663583
881 conceptual-checkpoint 358 166666666 0 0 6104285566.429693 6311622468.656999
882 conceptual-checkpoint 359 166666666 0 0 6106917107.261343 6311622469.004551
930 conceptual-checkpoint 360 166666666 0 0 6203725118.532538 6311622469.004551
931 conceptual-checkpoint 361 166666666 0 0 6180041252.404325 6311621907.340347
932 conceptual-checkpoint 362 166666666 0 0 6195830496.665811 6311619743.799535
933 conceptual-checkpoint 363 166666666 0 0 6187935874.851405 6311622122.787839
934 conceptual-checkpoint 364 166666666 0 0 6185304334.243270 6311622123.135391
935 conceptual-checkpoint 365 166666666 0 0 6201093578.290947 6311620798.842917
936 conceptual-checkpoint 366 166666666 0 0 6177409711.992756 6311619397.930375
937 conceptual-checkpoint 367 166666666 0 0 6193198956.071891 6311621014.769968
938 conceptual-checkpoint 368 166666666 0 0 6174778170.966732 6311622251.790349
939 conceptual-checkpoint 369 166666666 0 0 6190567414.893400 6311622467.585393
940 conceptual-checkpoint 370 166666666 0 0 6198462037.738600 6311622468.419057
941 conceptual-checkpoint 371 166666666 0 0 6182672793.244956 6311622467.857312
942 conceptual-checkpoint 372 166666666 0 0 6208988200.417958 6311621273.819857
943 conceptual-checkpoint 373 166666666 0 0 6206356660.216161 6311622253.209507
944 conceptual-checkpoint 374 166666666 0 0 6211619741.527492 6311619753.663583
945 conceptual-checkpoint 375 166666666 0 0 6205998079.997920 6311622468.656999
946 conceptual-checkpoint 376 166666666 0 0 6195471916.972820 6311622469.004551
947 conceptual-checkpoint 377 166666666 0 0 6200734997.988850 6311621907.340347
948 conceptual-checkpoint 378 166666666 0 0 6179682672.543520 6311619743.799535
949 conceptual-checkpoint 379 166666666 0 0 6187577294.869636 6311622122.787839
950 conceptual-checkpoint 380 166666666 0 0 6203366538.921780 6311622123.135391
951 conceptual-checkpoint 381 166666666 0 0 6177051132.203350 6311620798.842917
952 conceptual-checkpoint 382 166666666 0 0 6184945753.958156 6311619397.930375
953 conceptual-checkpoint 383 166666666 0 0 6192840376.538960 6311621014.769968
954 conceptual-checkpoint 384 166666666 0 0 6174419591.100336 6311622251.790349
955 conceptual-checkpoint 385 166666666 0 0 6198103458.102010 6311622467.585393
956 conceptual-checkpoint 386 166666666 0 0 6182314213.157376 6311622468.419057
957 conceptual-checkpoint 387 166666666 0 0 6190208835.977333 6311622467.857312
958 conceptual-checkpoint 388 166666666 0 0 6104285567.301202 6311621273.819857
959 conceptual-checkpoint 389 166666666 0 0 6106917107.560974 6311622253.209507
1007 conceptual-checkpoint 390 166666666 0 0 6187938599.235523 6311622253.209507
1008 conceptual-checkpoint 391 166666666 0 0 6180043978.073477 6311619753.663583
1009 conceptual-checkpoint 392 166666666 0 0 6203727844.097297 6311622468.656999
1010 conceptual-checkpoint 393 166666666 0 0 6195833222.463911 6311622469.004551
1011 conceptual-checkpoint 394 166666666 0 0 6193201681.060800 6311621907.340347
1012 conceptual-checkpoint 395 166666666 0 0 6185307059.328997 6311619743.799535
1013 conceptual-checkpoint 396 166666666 0 0 6177412437.074142 6311622122.787839
1014 conceptual-checkpoint 397 166666666 0 0 6201096304.086707 6311622123.135391
1015 conceptual-checkpoint 398 166666666 0 0 6190570140.553469 6311620798.842917
1016 conceptual-checkpoint 399 166666666 0 0 6182675518.627206 6311619397.930375
1017 conceptual-checkpoint 400 166666666 0 0 6174780897.092426 6311621014.769968
1018 conceptual-checkpoint 401 166666666 0 0 6198464763.341970 6311622251.790349
1019 conceptual-checkpoint 402 166666666 0 0 6206359385.037998 6311622467.585393
1020 conceptual-checkpoint 403 166666666 0 0 6208990925.787804 6311622468.419057
1021 conceptual-checkpoint 404 166666666 0 0 6211622466.462839 6311622467.857312
1022 conceptual-checkpoint 405 166666666 0 0 6000998079.144972 6311621273.819857
1023 conceptual-checkpoint 406 166666666 0 0 5974682672.189151 6311622253.209507
1024 conceptual-checkpoint 407 166666666 0 0 5982577294.378904 6311619753.663583
1025 conceptual-checkpoint 408 166666666 0 0 5998366538.910412 6311622468.656999
1026 conceptual-checkpoint 409 166666666 0 0 5990471916.214095 6311622469.004551
1027 conceptual-checkpoint 410 166666666 0 0 5979945754.036527 6311621907.340347
1028 conceptual-checkpoint 411 166666666 0 0 5995734997.722381 6311619743.799535
1029 conceptual-checkpoint 412 166666666 0 0 5972051131.327278 6311622122.787839
1030 conceptual-checkpoint 413 166666666 0 0 5987840375.686012 6311622123.135391
1031 conceptual-checkpoint 414 166666666 0 0 5993103457.303238 6311620798.842917
1032 conceptual-checkpoint 415 166666666 0 0 5985208834.650775 6311619397.930375
1033 conceptual-checkpoint 416 166666666 0 0 5977314212.037881 6311621014.769968
1034 conceptual-checkpoint 417 166666666 0 0 5969419590.572944 6311622251.790349
1035 conceptual-checkpoint 418 166666666 0 0 5899285566.538965 6311622467.585393
1036 conceptual-checkpoint 419 166666666 0 0 5901917106.978776 6311622468.419057
1084 conceptual-checkpoint 420 166666666 0 0 6180039936.843699 6311622468.419057
1085 conceptual-checkpoint 421 166666666 0 0 6187934559.581134 6311622467.857312
1086 conceptual-checkpoint 422 166666666 0 0 6195829181.607265 6311621273.819857
1087 conceptual-checkpoint 423 166666666 0 0 6203723803.446900 6311622253.209507
1088 conceptual-checkpoint 424 166666666 0 0 6193197640.456460 6311619753.663583
1089 conceptual-checkpoint 425 166666666 0 0 6177408396.561163 6311622468.656999
1090 conceptual-checkpoint 426 166666666 0 0 6201092263.180646 6311622469.004551
1091 conceptual-checkpoint 427 166666666 0 0 6185303018.945477 6311621907.340347
1092 conceptual-checkpoint 428 166666666 0 0 6198460722.467922 6311619743.799535
1093 conceptual-checkpoint 429 166666666 0 0 6174776855.420801 6311622122.787839
1094 conceptual-checkpoint 430 166666666 0 0 6182671477.806365 6311622123.135391
1095 conceptual-checkpoint 431 166666666 0 0 6190566099.989965 6311620798.842917
1096 conceptual-checkpoint 432 166666666 0 0 6206355344.387006 6311619397.930375
1097 conceptual-checkpoint 433 166666666 0 0 6208986885.115766 6311621014.769968
1098 conceptual-checkpoint 434 166666666 0 0 6211618425.903368 6311622251.790349
1099 conceptual-checkpoint 435 166666666 0 0 6205998079.467095 6311622467.585393
1100 conceptual-checkpoint 436 166666666 0 0 6182314212.711032 6311622468.419057
1101 conceptual-checkpoint 437 166666666 0 0 6190208834.652029 6311622467.857312
1102 conceptual-checkpoint 438 166666666 0 0 6174419590.864278 6311621273.819857
1103 conceptual-checkpoint 439 166666666 0 0 6198103456.985911 6311622253.209507
1104 conceptual-checkpoint 440 166666666 0 0 6184945752.936445 6311619753.663583
1105 conceptual-checkpoint 441 166666666 0 0 6200734998.097784 6311622468.656999
1106 conceptual-checkpoint 442 166666666 0 0 6192840375.597061 6311622469.004551
1107 conceptual-checkpoint 443 166666666 0 0 6177051131.206833 6311621907.340347
1108 conceptual-checkpoint 444 166666666 0 0 6187577294.069837 6311619743.799535
1109 conceptual-checkpoint 445 166666666 0 0 6203366538.680420 6311622122.787839
1110 conceptual-checkpoint 446 166666666 0 0 6195471916.339302 6311622123.135391
1111 conceptual-checkpoint 447 166666666 0 0 6179682671.578982 6311620798.842917
1112 conceptual-checkpoint 448 166666666 0 0 6106917107.102116 6311619397.930375
1113 conceptual-checkpoint 449 166666666 0 0 6104285565.721842 6311621014.769968
1161 conceptual-checkpoint 450 166666666 0 0 6190567415.752978 6311621014.769968
1162 conceptual-checkpoint 451 166666666 0 0 6182672793.113971 6311622251.790349
1163 conceptual-checkpoint 452 166666666 0 0 6198462037.581487 6311622467.585393
1164 conceptual-checkpoint 453 166666666 0 0 6174778171.273320 6311622468.419057
1165 conceptual-checkpoint 454 166666666 0 0 6193198955.730290 6311622467.857312
1166 conceptual-checkpoint 455 166666666 0 0 6177409711.678209 6311621273.819857
1167 conceptual-checkpoint 456 166666666 0 0 6185304333.809660 6311622253.209507
1168 conceptual-checkpoint 457 166666666 0 0 6201093578.187767 6311619753.663583
1169 conceptual-checkpoint 458 166666666 0 0 6180041252.115262 6311622468.656999
1170 conceptual-checkpoint 459 166666666 0 0 6187935874.247748 6311622469.004551
1171 conceptual-checkpoint 460 166666666 0 0 6203725119.217607 6311621907.340347
1172 conceptual-checkpoint 461 166666666 0 0 6195830496.371397 6311619743.799535
1173 conceptual-checkpoint 462 166666666 0 0 6211619741.037538 6311622122.787839
1174 conceptual-checkpoint 463 166666666 0 0 6208988200.110346 6311622123.135391
1175 conceptual-checkpoint 464 166666666 0 0 6206356659.564352 6311620798.842917
1176 conceptual-checkpoint 465 166666666 0 0 6205998078.826980 6311619397.930375
1177 conceptual-checkpoint 466 166666666 0 0 6203366537.772143 6311621014.769968
1178 conceptual-checkpoint 467 166666666 0 0 6195471915.455342 6311622251.790349
1179 conceptual-checkpoint 468 166666666 0 0 6184945752.301421 6311622467.585393
1180 conceptual-checkpoint 469 166666666 0 0 6179682670.929838 6311622468.419057
1181 conceptual-checkpoint 470 166666666 0 0 6177051130.322567 6311622467.857312
1182 conceptual-checkpoint 471 166666666 0 0 6187577293.078327 6311621273.819857
1183 conceptual-checkpoint 472 166666666 0 0 6192840374.941260 6311622253.209507
1184 conceptual-checkpoint 473 166666666 0 0 6200734997.188172 6311619753.663583
1185 conceptual-checkpoint 474 166666666 0 0 6190208834.378353 6311622468.656999
1186 conceptual-checkpoint 475 166666666 0 0 6198103456.493664 6311622469.004551
1187 conceptual-checkpoint 476 166666666 0 0 6174419589.678929 6311621907.340347
1188 conceptual-checkpoint 477 166666666 0 0 6182314211.955630 6311619743.799535
1189 conceptual-checkpoint 478 166666666 0 0 6104285565.262695 6311622122.787839
1190 conceptual-checkpoint 479 166666666 0 0 6106917105.463074 6311622123.135391
1238 conceptual-checkpoint 480 166666666 0 0 6187934138.898682 6311622123.135391
1239 conceptual-checkpoint 481 166666666 0 0 6195828760.002721 6311620798.842917
1240 conceptual-checkpoint 482 166666666 0 0 6180039515.956791 6311619397.930375
1241 conceptual-checkpoint 483 166666666 0 0 6203723382.898039 6311621014.769968
1242 conceptual-checkpoint 484 166666666 0 0 6198460301.184175 6311622251.790349
1243 conceptual-checkpoint 485 166666666 0 0 6174776434.603831 6311622467.585393
1244 conceptual-checkpoint 486 166666666 0 0 6190565679.554715 6311622468.419057
1245 conceptual-checkpoint 487 166666666 0 0 6182671056.816318 6311622467.857312
1246 conceptual-checkpoint 488 166666666 0 0 6177407975.688949 6311621273.819857
1247 conceptual-checkpoint 489 166666666 0 0 6193197219.627141 6311622253.209507
1248 conceptual-checkpoint 490 166666666 0 0 6185302597.408239 6311619753.663583
1249 conceptual-checkpoint 491 166666666 0 0 6201091841.755123 6311622468.656999
1250 conceptual-checkpoint 492 166666666 0 0 6211618004.897086 6311622469.004551
1251 conceptual-checkpoint 493 166666666 0 0 6208986464.922559 6311621907.340347
1252 conceptual-checkpoint 494 166666666 0 0 6206354923.235053 6311619743.799535
1253 conceptual-checkpoint 495 166666666 0 0 6205998078.627518 6311622122.787839
1254 conceptual-checkpoint 496 166666666 0 0 6192840374.376569 6311622123.135391
1255 conceptual-checkpoint 497 166666666 0 0 6187577293.427778 6311620798.842917
1256 conceptual-checkpoint 498 166666666 0 0 6177051130.183287 6311619397.930375
1257 conceptual-checkpoint 499 166666666 0 0 6203366537.988107 6311621014.769968
1258 conceptual-checkpoint 500 166666666 0 0 6190208834.333887 6311622251.790349
1259 conceptual-checkpoint 501 166666666 0 0 6198103456.160353 6311622467.585393
1260 conceptual-checkpoint 502 166666666 0 0 6182314211.736566 6311622468.419057
1261 conceptual-checkpoint 503 166666666 0 0 6174419589.874743 6311622467.857312
1262 conceptual-checkpoint 504 166666666 0 0 6195471915.720496 6311621273.819857
1263 conceptual-checkpoint 505 166666666 0 0 6200734997.394321 6311622253.209507
1264 conceptual-checkpoint 506 166666666 0 0 6184945752.732156 6311619753.663583
1265 conceptual-checkpoint 507 166666666 0 0 6179682671.298522 6311622468.656999
1266 conceptual-checkpoint 508 166666666 0 0 6106917106.318257 6311622469.004551
1267 conceptual-checkpoint 509 166666666 0 0 6104285565.733001 6311621907.340347
1315 conceptual-checkpoint 510 166666666 0 0 6185304345.965302 6311621907.340347
1316 conceptual-checkpoint 511 166666666 0 0 6193198968.242687 6311619743.799535
1317 conceptual-checkpoint 512 166666666 0 0 6177409723.475246 6311622122.787839
1318 conceptual-checkpoint 513 166666666 0 0 6201093590.323908 6311622123.135391
1319 conceptual-checkpoint 514 166666666 0 0 6180041264.132767 6311620798.842917
1320 conceptual-checkpoint 515 166666666 0 0 6203725130.919574 6311619397.930375
1321 conceptual-checkpoint 516 166666666 0 0 6187935886.555674 6311621014.769968
1322 conceptual-checkpoint 517 166666666 0 0 6195830508.769375 6311622251.790349
1323 conceptual-checkpoint 518 166666666 0 0 6182672804.553348 6311622467.585393
1324 conceptual-checkpoint 519 166666666 0 0 6198462049.370467 6311622468.419057
1325 conceptual-checkpoint 520 166666666 0 0 6174778183.223534 6311622467.857312
1326 conceptual-checkpoint 521 166666666 0 0 6190567426.819571 6311621273.819857
1327 conceptual-checkpoint 522 166666666 0 0 6208988212.916265 6311622253.209507
1328 conceptual-checkpoint 523 166666666 0 0 6206356671.599524 6311619753.663583
1329 conceptual-checkpoint 524 166666666 0 0 6211619752.684127 6311622468.656999
1330 conceptual-checkpoint 525 166666666 0 0 6205998078.890946 6311622469.004551
1331 conceptual-checkpoint 526 166666666 0 0 6182314211.814272 6311621907.340347
1332 conceptual-checkpoint 527 166666666 0 0 6203366537.747622 6311619743.799535
1333 conceptual-checkpoint 528 166666666 0 0 6192840374.682426 6311622122.787839
1334 conceptual-checkpoint 529 166666666 0 0 6177051130.846165 6311622123.135391
1335 conceptual-checkpoint 530 166666666 0 0 6190208834.199713 6311620798.842917
1336 conceptual-checkpoint 531 166666666 0 0 6184945752.767201 6311619397.930375
1337 conceptual-checkpoint 532 166666666 0 0 6198103456.240079 6311621014.769968
1338 conceptual-checkpoint 533 166666666 0 0 6174419589.955662 6311622251.790349
1339 conceptual-checkpoint 534 166666666 0 0 6179682671.948799 6311622467.585393
1340 conceptual-checkpoint 535 166666666 0 0 6195471916.348891 6311622468.419057
1341 conceptual-checkpoint 536 166666666 0 0 6187577293.280482 6311622467.857312
1342 conceptual-checkpoint 537 166666666 0 0 6200734997.203304 6311621273.819857
1343 conceptual-checkpoint 538 166666666 0 0 6106917106.300352 6311622253.209507
1344 conceptual-checkpoint 539 166666666 0 0 6104285566.095188 6311619753.663583
1392 conceptual-checkpoint 540 166666666 0 0 6201096303.724505 6311619753.663583
1393 conceptual-checkpoint 541 166666666 0 0 6177412437.393537 6311622468.656999
1394 conceptual-checkpoint 542 166666666 0 0 6185307059.557812 6311622469.004551
1395 conceptual-checkpoint 543 166666666 0 0 6193201681.363960 6311621907.340347
1396 conceptual-checkpoint 544 166666666 0 0 6180043978.127922 6311619743.799535
1397 conceptual-checkpoint 545 166666666 0 0 6203727844.737164 6311622122.787839
1398 conceptual-checkpoint 546 166666666 0 0 6195833222.289280 6311622123.135391
1399 conceptual-checkpoint 547 166666666 0 0 6187938600.526235 6311620798.842917
1400 conceptual-checkpoint 548 166666666 0 0 6190570141.298882 6311619397.930375
1401 conceptual-checkpoint 549 166666666 0 0 6182675518.723103 6311621014.769968
1402 conceptual-checkpoint 550 166666666 0 0 6198464763.003923 6311622251.790349
1403 conceptual-checkpoint 551 166666666 0 0 6174780896.636271 6311622467.585393
1404 conceptual-checkpoint 552 166666666 0 0 6211622466.587079 6311622468.419057
1405 conceptual-checkpoint 553 166666666 0 0 6206359385.407452 6311622467.857312
1406 conceptual-checkpoint 554 166666666 0 0 6208990925.535907 6311621273.819857
1407 conceptual-checkpoint 555 166666666 0 0 6000998079.261801 6311622253.209507
1408 conceptual-checkpoint 556 166666666 0 0 5990471916.062886 6311619753.663583
1409 conceptual-checkpoint 557 166666666 0 0 5998366538.728937 6311622468.656999
1410 conceptual-checkpoint 558 166666666 0 0 5982577294.641825 6311622469.004551
1411 conceptual-checkpoint 559 166666666 0 0 5974682672.301990 6311621907.340347
1412 conceptual-checkpoint 560 166666666 0 0 5977314213.090358 6311619743.799535
1413 conceptual-checkpoint 561 166666666 0 0 5969419590.955963 6311622122.787839
1414 conceptual-checkpoint 562 166666666 0 0 5993103457.024533 6311622123.135391
1415 conceptual-checkpoint 563 166666666 0 0 5985208834.774536 6311620798.842917
1416 conceptual-checkpoint 564 166666666 0 0 5987840375.627667 6311619397.930375
1417 conceptual-checkpoint 565 166666666 0 0 5995734998.047166 6311621014.769968
1418 conceptual-checkpoint 566 166666666 0 0 5979945753.463666 6311622251.790349
1419 conceptual-checkpoint 567 166666666 0 0 5972051131.469073 6311622467.585393
1420 conceptual-checkpoint 568 166666666 0 0 5901917107.034095 6311622468.419057
1421 conceptual-checkpoint 569 166666666 0 0 5899285566.067935 6311622467.857312
1469 conceptual-checkpoint 570 166666666 0 0 6203727628.438364 6311622467.857312
1470 conceptual-checkpoint 571 166666666 0 0 6187938383.601292 6311621273.819857
1471 conceptual-checkpoint 572 166666666 0 0 6195833006.368646 6311622253.209507
1472 conceptual-checkpoint 573 166666666 0 0 6180043762.001826 6311619753.663583
1473 conceptual-checkpoint 574 166666666 0 0 6193201465.773682 6311622468.656999
1474 conceptual-checkpoint 575 166666666 0 0 6177412220.243412 6311622469.004551
1475 conceptual-checkpoint 576 166666666 0 0 6185306843.091158 6311621907.340347
1476 conceptual-checkpoint 577 166666666 0 0 6201096087.241231 6311619743.799535
1477 conceptual-checkpoint 578 166666666 0 0 6174780680.437121 6311622122.787839
1478 conceptual-checkpoint 579 166666666 0 0 6182675302.541958 6311622123.135391
1479 conceptual-checkpoint 580 166666666 0 0 6198464546.651206 6311620798.842917
1480 conceptual-checkpoint 581 166666666 0 0 6190569924.507580 6311619397.930375
1481 conceptual-checkpoint 582 166666666 0 0 6208990710.076123 6311621014.769968
1482 conceptual-checkpoint 583 166666666 0 0 6206359168.427372 6311622251.790349
1483 conceptual-checkpoint 584 166666666 0 0 6211622251.117040 6311622467.585393
1484 conceptual-checkpoint 585 166666666 0 0 6000998078.738579 6311622468.419057
1485 conceptual-checkpoint 586 166666666 0 0 5995734997.200210 6311622467.857312
1486 conceptual-checkpoint 587 166666666 0 0 5972051130.827419 6311621273.819857
1487 conceptual-checkpoint 588 166666666 0 0 5979945752.440528 6311622253.209507
1488 conceptual-checkpoint 589 166666666 0 0 5985208833.805643 6311619753.663583
1489 conceptual-checkpoint 590 166666666 0 0 5977314211.723392 6311622468.656999
1490 conceptual-checkpoint 591 166666666 0 0 5969419590.086191 6311622469.004551
1491 conceptual-checkpoint 592 166666666 0 0 5987840374.992121 6311621907.340347
1492 conceptual-checkpoint 593 166666666 0 0 5993103456.573949 6311619743.799535
1493 conceptual-checkpoint 594 166666666 0 0 5998366537.990498 6311622122.787839
1494 conceptual-checkpoint 595 166666666 0 0 5990471916.001480 6311622123.135391
1495 conceptual-checkpoint 596 166666666 0 0 5982577293.544293 6311620798.842917
1496 conceptual-checkpoint 597 166666666 0 0 5974682671.464299 6311619397.930375
1497 conceptual-checkpoint 598 166666666 0 0 5899285565.907106 6311621014.769968
1498 conceptual-checkpoint 599 166666666 0 0 5901917106.404982 6311622251.790349
1546  600 0 0 0 0.000000 6311622251.790349
1547  601 0 0 0 0.000000 6311622467.585393
1548  602 0 0 0 0.000000 6311622468.419057
1549  603 0 0 0 0.000000 6311622467.857312
1550  604 0 0 0 0.000000 6311621273.819857
1551  605 0 0 0 0.000000 6311622253.209507
1552  606 0 0 0 0.000000 6311619753.663583
1553  607 0 0 0 0.000000 6311622468.656999
1554  608 0 0 0 0.000000 6311622469.004551
1555  609 0 0 0 0.000000 6311621907.340347
1556  610 0 0 0 0.000000 6311619743.799535
1557  611 0 0 0 0.000000 6311622122.787839
1558  612 0 0 0 0.000000 6311622123.135391
1559  613 0 0 0 0.000000 6311620798.842917
1560  614 0 0 0 0.000000 6311619397.930375
1561  615 0 0 0 0.000000 6311621014.769968
1562  616 0 0 0 0.000000 6311622251.790349
1563  617 0 0 0 0.000000 6311622467.585393
1564  618 0 0 0 0.000000 6311622468.419057
1565  619 0 0 0 0.000000 6311622467.857312
1566  620 0 0 0 0.000000 6311621273.819857
1567  621 0 0 0 0.000000 6311622253.209507
1568  622 0 0 0 0.000000 6311619753.663583
1569  623 0 0 0 0.000000 6311622468.656999
1570  624 0 0 0 0.000000 6311622469.004551
1571  625 0 0 0 0.000000 6311621907.340347
1572  626 0 0 0 0.000000 6311619743.799535
1573  627 0 0 0 0.000000 6311622122.787839
1574  628 0 0 0 0.000000 6311622123.135391
1575  629 0 0 0 0.000000 6311620798.842917
1623  630 0 0 0 0.000000 6311620798.842917
1624  631 0 0 0 0.000000 6311619397.930375
1625  632 0 0 0 0.000000 6311621014.769968
1626  633 0 0 0 0.000000 6311622251.790349
1627  634 0 0 0 0.000000 6311622467.585393
1628  635 0 0 0 0.000000 6311622468.419057
1629  636 0 0 0 0.000000 6311622467.857312
1630  637 0 0 0 0.000000 6311621273.819857
1631  638 0 0 0 0.000000 6311622253.209507
1632  639 0 0 0 0.000000 6311619753.663583
1633  640 0 0 0 0.000000 6311622468.656999
1634  641 0 0 0 0.000000 6311622469.004551
1635  642 0 0 0 0.000000 6311621907.340347
1636  643 0 0 0 0.000000 6311619743.799535
1637  644 0 0 0 0.000000 6311622122.787839
1638  645 0 0 0 0.000000 6311622123.135391
1639  646 0 0 0 0.000000 6311620798.842917
1640  647 0 0 0 0.000000 6311619397.930375
1641  648 0 0 0 0.000000 6311621014.769968
1642  649 0 0 0 0.000000 6311622251.790349
1643  650 0 0 0 0.000000 6311622467.585393
1644  651 0 0 0 0.000000 6311622468.419057
1645  652 0 0 0 0.000000 6311622467.857312
1646  653 0 0 0 0.000000 6311621273.819857
1647  654 0 0 0 0.000000 6311622253.209507
1648  655 0 0 0 0.000000 6311619753.663583
1649  656 0 0 0 0.000000 6311622468.656999
1650  657 0 0 0 0.000000 6311622469.004551
1651  658 0 0 0 0.000000 6311621907.340347
1652  659 0 0 0 0.000000 6311619743.799535
1700  660 0 0 0 0.000000 6311619743.799535
1701  661 0 0 0 0.000000 6311622122.787839
1702  662 0 0 0 0.000000 6311622123.135391
1703  663 0 0 0 0.000000 6311620798.842917
1704  664 0 0 0 0.000000 6311619397.930375
1705  665 0 0 0 0.000000 6311621014.769968
1706  666 0 0 0 0.000000 6311622251.790349
1707  667 0 0 0 0.000000 6311622467.585393
1708  668 0 0 0 0.000000 6311622468.419057
1709  669 0 0 0 0.000000 6311622467.857312
1710  670 0 0 0 0.000000 6311621273.819857
1711  671 0 0 0 0.000000 6311622253.209507
1712  672 0 0 0 0.000000 6311619753.663583
1713  673 0 0 0 0.000000 6311622468.656999
1714  674 0 0 0 0.000000 6311622469.004551
1715  675 0 0 0 0.000000 6311621907.340347
1716  676 0 0 0 0.000000 6311619743.799535
1717  677 0 0 0 0.000000 6311622122.787839
1718  678 0 0 0 0.000000 6311622123.135391
1719  679 0 0 0 0.000000 6311620798.842917
1720  680 0 0 0 0.000000 6311619397.930375
1721  681 0 0 0 0.000000 6311621014.769968
1722  682 0 0 0 0.000000 6311622251.790349
1723  683 0 0 0 0.000000 6311622467.585393
1724  684 0 0 0 0.000000 6311622468.419057
1725  685 0 0 0 0.000000 6311622467.857312
1726  686 0 0 0 0.000000 6311621273.819857
1727  687 0 0 0 0.000000 6311622253.209507
1728  688 0 0 0 0.000000 6311619753.663583
1729  689 0 0 0 0.000000 6311622468.656999
1777  690 0 0 0 0.000000 6311622468.656999
1778  691 0 0 0 0.000000 6311622469.004551
1779  692 0 0 0 0.000000 6311621907.340347
1780  693 0 0 0 0.000000 6311619743.799535
1781  694 0 0 0 0.000000 6311622122.787839
1782  695 0 0 0 0.000000 6311622123.135391
1783  696 0 0 0 0.000000 6311620798.842917
1784  697 0 0 0 0.000000 6311619397.930375
1785  698 0 0 0 0.000000 6311621014.769968
1786  699 0 0 0 0.000000 6311622251.790349
1787  700 0 0 0 0.000000 6311622467.585393
1788  701 0 0 0 0.000000 6311622468.419057
1789  702 0 0 0 0.000000 6311622467.857312
1790  703 0 0 0 0.000000 6311621273.819857
1791  704 0 0 0 0.000000 6311622253.209507
1792  705 0 0 0 0.000000 6311619753.663583
1793  706 0 0 0 0.000000 6311622468.656999
1794  707 0 0 0 0.000000 6311622469.004551
1795  708 0 0 0 0.000000 6311621907.340347
1796  709 0 0 0 0.000000 6311619743.799535
1797  710 0 0 0 0.000000 6311622122.787839
1798  711 0 0 0 0.000000 6311622123.135391
1799  712 0 0 0 0.000000 6311620798.842917
1800  713 0 0 0 0.000000 6311619397.930375
1801  714 0 0 0 0.000000 6311621014.769968
1802  715 0 0 0 0.000000 6311622251.790349
1803  716 0 0 0 0.000000 6311622467.585393
1804  717 0 0 0 0.000000 6311622468.419057
1805  718 0 0 0 0.000000 6311622467.857312
1806  719 0 0 0 0.000000 6311621273.819857
1854  720 0 0 0 0.000000 6311621273.819857
1855  721 0 0 0 0.000000 6311622253.209507
1856  722 0 0 0 0.000000 6311619753.663583
1857  723 0 0 0 0.000000 6311622468.656999
1858  724 0 0 0 0.000000 6311622469.004551
1859  725 0 0 0 0.000000 6311621907.340347
1860  726 0 0 0 0.000000 6311619743.799535
1861  727 0 0 0 0.000000 6311622122.787839
1862  728 0 0 0 0.000000 6311622123.135391
1863  729 0 0 0 0.000000 6311620798.842917
1864  730 0 0 0 0.000000 6311619397.930375
1865  731 0 0 0 0.000000 6311621014.769968
1866  732 0 0 0 0.000000 6311622251.790349
1867  733 0 0 0 0.000000 6311622467.585393
1868  734 0 0 0 0.000000 6311622468.419057
1869  735 0 0 0 0.000000 6311622467.857312
1870  736 0 0 0 0.000000 6311621273.819857
1871  737 0 0 0 0.000000 6311622253.209507
1872  738 0 0 0 0.000000 6311619753.663583
1873  739 0 0 0 0.000000 6311622468.656999
1874  740 0 0 0 0.000000 6311622469.004551
1875  741 0 0 0 0.000000 6311621907.340347
1876  742 0 0 0 0.000000 6311619743.799535
1877  743 0 0 0 0.000000 6311622122.787839
1878  744 0 0 0 0.000000 6311622123.135391
1879  745 0 0 0 0.000000 6311620798.842917
1880  746 0 0 0 0.000000 6311619397.930375
1881  747 0 0 0 0.000000 6311621014.769968
1882  748 0 0 0 0.000000 6311622251.790349
1883  749 0 0 0 0.000000 6311622467.585393
1931  750 0 0 0 0.000000 6311622467.585393
1932  751 0 0 0 0.000000 6311622468.419057
1933  752 0 0 0 0.000000 6311622467.857312
1934  753 0 0 0 0.000000 6311621273.819857
1935  754 0 0 0 0.000000 6311622253.209507
1936  755 0 0 0 0.000000 6311619753.663583
1937  756 0 0 0 0.000000 6311622468.656999
1938  757 0 0 0 0.000000 6311622469.004551
1939  758 0 0 0 0.000000 6311621907.340347
1940  759 0 0 0 0.000000 6311619743.799535
1941  760 0 0 0 0.000000 6311622122.787839
1942  761 0 0 0 0.000000 6311622123.135391
1943  762 0 0 0 0.000000 6311620798.842917
1944  763 0 0 0 0.000000 6311619397.930375
1945  764 0 0 0 0.000000 6311621014.769968
1946  765 0 0 0 0.000000 6311622251.790349
1947  766 0 0 0 0.000000 6311622467.585393
1948  767 0 0 0 0.000000 6311622468.419057
1949  768 0 0 0 0.000000 6311622467.857312
1950  769 0 0 0 0.000000 6311621273.819857
1951  770 0 0 0 0.000000 6311622253.209507
1952  771 0 0 0 0.000000 6311619753.663583
1953  772 0 0 0 0.000000 6311622468.656999
1954  773 0 0 0 0.000000 6311622469.004551
1955  774 0 0 0 0.000000 6311621907.340347
1956  775 0 0 0 0.000000 6311619743.799535
1957  776 0 0 0 0.000000 6311622122.787839
1958  777 0 0 0 0.000000 6311622123.135391
1959  778 0 0 0 0.000000 6311620798.842917
1960  779 0 0 0 0.000000 6311619397.930375
2008  780 0 0 0 0.000000 6311619397.930375
2009  781 0 0 0 0.000000 6311621014.769968
2010  782 0 0 0 0.000000 6311622251.790349
2011  783 0 0 0 0.000000 6311622467.585393
2012  784 0 0 0 0.000000 6311622468.419057
2013  785 0 0 0 0.000000 6311622467.857312
2014  786 0 0 0 0.000000 6311621273.819857
2015  787 0 0 0 0.000000 6311622253.209507
2016  788 0 0 0 0.000000 6311619753.663583
2017  789 0 0 0 0.000000 6311622468.656999
2018  790 0 0 0 0.000000 6311622469.004551
2019  791 0 0 0 0.000000 6311621907.340347
2020  792 0 0 0 0.000000 6311619743.799535
2021  793 0 0 0 0.000000 6311622122.787839
2022  794 0 0 0 0.000000 6311622123.135391
2023  795 0 0 0 0.000000 6311620798.842917
2024  796 0 0 0 0.000000 6311619397.930375
2025  797 0 0 0 0.000000 6311621014.769968
2026  798 0 0 0 0.000000 6311622251.790349
2027  799 0 0 0 0.000000 6311622467.585393
2028  800 0 0 0 0.000000 6311622468.419057
2029  801 0 0 0 0.000000 6311622467.857312
2030  802 0 0 0 0.000000 6311621273.819857
2031  803 0 0 0 0.000000 6311622253.209507
2032  804 0 0 0 0.000000 6311619753.663583
2033  805 0 0 0 0.000000 6311622468.656999
2034  806 0 0 0 0.000000 6311622469.004551
2035  807 0 0 0 0.000000 6311621907.340347
2036  808 0 0 0 0.000000 6311619743.799535
2037  809 0 0 0 0.000000 6311622122.787839
2085  810 0 0 0 0.000000 6311622122.787839
2086  811 0 0 0 0.000000 6311622123.135391
2087  812 0 0 0 0.000000 6311620798.842917
2088  813 0 0 0 0.000000 6311619397.930375
2089  814 0 0 0 0.000000 6311621014.769968
2090  815 0 0 0 0.000000 6311622251.790349
2091  816 0 0 0 0.000000 6311622467.585393
2092  817 0 0 0 0.000000 6311622468.419057
2093  818 0 0 0 0.000000 6311622467.857312
2094  819 0 0 0 0.000000 6311621273.819857
2095  820 0 0 0 0.000000 6311622253.209507
2096  821 0 0 0 0.000000 6311619753.663583
2097  822 0 0 0 0.000000 6311622468.656999
2098  823 0 0 0 0.000000 6311622469.004551
2099  824 0 0 0 0.000000 6311621907.340347
2100  825 0 0 0 0.000000 6311619743.799535
2101  826 0 0 0 0.000000 6311622122.787839
2102  827 0 0 0 0.000000 6311622123.135391
2103  828 0 0 0 0.000000 6311620798.842917
2104  829 0 0 0 0.000000 6311619397.930375
2105  830 0 0 0 0.000000 6311621014.769968
2106  831 0 0 0 0.000000 6311622251.790349
2107  832 0 0 0 0.000000 6311622467.585393
2108  833 0 0 0 0.000000 6311622468.419057
2109  834 0 0 0 0.000000 6311622467.857312
2110  835 0 0 0 0.000000 6311621273.819857
2111  836 0 0 0 0.000000 6311622253.209507
2112  837 0 0 0 0.000000 6311619753.663583
2113  838 0 0 0 0.000000 6311622468.656999
2114  839 0 0 0 0.000000 6311622469.004551
2162  840 0 0 0 0.000000 6311622469.004551
2163  841 0 0 0 0.000000 6311621907.340347
2164  842 0 0 0 0.000000 6311619743.799535
2165  843 0 0 0 0.000000 6311622122.787839
2166  844 0 0 0 0.000000 6311622123.135391
2167  845 0 0 0 0.000000 6311620798.842917
2168  846 0 0 0 0.000000 6311619397.930375
2169  847 0 0 0 0.000000 6311621014.769968
2170  848 0 0 0 0.000000 6311622251.790349
2171  849 0 0 0 0.000000 6311622467.585393
2172  850 0 0 0 0.000000 6311622468.419057
2173  851 0 0 0 0.000000 6311622467.857312
2174  852 0 0 0 0.000000 6311621273.819857
2175  853 0 0 0 0.000000 6311622253.209507
2176  854 0 0 0 0.000000 6311619753.663583
2177  855 0 0 0 0.000000 6311622468.656999
2178  856 0 0 0 0.000000 6311622469.004551
2179  857 0 0 0 0.000000 6311621907.340347
2180  858 0 0 0 0.000000 6311619743.799535
2181  859 0 0 0 0.000000 6311622122.787839
2182  860 0 0 0 0.000000 6311622123.135391
2183  861 0 0 0 0.000000 6311620798.842917
2184  862 0 0 0 0.000000 6311619397.930375
2185  863 0 0 0 0.000000 6311621014.769968
2186  864 0 0 0 0.000000 6311622251.790349
2187  865 0 0 0 0.000000 6311622467.585393
2188  866 0 0 0 0.000000 6311622468.419057
2189  867 0 0 0 0.000000 6311622467.857312
2190  868 0 0 0 0.000000 6311621273.819857
2191  869 0 0 0 0.000000 6311622253.209507
2239  870 0 0 0 0.000000 6311622253.209507
2240  871 0 0 0 0.000000 6311619753.663583
2241  872 0 0 0 0.000000 6311622468.656999
2242  873 0 0 0 0.000000 6311622469.004551
2243  874 0 0 0 0.000000 6311621907.340347
2244  875 0 0 0 0.000000 6311619743.799535
2245  876 0 0 0 0.000000 6311622122.787839
2246  877 0 0 0 0.000000 6311622123.135391
2247  878 0 0 0 0.000000 6311620798.842917
2248  879 0 0 0 0.000000 6311619397.930375
2249  880 0 0 0 0.000000 6311621014.769968
2250  881 0 0 0 0.000000 6311622251.790349
2251  882 0 0 0 0.000000 6311622467.585393
2252  883 0 0 0 0.000000 6311622468.419057
2253  884 0 0 0 0.000000 6311622467.857312
2254  885 0 0 0 0.000000 6311621273.819857
2255  886 0 0 0 0.000000 6311622253.209507
2256  887 0 0 0 0.000000 6311619753.663583
2257  888 0 0 0 0.000000 6311622468.656999
2258  889 0 0 0 0.000000 6311622469.004551
2259  890 0 0 0 0.000000 6311621907.340347
2260  891 0 0 0 0.000000 6311619743.799535
2261  892 0 0 0 0.000000 6311622122.787839
2262  893 0 0 0 0.000000 6311622123.135391
2263  894 0 0 0 0.000000 6311620798.842917
2264  895 0 0 0 0.000000 6311619397.930375
2265  896 0 0 0 0.000000 6311621014.769968
2266  897 0 0 0 0.000000 6311622251.790349
2267  898 0 0 0 0.000000 6311622467.585393
2268  899 0 0 0 0.000000 6311622468.419057
2316  900 0 0 0 0.000000 6311622468.419057
2317  901 0 0 0 0.000000 6311622467.857312
2318  902 0 0 0 0.000000 6311621273.819857
2319  903 0 0 0 0.000000 6311622253.209507
2320  904 0 0 0 0.000000 6311619753.663583
2321  905 0 0 0 0.000000 6311622468.656999
2322  906 0 0 0 0.000000 6311622469.004551
2323  907 0 0 0 0.000000 6311621907.340347
2324  908 0 0 0 0.000000 6311619743.799535
2325  909 0 0 0 0.000000 6311622122.787839
2326  910 0 0 0 0.000000 6311622123.135391
2327  911 0 0 0 0.000000 6311620798.842917
2328  912 0 0 0 0.000000 6311619397.930375
2329  913 0 0 0 0.000000 6311621014.769968
2330  914 0 0 0 0.000000 6311622251.790349
2331  915 0 0 0 0.000000 6311622467.585393
2332  916 0 0 0 0.000000 6311622468.419057
2333  917 0 0 0 0.000000 6311622467.857312
2334  918 0 0 0 0.000000 6311621273.819857
2335  919 0 0 0 0.000000 6311622253.209507
2336  920 0 0 0 0.000000 6311619753.663583
2337  921 0 0 0 0.000000 6311622468.656999
2338  922 0 0 0 0.000000 6311622469.004551
2339  923 0 0 0 0.000000 6311621907.340347
2340  924 0 0 0 0.000000 6311619743.799535
2341  925 0 0 0 0.000000 6311622122.787839
2342  926 0 0 0 0.000000 6311622123.135391
2343  927 0 0 0 0.000000 6311620798.842917
2344  928 0 0 0 0.000000 6311619397.930375
2345  929 0 0 0 0.000000 6311621014.769968
2393  930 0 0 0 0.000000 6311621014.769968
2394  931 0 0 0 0.000000 6311622251.790349
2395  932 0 0 0 0.000000 6311622467.585393
2396  933 0 0 0 0.000000 6311622468.419057
2397  934 0 0 0 0.000000 6311622467.857312
2398  935 0 0 0 0.000000 6311621273.819857
2399  936 0 0 0 0.000000 6311622253.209507
2400  937 0 0 0 0.000000 6311619753.663583
2401  938 0 0 0 0.000000 6311622468.656999
2402  939 0 0 0 0.000000 6311622469.004551
2403  940 0 0 0 0.000000 6311621907.340347
2404  941 0 0 0 0.000000 6311619743.799535
2405  942 0 0 0 0.000000 6311622122.787839
2406  943 0 0 0 0.000000 6311622123.135391
2407  944 0 0 0 0.000000 6311620798.842917
2408  945 0 0 0 0.000000 6311619397.930375
2409  946 0 0 0 0.000000 6311621014.769968
2410  947 0 0 0 0.000000 6311622251.790349
2411  948 0 0 0 0.000000 6311622467.585393
2412  949 0 0 0 0.000000 6311622468.419057
2413  950 0 0 0 0.000000 6311622467.857312
2414  951 0 0 0 0.000000 6311621273.819857
2415  952 0 0 0 0.000000 6311622253.209507
2416  953 0 0 0 0.000000 6311619753.663583
2417  954 0 0 0 0.000000 6311622468.656999
2418  955 0 0 0 0.000000 6311622469.004551
2419  956 0 0 0 0.000000 6311621907.340347
2420  957 0 0 0 0.000000 6311619743.799535
2421  958 0 0 0 0.000000 6311622122.787839
2422  959 0 0 0 0.000000 6311622123.135391
2470  960 0 0 0 0.000000 6311622123.135391
2471  961 0 0 0 0.000000 6311620798.842917
2472  962 0 0 0 0.000000 6311619397.930375
2473  963 0 0 0 0.000000 6311621014.769968
2474  964 0 0 0 0.000000 6311622251.790349
2475  965 0 0 0 0.000000 6311622467.585393
2476  966 0 0 0 0.000000 6311622468.419057
2477  967 0 0 0 0.000000 6311622467.857312
2478  968 0 0 0 0.000000 6311621273.819857
2479  969 0 0 0 0.000000 6311622253.209507
2480  970 0 0 0 0.000000 6311619753.663583
2481  971 0 0 0 0.000000 6311622468.656999
2482  972 0 0 0 0.000000 6311622469.004551
2483  973 0 0 0 0.000000 6311621907.340347
2484  974 0 0 0 0.000000 6311619743.799535
2485  975 0 0 0 0.000000 6311622122.787839
2486  976 0 0 0 0.000000 6311622123.135391
2487  977 0 0 0 0.000000 6311620798.842917
2488  978 0 0 0 0.000000 6311619397.930375
2489  979 0 0 0 0.000000 6311621014.769968
2490  980 0 0 0 0.000000 6311622251.790349
2491  981 0 0 0 0.000000 6311622467.585393
2492  982 0 0 0 0.000000 6311622468.419057
2493  983 0 0 0 0.000000 6311622467.857312
2494  984 0 0 0 0.000000 6311621273.819857
2495  985 0 0 0 0.000000 6311622253.209507
2496  986 0 0 0 0.000000 6311619753.663583
2497  987 0 0 0 0.000000 6311622468.656999
2498  988 0 0 0 0.000000 6311622469.004551
2499  989 0 0 0 0.000000 6311621907.340347