# Format <LP id> <Workload type> <client id> <Bytes written> <Bytes read> <Synthetic data Received> <Time to write bytes > <Total elapsed time>
6 milc 0 0 0 0 0.000000 6311623045.919643
7 milc 1 0 0 0 0.000000 6311623045.919643
8 milc 2 0 0 0 0.000000 6311623045.919643
9 milc 3 0 0 0 0.000000 6311623045.919643
10 milc 4 0 0 0 0.000000 6311623045.919643
11 milc 5 0 0 0 0.000000 6311623045.919643
12 milc 6 0 0 0 0.000000 6311623045.919643
13 milc 7 0 0 0 0.000000 6311623045.919643
14 milc 8 0 0 0 0.000000 6311623045.919643
15 milc 9 0 0 0 0.000000 6311623045.919643
16 milc 10 0 0 0 0.000000 6311623045.919643
17 milc 11 0 0 0 0.000000 6311623045.919643
18 milc 12 0 0 0 0.000000 6311623045.919643
19 milc 13 0 0 0 0.000000 6311623045.919643
20 milc 14 0 0 0 0.000000 6311623045.919643
21 milc 15 0 0 0 0.000000 6311623045.919643
22 milc 16 0 0 0 0.000000 6311623045.919643
23 milc 17 0 0 0 0.000000 6311623045.919643
24 milc 18 0 0 0 0.000000 6311623045.919643
25 milc 19 0 0 0 0.000000 6311623045.919643
26 milc 20 0 0 0 0.000000 6311623045.919643
27 milc 21 0 0 0 0.000000 6311623045.919643
28 milc 22 0 0 0 0.000000 6311623045.919643
29 milc 23 0 0 0 0.000000 6311623045.919643
30 milc 24 0 0 0 0.000000 6311623045.919643
31 milc 25 0 0 0 0.000000 6311623045.919643
32 milc 26 0 0 0 0.000000 6311623045.919643
33 milc 27 0 0 0 0.000000 6311623045.919643
34 milc 28 0 0 0 0.000000 6311623045.919643
35 milc 29 0 0 0 0.000000 6311623045.919643
83 milc 30 0 0 0 0.000000 6311623045.919643
84 milc 31 0 0 0 0.000000 6311623045.919643
85 milc 32 0 0 0 0.000000 6311623045.919643
86 milc 33 0 0 0 0.000000 6311623045.919643
87 milc 34 0 0 0 0.000000 6311623045.919643
88 milc 35 0 0 0 0.000000 6311623045.919643
89 milc 36 0 0 0 0.000000 6311623045.919643
90 milc 37 0 0 0 0.000000 6311623045.919643
91 milc 38 0 0 0 0.000000 6311623045.919643
92 milc 39 0 0 0 0.000000 6311623045.919643
93 milc 40 0 0 0 0.000000 6311623045.919643
94 milc 41 0 0 0 0.000000 6311623045.919643
95 milc 42 0 0 0 0.000000 6311623045.919643
96 milc 43 0 0 0 0.000000 6311623045.919643
97 milc 44 0 0 0 0.000000 6311623045.919643
98 milc 45 0 0 0 0.000000 6311623045.919643
99 milc 46 0 0 0 0.000000 6311623045.919643
100 milc 47 0 0 0 0.000000 6311623045.919643
101 milc 48 0 0 0 0.000000 6311623045.919643
102 milc 49 0 0 0 0.000000 6311623045.919643
103 milc 50 0 0 0 0.000000 6311623045.919643
104 milc 51 0 0 0 0.000000 6311623045.919643
105 milc 52 0 0 0 0.000000 6311623045.919643
106 milc 53 0 0 0 0.000000 6311623045.919643
107 milc 54 0 0 0 0.000000 6311623045.919643
108 milc 55 0 0 0 0.000000 6311623045.919643
109 milc 56 0 0 0 0.000000 6311623045.919643
110 milc 57 0 0 0 0.000000 6311623045.919643
111 milc 58 0 0 0 0.000000 6311623045.919643
112 milc 59 0 0 0 0.000000 6311623045.919643
160 milc 60 0 0 0 0.000000 6311623045.919643
161 milc 61 0 0 0 0.000000 6311623045.919643
162 milc 62 0 0 0 0.000000 6311623045.919643
163 milc 63 0 0 0 0.000000 6311623045.919643
164 milc 64 0 0 0 0.000000 6311623045.919643
165 milc 65 0 0 0 0.000000 6311623045.919643
166 milc 66 0 0 0 0.000000 6311623045.919643
167 milc 67 0 0 0 0.000000 6311623045.919643
168 milc 68 0 0 0 0.000000 6311623045.919643
169 milc 69 0 0 0 0.000000 6311623045.919643
170 milc 70 0 0 0 0.000000 6311623045.919643
171 milc 71 0 0 0 0.000000 6311623045.919643
172 milc 72 0 0 0 0.000000 6311623045.919643
173 milc 73 0 0 0 0.000000 6311623045.919643
174 milc 74 0 0 0 0.000000 6311623045.919643
175 milc 75 0 0 0 0.000000 6311623045.919643
176 milc 76 0 0 0 0.000000 6311623045.919643
177 milc 77 0 0 0 0.000000 6311623045.919643
178 milc 78 0 0 0 0.000000 6311623045.919643
179 milc 79 0 0 0 0.000000 6311623045.919643
180 milc 80 0 0 0 0.000000 6311623045.919643
181 milc 81 0 0 0 0.000000 6311623045.919643
182 milc 82 0 0 0 0.000000 6311623045.919643
183 milc 83 0 0 0 0.000000 6311623045.919643
184 milc 84 0 0 0 0.000000 6311623045.919643
185 milc 85 0 0 0 0.000000 6311623045.919643
186 milc 86 0 0 0 0.000000 6311623045.919643
187 milc 87 0 0 0 0.000000 6311623045.919643
188 milc 88 0 0 0 0.000000 6311623045.919643
189 milc 89 0 0 0 0.000000 6311623045.919643
237 milc 90 0 0 0 0.000000 6311623045.919643
238 milc 91 0 0 0 0.000000 6311623045.919643
239 milc 92 0 0 0 0.000000 6311623045.919643
240 milc 93 0 0 0 0.000000 6311623045.919643
241 milc 94 0 0 0 0.000000 6311623045.919643
242 milc 95 0 0 0 0.000000 6311623045.919643
243 milc 96 0 0 0 0.000000 6311623045.919643
244 milc 97 0 0 0 0.000000 6311623045.919643
245 milc 98 0 0 0 0.000000 6311623045.919643
246 milc 99 0 0 0 0.000000 6311623045.919643
247 milc 100 0 0 0 0.000000 6311623045.919643
248 milc 101 0 0 0 0.000000 6311623045.919643
249 milc 102 0 0 0 0.000000 6311623045.919643
250 milc 103 0 0 0 0.000000 6311623045.919643
251 milc 104 0 0 0 0.000000 6311623045.919643
252 milc 105 0 0 0 0.000000 6311623045.919643
253 milc 106 0 0 0 0.000000 6311623045.919643
254 milc 107 0 0 0 0.000000 6311623045.919643
255 milc 108 0 0 0 0.000000 6311623045.919643
256 milc 109 0 0 0 0.000000 6311623045.919643
257 milc 110 0 0 0 0.000000 6311623045.919643
258 milc 111 0 0 0 0.000000 6311623045.919643
259 milc 112 0 0 0 0.000000 6311623045.919643
260 milc 113 0 0 0 0.000000 6311623045.919643
261 milc 114 0 0 0 0.000000 6311623045.919643
262 milc 115 0 0 0 0.000000 6311623045.919643
263 milc 116 0 0 0 0.000000 6311623045.919643
264 milc 117 0 0 0 0.000000 6311623045.919643
265 milc 118 0 0 0 0.000000 6311623045.919643
266 milc 119 0 0 0 0.000000 6311623045.919643
314 milc 120 0 0 0 0.000000 6311623045.919643
315 milc 121 0 0 0 0.000000 6311623045.919643
316 milc 122 0 0 0 0.000000 6311623045.919643
317 milc 123 0 0 0 0.000000 6311623045.919643
318 milc 124 0 0 0 0.000000 6311623045.919643
319 milc 125 0 0 0 0.000000 6311623045.919643
320 milc 126 0 0 0 0.000000 6311623045.919643
321 milc 127 0 0 0 0.000000 6311623045.919643
322 milc 128 0 0 0 0.000000 6311623045.919643
323 milc 129 0 0 0 0.000000 6311623045.919643
324 milc 130 0 0 0 0.000000 6311623045.919643
325 milc 131 0 0 0 0.000000 6311623045.919643
326 milc 132 0 0 0 0.000000 6311623045.919643
327 milc 133 0 0 0 0.000000 6311623045.919643
328 milc 134 0 0 0 0.000000 6311623045.919643
329 milc 135 0 0 0 0.000000 6311623045.919643
330 milc 136 0 0 0 0.000000 6311623045.919643
331 milc 137 0 0 0 0.000000 6311623045.919643
332 milc 138 0 0 0 0.000000 6311623045.919643
333 milc 139 0 0 0 0.000000 6311623045.919643
334 milc 140 0 0 0 0.000000 6311623045.919643
335 milc 141 0 0 0 0.000000 6311623045.919643
336 milc 142 0 0 0 0.000000 6311623045.919643
337 milc 143 0 0 0 0.000000 6311623045.919643
338 milc 144 0 0 0 0.000000 6311623045.919643
339 milc 145 0 0 0 0.000000 6311623045.919643
340 milc 146 0 0 0 0.000000 6311623045.919643
341 milc 147 0 0 0 0.000000 6311623045.919643
342 milc 148 0 0 0 0.000000 6311623045.919643
343 milc 149 0 0 0 0.000000 6311623045.919643
391 milc 150 0 0 0 0.000000 6311623045.919643
392 milc 151 0 0 0 0.000000 6311623045.919643
393 milc 152 0 0 0 0.000000 6311623045.919643
394 milc 153 0 0 0 0.000000 6311623045.919643
395 milc 154 0 0 0 0.000000 6311623045.919643
396 milc 155 0 0 0 0.000000 6311623045.919643
397 milc 156 0 0 0 0.000000 6311623045.919643
398 milc 157 0 0 0 0.000000 6311623045.919643
399 milc 158 0 0 0 0.000000 6311623045.919643
400 milc 159 0 0 0 0.000000 6311623045.919643
401 milc 160 0 0 0 0.000000 6311623045.919643
402 milc 161 0 0 0 0.000000 6311623045.919643
403 milc 162 0 0 0 0.000000 6311623045.919643
404 milc 163 0 0 0 0.000000 6311623045.919643
405 milc 164 0 0 0 0.000000 6311623045.919643
406 milc 165 0 0 0 0.000000 6311623045.919643
407 milc 166 0 0 0 0.000000 6311623045.919643
408 milc 167 0 0 0 0.000000 6311623045.919643
409 milc 168 0 0 0 0.000000 6311623045.919643
410 milc 169 0 0 0 0.000000 6311623045.919643
411 milc 170 0 0 0 0.000000 6311623045.919643
412 milc 171 0 0 0 0.000000 6311623045.919643
413 milc 172 0 0 0 0.000000 6311623045.919643
414 milc 173 0 0 0 0.000000 6311623045.919643
415 milc 174 0 0 0 0.000000 6311623045.919643
416 milc 175 0 0 0 0.000000 6311623045.919643
417 milc 176 0 0 0 0.000000 6311623045.919643
418 milc 177 0 0 0 0.000000 6311623045.919643
419 milc 178 0 0 0 0.000000 6311623045.919643
420 milc 179 0 0 0 0.000000 6311623045.919643
468 milc 180 0 0 0 0.000000 6311623045.919643
469 milc 181 0 0 0 0.000000 6311623045.919643
470 milc 182 0 0 0 0.000000 6311623045.919643
471 milc 183 0 0 0 0.000000 6311623045.919643
472 milc 184 0 0 0 0.000000 6311623045.919643
473 milc 185 0 0 0 0.000000 6311623045.919643
474 milc 186 0 0 0 0.000000 6311623045.919643
475 milc 187 0 0 0 0.000000 6311623045.919643
476 milc 188 0 0 0 0.000000 6311623045.919643
477 milc 189 0 0 0 0.000000 6311623045.919643
478 milc 190 0 0 0 0.000000 6311623045.919643
479 milc 191 0 0 0 0.000000 6311623045.919643
480 milc 192 0 0 0 0.000000 6311623045.919643
481 milc 193 0 0 0 0.000000 6311623045.919643
482 milc 194 0 0 0 0.000000 6311623045.919643
483 milc 195 0 0 0 0.000000 6311623045.919643
484 milc 196 0 0 0 0.000000 6311623045.919643
485 milc 197 0 0 0 0.000000 6311623045.919643
486 milc 198 0 0 0 0.000000 6311623045.919643
487 milc 199 0 0 0 0.000000 6311623045.919643
488 milc 200 0 0 0 0.000000 6311623045.919643
489 milc 201 0 0 0 0.000000 6311623045.919643
490 milc 202 0 0 0 0.000000 6311623045.919643
491 milc 203 0 0 0 0.000000 6311623045.919643
492 milc 204 0 0 0 0.000000 6311623045.919643
493 milc 205 0 0 0 0.000000 6311623045.919643
494 milc 206 0 0 0 0.000000 6311623045.919643
495 milc 207 0 0 0 0.000000 6311623045.919643
496 milc 208 0 0 0 0.000000 6311623045.919643
497 milc 209 0 0 0 0.000000 6311623045.919643
545 milc 210 0 0 0 0.000000 6311623045.919643
546 milc 211 0 0 0 0.000000 6311623045.919643
547 milc 212 0 0 0 0.000000 6311623045.919643
548 milc 213 0 0 0 0.000000 6311623045.919643
549 milc 214 0 0 0 0.000000 6311623045.919643
550 milc 215 0 0 0 0.000000 6311623045.919643
551 milc 216 0 0 0 0.000000 6311623045.919643
552 milc 217 0 0 0 0.000000 6311623045.919643
553 milc 218 0 0 0 0.000000 6311623045.919643
554 milc 219 0 0 0 0.000000 6311623045.919643
555 milc 220 0 0 0 0.000000 6311623045.919643
556 milc 221 0 0 0 0.000000 6311623045.919643
557 milc 222 0 0 0 0.000000 6311623045.919643
558 milc 223 0 0 0 0.000000 6311623045.919643
559 milc 224 0 0 0 0.000000 6311623045.919643
560 milc 225 0 0 0 0.000000 6311623045.919643
561 milc 226 0 0 0 0.000000 6311623045.919643
562 milc 227 0 0 0 0.000000 6311623045.919643
563 milc 228 0 0 0 0.000000 6311623045.919643
564 milc 229 0 0 0 0.000000 6311623045.919643
565 milc 230 0 0 0 0.000000 6311623045.919643
566 milc 231 0 0 0 0.000000 6311623045.919643
567 milc 232 0 0 0 0.000000 6311623045.919643
568 milc 233 0 0 0 0.000000 6311623045.919643
569 milc 234 0 0 0 0.000000 6311623045.919643
570 milc 235 0 0 0 0.000000 6311623045.919643
571 milc 236 0 0 0 0.000000 6311623045.919643
572 milc 237 0 0 0 0.000000 6311623045.919643
573 milc 238 0 0 0 0.000000 6311623045.919643
574 milc 239 0 0 0 0.000000 6311623045.919643
622 milc 240 0 0 0 0.000000 6311623045.919643
623 milc 241 0 0 0 0.000000 6311623045.919643
624 milc 242 0 0 0 0.000000 6311623045.919643
625 milc 243 0 0 0 0.000000 6311623045.919643
626 milc 244 0 0 0 0.000000 6311623045.919643
627 milc 245 0 0 0 0.000000 6311623045.919643
628 milc 246 0 0 0 0.000000 6311623045.919643
629 milc 247 0 0 0 0.000000 6311623045.919643
630 milc 248 0 0 0 0.000000 6311623045.919643
631 milc 249 0 0 0 0.000000 6311623045.919643
632 milc 250 0 0 0 0.000000 6311623045.919643
633 milc 251 0 0 0 0.000000 6311623045.919643
634 milc 252 0 0 0 0.000000 6311623045.919643
635 milc 253 0 0 0 0.000000 6311623045.919643
636 milc 254 0 0 0 0.000000 6311623045.919643
637 milc 255 0 0 0 0.000000 6311623045.919643
638 milc 256 0 0 0 0.000000 6311623045.919643
639 milc 257 0 0 0 0.000000 6311623045.919643
640 milc 258 0 0 0 0.000000 6311623045.919643
641 milc 259 0 0 0 0.000000 6311623045.919643
642 milc 260 0 0 0 0.000000 6311623045.919643
643 milc 261 0 0 0 0.000000 6311623045.919643
644 milc 262 0 0 0 0.000000 6311623045.919643
645 milc 263 0 0 0 0.000000 6311623045.919643
646 milc 264 0 0 0 0.000000 6311623045.919643
647 milc 265 0 0 0 0.000000 6311623045.919643
648 milc 266 0 0 0 0.000000 6311623045.919643
649 milc 267 0 0 0 0.000000 6311623045.919643
650 milc 268 0 0 0 0.000000 6311623045.919643
651 milc 269 0 0 0 0.000000 6311623045.919643
699 milc 270 0 0 0 0.000000 6311623045.919643
700 milc 271 0 0 0 0.000000 6311623045.919643
701 milc 272 0 0 0 0.000000 6311623045.919643
702 milc 273 0 0 0 0.000000 6311623045.919643
703 milc 274 0 0 0 0.000000 6311623045.919643
704 milc 275 0 0 0 0.000000 6311623045.919643
705 milc 276 0 0 0 0.000000 6311623045.919643
706 milc 277 0 0 0 0.000000 6311623045.919643
707 milc 278 0 0 0 0.000000 6311623045.919643
708 milc 279 0 0 0 0.000000 6311623045.919643
709 milc 280 0 0 0 0.000000 6311623045.919643
710 milc 281 0 0 0 0.000000 6311623045.919643
711 milc 282 0 0 0 0.000000 6311623045.919643
712 milc 283 0 0 0 0.000000 6311623045.919643
713 milc 284 0 0 0 0.000000 6311623045.919643
714 milc 285 0 0 0 0.000000 6311623045.919643
715 milc 286 0 0 0 0.000000 6311623045.919643
716 milc 287 0 0 0 0.000000 6311623045.919643
717 milc 288 0 0 0 0.000000 6311623045.919643
718 milc 289 0 0 0 0.000000 6311623045.919643
719 milc 290 0 0 0 0.000000 6311623045.919643
720 milc 291 0 0 0 0.000000 6311623045.919643
721 milc 292 0 0 0 0.000000 6311623045.919643
722 milc 293 0 0 0 0.000000 6311623045.919643
723 milc 294 0 0 0 0.000000 6311623045.919643
724 milc 295 0 0 0 0.000000 6311623045.919643
725 milc 296 0 0 0 0.000000 6311623045.919643
726 milc 297 0 0 0 0.000000 6311623045.919643
727 milc 298 0 0 0 0.000000 6311623045.919643
728 milc 299 0 0 0 0.000000 6311623045.919643
776 conceptual-checkpoint 300 166666666 0 0 6198462035.985768 6311623045.919643
777 conceptual-checkpoint 301 166666666 0 0 6174778170.033105 6311623045.919643
778 conceptual-checkpoint 302 166666666 0 0 6190567414.809426 6311623045.919643
779 conceptual-checkpoint 303 166666666 0 0 6182672793.326127 6311623045.919643
780 conceptual-checkpoint 304 166666666 0 0 6187935873.757143 6311623045.919643
781 conceptual-checkpoint 305 166666666 0 0 6203725118.328519 6311623045.919643
782 conceptual-checkpoint 306 166666666 0 0 6195830496.384437 6311623045.919643
783 conceptual-checkpoint 307 166666666 0 0 6180041251.962831 6311623045.919643
784 conceptual-checkpoint 308 166666666 0 0 6201093577.580112 6311623045.919643
785 conceptual-checkpoint 309 166666666 0 0 6193198955.762037 6311623045.919643
786 conceptual-checkpoint 310 166666666 0 0 6177409711.324705 6311623045.919643
787 conceptual-checkpoint 311 166666666 0 0 6185304333.265740 6311623045.919643
788 conceptual-checkpoint 312 166666666 0 0 6208988199.910042 6311623045.919643
789 conceptual-checkpoint 313 166666666 0 0 6206356658.784918 6311623045.919643
790 conceptual-checkpoint 314 166666666 0 0 6211619740.956233 6311623045.919643
791 conceptual-checkpoint 315 166666666 0 0 6205998079.708941 6311623045.919643
792 conceptual-checkpoint 316 166666666 0 0 6179682672.745254 6311623045.919643
793 conceptual-checkpoint 317 166666666 0 0 6174419590.947091 6311623045.919643
794 conceptual-checkpoint 318 166666666 0 0 6182314213.431280 6311623045.919643
795 conceptual-checkpoint 319 166666666 0 0 6177051131.512536 6311623045.919643
796 conceptual-checkpoint 320 166666666 0 0 6190208835.111505 6311623045.919643
797 conceptual-checkpoint 321 166666666 0 0 6200734998.541384 6311623045.919643
798 conceptual-checkpoint 322 166666666 0 0 6203366539.423059 6311623045.919643
799 conceptual-checkpoint 323 166666666 0 0 6198103457.219950 6311623045.919643
800 conceptual-checkpoint 324 166666666 0 0 6195471916.737540 6311623045.919643
801 conceptual-checkpoint 325 166666666 0 0 6184945754.088385 6311623045.919643
802 conceptual-checkpoint 326 166666666 0 0 6187577293.932353 6311623045.919643
803 conceptual-checkpoint 327 166666666 0 0 6192840375.895878 6311623045.919643
804 conceptual-checkpoint 328 166666666 0 0 6106917107.160421 6311623045.919643
805 conceptual-checkpoint 329 166666666 0 0 6104285566.992034 6311623045.919643
853 conceptual-checkpoint 330 166666666 0 0 6195829192.902357 6311623045.919643
854 conceptual-checkpoint 331 166666666 0 0 6180039948.169622 6311623045.919643
855 conceptual-checkpoint 332 166666666 0 0 6187934570.615934 6311623045.919643
856 conceptual-checkpoint 333 166666666 0 0 6203723814.747574 6311623045.919643
857 conceptual-checkpoint 334 166666666 0 0 6198460733.341331 6311623045.919643
858 conceptual-checkpoint 335 166666666 0 0 6174776867.132150 6311623045.919643
859 conceptual-checkpoint 336 166666666 0 0 6182671489.633383 6311623045.919643
860 conceptual-checkpoint 337 166666666 0 0 6190566111.304265 6311623045.919643
861 conceptual-checkpoint 338 166666666 0 0 6193197652.645969 6311623045.919643
862 conceptual-checkpoint 339 166666666 0 0 6185303029.634948 6311623045.919643
863 conceptual-checkpoint 340 166666666 0 0 6201092274.358806 6311623045.919643
864 conceptual-checkpoint 341 166666666 0 0 6177408407.877693 6311623045.919643
865 conceptual-checkpoint 342 166666666 0 0 6211618437.295811 6311623045.919643
866 conceptual-checkpoint 343 166666666 0 0 6208986896.718226 6311623045.919643
867 conceptual-checkpoint 344 166666666 0 0 6206355355.530605 6311623045.919643
868 conceptual-checkpoint 345 166666666 0 0 6205998079.556005 6311623045.919643
869 conceptual-checkpoint 346 166666666 0 0 6174419591.108616 6311623045.919643
870 conceptual-checkpoint 347 166666666 0 0 6177051131.440714 6311623045.919643
871 conceptual-checkpoint 348 166666666 0 0 6179682671.633494 6311623045.919643
872 conceptual-checkpoint 349 166666666 0 0 6182314212.405287 6311623045.919643
873 conceptual-checkpoint 350 166666666 0 0 6187577293.618754 6311623045.919643
874 conceptual-checkpoint 351 166666666 0 0 6192840375.445933 6311623045.919643
875 conceptual-checkpoint 352 166666666 0 0 6190208834.801188 6311623045.919643
876 conceptual-checkpoint 353 166666666 0 0 6184945753.839732 6311623045.919643
877 conceptual-checkpoint 354 166666666 0 0 6195471916.551547 6311623045.919643
878 conceptual-checkpoint 355 166666666 0 0 6203366538.440638 6311623045.919643
879 conceptual-checkpoint 356 166666666 0 0 6198103456.839241 6311623045.919643
880 conceptual-checkpoint 357 166666666 0 0 6200734998.489836 6311623045.919643
881 conceptual-checkpoint 358 166666666 0 0 6104285566.429693 6311623045.919643
882 conceptual-checkpoint 359 166666666 0 0 6106917107.261343 6311623045.919643
930 conceptual-checkpoint 360 166666666 0 0 6203724052.846030 6311623045.919643
931 conceptual-checkpoint 361 166666666 0 0 6180040186.717817 6311623045.919643
932 conceptual-checkpoint 362 166666666 0 0 6195829430.979302 6311623045.919643
933 conceptual-checkpoint 363 166666666 0 0 6187934809.164897 6311623045.919643
934 conceptual-checkpoint 364 166666666 0 0 6185303268.556762 6311623045.919643
935 conceptual-checkpoint 365 166666666 0 0 6201092512.604439 6311623045.919643
936 conceptual-checkpoint 366 166666666 0 0 6177408646.306248 6311623045.919643
937 conceptual-checkpoint 367 166666666 0 0 6193197890.385383 6311623045.919643
938 conceptual-checkpoint 368 166666666 0 0 6174777105.280224 6311623045.919643
939 conceptual-checkpoint 369 166666666 0 0 6190566349.206892 6311623045.919643
940 conceptual-checkpoint 370 166666666 0 0 6198460972.052092 6311623045.919643
941 conceptual-checkpoint 371 166666666 0 0 6182671727.558448 6311623045.919643
942 conceptual-checkpoint 372 166666666 0 0 6208987134.731450 6311623045.919643
943 conceptual-checkpoint 373 166666666 0 0 6206355594.529653 6311623045.919643
944 conceptual-checkpoint 374 166666666 0 0 6211618675.840983 6311623045.919643
945 conceptual-checkpoint 375 166666666 0 0 6205998079.997921 6311623045.919643
946 conceptual-checkpoint 376 166666666 0 0 6179682672.603724 6311623045.919643
947 conceptual-checkpoint 377 166666666 0 0 6182314212.991775 6311623045.919643
948 conceptual-checkpoint 378 166666666 0 0 6174419590.820066 6311623045.919643
949 conceptual-checkpoint 379 166666666 0 0 6177051132.134661 6311623045.919643
950 conceptual-checkpoint 380 166666666 0 0 6203366538.921781 6311623045.919643
951 conceptual-checkpoint 381 166666666 0 0 6192840376.368328 6311623045.919643
952 conceptual-checkpoint 382 166666666 0 0 6198103457.940611 6311623045.919643
953 conceptual-checkpoint 383 166666666 0 0 6200734998.242755 6311623045.919643
954 conceptual-checkpoint 384 166666666 0 0 6184945754.278787 6311623045.919643
955 conceptual-checkpoint 385 166666666 0 0 6195471917.033659 6311623045.919643
956 conceptual-checkpoint 386 166666666 0 0 6187577295.020658 6311623045.919643
957 conceptual-checkpoint 387 166666666 0 0 6190208835.977334 6311623045.919643
958 conceptual-checkpoint 388 166666666 0 0 6104285567.301203 6311623045.919643
959 conceptual-checkpoint 389 166666666 0 0 6106917107.560975 6311623045.919643
1007 conceptual-checkpoint 390 166666666 0 0 6187939076.072681 6311623045.919643
1008 conceptual-checkpoint 391 166666666 0 0 6180044454.910635 6311623045.919643
1009 conceptual-checkpoint 392 166666666 0 0 6203728320.934455 6311623045.919643
1010 conceptual-checkpoint 393 166666666 0 0 6195833699.301069 6311623045.919643
1011 conceptual-checkpoint 394 166666666 0 0 6193202157.897958 6311623045.919643
1012 conceptual-checkpoint 395 166666666 0 0 6185307536.166155 6311623045.919643
1013 conceptual-checkpoint 396 166666666 0 0 6177412913.911301 6311623045.919643
1014 conceptual-checkpoint 397 166666666 0 0 6201096780.923865 6311623045.919643
1015 conceptual-checkpoint 398 166666666 0 0 6190570617.390627 6311623045.919643
1016 conceptual-checkpoint 399 166666666 0 0 6182675995.464364 6311623045.919643
1017 conceptual-checkpoint 400 166666666 0 0 6174781373.929585 6311623045.919643
1018 conceptual-checkpoint 401 166666666 0 0 6198465240.179129 6311623045.919643
1019 conceptual-checkpoint 402 166666666 0 0 6206359861.875156 6311623045.919643
1020 conceptual-checkpoint 403 166666666 0 0 6208991402.624962 6311623045.919643
1021 conceptual-checkpoint 404 166666666 0 0 6211622943.299997 6311623045.919643
1022 conceptual-checkpoint 405 166666666 0 0 6205998085.142301 6311623045.919643
1023 conceptual-checkpoint 406 166666666 0 0 6174419596.376487 6311623045.919643
1024 conceptual-checkpoint 407 166666666 0 0 6177051137.317121 6311623045.919643
1025 conceptual-checkpoint 408 166666666 0 0 6182314218.248068 6311623045.919643
1026 conceptual-checkpoint 409 166666666 0 0 6179682678.138722 6311623045.919643
1027 conceptual-checkpoint 410 166666666 0 0 6187577300.501722 6311623045.919643
1028 conceptual-checkpoint 411 166666666 0 0 6192840381.443797 6311623045.919643
1029 conceptual-checkpoint 412 166666666 0 0 6184945759.915853 6311623045.919643
1030 conceptual-checkpoint 413 166666666 0 0 6190208840.598078 6311623045.919643
1031 conceptual-checkpoint 414 166666666 0 0 6203366544.710378 6311623045.919643
1032 conceptual-checkpoint 415 166666666 0 0 6200735004.009280 6311623045.919643
1033 conceptual-checkpoint 416 166666666 0 0 6198103463.285071 6311623045.919643
1034 conceptual-checkpoint 417 166666666 0 0 6195471922.452967 6311623045.919643
1035 conceptual-checkpoint 418 166666666 0 0 6104285572.536294 6311623045.919643
1036 conceptual-checkpoint 419 166666666 0 0 6106917112.976105 6311623045.919643
1084 conceptual-checkpoint 420 166666666 0 0 6180039936.843699 6311623045.919643
1085 conceptual-checkpoint 421 166666666 0 0 6187934559.581134 6311623045.919643
1086 conceptual-checkpoint 422 166666666 0 0 6195829181.607265 6311623045.919643
1087 conceptual-checkpoint 423 166666666 0 0 6203723803.446900 6311623045.919643
1088 conceptual-checkpoint 424 166666666 0 0 6193197640.456460 6311623045.919643
1089 conceptual-checkpoint 425 166666666 0 0 6177408396.561163 6311623045.919643
1090 conceptual-checkpoint 426 166666666 0 0 6201092263.180646 6311623045.919643
1091 conceptual-checkpoint 427 166666666 0 0 6185303018.945477 6311623045.919643
1092 conceptual-checkpoint 428 166666666 0 0 6198460722.467922 6311623045.919643
1093 conceptual-checkpoint 429 166666666 0 0 6174776855.420801 6311623045.919643
1094 conceptual-checkpoint 430 166666666 0 0 6182671477.806365 6311623045.919643
1095 conceptual-checkpoint 431 166666666 0 0 6190566099.989965 6311623045.919643
1096 conceptual-checkpoint 432 166666666 0 0 6206355344.387006 6311623045.919643
1097 conceptual-checkpoint 433 166666666 0 0 6208986885.115766 6311623045.919643
1098 conceptual-checkpoint 434 166666666 0 0 6211618425.903368 6311623045.919643
1099 conceptual-checkpoint 435 166666666 0 0 6205998079.467095 6311623045.919643
1100 conceptual-checkpoint 436 166666666 0 0 6182314212.711032 6311623045.919643
1101 conceptual-checkpoint 437 166666666 0 0 6190208834.652029 6311623045.919643
1102 conceptual-checkpoint 438 166666666 0 0 6174419590.864278 6311623045.919643
1103 conceptual-checkpoint 439 166666666 0 0 6198103456.985911 6311623045.919643
1104 conceptual-checkpoint 440 166666666 0 0 6184945752.936445 6311623045.919643
1105 conceptual-checkpoint 441 166666666 0 0 6200734998.097784 6311623045.919643
1106 conceptual-checkpoint 442 166666666 0 0 6192840375.597061 6311623045.919643
1107 conceptual-checkpoint 443 166666666 0 0 6177051131.206833 6311623045.919643
1108 conceptual-checkpoint 444 166666666 0 0 6187577294.069837 6311623045.919643
1109 conceptual-checkpoint 445 166666666 0 0 6203366538.680420 6311623045.919643
1110 conceptual-checkpoint 446 166666666 0 0 6195471916.339302 6311623045.919643
1111 conceptual-checkpoint 447 166666666 0 0 6179682671.578982 6311623045.919643
1112 conceptual-checkpoint 448 166666666 0 0 6106917107.102116 6311623045.919643
1113 conceptual-checkpoint 449 166666666 0 0 6104285565.721842 6311623045.919643
1161 conceptual-checkpoint 450 166666666 0 0 6190567415.752978 6311623045.919643
1162 conceptual-checkpoint 451 166666666 0 0 6182672793.113971 6311623045.919643
1163 conceptual-checkpoint 452 166666666 0 0 6198462037.581487 6311623045.919643
1164 conceptual-checkpoint 453 166666666 0 0 6174778171.273320 6311623045.919643
1165 conceptual-checkpoint 454 166666666 0 0 6193198955.730290 6311623045.919643
1166 conceptual-checkpoint 455 166666666 0 0 6177409711.678209 6311623045.919643
1167 conceptual-checkpoint 456 166666666 0 0 6185304333.809660 6311623045.919643
1168 conceptual-checkpoint 457 166666666 0 0 6201093578.187767 6311623045.919643
1169 conceptual-checkpoint 458 166666666 0 0 6180041252.115262 6311623045.919643
1170 conceptual-checkpoint 459 166666666 0 0 6187935874.247748 6311623045.919643
1171 conceptual-checkpoint 460 166666666 0 0 6203725119.217607 6311623045.919643
1172 conceptual-checkpoint 461 166666666 0 0 6195830496.371397 6311623045.919643
1173 conceptual-checkpoint 462 166666666 0 0 6211619741.037538 6311623045.919643
1174 conceptual-checkpoint 463 166666666 0 0 6208988200.110346 6311623045.919643
1175 conceptual-checkpoint 464 166666666 0 0 6206356659.564352 6311623045.919643
1176 conceptual-checkpoint 465 166666666 0 0 6205998078.826980 6311623045.919643
1177 conceptual-checkpoint 466 166666666 0 0 6203366537.772143 6311623045.919643
1178 conceptual-checkpoint 467 166666666 0 0 6195471915.455342 6311623045.919643
1179 conceptual-checkpoint 468 166666666 0 0 6184945752.301421 6311623045.919643
1180 conceptual-checkpoint 469 166666666 0 0 6179682670.929838 6311623045.919643
1181 conceptual-checkpoint 470 166666666 0 0 6177051130.322567 6311623045.919643
1182 conceptual-checkpoint 471 166666666 0 0 6187577293.078327 6311623045.919643
1183 conceptual-checkpoint 472 166666666 0 0 6192840374.941260 6311623045.919643
1184 conceptual-checkpoint 473 166666666 0 0 6200734997.188172 6311623045.919643
1185 conceptual-checkpoint 474 166666666 0 0 6190208834.378353 6311623045.919643
1186 conceptual-checkpoint 475 166666666 0 0 6198103456.493664 6311623045.919643
1187 conceptual-checkpoint 476 166666666 0 0 6174419589.678929 6311623045.919643
1188 conceptual-checkpoint 477 166666666 0 0 6182314211.955630 6311623045.919643
1189 conceptual-checkpoint 478 166666666 0 0 6104285565.262695 6311623045.919643
1190 conceptual-checkpoint 479 166666666 0 0 6106917105.463074 6311623045.919643
1238 conceptual-checkpoint 480 166666666 0 0 6187934138.898682 6311623045.919643
1239 conceptual-checkpoint 481 166666666 0 0 6195828760.002721 6311623045.919643
1240 conceptual-checkpoint 482 166666666 0 0 6180039515.956791 6311623045.919643
1241 conceptual-checkpoint 483 166666666 0 0 6203723382.898039 6311623045.919643
1242 conceptual-checkpoint 484 166666666 0 0 6198460301.184175 6311623045.919643
1243 conceptual-checkpoint 485 166666666 0 0 6174776434.603831 6311623045.919643
1244 conceptual-checkpoint 486 166666666 0 0 6190565679.554715 6311623045.919643
1245 conceptual-checkpoint 487 166666666 0 0 6182671056.816318 6311623045.919643
1246 conceptual-checkpoint 488 166666666 0 0 6177407975.688949 6311623045.919643
1247 conceptual-checkpoint 489 166666666 0 0 6193197219.627141 6311623045.919643
1248 conceptual-checkpoint 490 166666666 0 0 6185302597.408239 6311623045.919643
1249 conceptual-checkpoint 491 166666666 0 0 6201091841.755123 6311623045.919643
1250 conceptual-checkpoint 492 166666666 0 0 6211618004.897086 6311623045.919643
1251 conceptual-checkpoint 493 166666666 0 0 6208986464.922559 6311623045.919643
1252 conceptual-checkpoint 494 166666666 0 0 6206354923.235053 6311623045.919643
1253 conceptual-checkpoint 495 166666666 0 0 6205998078.627518 6311623045.919643
1254 conceptual-checkpoint 496 166666666 0 0 6192840374.376569 6311623045.919643
1255 conceptual-checkpoint 497 166666666 0 0 6187577293.427778 6311623045.919643
1256 conceptual-checkpoint 498 166666666 0 0 6177051130.183287 6311623045.919643
1257 conceptual-checkpoint 499 166666666 0 0 6203366537.988107 6311623045.919643
1258 conceptual-checkpoint 500 166666666 0 0 6190208834.333887 6311623045.919643
1259 conceptual-checkpoint 501 166666666 0 0 6198103456.160353 6311623045.919643
1260 conceptual-checkpoint 502 166666666 0 0 6182314211.736566 6311623045.919643
1261 conceptual-checkpoint 503 166666666 0 0 6174419589.874743 6311623045.919643
1262 conceptual-checkpoint 504 166666666 0 0 6195471915.720496 6311623045.919643
1263 conceptual-checkpoint 505 166666666 0 0 6200734997.394321 6311623045.919643
1264 conceptual-checkpoint 506 166666666 0 0 6184945752.732156 6311623045.919643
1265 conceptual-checkpoint 507 166666666 0 0 6179682671.298522 6311623045.919643
1266 conceptual-checkpoint 508 166666666 0 0 6106917106.318257 6311623045.919643
1267 conceptual-checkpoint 509 166666666 0 0 6104285565.733001 6311623045.919643
1315 conceptual-checkpoint 510 166666666 0 0 6185304345.965302 6311623045.919643
1316 conceptual-checkpoint 511 166666666 0 0 6193198968.242687 6311623045.919643
1317 conceptual-checkpoint 512 166666666 0 0 6177409723.475246 6311623045.919643
1318 conceptual-checkpoint 513 166666666 0 0 6201093590.323908 6311623045.919643
1319 conceptual-checkpoint 514 166666666 0 0 6180041264.132767 6311623045.919643
1320 conceptual-checkpoint 515 166666666 0 0 6203725130.919574 6311623045.919643
1321 conceptual-checkpoint 516 166666666 0 0 6187935886.555674 6311623045.919643
1322 conceptual-checkpoint 517 166666666 0 0 6195830508.769375 6311623045.919643
1323 conceptual-checkpoint 518 166666666 0 0 6182672804.553348 6311623045.919643
1324 conceptual-checkpoint 519 166666666 0 0 6198462049.370467 6311623045.919643
1325 conceptual-checkpoint 520 166666666 0 0 6174778183.223534 6311623045.919643
1326 conceptual-checkpoint 521 166666666 0 0 6190567426.819571 6311623045.919643
1327 conceptual-checkpoint 522 166666666 0 0 6208988212.916265 6311623045.919643
1328 conceptual-checkpoint 523 166666666 0 0 6206356671.599524 6311623045.919643
1329 conceptual-checkpoint 524 166666666 0 0 6211619752.684127 6311623045.919643
1330 conceptual-checkpoint 525 166666666 0 0 6205998078.890946 6311623045.919643
1331 conceptual-checkpoint 526 166666666 0 0 6182314211.814272 6311623045.919643
1332 conceptual-checkpoint 527 166666666 0 0 6203366537.747622 6311623045.919643
1333 conceptual-checkpoint 528 166666666 0 0 6192840374.682426 6311623045.919643
1334 conceptual-checkpoint 529 166666666 0 0 6177051130.846165 6311623045.919643
1335 conceptual-checkpoint 530 166666666 0 0 6190208834.199713 6311623045.919643
1336 conceptual-checkpoint 531 166666666 0 0 6184945752.767201 6311623045.919643
1337 conceptual-checkpoint 532 166666666 0 0 6198103456.240079 6311623045.919643
1338 conceptual-checkpoint 533 166666666 0 0 6174419589.955662 6311623045.919643
1339 conceptual-checkpoint 534 166666666 0 0 6179682671.948799 6311623045.919643
1340 conceptual-checkpoint 535 166666666 0 0 6195471916.348891 6311623045.919643
1341 conceptual-checkpoint 536 166666666 0 0 6187577293.280482 6311623045.919643
1342 conceptual-checkpoint 537 166666666 0 0 6200734997.203304 6311623045.919643
1343 conceptual-checkpoint 538 166666666 0 0 6106917106.300352 6311623045.919643
1344 conceptual-checkpoint 539 166666666 0 0 6104285566.095188 6311623045.919643
1392 conceptual-checkpoint 540 166666666 0 0 6201096303.724505 6311623045.919643
1393 conceptual-checkpoint 541 166666666 0 0 6177412437.393537 6311623045.919643
1394 conceptual-checkpoint 542 166666666 0 0 6185307059.557812 6311623045.919643
1395 conceptual-checkpoint 543 166666666 0 0 6193201681.363960 6311623045.919643
1396 conceptual-checkpoint 544 166666666 0 0 6180043978.127922 6311623045.919643
1397 conceptual-checkpoint 545 166666666 0 0 6203727844.737164 6311623045.919643
1398 conceptual-checkpoint 546 166666666 0 0 6195833222.289280 6311623045.919643
1399 conceptual-checkpoint 547 166666666 0 0 6187938600.526235 6311623045.919643
1400 conceptual-checkpoint 548 166666666 0 0 6190570141.298882 6311623045.919643
1401 conceptual-checkpoint 549 166666666 0 0 6182675518.723103 6311623045.919643
1402 conceptual-checkpoint 550 166666666 0 0 6198464763.003923 6311623045.919643
1403 conceptual-checkpoint 551 166666666 0 0 6174780896.636271 6311623045.919643
1404 conceptual-checkpoint 552 166666666 0 0 6211622466.587079 6311623045.919643
1405 conceptual-checkpoint 553 166666666 0 0 6206359385.407452 6311623045.919643
1406 conceptual-checkpoint 554 166666666 0 0 6208990925.535907 6311623045.919643
1407 conceptual-checkpoint 555 166666666 0 0 6000998079.261801 6311623045.919643
1408 conceptual-checkpoint 556 166666666 0 0 5990471916.062886 6311623045.919643
1409 conceptual-checkpoint 557 166666666 0 0 5998366538.728937 6311623045.919643
1410 conceptual-checkpoint 558 166666666 0 0 5982577294.641825 6311623045.919643
1411 conceptual-checkpoint 559 166666666 0 0 5974682672.301990 6311623045.919643
1412 conceptual-checkpoint 560 166666666 0 0 5977314213.090358 6311623045.919643
1413 conceptual-checkpoint 561 166666666 0 0 5969419590.955963 6311623045.919643
1414 conceptual-checkpoint 562 166666666 0 0 5993103457.024533 6311623045.919643
1415 conceptual-checkpoint 563 166666666 0 0 5985208834.774536 6311623045.919643
1416 conceptual-checkpoint 564 166666666 0 0 5987840375.627667 6311623045.919643
1417 conceptual-checkpoint 565 166666666 0 0 5995734998.047166 6311623045.919643
1418 conceptual-checkpoint 566 166666666 0 0 5979945753.463666 6311623045.919643
1419 conceptual-checkpoint 567 166666666 0 0 5972051131.469073 6311623045.919643
1420 conceptual-checkpoint 568 166666666 0 0 5901917107.034095 6311623045.919643
1421 conceptual-checkpoint 569 166666666 0 0 5899285566.067935 6311623045.919643
1469 conceptual-checkpoint 570 166666666 0 0 6203727628.438364 6311623045.919643
1470 conceptual-checkpoint 571 166666666 0 0 6187938383.601292 6311623045.919643
1471 conceptual-checkpoint 572 166666666 0 0 6195833006.368646 6311623045.919643
1472 conceptual-checkpoint 573 166666666 0 0 6180043762.001826 6311623045.919643
1473 conceptual-checkpoint 574 166666666 0 0 6193201465.773682 6311623045.919643
1474 conceptual-checkpoint 575 166666666 0 0 6177412220.243412 6311623045.919643
1475 conceptual-checkpoint 576 166666666 0 0 6185306843.091158 6311623045.919643
1476 conceptual-checkpoint 577 166666666 0 0 6201096087.241231 6311623045.919643
1477 conceptual-checkpoint 578 166666666 0 0 6174780680.437121 6311623045.919643
1478 conceptual-checkpoint 579 166666666 0 0 6182675302.541958 6311623045.919643
1479 conceptual-checkpoint 580 166666666 0 0 6198464546.651206 6311623045.919643
1480 conceptual-checkpoint 581 166666666 0 0 6190569924.507580 6311623045.919643
1481 conceptual-checkpoint 582 166666666 0 0 6208990710.076123 6311623045.919643
1482 conceptual-checkpoint 583 166666666 0 0 6206359168.427372 6311623045.919643
1483 conceptual-checkpoint 584 166666666 0 0 6211622251.117040 6311623045.919643
1484 conceptual-checkpoint 585 166666666 0 0 6000998078.738579 6311623045.919643
1485 conceptual-checkpoint 586 166666666 0 0 5995734997.200210 6311623045.919643
1486 conceptual-checkpoint 587 166666666 0 0 5972051130.827419 6311623045.919643
1487 conceptual-checkpoint 588 166666666 0 0 5979945752.440528 6311623045.919643
1488 conceptual-checkpoint 589 166666666 0 0 5985208833.805643 6311623045.919643
1489 conceptual-checkpoint 590 166666666 0 0 5977314211.723392 6311623045.919643
1490 conceptual-checkpoint 591 166666666 0 0 5969419590.086191 6311623045.919643
1491 conceptual-checkpoint 592 166666666 0 0 5987840374.992121 6311623045.919643
1492 conceptual-checkpoint 593 166666666 0 0 5993103456.573949 6311623045.919643
1493 conceptual-checkpoint 594 166666666 0 0 5998366537.990498 6311623045.919643
1494 conceptual-checkpoint 595 166666666 0 0 5990471916.001480 6311623045.919643
1495 conceptual-checkpoint 596 166666666 0 0 5982577293.544293 6311623045.919643
1496 conceptual-checkpoint 597 166666666 0 0 5974682671.464299 6311623045.919643
1497 conceptual-checkpoint 598 166666666 0 0 5899285565.907106 6311623045.919643
1498 conceptual-checkpoint 599 166666666 0 0 5901917106.404982 6311623045.919643
1546 conceptual-cosmo 600 41943040 0 0 1610249365.098209 6311623045.919643
1547 conceptual-cosmo 601 41943040 0 0 1560745618.757392 6311623045.919643
1548 conceptual-cosmo 602 41943040 0 0 1573667208.443828 6311623045.919643
1549 conceptual-cosmo 603 41943040 0 0 1561137514.500436 6311623045.919643
1550 conceptual-cosmo 604 41943040 0 0 1633479051.790503 6311623045.919643
1551 conceptual-cosmo 605 41943040 0 0 1594707272.349423 6311623045.919643
1552 conceptual-cosmo 606 41943040 0 0 1615383920.124858 6311623045.919643
1553 conceptual-cosmo 607 41943040 0 0 1605047346.053050 6311623045.919643
1554 conceptual-cosmo 608 41943040 0 0 1597344601.728919 6311623045.919643
1555 conceptual-cosmo 609 41943040 0 0 1571497917.222310 6311623045.919643
1556 conceptual-cosmo 610 41943040 0 0 1542669006.911436 6311623045.919643
1557 conceptual-cosmo 611 41943040 0 0 1521600460.077267 6311623045.919643
1558 conceptual-cosmo 612 41943040 0 0 1664519602.635651 6311623045.919643
1559 conceptual-cosmo 613 41943040 0 0 1651598006.760587 6311623045.919643
1560 conceptual-cosmo 614 41943040 0 0 1628331030.328611 6311623045.919643
1561 conceptual-cosmo 615 41943040 0 0 1600656015.991822 6311623045.919643
1562 conceptual-cosmo 616 41943040 0 0 1538633382.663094 6311623045.919643
1563 conceptual-cosmo 617 41943040 0 0 1492106549.369722 6311623045.919643
1564 conceptual-cosmo 618 41943040 0 0 1536046676.063888 6311623045.919643
1565 conceptual-cosmo 619 41943040 0 0 1523125082.928549 6311623045.919643
1566 conceptual-cosmo 620 41943040 0 0 1551522587.222867 6311623045.919643
1567 conceptual-cosmo 621 41943040 0 0 1530845937.218320 6311623045.919643
1568 conceptual-cosmo 622 41943040 0 0 1559275953.309284 6311623045.919643
1569 conceptual-cosmo 623 41943040 0 0 1536014286.007370 6311623045.919643
1570 conceptual-cosmo 624 41943040 0 0 1480551675.135834 6311623045.919643
1571 conceptual-cosmo 625 41943040 0 0 1477970156.751613 6311623045.919643
1572 conceptual-cosmo 626 41943040 0 0 1452119850.757310 6311623045.919643
1573 conceptual-cosmo 627 41943040 0 0 1421489527.024734 6311623045.919643
1574 conceptual-cosmo 628 41943040 0 0 1469119276.624403 6311623045.919643
1575 conceptual-cosmo 629 41943040 0 0 1261400091.196176 6311623045.919643
1623 conceptual-cosmo 630 41943040 0 0 1599355441.825352 6311623045.919643
1624 conceptual-cosmo 631 41943040 0 0 1564151563.554751 6311623045.919643
1625 conceptual-cosmo 632 41943040 0 0 1537099844.004486 6311623045.919643
1626 conceptual-cosmo 633 41943040 0 0 1512662484.243397 6311623045.919643
1627 conceptual-cosmo 634 41943040 0 0 1552627145.517330 6311623045.919643
1628 conceptual-cosmo 635 41943040 0 0 1513463469.583676 6311623045.919643
1629 conceptual-cosmo 636 41943040 0 0 1604286015.058947 6311623045.919643
1630 conceptual-cosmo 637 41943040 0 0 1565514237.731389 6311623045.919643
1631 conceptual-cosmo 638 41943040 0 0 1536707396.643776 6311623045.919643
1632 conceptual-cosmo 639 41943040 0 0 1547442867.846353 6311623045.919643
1633 conceptual-cosmo 640 41943040 0 0 1601688412.558751 6311623045.919643
1634 conceptual-cosmo 641 41943040 0 0 1588766818.112368 6311623045.919643
1635 conceptual-cosmo 642 41943040 0 0 1622385752.483468 6311623045.919643
1636 conceptual-cosmo 643 41943040 0 0 1596539066.788544 6311623045.919643
1637 conceptual-cosmo 644 41943040 0 0 1635264100.334466 6311623045.919643
1638 conceptual-cosmo 645 41943040 0 0 1469072451.183925 6311623045.919643
1639 conceptual-cosmo 646 41943040 0 0 1432907697.694982 6311623045.919643
1640 conceptual-cosmo 647 41943040 0 0 1438081232.910976 6311623045.919643
1641 conceptual-cosmo 648 41943040 0 0 1357883616.989832 6311623045.919643
1642 conceptual-cosmo 649 41943040 0 0 1335060175.467060 6311623045.919643
1643 conceptual-cosmo 650 41943040 0 0 1396658896.810776 6311623045.919643
1644 conceptual-cosmo 651 41943040 0 0 1388907339.628139 6311623045.919643
1645 conceptual-cosmo 652 41943040 0 0 1427643636.391214 6311623045.919643
1646 conceptual-cosmo 653 41943040 0 0 1391456877.377829 6311623045.919643
1647 conceptual-cosmo 654 41943040 0 0 1363018177.193672 6311623045.919643
1648 conceptual-cosmo 655 41943040 0 0 1341080819.022341 6311623045.919643
1649 conceptual-cosmo 656 41943040 0 0 1497280025.166691 6311623045.919643
1650 conceptual-cosmo 657 41943040 0 0 1476603377.446208 6311623045.919643
1651 conceptual-cosmo 658 41943040 0 0 1405187913.650326 6311623045.919643
1652 conceptual-cosmo 659 41943040 0 0 1295148492.649422 6311623045.919643
1700 conceptual-cosmo 660 41943040 0 0 1536515457.674855 6311623045.919643
1701 conceptual-cosmo 661 41943040 0 0 1466069654.450958 6311623045.919643
1702 conceptual-cosmo 662 41943040 0 0 1549832445.997046 6311623045.919643
1703 conceptual-cosmo 663 41943040 0 0 1449451597.412724 6311623045.919643
1704 conceptual-cosmo 664 41943040 0 0 1661684881.821015 6311623045.919643
1705 conceptual-cosmo 665 41943040 0 0 1628083141.921929 6311623045.919643
1706 conceptual-cosmo 666 41943040 0 0 1620326274.594520 6311623045.919643
1707 conceptual-cosmo 667 41943040 0 0 1591894571.633177 6311623045.919643
1708 conceptual-cosmo 668 41943040 0 0 1650917429.922867 6311623045.919643
1709 conceptual-cosmo 669 41943040 0 0 1661652900.068876 6311623045.919643
1710 conceptual-cosmo 670 41943040 0 0 1656481052.931549 6311623045.919643
1711 conceptual-cosmo 671 41943040 0 0 1615124256.386916 6311623045.919643
1712 conceptual-cosmo 672 41943040 0 0 1630705889.017365 6311623045.919643
1713 conceptual-cosmo 673 41943040 0 0 1610029239.996140 6311623045.919643
1714 conceptual-cosmo 674 41943040 0 0 1602272372.104351 6311623045.919643
1715 conceptual-cosmo 675 41943040 0 0 1537915682.965685 6311623045.919643
1716 conceptual-cosmo 676 41943040 0 0 1431889808.792006 6311623045.919643
1717 conceptual-cosmo 677 41943040 0 0 1426723272.048207 6311623045.919643
1718 conceptual-cosmo 678 41943040 0 0 1421551425.290413 6311623045.919643
1719 conceptual-cosmo 679 41943040 0 0 1416384887.435571 6311623045.919643
1720 conceptual-cosmo 680 41943040 0 0 1468011242.247425 6311623045.919643
1721 conceptual-cosmo 681 41943040 0 0 1429239465.245911 6311623045.919643
1722 conceptual-cosmo 682 41943040 0 0 1465426222.580239 6311623045.919643
1723 conceptual-cosmo 683 41943040 0 0 1449919612.460997 6311623045.919643
1724 conceptual-cosmo 684 41943040 0 0 1506751040.124963 6311623045.919643
1725 conceptual-cosmo 685 41943040 0 0 1473149298.790710 6311623045.919643
1726 conceptual-cosmo 686 41943040 0 0 1486070891.550195 6311623045.919643
1727 conceptual-cosmo 687 41943040 0 0 1470564279.401862 6311623045.919643
1728 conceptual-cosmo 688 41943040 0 0 268410829.730486 6311623045.919643
1729 conceptual-cosmo 689 41943040 0 0 368113711.330252 6311623045.919643
1777 conceptual-cosmo 690 41943040 0 0 1653215637.197852 6311623045.919643
1778 conceptual-cosmo 691 41943040 0 0 1624783776.923427 6311623045.919643
1779 conceptual-cosmo 692 41943040 0 0 1560756712.301835 6311623045.919643
1780 conceptual-cosmo 693 41943040 0 0 1557781485.268790 6311623045.919643
1781 conceptual-cosmo 694 41943040 0 0 1627931710.842531 6311623045.919643
1782 conceptual-cosmo 695 41943040 0 0 1638273474.649327 6311623045.919643
1783 conceptual-cosmo 696 41943040 0 0 1558231270.181508 6311623045.919643
1784 conceptual-cosmo 697 41943040 0 0 1524235821.311209 6311623045.919643
1785 conceptual-cosmo 698 41943040 0 0 1612481178.532896 6311623045.919643
1786 conceptual-cosmo 699 41943040 0 0 1583655768.664989 6311623045.919643
1787 conceptual-cosmo 700 41943040 0 0 1571182223.424012 6311623045.919643
1788 conceptual-cosmo 701 41943040 0 0 1534993653.098151 6311623045.919643
1789 conceptual-cosmo 702 41943040 0 0 1633187187.363309 6311623045.919643
1790 conceptual-cosmo 703 41943040 0 0 1620263785.011390 6311623045.919643
1791 conceptual-cosmo 704 41943040 0 0 1558316711.136423 6311623045.919643
1792 conceptual-cosmo 705 41943040 0 0 1553963612.453916 6311623045.919643
1793 conceptual-cosmo 706 41943040 0 0 1530661274.192693 6311623045.919643
1794 conceptual-cosmo 707 41943040 0 0 1517737871.081894 6311623045.919643
1795 conceptual-cosmo 708 41943040 0 0 1447160254.375891 6311623045.919643
1796 conceptual-cosmo 709 41943040 0 0 1426480106.710816 6311623045.919643
1797 conceptual-cosmo 710 41943040 0 0 1488485706.431565 6311623045.919643
1798 conceptual-cosmo 711 41943040 0 0 1472975597.074672 6311623045.919643
1799 conceptual-cosmo 712 41943040 0 0 1483371544.922656 6311623045.919643
1800 conceptual-cosmo 713 41943040 0 0 1462693088.033806 6311623045.919643
1801 conceptual-cosmo 714 41943040 0 0 1475581008.581767 6311623045.919643
1802 conceptual-cosmo 715 41943040 0 0 1457095672.227011 6311623045.919643
1803 conceptual-cosmo 716 41943040 0 0 1473872506.186550 6311623045.919643
1804 conceptual-cosmo 717 41943040 0 0 1473869130.327641 6311623045.919643
1805 conceptual-cosmo 718 41943040 0 0 1233101462.645868 6311623045.919643
1806 conceptual-cosmo 719 41943040 0 0 1266537433.305349 6311623045.919643
1854 conceptual-cosmo 720 41943040 0 0 1369095343.657648 6311623045.919643
1855 conceptual-cosmo 721 41943040 0 0 1315588252.448151 6311623045.919643
1856 conceptual-cosmo 722 41943040 0 0 1522880695.836120 6311623045.919643
1857 conceptual-cosmo 723 41943040 0 0 1507370585.970310 6311623045.919643
1858 conceptual-cosmo 724 41943040 0 0 1552240171.881088 6311623045.919643
1859 conceptual-cosmo 725 41943040 0 0 1515659703.142854 6311623045.919643
1860 conceptual-cosmo 726 41943040 0 0 1575501543.339737 6311623045.919643
1861 conceptual-cosmo 727 41943040 0 0 1583258287.946955 6311623045.919643
1862 conceptual-cosmo 728 41943040 0 0 1538894915.403927 6311623045.919643
1863 conceptual-cosmo 729 41943040 0 0 1547043555.981427 6311623045.919643
1864 conceptual-cosmo 730 41943040 0 0 1590983387.087461 6311623045.919643
1865 conceptual-cosmo 731 41943040 0 0 1598740130.028096 6311623045.919643
1866 conceptual-cosmo 732 41943040 0 0 1619504211.583742 6311623045.919643
1867 conceptual-cosmo 733 41943040 0 0 1606582496.229115 6311623045.919643
1868 conceptual-cosmo 734 41943040 0 0 1624672351.914827 6311623045.919643
1869 conceptual-cosmo 735 41943040 0 0 1599638295.059850 6311623045.919643
1870 conceptual-cosmo 736 41943040 0 0 1584095368.852058 6311623045.919643
1871 conceptual-cosmo 737 41943040 0 0 1558248562.341225 6311623045.919643
1872 conceptual-cosmo 738 41943040 0 0 1602188605.149783 6311623045.919643
1873 conceptual-cosmo 739 41943040 0 0 1573756776.122370 6311623045.919643
1874 conceptual-cosmo 740 41943040 0 0 1528722570.119743 6311623045.919643
1875 conceptual-cosmo 741 41943040 0 0 1513212458.382423 6311623045.919643
1876 conceptual-cosmo 742 41943040 0 0 1463504421.224532 6311623045.919643
1877 conceptual-cosmo 743 41943040 0 0 1489951087.905557 6311623045.919643
1878 conceptual-cosmo 744 41943040 0 0 1551947938.097179 6311623045.919643
1879 conceptual-cosmo 745 41943040 0 0 1536437827.815539 6311623045.919643
1880 conceptual-cosmo 746 41943040 0 0 1502836379.962777 6311623045.919643
1881 conceptual-cosmo 747 41943040 0 0 1518346491.423593 6311623045.919643
1882 conceptual-cosmo 748 41943040 0 0 1437732141.602835 6311623045.919643
1883 conceptual-cosmo 749 41943040 0 0 1286783101.368310 6311623045.919643
1931 conceptual-cosmo 750 41943040 0 0 1558287546.476943 6311623045.919643
1932 conceptual-cosmo 751 41943040 0 0 1571210919.941233 6311623045.919643
1933 conceptual-cosmo 752 41943040 0 0 1441516364.294862 6311623045.919643
1934 conceptual-cosmo 753 41943040 0 0 1485175882.864144 6311623045.919643
1935 conceptual-cosmo 754 41943040 0 0 1529497361.534454 6311623045.919643
1936 conceptual-cosmo 755 41943040 0 0 1483556325.106034 6311623045.919643
1937 conceptual-cosmo 756 41943040 0 0 1575536559.863547 6311623045.919643
1938 conceptual-cosmo 757 41943040 0 0 1580706597.865036 6311623045.919643
1939 conceptual-cosmo 758 41943040 0 0 1616861375.043608 6311623045.919643
1940 conceptual-cosmo 759 41943040 0 0 1624616429.694325 6311623045.919643
1941 conceptual-cosmo 760 41943040 0 0 1554915990.009741 6311623045.919643
1942 conceptual-cosmo 761 41943040 0 0 1552330970.360007 6311623045.919643
1943 conceptual-cosmo 762 41943040 0 0 1611750915.404532 6311623045.919643
1944 conceptual-cosmo 763 41943040 0 0 1606580878.953902 6311623045.919643
1945 conceptual-cosmo 764 41943040 0 0 1565316315.081654 6311623045.919643
1946 conceptual-cosmo 765 41943040 0 0 1550691280.339513 6311623045.919643
1947 conceptual-cosmo 766 41943040 0 0 1535145689.021379 6311623045.919643
1948 conceptual-cosmo 767 41943040 0 0 1517050560.306277 6311623045.919643
1949 conceptual-cosmo 768 41943040 0 0 1478370341.261642 6311623045.919643
1950 conceptual-cosmo 769 41943040 0 0 1462860231.531504 6311623045.919643
1951 conceptual-cosmo 770 41943040 0 0 1514525120.016356 6311623045.919643
1952 conceptual-cosmo 771 41943040 0 0 1491259953.501611 6311623045.919643
1953 conceptual-cosmo 772 41943040 0 0 1432811074.434156 6311623045.919643
1954 conceptual-cosmo 773 41943040 0 0 1414719324.049647 6311623045.919643
1955 conceptual-cosmo 774 41943040 0 0 1471550871.033679 6311623045.919643
1956 conceptual-cosmo 775 41943040 0 0 1437949009.339843 6311623045.919643
1957 conceptual-cosmo 776 41943040 0 0 1450906205.457342 6311623045.919643
1958 conceptual-cosmo 777 41943040 0 0 1448324563.778639 6311623045.919643
1959 conceptual-cosmo 778 41943040 0 0 1356203675.866541 6311623045.919643
1960 conceptual-cosmo 779 41943040 0 0 1085552341.196841 6311623045.919643
2008 conceptual-cosmo 780 41943040 0 0 1570757755.019218 6311623045.919643
2009 conceptual-cosmo 781 41943040 0 0 1532967047.443513 6311623045.919643
2010 conceptual-cosmo 782 41943040 0 0 1536351666.226624 6311623045.919643
2011 conceptual-cosmo 783 41943040 0 0 1526013281.396883 6311623045.919643
2012 conceptual-cosmo 784 41943040 0 0 1572899200.831371 6311623045.919643
2013 conceptual-cosmo 785 41943040 0 0 1581047842.347459 6311623045.919643
2014 conceptual-cosmo 786 41943040 0 0 1573291477.871330 6311623045.919643
2015 conceptual-cosmo 787 41943040 0 0 1570708148.704466 6311623045.919643
2016 conceptual-cosmo 788 41943040 0 0 1658842369.857956 6311623045.919643
2017 conceptual-cosmo 789 41943040 0 0 1632993874.517126 6311623045.919643
2018 conceptual-cosmo 790 41943040 0 0 1611922035.816820 6311623045.919643
2019 conceptual-cosmo 791 41943040 0 0 1632995771.450033 6311623045.919643
2020 conceptual-cosmo 792 41943040 0 0 1676908915.200230 6311623045.919643
2021 conceptual-cosmo 793 41943040 0 0 1671740566.528342 6311623045.919643
2022 conceptual-cosmo 794 41943040 0 0 1661400700.722481 6311623045.919643
2023 conceptual-cosmo 795 41943040 0 0 1588154269.610445 6311623045.919643
2024 conceptual-cosmo 796 41943040 0 0 1526221600.589772 6311623045.919643
2025 conceptual-cosmo 797 41943040 0 0 1505543141.558060 6311623045.919643
2026 conceptual-cosmo 798 41943040 0 0 1526223496.856467 6311623045.919643
2027 conceptual-cosmo 799 41943040 0 0 1510715074.077943 6311623045.919643
2028 conceptual-cosmo 800 41943040 0 0 1541707487.587450 6311623045.919643
2029 conceptual-cosmo 801 41943040 0 0 1549464229.888657 6311623045.919643
2030 conceptual-cosmo 802 41943040 0 0 1528784289.828335 6311623045.919643
2031 conceptual-cosmo 803 41943040 0 0 1500350775.795434 6311623045.919643
2032 conceptual-cosmo 804 41943040 0 0 1454212962.172598 6311623045.919643
2033 conceptual-cosmo 805 41943040 0 0 1421183122.411358 6311623045.919643
2034 conceptual-cosmo 806 41943040 0 0 1467134260.114989 6311623045.919643
2035 conceptual-cosmo 807 41943040 0 0 1477476022.443242 6311623045.919643
2036 conceptual-cosmo 808 41943040 0 0 1228507565.934128 6311623045.919643
2037 conceptual-cosmo 809 41943040 0 0 1342002628.633658 6311623045.919643
2085 conceptual-cosmo 810 41943040 0 0 1465408805.898840 6311623045.919643
2086 conceptual-cosmo 811 41943040 0 0 1471038484.481221 6311623045.919643
2087 conceptual-cosmo 812 41943040 0 0 1549202548.452117 6311623045.919643
2088 conceptual-cosmo 813 41943040 0 0 1538862474.572673 6311623045.919643
2089 conceptual-cosmo 814 41943040 0 0 1569864956.910723 6311623045.919643
2090 conceptual-cosmo 815 41943040 0 0 1559524883.561996 6311623045.919643
2091 conceptual-cosmo 816 41943040 0 0 1528552732.595737 6311623045.919643
2092 conceptual-cosmo 817 41943040 0 0 1520797678.069562 6311623045.919643
2093 conceptual-cosmo 818 41943040 0 0 1491560939.469882 6311623045.919643
2094 conceptual-cosmo 819 41943040 0 0 1462733840.965719 6311623045.919643
2095 conceptual-cosmo 820 41943040 0 0 1589371610.761059 6311623045.919643
2096 conceptual-cosmo 821 41943040 0 0 1594541649.505794 6311623045.919643
2097 conceptual-cosmo 822 41943040 0 0 1628129148.503205 6311623045.919643
2098 conceptual-cosmo 823 41943040 0 0 1622959111.393196 6311623045.919643
2099 conceptual-cosmo 824 41943040 0 0 1610081548.537055 6311623045.919643
2100 conceptual-cosmo 825 41943040 0 0 1605119350.255455 6311623045.919643
2101 conceptual-cosmo 826 41943040 0 0 1553401240.825414 6311623045.919643
2102 conceptual-cosmo 827 41943040 0 0 1558571277.945984 6311623045.919643
2103 conceptual-cosmo 828 41943040 0 0 1535318455.062783 6311623045.919643
2104 conceptual-cosmo 829 41943040 0 0 1540488492.730341 6311623045.919643
2105 conceptual-cosmo 830 41943040 0 0 1550810824.728234 6311623045.919643
2106 conceptual-cosmo 831 41943040 0 0 1568905953.505286 6311623045.919643
2107 conceptual-cosmo 832 41943040 0 0 1532763223.782619 6311623045.919643
2108 conceptual-cosmo 833 41943040 0 0 1514668092.895515 6311623045.919643
2109 conceptual-cosmo 834 41943040 0 0 1535330501.127951 6311623045.919643
2110 conceptual-cosmo 835 41943040 0 0 1527575447.554454 6311623045.919643
2111 conceptual-cosmo 836 41943040 0 0 1526252800.058313 6311623045.919643
2112 conceptual-cosmo 837 41943040 0 0 1513329397.026056 6311623045.919643
2113 conceptual-cosmo 838 41943040 0 0 1261921275.925877 6311623045.919643
2114 conceptual-cosmo 839 41943040 0 0 1291398368.197592 6311623045.919643
2162 conceptual-cosmo 840 41943040 0 0 1390632503.232210 6311623045.919643
2163 conceptual-cosmo 841 41943040 0 0 1388865828.694931 6311623045.919643
2164 conceptual-cosmo 842 41943040 0 0 1490297009.307975 6311623045.919643
2165 conceptual-cosmo 843 41943040 0 0 1482541952.151334 6311623045.919643
2166 conceptual-cosmo 844 41943040 0 0 1551186700.607598 6311623045.919643
2167 conceptual-cosmo 845 41943040 0 0 1514999817.091557 6311623045.919643
2168 conceptual-cosmo 846 41943040 0 0 1561526769.848538 6311623045.919643
2169 conceptual-cosmo 847 41943040 0 0 1543435020.591876 6311623045.919643
2170 conceptual-cosmo 848 41943040 0 0 1530107706.623987 6311623045.919643
2171 conceptual-cosmo 849 41943040 0 0 1533087997.930910 6311623045.919643
2172 conceptual-cosmo 850 41943040 0 0 1546009711.818887 6311623045.919643
2173 conceptual-cosmo 851 41943040 0 0 1540843053.526710 6311623045.919643
2174 conceptual-cosmo 852 41943040 0 0 1593619522.274195 6311623045.919643
2175 conceptual-cosmo 853 41943040 0 0 1591036190.033310 6311623045.919643
2176 conceptual-cosmo 854 41943040 0 0 1591036399.869467 6311623045.919643
2177 conceptual-cosmo 855 41943040 0 0 1634497563.849287 6311623045.919643
2178 conceptual-cosmo 856 41943040 0 0 1556914835.866952 6311623045.919643
2179 conceptual-cosmo 857 41943040 0 0 1556916523.882258 6311623045.919643
2180 conceptual-cosmo 858 41943040 0 0 1510386399.784900 6311623045.919643
2181 conceptual-cosmo 859 41943040 0 0 1512973106.671772 6311623045.919643
2182 conceptual-cosmo 860 41943040 0 0 1580159209.234759 6311623045.919643
2183 conceptual-cosmo 861 41943040 0 0 1554310711.707132 6311623045.919643
2184 conceptual-cosmo 862 41943040 0 0 1556895937.869667 6311623045.919643
2185 conceptual-cosmo 863 41943040 0 0 1531047444.786931 6311623045.919643
2186 conceptual-cosmo 864 41943040 0 0 1577548509.543542 6311623045.919643
2187 conceptual-cosmo 865 41943040 0 0 1585305252.768785 6311623045.919643
2188 conceptual-cosmo 866 41943040 0 0 1559455280.601015 6311623045.919643
2189 conceptual-cosmo 867 41943040 0 0 1523266708.966736 6311623045.919643
2190 conceptual-cosmo 868 41943040 0 0 1252464598.689135 6311623045.919643
2191 conceptual-cosmo 869 41943040 0 0 1301294153.160819 6311623045.919643
2239 conceptual-cosmo 870 41943040 0 0 1382406570.845202 6311623045.919643
2240 conceptual-cosmo 871 41943040 0 0 1346502106.636910 6311623045.919643
2241 conceptual-cosmo 872 41943040 0 0 1487073153.997966 6311623045.919643
2242 conceptual-cosmo 873 41943040 0 0 1474146372.985612 6311623045.919643
2243 conceptual-cosmo 874 41943040 0 0 1465609680.404675 6311623045.919643
2244 conceptual-cosmo 875 41943040 0 0 1479334150.836684 6311623045.919643
2245 conceptual-cosmo 876 41943040 0 0 1537103155.386624 6311623045.919643
2246 conceptual-cosmo 877 41943040 0 0 1545250107.472030 6311623045.919643
2247 conceptual-cosmo 878 41943040 0 0 1571064812.697525 6311623045.919643
2248 conceptual-cosmo 879 41943040 0 0 1563309756.489390 6311623045.919643
2249 conceptual-cosmo 880 41943040 0 0 1529799576.988957 6311623045.919643
2250 conceptual-cosmo 881 41943040 0 0 1498387457.054373 6311623045.919643
2251 conceptual-cosmo 882 41943040 0 0 1553029262.407560 6311623045.919643
2252 conceptual-cosmo 883 41943040 0 0 1550444243.341266 6311623045.919643
2253 conceptual-cosmo 884 41943040 0 0 1599444735.120136 6311623045.919643
2254 conceptual-cosmo 885 41943040 0 0 1631805468.083429 6311623045.919643
2255 conceptual-cosmo 886 41943040 0 0 1572314560.436593 6311623045.919643
2256 conceptual-cosmo 887 41943040 0 0 1580069616.271738 6311623045.919643
2257 conceptual-cosmo 888 41943040 0 0 1505199139.069672 6311623045.919643
2258 conceptual-cosmo 889 41943040 0 0 1520709249.829237 6311623045.919643
2259 conceptual-cosmo 890 41943040 0 0 1551693990.798865 6311623045.919643
2260 conceptual-cosmo 891 41943040 0 0 1543938935.696443 6311623045.919643
2261 conceptual-cosmo 892 41943040 0 0 1536189110.252983 6311623045.919643
2262 conceptual-cosmo 893 41943040 0 0 1541359145.453456 6311623045.919643
2263 conceptual-cosmo 894 41943040 0 0 1600779090.086900 6311623045.919643
2264 conceptual-cosmo 895 41943040 0 0 1593024035.240546 6311623045.919643
2265 conceptual-cosmo 896 41943040 0 0 1528493629.750695 6311623045.919643
2266 conceptual-cosmo 897 41943040 0 0 1500058425.933094 6311623045.919643
2267 conceptual-cosmo 898 41943040 0 0 1360791329.701596 6311623045.919643
2268 conceptual-cosmo 899 41943040 0 0 1261088481.070656 6311623045.919643
2316  900 0 0 0 0.000000 6311623045.919643
2317  901 0 0 0 0.000000 6311623045.919643
2318  902 0 0 0 0.000000 6311623045.919643
2319  903 0 0 0 0.000000 6311623045.919643
2320  904 0 0 0 0.000000 6311623045.919643
2321  905 0 0 0 0.000000 6311623045.919643
2322  906 0 0 0 0.000000 6311623045.919643
2323  907 0 0 0 0.000000 6311623045.919643
2324  908 0 0 0 0.000000 6311623045.919643
2325  909 0 0 0 0.000000 6311623045.919643
2326  910 0 0 0 0.000000 6311623045.919643
2327  911 0 0 0 0.000000 6311623045.919643
2328  912 0 0 0 0.000000 6311623045.919643
2329  913 0 0 0 0.000000 6311623045.919643
2330  914 0 0 0 0.000000 6311623045.919643
2331  915 0 0 0 0.000000 6311623045.919643
2332  916 0 0 0 0.000000 6311623045.919643
2333  917 0 0 0 0.000000 6311623045.919643
2334  918 0 0 0 0.000000 6311623045.919643
2335  919 0 0 0 0.000000 6311623045.919643
2336  920 0 0 0 0.000000 6311623045.919643
2337  921 0 0 0 0.000000 6311623045.919643
2338  922 0 0 0 0.000000 6311623045.919643
2339  923 0 0 0 0.000000 6311623045.919643
2340  924 0 0 0 0.000000 6311623045.919643
2341  925 0 0 0 0.000000 6311623045.919643
2342  926 0 0 0 0.000000 6311623045.919643
2343  927 0 0 0 0.000000 6311623045.919643
2344  928 0 0 0 0.000000 6311623045.919643
2345  929 0 0 0 0.000000 6311623045.919643
2393  930 0 0 0 0.000000 6311623045.919643
2394  931 0 0 0 0.000000 6311623045.919643
2395  932 0 0 0 0.000000 6311623045.919643
2396  933 0 0 0 0.000000 6311623045.919643
2397  934 0 0 0 0.000000 6311623045.919643
2398  935 0 0 0 0.000000 6311623045.919643
2399  936 0 0 0 0.000000 6311623045.919643
2400  937 0 0 0 0.000000 6311623045.919643
2401  938 0 0 0 0.000000 6311623045.919643
2402  939 0 0 0 0.000000 6311623045.919643
2403  940 0 0 0 0.000000 6311623045.919643
2404  941 0 0 0 0.000000 6311623045.919643
2405  942 0 0 0 0.000000 6311623045.919643
2406  943 0 0 0 0.000000 6311623045.919643
2407  944 0 0 0 0.000000 6311623045.919643
2408  945 0 0 0 0.000000 6311623045.919643
2409  946 0 0 0 0.000000 6311623045.919643
2410  947 0 0 0 0.000000 6311623045.919643
2411  948 0 0 0 0.000000 6311623045.919643
2412  949 0 0 0 0.000000 6311623045.919643
2413  950 0 0 0 0.000000 6311623045.919643
2414  951 0 0 0 0.000000 6311623045.919643
2415  952 0 0 0 0.000000 6311623045.919643
2416  953 0 0 0 0.000000 6311623045.919643
2417  954 0 0 0 0.000000 6311623045.919643
2418  955 0 0 0 0.000000 6311623045.919643
2419  956 0 0 0 0.000000 6311623045.919643
2420  957 0 0 0 0.000000 6311623045.919643
2421  958 0 0 0 0.000000 6311623045.919643
2422  959 0 0 0 0.000000 6311623045.919643
2470  960 0 0 0 0.000000 6311623045.919643
2471  961 0 0 0 0.000000 6311623045.919643
2472  962 0 0 0 0.000000 6311623045.919643
2473  963 0 0 0 0.000000 6311623045.919643
2474  964 0 0 0 0.000000 6311623045.919643
2475  965 0 0 0 0.000000 6311623045.919643
2476  966 0 0 0 0.000000 6311623045.919643
2477  967 0 0 0 0.000000 6311623045.919643
2478  968 0 0 0 0.000000 6311623045.919643
2479  969 0 0 0 0.000000 6311623045.919643
2480  970 0 0 0 0.000000 6311623045.919643
2481  971 0 0 0 0.000000 6311623045.919643
2482  972 0 0 0 0.000000 6311623045.919643
2483  973 0 0 0 0.000000 6311623045.919643
2484  974 0 0 0 0.000000 6311623045.919643
2485  975 0 0 0 0.000000 6311623045.919643
2486  976 0 0 0 0.000000 6311623045.919643
2487  977 0 0 0 0.000000 6311623045.919643
2488  978 0 0 0 0.000000 6311623045.919643
2489  979 0 0 0 0.000000 6311623045.919643
2490  980 0 0 0 0.000000 6311623045.919643
2491  981 0 0 0 0.000000 6311623045.919643
2492  982 0 0 0 0.000000 6311623045.919643
2493  983 0 0 0 0.000000 6311623045.919643
2494  984 0 0 0 0.000000 6311623045.919643
2495  985 0 0 0 0.000000 6311623045.919643
2496  986 0 0 0 0.000000 6311623045.919643
2497  987 0 0 0 0.000000 6311623045.919643
2498  988 0 0 0 0.000000 6311623045.919643
2499  989 0 0 0 0.000000 6311623045.919643